636149
635563
174171
721869
164226
459036
951034
323375
135806
777066
97460
505415
905264
818568
657062
968654
69930
226314
918249
58993
818742
710388
508695
35114
181934
445150
906286
230010
347883
22144
949388
44613
376342
71008
898778
951753
211994
510165
739398
575676
554170
793335
17768
831938
481982
662885
151110
145288
956681
927154
912947
692928
228678
419564
94738
562745
650625
526411
21240
177882
87890
118835
526511
143546
482611
773670
799703
110047
481331
507657
808936
704082
294531
696977
459026
602523
15534
326730
836741
190367
692838
145732
51596
617042
259193
398810
248084
219290
666659
331040
324171
683522
962364
113256
471204
936983
551954
234929
881719
824163
461905
22765
749892
360579
411679
371118
841624
89319
124037
908972
393928
656742
132551
751541
423962
147516
671700
738034
49540
882657
133272
954321
319500
627846
535919
241876
847310
287151
412981
881398
641500
716647
748409
631797
400959
881509
905808
175425
695260
560506
820165
245823
77490
741363
184878
337594
683648
279697
515738
219495
551108
986466
144742
323155
50525
534971
127151
813163
118418
251413
462497
607143
851243
858946
344814
82197
392573
903626
303515
219902
461188
590182
760564
656054
575272
997784
199008
912645
70754
336485
527055
348269
154296
36848
997263
943960
714724
132661
402302
33184
898707
784158
763738
443450
550153
275333
755252
684800
991905
507975
632132
535257
486834
759233
233685
24263
570766
368234
923553
725772
552932
86861
961207
283578
677381
11617
496792
541974
636675
887238
160034
491112
697398
661855
491492
75234
508888
402374
250512
575978
729744
600688
849358
169094
281676
521695
693293
480355
555783
662590
709428
4738
852458
239900
728407
59968
140878
449032
658501
307968
209632
345989
696286
660919
816862
693226
589826
364179
385534
794777
84677
591497
747309
821593
346110
498810
645364
396691
226623
417089
347575
644326
672351
88347
362776
23399
447538
421939
562104
418936
186842
618122
31198
323203
647671
193792
375152
54484
227642
653121
321821
688657
174807
722831
572125
271510
839257
215591
377232
227761
953743
103827
921411
243255
360548
145548
663634
425409
415884
883017
180519
601734
347226
681448
720224
573590
931311
612280
384079
876977
597646
306081
779931
294850
730762
538032
581123
218299
206752
296195
858051
414926
747105
703757
365839
891589
55048
968391
794876
167550
818154
365556
77694
798791
651019
372943
346060
629458
294028
697042
984416
541653
865986
316965
237786
400577
642403
119650
376452
39836
810778
260289
958448
181437
111226
854629
637054
241507
385870
449858
194234
308531
465679
97705
129954
583373
448495
347121
924549
256074
761746
438852
318406
611475
79772
284739
255744
348321
940837
130711
266755
276556
894089
30037
590653
231506
251741
489421
50421
718631
384572
873903
393776
579443
258559
58395
617270
415725
204299
853636
206254
456338
927171
134143
330470
117825
94430
391854
303663
257654
696916
365059
210213
888225
719091
264563
488781
508130
788238
998522
472983
522404
852692
570244
798594
316563
727038
195839
968606
702459
328034
447739
916973
191742
6885
529466
950499
419442
622478
232794
893965
558869
542837
843996
510222
587565
427290
590992
24900
341889
270929
50079
220424
717101
362779
897716
322260
125926
648657
677704
679872
516299
654649
239306
839525
685347
154939
625831
688994
833593
204013
260347
638589
834961
532875
397268
809313
312710
157826
695902
893893
216193
177579
522929
334894
900568
797333
945204
620875
276225
326395
529260
368317
776497
930901
618469
282426
728469
709386
15611
836807
970604
749570
402117
579234
393663
659930
404831
286658
972734
239217
280659
899510
858105
845087
875684
821994
578039
232902
208310
20361
627254
589760
106973
130364
860672
984312
585216
520656
831015
629908
846633
403765
226141
651856
941933
794338
893106
194854
408499
800982
135786
385449
942562
805434
978298
364978
595691
981219
917471
747633
950896
722227
384796
195237
58191
905054
455310
832806
424784
492490
244717
352031
933287
80144
656737
371738
55141
442848
370494
714292
982465
237057
88414
670959
403519
58613
852954
315430
404283
564730
726309
155739
927892
153517
907396
564140
214392
75530
157806
673061
568775
501134
280956
832431
847654
708093
267788
76773
543395
470272
938872
467655
342912
634086
837486
255239
115486
192075
587500
71681
672712
578646
38683
116360
472856
13468
339589
17947
290633
788706
349875
64247
253019
237823
632295
559878
772125
652000
299250
753973
223322
398694
115828
367203
830946
164842
417902
304565
729780
550944
640517
436614
143429
429017
629718
620284
848687
562466
231600
703862
616697
865802
887922
604961
459263
711617
857794
208234
299326
417180
538279
989582
96446
615541
911492
317260
618268
380336
241010
532540
557619
247000
29496
751610
247591
161255
303786
498234
381325
58660
534555
83263
707130
947431
515712
387303
6439
82424
2850
738718
928126
134806
433343
641331
623939
779027
875518
813703
253474
756188
134350
166689
763729
952791
894874
458399
760609
593317
593514
143496
52839
953223
98521
626748
248513
713180
28591
747916
56583
884360
284699
176934
637776
73137
849742
563241
266270
885859
805238
137303
398375
20884
36565
468456
2113
309825
680510
43067
602985
476918
716396
837864
263023
265965
996991
522993
23746
917518
323540
992406
704916
570581
396095
904583
510953
687954
659304
451828
127681
193993
831039
980865
986720
785721
285533
450325
464759
241722
123384
496466
913776
166975
942147
324639
952283
105148
903264
594208
253552
434785
586307
253191
468224
62916
38180
495108
49405
928220
324320
97688
447330
36585
744685
251975
540224
989362
659768
957036
307111
463206
506909
124070
367469
671908
635906
886832
121950
982102
260561
323535
809600
153208
782608
935204
471873
590263
326238
96737
505791
982836
897420
758488
31732
360167
737557
80623
390653
95008
431292
329456
355653
828649
592641
355901
116306
826632
973823
319585
552364
302753
504037
474561
877541
845303
548046
811377
306186
433683
104512
6627
842724
798973
630142
35450
697387
637671
832778
67836
575560
134890
688123
367142
839429
745640
750198
454938
557780
846416
974732
211572
951097
457727
109232
822778
8020
305540
636819
575153
359439
189180
133918
47116
838816
41500
317579
191360
622011
185549
629153
451763
91032
23730
635530
971666
887324
173381
510866
160194
309351
872607
949502
251438
298937
285590
143367
642687
617601
242368
285490
108202
140356
642838
25293
296610
207462
307636
349831
684655
91481
626813
935213
769495
948895
137756
846781
925112
983869
522597
188585
326391
328446
546393
266473
359571
142368
585609
675773
561555
328608
659537
815422
270558
109917
327174
274464
687977
862635
364458
401415
79626
286199
405340
616962
985388
427410
228109
263720
127323
288924
140268
761101
400191
435918
574436
821985
295846
116515
454587
207526
815994
340644
24475
84877
889618
19023
271598
879340
183587
328227
994466
507357
9175
914123
864332
819381
180534
257252
632488
212255
255745
268717
343039
80149
409374
272202
609953
637690
92716
283765
673234
927511
424248
26562
638529
467185
624393
722764
303283
58819
628566
614529
994815
646430
709912
883208
441458
368921
708730
870154
755794
265782
367660
805220
290176
276370
337622
336807
936375
384968
898858
415434
498353
471332
630482
690925
499944
391167
675785
631370
509433
651836
566213
852730
268261
129309
93458
787810
428146
680579
848186
230008
365359
25408
55840
133237
150484
813402
12269
427801
302919
650591
360737
376534
471867
55712
297483
3866
597619
22091
888468
441532
831717
552809
51765
461954
453305
271856
226569
499917
714736
715142
403389
661218
155170
264467
448483
190421
494304
998337
795878
550164
915576
776659
669464
518989
988502
599391
669479
982973
632199
177833
567983
602518
371161
408990
722665
361740
776863
578986
92736
541629
812369
506422
449860
194107
641040
506177
893367
278647
914054
461466
888901
322251
907052
565687
760018
308771
141925
670453
985259
846793
37128
32749
369310
611725
210747
125295
736357
298829
962490
828126
533693
78822
246263
255016
930965
5687
324764
998304
257378
687375
684
125113
338063
883827
282247
919713
208466
797965
649676
550967
428698
801907
688664
220267
188068
430547
13869
441713
415533
964665
197615
761378
86850
630653
643975
893935
299507
344780
156522
22850
106470
210129
515956
723507
753927
753151
760942
795491
732509
363454
56559
448185
27704
701615
654238
10615
770374
376862
591445
638328
793606
351107
254433
546440
35348
982005
325862
835232
658530
519788
815328
217212
468295
394033
306180
713627
217841
571172
194116
315731
390007
872297
663986
921166
439625
187249
760572
403620
808969
941600
826645
731159
900338
60384
767925
846245
223222
811778
41462
639438
946919
403532
255007
648610
893515
845987
607998
253445
316306
540054
459246
523459
315427
982916
25209
552074
456146
86636
749206
911112
208942
794511
986515
89954
464056
16772
987662
722765
246702
909656
757149
865997
526084
66143
519181
416328
197876
337308
932104
152902
430125
68936
798416
612552
350503
520131
330024
603970
558166
491412
88273
705333
937852
583198
940273
252461
804953
289122
301201
149524
763454
723179
7933
297458
876864
212442
952590
39938
404871
801486
855364
826866
118278
630383
151757
899510
565637
920600
322659
86793
804633
444319
51537
875201
849206
339586
731797
742413
79579
93103
714913
325582
308779
42351
300540
959120
181148
9009
616006
891684
467272
163119
554392
639067
371041
889471
999113
205985
93762
654008
43726
326195
444320
788991
322873
663038
802911
6701
575138
214806
363585
355230
557347
81871
98937
851033
178748
996092
981022
101271
999383
284034
123835
674418
18599
927895
728899
494507
615273
400797
534817
878168
170765
293397
639534
727848
933422
809153
177340
213141
753275
957723
601999
325797
721786
121707
890475
864924
241891
665929
820745
373121
69416
764911
51235
984779
102804
325050
532334
205800
382481
97981
156328
455403
666500
85058
880071
993424
691475
229726
612945
749612
809094
205104
103434
368054
484171
870006
924807
850795
374676
352203
384481
190883
131675
486337
183877
201582
841093
690647
357545
71594
98276
769047
17433
817317
509335
615119
345583
727785
461388
966057
311009
38440
770406
485929
294260
279941
605497
574915
830671
534205
446514
242711
584170
193584
863636
297098
747173
265808
534813
472002
583029
458405
660743
174782
987129
543674
796970
423951
638059
491751
935231
434422
851378
527164
150847
588124
271443
341127
780649
632616
62792
772099
156771
930496
241257
83933
842168
392480
524103
769827
3712
646160
821976
357452
814493
80453
202316
855070
285089
248534
364606
916800
802509
816473
179782
75100
886709
140634
131691
245424
920767
615479
363830
379314
833162
130459
653153
998302
660139
171669
900654
508253
742034
987988
223893
702099
404875
388673
420053
434181
913632
644537
573996
68518
249116
462822
728610
525629
598699
359289
262783
340276
396510
941638
893340
638206
55946
416891
269911
393766
472080
233982
948320
216241
721399
536483
903664
124912
13044
39303
227866
415524
382604
467532
207034
485453
566928
273648
961993
558865
404103
312716
633235
333382
16746
378727
569343
592988
555401
76597
804685
997802
325195
517359
965343
779219
65938
288528
10926
856532
197373
745257
213661
449070
388423
824353
655402
765994
478157
608845
217857
664654
406700
417448
338475
208282
451784
639983
371235
896383
935082
917532
839945
693277
174145
59324
989616
695479
890569
738031
574034
318902
115721
175228
26403
768854
204150
883598
497858
477809
504949
822351
490636
624870
253438
420384
498187
123430
908380
749106
757196
957339
766481
742084
932878
662325
844694
965625
803030
657362
462463
28053
468000
474760
172285
743380
814640
400850
338494
221671
861254
33558
733615
97100
380143
985231
950625
126792
828408
454812
380105
111940
846718
255524
476770
259522
249249
752932
713837
419578
293015
705430
74712
850197
58908
387839
143421
493125
653895
924886
924225
511615
795384
536332
9629
584022
562862
520060
132409
132021
728309
501937
404212
291513
659132
793358
91584
663081
696453
235230
626219
448147
952693
599353
759544
218628
652171
121103
844396
104227
672046
761364
381604
649386
436190
846088
494563
292610
494797
719266
235946
266043
9031
239256
590080
908133
175755
878350
738193
129869
3262
747800
755955
826839
705525
696366
230083
344181
388336
67691
595246
379521
425191
44737
164044
837373
699132
779326
653798
671076
505935
719219
514392
558060
39088
567430
621458
988123
137903
912150
101816
50819
331472
600966
90282
479708
737755
595497
47198
284988
589903
397896
940136
436725
742582
603538
811483
72651
564692
111521
318730
716048
708025
419365
440231
913950
629942
453423
932173
208689
799340
26268
478809
85343
416000
819164
407667
763444
335210
354782
47595
377070
104749
873434
584062
412561
920161
978106
602359
592488
57580
418470
401778
444826
261263
846506
109948
281061
723676
759750
986454
558713
636614
338963
11928
527795
622417
474893
295987
181172
178856
761665
709583
892382
486093
163284
1299
290219
448555
995821
62338
175529
850759
47424
751298
60694
937941
253880
810105
140308
17063
93376
101904
190025
242752
927983
842585
949589
114695
925262
246925
914929
513879
405318
969390
346017
169075
173995
941067
690069
926167
449439
940834
14690
366953
730916
339167
95256
175822
82370
199235
289407
256922
925521
491552
906611
48031
489892
445185
185817
358630
562130
757734
853245
424700
736738
105964
710730
227
718034
408715
496292
121194
267524
142394
314918
217559
846726
359341
982195
715904
976636
298302
116923
857401
502189
783146
844300
322215
682534
525618
597522
349939
726478
58273
372013
16219
767240
141741
731565
378018
425534
674935
283245
186023
369745
642221
11721
73620
451354
757199
287933
860717
826907
802638
683803
933832
254535
822928
533672
454812
186794
905617
580372
596273
5558
263651
224917
472055
532716
279190
566047
615475
797859
760498
28674
85972
14264
291169
279967
743396
279763
218922
308296
349722
832977
333272
99508
44044
901843
858553
957211
418689
935139
200194
545204
307556
177918
668496
605385
280661
483714
271561
40819
946586
504565
818209
790200
49587
215535
186617
65341
361867
100390
526241
387497
273482
397652
656894
418201
797192
87047
6471
473337
740635
59460
735657
497797
405649
221081
48587
285404
723961
739390
378475
364670
238428
985703
670247
570530
331401
235945
252952
987831
205070
101830
371225
570421
88579
853079
132645
731422
686400
574037
294686
283734
975406
489347
907882
541468
193275
640060
973304
474916
952103
201876
837473
359891
863420
683054
79209
145942
512602
696922
133220
169759
132720
536680
503733
362750
736711
369358
742002
780824
403384
141041
728355
832966
170366
786003
330218
691468
358630
185562
772604
307124
611
567225
273229
84614
826366
27645
338058
83495
983338
116726
159552
533964
655669
429760
502426
504281
929947
81581
763719
800090
278773
552145
577914
235036
964431
692009
258123
899625
671958
729512
900347
462623
779184
811232
688149
71596
18918
670665
462959
303272
610108
231218
569360
477455
566242
27137
133163
301018
343939
562664
64586
327864
622650
512294
690054
952366
128548
785911
901554
972552
468752
13914
501208
903099
421139
826557
488731
957977
630713
921606
672316
698543
68438
224960
480183
80638
324218
891296
559885
355988
108098
481908
198749
315271
870667
962087
923116
730638
675074
885363
530436
765500
308567
655139
308536
325594
382480
698244
446149
666079
367802
429800
697619
882702
713466
516374
914075
528493
874881
122641
44772
473309
203742
125699
795814
655387
564973
159814
768847
237010
957741
685904
435171
655322
518575
439800
909310
759057
90923
679593
725301
556948
213293
40482
602523
994139
312044
747559
260511
230830
837179
259847
337363
26376
642841
973131
51847
7303
558947
135992
902356
823372
889577
17473
163893
838133
265565
392397
660175
685236
475367
159264
913489
585868
446230
410600
80886
78824
149234
197351
625319
121816
542189
888311
461758
754024
554744
780927
861990
42143
638513
131377
49246
91089
569657
787517
163804
389729
192548
167253
3278
981719
692490
394142
52155
881562
849850
413616
328456
112586
643470
366346
232599
593148
925338
345685
767626
733395
20798
657875
539621
598135
367259
596772
330002
613493
995106
738037
117501
248819
903944
695877
596704
389326
890390
298837
733657
974546
596316
624172
680950
19349
238022
83268
229011
220976
883398
619157
59163
297115
333297
681275
857002
28708
799078
372550
758035
943500
378152
758430
297853
832190
146189
125905
99432
670829
12752
386491
619342
220233
320833
624465
21988
845405
252059
685194
377535
446600
387126
372522
667732
898262
67731
470187
861784
139514
480021
946315
796742
197226
352207
430509
552447
605399
287864
80876
967115
875784
476539
831619
22653
165522
806827
586706
892021
995062
204244
268174
349823
730775
58669
746760
660953
213974
997609
300696
342034
285772
768620
210406
586574
471779
266651
841876
241190
801745
946188
80779
771564
329394
824797
684257
77068
848513
540384
899300
818062
7860
866996
979014
260855
596401
537327
643237
420623
484272
822583
243381
387262
476782
412720
559180
231120
871754
599567
951625
450648
645825
560205
996002
112816
211137
900152
657097
772830
656171
744931
199931
926162
11626
956798
959205
933004
46699
310080
845811
709914
122232
320896
195638
565247
869685
575588
773552
785903
886261
746608
322495
579767
659961
881408
531236
571258
308359
993425
678384
94870
696868
187065
99530
192934
684398
489783
231903
304288
133400
879525
625574
462237
173826
733386
132431
325689
361588
471372
794375
626320
760183
444162
405354
653289
926160
639976
161030
637871
810586
833068
886984
709402
952895
724261
986118
77933
277714
740643
822824
49688
573388
782113
766259
804669
434658
55447
55668
954256
963391
547948
348485
779927
314083
634057
510271
71953
143511
63049
226108
782643
475020
713228
425927
555469
823952
460203
264803
729675
894060
964933
726069
928408
711580
911096
425102
606813
481771
691372
841881
204391
141163
181001
914526
957991
274702
544328
656944
606739
863141
405095
964985
984745
185586
462646
743520
50579
672619
92943
612244
23462
47694
626595
685624
827844
564955
467759
414379
944098
231539
885837
174066
93988
841099
562662
541445
67748
472333
15301
882803
829906
133067
42887
706354
851829
850464
421359
627527
234000
826213
517846
699982
787296
159501
454271
821799
500801
532958
955720
547325
373935
641548
34109
855476
765354
612852
970567
490415
71092
581490
623490
397755
175604
33183
582572
447707
331901
340330
421752
779632
524136
678738
459843
383173
794205
302525
970142
40629
515761
385272
319881
143097
257129
291404
351169
822034
26397
318329
780529
343887
545976
728466
148932
843772
568092
194996
269722
78375
850786
568868
646616
90256
315455
602052
40346
325484
459010
848818
331204
255510
351353
785150
226550
177875
506612
9413
837789
922240
602273
36974
375974
192794
404950
707585
160462
368426
679534
54879
189461
603275
74890
359266
589650
35417
836665
538898
726303
638456
301490
366976
675764
489918
252926
606467
939153
693118
54387
156172
605525
977458
872026
491112
702892
68868
120178
482579
140646
705145
624590
993971
769570
912954
230361
224056
794857
94081
266682
921485
279319
22429
48594
453691
782387
726945
364130
884443
433248
719151
72842
692406
80429
27932
897452
151419
466823
807936
105583
780315
597838
649181
931744
662533
779332
37994
916722
29049
763810
516475
46438
239243
603269
856526
117510
848694
266757
90868
293579
978331
394535
488601
267102
518165
16616
924595
486011
411513
131961
641987
285362
551407
168843
56651
853320
707303
442048
596877
509626
119675
674497
14779
644705
932128
10221
208448
221425
803847
992878
389993
734491
786006
103336
714226
823635
628990
290443
590249
898795
959032
791240
320321
41630
974113
421281
690230
533994
232368
461528
15639
541716
716944
686281
641269
774479
965790
482964
375078
741687
997249
54898
442486
486712
334048
718441
189291
207884
445316
733466
175604
272417
634060
903928
345006
61016
292423
901267
587922
936234
663026
547794
588157
770725
357581
572799
915869
743252
634204
774077
957365
771709
505271
71380
730766
917252
870670
931053
256123
872877
573309
484377
204807
169599
549448
126219
284477
76739
811891
560678
794835
624236
696001
987569
340915
62160
120135
973672
395879
737492
142251
599724
753441
574439
901374
435738
838885
372261
752372
919992
793428
849563
575420
543244
877462
614762
149440
205575
783202
280708
147899
880670
167085
984660
914289
648570
542189
573690
313488
490501
527816
110196
481185
55525
284126
31704
412843
911814
800240
543869
964260
775119
588139
895290
368597
393782
647573
487238
79241
517103
518675
376383
49905
760319
956948
11526
775767
61296
211934
303175
500413
368989
523187
766166
855122
676205
169375
507125
106192
701980
130145
337522
270581
771061
480755
327789
50459
631708
540728
915831
58294
532871
887170
236247
157994
297741
953789
207782
782791
418263
727035
258522
499874
992627
516380
419551
112977
299079
71705
315361
326722
344034
317806
628775
646072
429294
222242
580825
705955
791938
780916
867490
335580
933268
251299
36528
688250
689163
53402
600088
640019
618035
361847
122007
691667
995210
66615
79923
666034
891447
105023
88577
519573
662362
519497
971519
788483
77694
875497
379937
419970
214571
573819
286377
377550
200345
236460
741807
664885
569535
219617
190400
560530
775753
473159
85475
299811
733991
203640
763447
861897
345346
581511
683832
755869
835337
678440
261088
846505
682090
928383
58090
623242
11613
330563
41521
523616
467674
170831
968759
499439
20139
423365
233347
462037
360219
620447
467426
494632
316238
653971
563405
360427
687146
969186
405931
287533
229555
296830
963245
425087
175285
663894
654935
480720
72474
851711
843103
939687
623259
672384
585326
567675
886931
104826
754179
344114
19504
814194
246263
22645
986434
127229
331355
31468
705462
605767
549181
807195
833948
798079
69130
479128
959971
12963
574221
489320
850087
115235
418261
506550
250721
215925
368885
362479
380349
867764
990629
719037
327433
764917
760966
524317
99593
332073
815747
887263
542951
41448
992979
24186
297223
861344
230554
811593
490873
697113
959407
307430
924168
475684
655545
391841
503407
428896
785394
866462
18539
860456
108046
994696
153196
162140
295220
477749
455205
986827
378475
275032
706435
719738
730768
690909
695994
378963
137603
812837
96186
500909
692834
342878
992256
983668
688749
367549
6089
883573
376585
598683
172194
937865
223968
41962
239260
954075
894373
313874
668251
657815
103477
914924
524557
319920
420121
847194
971639
98766
560232
189888
747434
252499
211209
768868
154261
534793
785879
967710
918516
519913
751773
44603
632678
797834
869504
197748
729437
755365
451388
706630
998959
945217
646791
616366
540105
790399
833489
965955
868930
529540
697581
747631
166733
803134
748425
553099
108425
786069
112089
489751
510195
277360
704083
982163
232699
127457
563923
354428
192692
706478
287262
903846
121508
209213
733379
127218
317179
723547
493597
898605
772321
276649
478710
865606
784360
394659
492806
529321
26337
738254
944921
548604
249866
95678
382222
420021
875813
658049
989563
197526
80739
493868
706094
814854
835135
382016
140687
988365
699368
839671
496929
656364
462230
673521
850919
92119
648190
542326
237091
933008
986528
667431
312569
245537
569726
739206
652083
301110
847399
66782
247262
817172
328561
658257
626385
720570
328644
60
714509
841235
515475
230729
103616
605780
670886
647056
633956
564792
85331
76650
779332
142998
603468
304277
888223
857051
529873
571901
448485
334698
338246
983149
581278
565965
774239
743569
350506
27734
870967
838439
806179
158998
187200
360322
548127
336633
238037
42427
34769
966653
897388
962228
529103
141965
502567
199050
340142
818366
706569
57687
898505
691877
282310
325728
864609
290578
270771
283042
730526
390894
891612
667380
389236
143276
333428
274393
165409
493103
935399
567332
924370
726904
242508
661128
152037
797322
219510
916027
166729
710621
46122
727943
402242
182394
505194
645677
4745
777081
584496
880694
955856
165973
167030
610967
982947
397353
243762
986432
541610
440842
956384
810113
873355
855360
51063
142425
550508
508129
847485
930013
758422
313740
295414
357954
838005
425727
539640
865927
979004
86358
18202
326209
417125
395105
880522
176964
837078
797600
799614
138795
660127
701085
976451
328261
204256
54246
258929
279708
882632
829030
657792
352291
428216
408288
12531
159547
19270
856327
398898
478050
953821
619580
788149
288825
61057
508580
657244
954288
341744
174117
362653
936656
555876
671614
42261
261732
966069
332864
345471
18629
786588
787245
853890
293249
348883
642988
604964
633639
563479
435685
984413
683890
33615
590143
674822
430160
272519
107124
570864
785357
280277
91469
110801
161825
415836
925439
933338
565714
474671
30434
336292
128647
323149
529418
880584
119851
844362
373252
947917
504378
12623
35055
320572
543915
897400
611188
878544
226874
894747
10339
674378
802321
692713
85803
210784
557330
122412
502006
254421
251844
546480
276383
176100
822935
58110
661521
932054
382485
555139
408765
611955
764136
463760
459575
38229
939522
777531
304046
599768
663213
678626
738310
404461
389103
229455
936660
569038
324569
857527
841525
229260
346988
526941
793419
370116
635433
281172
951317
433264
989492
604961
601258
507225
734692
385919
888338
234346
574762
777147
54977
20448
51611
870144
939249
26334
392859
566509
813403
870109
958504
182242
809937
61569
631552
946842
850619
159110
976752
913778
723884
171161
665531
412616
177824
300547
919139
495999
759636
482304
890134
947998
694722
813870
919416
292312
603128
501217
392073
147366
554452
226131
679091
13584
752542
997433
291571
842636
814018
446640
365473
135165
70632
948310
723037
217628
176050
667318
157400
271988
104849
701979
434044
772359
809989
571909
827449
16206
803119
812538
148654
280798
821140
48371
749808
724070
220016
536631
383033
966229
10740
580038
756528
115608
300447
500779
954000
701953
493876
799925
768696
492483
941981
311295
695375
888986
43164
407914
287378
461064
223018
361900
698428
820025
835310
78914
777937
556680
690395
312705
981062
913498
92518
661578
61328
951528
720675
774940
900231
194779
8571
300036
350455
60688
888908
623087
295620
772219
573021
829856
774455
730663
212476
143932
494825
812251
507895
611715
65482
162521
930739
89241
337550
207680
745452
549890
863094
740497
111177
17581
825719
136846
892187
843751
629576
691198
65202
974384
707533
40654
485532
821803
159195
313362
530107
605358
289064
729576
667586
422842
811024
35709
387468
392196
690950
915945
29976
358834
258517
890806
560933
257633
969362
62462
479782
132515
2849
495730
664611
813574
431456
817079
325676
228367
234419
469354
196154
250246
579885
88516
680483
406443
427607
521881
765433
454662
84513
606395
805441
744732
861922
21883
932299
19453
983438
324687
752370
682299
966195
817167
136242
323765
985583
717978
121121
380177
792050
981590
98444
445832
152620
781716
653487
305434
227923
174865
86608
85091
705874
838232
432056
658374
1169
66565
785935
107589
234205
338213
987091
996659
527413
577018
330741
553088
517424
861595
488784
891508
762574
724727
642502
458167
351321
151098
479609
696972
94711
203336
839395
815262
914959
25062
655571
369011
43350
62328
384325
426877
804597
630821
989404
349135
213401
838486
993534
630253
745558
472862
311372
313404
740728
466932
573181
688344
407528
871323
114198
687108
198328
363746
803784
749692
727819
380423
122149
953127
395876
628023
737728
423081
711881
830769
878049
113044
224403
333896
804834
937982
326357
506887
464106
508013
802791
6063
938563
589487
436686
123739
562265
696711
601417
361477
836305
982209
472443
105633
10563
571559
121008
31463
950742
140620
958221
979118
648247
216965
600985
789492
962933
371704
747234
516474
46013
165836
611981
571404
258093
431488
556606
868062
96726
54680
943456
665554
363539
132209
900497
274327
588928
727734
356589
975211
971033
835435
312566
294336
156849
565863
636125
51069
954508
621534
161199
923739
210457
240412
200991
559792
218511
132046
575468
666185
285858
649723
430639
413359
351778
709712
471043
475660
78065
248856
735760
587688
507871
204938
794614
327244
402084
587900
234643
784967
613497
408694
486322
404942
16595
460513
271568
20926
672125
837343
416332
407486
637200
389428
3754
147136
403474
403873
90179
23398
21161
280913
547469
550721
640250
689453
20931
986484
257955
812298
419633
750967
883344
908738
806238
875640
429118
759776
7701
26139
130186
346997
660242
717090
181493
750599
811398
222248
493367
749353
571719
989064
188988
588390
543128
334299
470911
423447
155024
339869
405122
540180
47849
617841
155239
31111
257575
170811
175406
816540
889506
171883
493196
59732
564210
651162
509540
522425
246711
530892
151525
748844
521090
899093
115327
253338
385956
731289
691970
611085
784977
96940
945366
997407
443183
128792
604049
820105
800193
965564
365432
413017
700587
515729
923478
312386
459425
656904
847218
386189
2032
315791
449583
808046
842153
608883
429573
195505
360934
466656
745496
780499
437754
122115
467250
645805
271801
515216
838626
424715
605152
717855
67184
519131
339875
843314
823867
788673
9874
819601
197873
877128
909095
332054
754027
241266
863470
938949
303203
673584
112977
492179
542866
298861
922943
112712
344426
41796
949817
907518
647917
411923
580217
270025
383209
613927
375999
491697
958672
223191
432953
308954
712184
379052
509709
778885
897131
442301
440327
906223
529900
960346
63962
2839
550151
282527
796821
503773
165011
657192
129123
445190
675912
426851
709310
341532
162551
280704
504242
798002
327914
887749
416970
210565
903384
501119
895641
285119
696709
174995
192550
782869
399412
195123
152309
7887
112138
833388
819374
374248
648321
378203
395629
933003
963461
128
464101
909437
828270
72427
131569
522714
20315
627666
131449
876856
573607
905604
599101
279080
213643
659896
267137
233883
139664
763007
506133
205344
76975
121241
884480
645387
339847
482979
947528
163762
615161
767533
29537
251153
480612
552746
929648
865549
368632
229441
999738
957462
873017
99584
497710
124837
423634
617072
720331
282213
603539
367747
438959
992942
143113
825066
8446
247788
277241
231939
871531
270814
718648
869552
85158
489402
475498
607299
483234
488686
83733
534613
851842
687426
749921
30454
122911
766681
692142
137726
908152
385367
40274
696770
26167
4508
572270
322211
275356
97005
918187
518400
660744
263476
454358
116043
433064
864862
82454
577785
906556
583522
789126
107027
519427
854882
533683
357930
499205
401642
598131
544679
12733
692373
758688
681792
454944
109838
526576
883655
742670
5108
973874
33884
166996
108567
941351
141507
665308
831135
166907
568208
71410
42893
887071
391551
229299
804504
810500
399072
903188
111161
44661
597999
544396
608451
162449
31426
307807
227433
837156
68123
16200
531620
635170
526429
729411
478508
757247
482076
161588
40931
500974
959437
835959
611409
825139
746333
471749
826122
562791
684381
637055
455404
300040
173146
44955
990981
742586
581387
815848
149777
913247
540515
687231
606880
122638
89927
900936
529174
194226
773914
642726
154573
935106
324851
787136
108565
890584
482864
151021
644507
437937
899492
303675
608487
260416
702507
184988
6015
23791
661983
12846
214185
984627
154595
275494
127502
629258
611868
802072
442426
156436
520512
603493
278080
943499
423494
565505
179003
208929
492157
727007
457839
378740
274425
965308
390925
159281
736616
611397
295957
918914
217794
179238
502550
164469
9055
263216
422353
103339
121314
458086
769468
375224
719763
203109
616034
866846
77963
220077
599207
237665
584392
606352
815721
448647
293024
836597
392067
465710
203347
737993
742379
520905
330169
415876
337595
165625
637018
118675
592525
907780
844316
410600
800511
298484
256151
67802
557781
12494
646149
563833
660414
693101
578197
41138
274799
887868
595230
992027
957036
294925
688689
155549
990949
270232
688135
409531
726269
353682
299737
730947
270885
901289
224975
763599
120807
617946
87312
132792
298559
550064
959480
591897
558884
808794
619751
826043
344868
913319
3318
476834
747309
974880
579013
566643
702312
625154
298608
811840
328575
133334
381024
448626
190207
232431
588541
954770
676633
52352
646657
330932
253699
199063
789608
416768
313340
510778
637060
921310
49068
749468
257325
883325
198505
157884
159509
405377
368854
623835
661369
326343
726374
926232
755059
595157
818046
686441
221100
510307
511289
899384
622128
706304
327877
711960
199834
364323
755178
506146
638510
906895
454443
435696
972549
10529
617221
441077
25059
818361
537300
883896
830500
892611
635861
678379
213
522721
603974
777580
738464
557751
560106
196311
434655
603410
879336
214661
72145
808885
111251
673958
597546
427842
267525
348215
208132
858434
527908
728159
963636
945041
499078
977452
260727
643881
67185
860901
390028
560969
424379
198027
773531
191489
148176
165745
576402
666845
219026
793397
937233
463404
528603
565722
148923
274604
432990
465795
806765
672851
240555
99982
217547
624700
451921
374411
121974
380012
911389
344
762906
118785
672321
241242
887459
276150
998032
786458
66959
367509
673894
873594
45534
761530
224485
561042
969191
232575
666522
833707
312773
521097
217469
648406
217198
690222
96535
114090
431523
363010
925438
218713
234371
164541
832380
483758
995515
520906
358286
198374
965528
404718
283208
426920
610429
211155
127382
67425
354288
403057
154269
869568
275790
173016
530047
662411
594591
819356
90046
45084
72644
144221
628216
335740
722637
826673
511248
859675
304167
344497
256685
199913
804851
602141
542684
584787
906929
839852
594257
55133
546779
195317
572043
318360
903886
643635
212757
613953
669347
70840
196136
989686
179869
99633
110958
948181
382138
405458
175329
157107
893676
272798
939538
481398
662882
261396
650822
785680
58879
160825
265979
538072
260204
568063
303816
500295
298505
557519
739810
947019
894334
814520
546682
280331
410736
160371
856772
71352
268624
439698
991251
227468
328269
28997
755680
147043
254313
329609
966570
525170
550825
198062
671927
389736
436710
196739
45368
207839
522497
658399
300938
280895
93940
862671
730905
220592
584195
669527
311071
241337
43025
250023
406090
812922
715598
992796
775868
842178
947278
286255
936492
221518
108277
901182
783466
621535
685455
471989
509119
993719
151868
558745
232562
867567
661960
60721
446951
565368
689113
336081
591907
212140
677953
537092
150635
955856
88116
581141
954825
587305
930707
98682
684208
938679
106406
430174
767543
963474
470633
423945
546817
108064
242365
732719
764414
430641
231999
595538
981002
245751
808502
60436
336755
597157
948262
907357
662232
542882
553857
448932
479660
995370
306877
962334
520282
904770
510657
51841
976579
5334
45689
543092
889763
113968
681673
232725
405201
840151
562205
214054
797861
309314
766687
144469
336372
105591
826114
551846
381622
398149
703739
480447
595529
901530
883664
789520
794254
404290
280393
487900
949169
25725
6338
945193
339591
381115
669026
551232
225488
70774
605094
610401
377307
941548
404759
922247
657929
821304
78362
656275
887593
125644
468134
215192
166723
506957
244816
188546
19952
269579
239042
874787
869094
865308
171530
916444
445778
774164
802446
402404
616094
577698
628190
788792
743698
735434
964514
807967
620630
298618
448306
193113
552790
984460
680900
548132
264062
33239
68992
387626
793893
491314
570800
756874
747718
167750
83219
319041
346280
957583
489617
1845
558176
406831
617864
209374
208621
623919
35268
248209
326017
994899
327182
346858
906527
800472
961883
380694
422303
145548
857637
649147
699535
813770
136664
527876
901172
984977
834082
475084
349614
640513
417325
717094
434233
239025
283049
164551
257743
478767
772674
156817
877227
938325
689905
739516
35113
656260
921326
931683
923850
533568
748099
497897
324755
834664
933372
101894
765396
782864
481339
361841
359942
921725
795496
863404
605518
684988
629573
3687
199774
405023
549599
574226
800123
634325
971488
936450
336345
133797
715458
227903
301538
908359
833694
86824
297877
835039
469795
352771
456907
909334
788514
572773
527253
443799
725189
288506
308354
448803
363296
366258
541373
185490
395359
5640
637010
821671
593247
654320
82577
73742
342234
993053
285963
862644
536314
827692
985978
433859
704462
332144
122365
848441
102362
949659
126080
196452
792136
651717
186042
872956
798461
354588
444304
937181
932423
434601
644119
401823
593202
314811
952439
83732
320954
363506
553642
761501
387866
28457
662692
489001
384195
935681
230093
969547
41384
816967
273769
227191
849654
910273
557913
188441
464033
427610
523003
401427
552410
368231
243436
217937
840861
685973
952877
145033
112038
35057
952419
143636
609539
24468
887352
437412
525637
504617
839712
95202
803152
207453
328246
903013
412626
565409
552900
277200
411472
299614
208033
995016
638620
270455
578293
72528
839843
516532
244441
706564
371619
105744
364185
956847
387321
185568
804571
267209
683416
653469
75353
531408
217814
500689
608969
530369
888032
82971
751327
74227
606030
396510
999016
396881
380689
928780
274263
13042
565833
192394
226077
106199
77107
964097
142961
336768
978048
900673
171503
379883
524737
337
995229
981994
67581
405655
862792
689695
285733
139168
789325
998359
19487
415181
152627
477569
315646
692699
401910
921482
23187
837069
137631
832278
356765
291704
804750
834268
93467
954603
305562
797022
27074
476216
599375
827268
537931
774500
20310
830100
314852
426407
987826
22736
355462
891295
874534
313325
428390
162008
481333
822891
804165
16048
85377
243221
190242
242026
612885
637079
500368
464146
308862
60919
498658
667719
848212
737714
483842
407530
115350
480500
542177
349666
944179
257587
927112
451977
397349
314024
847757
681334
335736
497899
719650
336040
774569
578282
493000
20939
898793
109253
62241
624618
115009
61449
901922
222450
237519
946312
860455
656671
142126
433489
772640
413765
82932
238097
265513
946109
595220
730054
781880
480810
470436
395868
563311
131815
828538
746534
261010
807055
990831
972026
833490
950248
361669
556841
319880
706028
351525
45209
772541
922038
493761
931202
106278
141446
169240
626497
200557
390321
968087
625884
885610
975784
202781
754003
529008
629666
880215
766751
426372
590121
231370
286154
111529
37631
667248
6250
692759
652586
103225
957371
15434
45091
305778
274840
733622
74775
461315
168278
770647
243544
97171
618109
448999
98211
899270
17060
49065
616718
570342
691176
60643
767438
569247
592008
704936
594082
569828
874208
861075
452448
403760
726913
456784
111258
446375
985257
793108
627501
596571
95332
284781
399142
84586
858174
83251
565072
963588
561123
416606
619550
965258
245590
289073
592945
305874
203978
479636
119879
1031
436192
329920
982337
355501
641022
40596
18320
895299
452616
548676
988027
698561
717822
853681
218191
947841
550642
64211
982243
899130
619876
410514
621382
815975
51388
297845
64200
384006
826147
153841
855394
840380
219582
208867
72770
135829
817735
115737
617783
220458
71690
662091
971446
733979
44730
785895
600455
416700
297902
853194
401743
671501
63995
893770
674106
818592
982190
659760
80260
444639
289574
952771
284005
102694
396684
552959
201623
757452
739761
321317
7557
90303
317186
785452
758674
155853
978666
100117
96514
652223
464068
111836
845257
531040
383035
290506
663342
36123
69761
79976
455708
713986
996392
995790
514373
591531
878560
264857
57587
3061
992526
894650
430317
655016
402821
52203
329922
633274
604771
477309
221109
80750
398027
476046
568453
782488
487738
389270
968343
1531
642568
845728
336386
822099
714430
445205
185783
734702
844558
947123
813451
785588
628147
987037
355875
126984
815014
117261
654459
198151
151993
754213
193171
470190
159316
889378
487798
465624
231179
828785
725864
949476
948248
114332
373163
418869
817018
903837
638382
467603
260073
766611
720211
199150
766324
918482
136539
713731
463033
611989
443889
962136
819521
144079
262607
637601
70454
15646
766417
368581
233985
753313
956180
114810
976004
585056
911882
172620
36849
770474
351774
586045
222469
850748
960062
995591
206693
858461
813769
684733
220115
919367
406999
185168
20877
998783
692703
948140
255746
407174
497033
632002
42865
921576
874833
806945
410081
329393
228756
664190
632311
66111
386875
441234
517239
630515
401985
588194
278106
92801
563234
921498
982919
43879
420962
495955
296945
912635
780215
412596
686414
621468
707476
104116
396976
501643
33810
452861
103297
136018
43581
532780
35167
930658
743289
809909
485970
682619
419984
775332
797478
618500
291161
405310
285482
801594
171397
365958
712067
687685
785801
92635
466925
675302
816099
737598
958416
933837
615756
997746
263419
916040
463929
582716
8831
459605
236301
819210
784426
165528
228382
311408
232863
291944
287330
802701
751631
6851
905014
898828
566230
353314
778250
137351
693044
349096
926125
319109
150566
897844
139377
143460
192288
171989
527291
207378
608106
243869
125865
432245
837972
591182
377888
99627
394327
435889
127472
570347
716362
44550
422182
644426
845054
400150
611055
62106
747318
894116
668004
142509
911494
315138
703415
75447
672391
625215
50295
192273
780339
347710
43203
53786
154404
739618
88841
977336
394468
352677
17850
994172
751088
471752
763852
440868
567630
584613
361835
109626
388296
106336
815293
694617
555204
521020
739920
478415
938881
161737
781539
286238
833456
826299
858702
663965
464940
7383
294286
959676
202136
427014
552753
296933
128916
390412
752858
699389
519324
464146
616690
82313
924349
835807
415852
572078
64307
988325
789746
556817
364452
649080
926897
315293
865523
295834
43646
490338
591811
735345
585635
75802
818632
36889
816074
843528
840971
947542
516997
135482
235258
84834
824952
544237
181225
699173
729252
508879
72297
122627
689232
278687
566147
6159
560214
384752
159314
494237
489607
502285
660346
584756
351804
794231
661576
54050
764986
87754
650856
122858
30017
40958
303357
268889
342257
461640
37857
391223
744922
733088
630073
707224
458974
722398
323123
627794
726597
754814
571103
410761
174493
502274
168487
892709
304588
360887
538541
283429
252020
911119
52991
578445
118017
551341
630649
570875
962258
442048
206840
134168
859329
721670
694774
386921
923921
65010
498119
611333
725427
288041
269999
922529
868021
366502
237277
977735
99400
824381
279304
328614
616684
121340
720037
246850
418362
356077
898306
448268
522189
215672
164930
725964
748366
415333
566390
768890
650011
706240
639060
723437
340692
955861
635030
516331
232897
366043
751473
588318
22115
523053
605040
945320
431830
277491
534061
112013
287647
305951
914540
35343
546136
780819
295508
308119
947829
347808
301387
595023
579442
583082
100717
848845
734683
564135
855592
386537
932727
924806
328310
72623
673170
128428
427192
886320
884966
674841
459628
244979
276645
274025
352459
33289
60262
791607
115650
19966
400169
718812
204938
564075
949769
5589
428262
983081
485245
955971
271417
265440
37514
203275
980161
920061
717769
797598
30452
718018
830672
754451
615093
287159
488896
652143
189555
850814
347627
576967
845983
634052
487327
316028
365575
610835
977044
781414
679124
870661
155566
949964
866844
146068
566702
955534
670757
958668
633339
751206
783543
30369
347145
156099
87709
966365
440868
584597
113912
344626
391323
16423
967039
398125
833611
929829
621270
998603
757383
312447
39434
89126
523873
755686
537319
57544
813464
212084
663414
728097
523102
476712
21527
200211
94660
516110
979638
962281
452932
99005
181101
163240
773546
850938
602038
956350
176417
133371
633355
254231
448918
561989
895133
778575
829323
157302
26541
896449
708410
432159
115657
384510
475939
520777
4966
547930
178164
653785
714135
739296
894741
163662
339688
370533
230285
14054
984281
379002
39700
71777
457274
883771
770293
314141
132256
947844
259551
559968
54081
794372
579018
703860
80305
421353
959681
677997
697786
563899
648271
437318
56273
826885
543178
838314
338235
123565
760055
398094
169212
885861
860824
485883
123063
94202
583321
499945
22695
229962
807251
583
760824
476051
883066
610008
138499
85542
211626
415927
458469
430137
768009
874811
426555
936540
278360
867765
271995
532036
708380
477142
380146
612675
18275
424942
196310
615897
955701
717647
659271
796004
15577
857808
664999
153714
337792
592749
570002
707639
211538
631052
99004
258906
172692
80986
830950
755178
892211
139988
805437
637422
602544
44962
82319
38617
763687
95773
512362
596572
307901
368754
139795
299990
576229
526430
550496
477415
572111
434841
606387
949474
651887
673743
438931
495712
959077
887241
247336
862513
267790
365035
805523
155502
831271
744278
592488
71274
120153
400877
178441
177735
843877
373749
718688
949476
685548
954518
865784
54260
141852
305086
607032
260074
523251
220517
612670
104656
53169
811051
530260
292215
89438
971293
748946
756809
107381
678294
129424
112762
619436
645698
396165
560861
843937
118078
674881
927315
867746
883291
538755
311070
35353
855042
30584
536467
147922
349873
871953
885486
89067
734115
641279
511360
956375
222542
56462
45059
840782
846278
720091
495950
5461
320383
35635
207011
110629
494128
761738
168038
39803
760466
236757
671209
91132
945287
649348
639970
763266
498136
755999
122046
566471
390807
691964
232974
576172
617763
103066
687968
163623
694090
95774
287337
744008
828681
931815
591582
145958
108078
758800
452705
76202
94686
140673
976728
905911
422963
140914
535578
233141
167933
691390
878787
421113
49002
116256
294055
845330
446336
253388
729699
480243
907014
992940
361935
178552
480643
546933
706959
677847
33694
187302
211209
33572
97892
647837
159281
105664
430761
922710
737791
629215
967621
894272
432450
37365
1215
622782
817614
493373
142344
89271
22993
636582
350238
378650
106436
328794
46929
806129
825981
466987
829091
62113
806561
842461
285128
974524
352566
721482
865292
814723
26710
71158
370644
767675
646143
993904
346236
956394
505608
32289
826976
531758
293870
581684
833398
113403
132749
237218
191385
299119
307626
652248
165857
840148
395821
371592
780525
367153
442860
732233
915970
43277
405154
371308
871245
666561
798718
382364
482948
210745
183192
433009
650027
737031
907774
714065
408307
989475
201581
252675
752636
171459
49051
154450
975867
405203
887473
730330
711543
114962
839063
359218
557038
942153
227943
356469
343764
59880
356547
793647
378299
662654
826690
525473
770446
501204
333701
105713
523447
337511
319912
182130
132897
316417
365396
36939
923031
281971
410034
558086
596811
622321
648122
109367
250931
576522
670313
255815
249230
27650
266001
909916
612869
575757
653578
27623
619628
210154
564486
58121
260711
361434
819587
281314
339561
870909
744857
924536
327320
821063
877107
519233
116557
864291
357402
276110
670199
580580
950253
471572
110943
285860
671981
796951
233286
395131
950901
526900
901866
912670
13062
954188
330791
590673
158848
342473
166715
946634
835310
411982
446434
613220
129080
752255
647712
901820
151355
999466
565341
368940
693750
579344
870058
448290
575387
155028
702370
656476
547462
861759
844843
4034
201353
376750
797980
126111
319461
457497
709305
599869
920662
399936
595289
972637
491398
655219
665256
231120
669729
136638
4041
78069
119368
678512
830291
365200
47455
466375
368701
122755
442689
102842
572820
934827
892435
686499
432808
388889
345014
492614
337351
716331
628758
34946
270305
518663
203807
494675
104459
709043
818320
626433
985247
397844
561959
423208
162496
149889
866684
970341
484859
151748
210090
385114
442440
530157
244264
284767
310449
728338
474805
591301
486474
905766
481842
158728
562462
408372
971849
318160
974890
378041
152075
860388
875586
551388
5016
534188
965650
798475
32759
51489
548864
356467
590086
757907
272300
948571
112331
753942
135065
81822
418920
3210
6565
507843
842093
165190
960692
183867
69192
853665
837227
219958
696279
351516
57112
812194
632030
827759
338671
562945
448340
520814
4976
365669
563096
82136
698660
604235
53761
231805
162757
395602
228883
457673
326781
542358
216077
464880
156615
721389
562207
130936
728050
940222
921848
24222
626308
104121
419198
791014
41339
852022
314327
244482
71471
73454
939044
232862
875859
794192
996686
343366
981274
130305
342200
248757
113270
156275
790740
906235
76091
762465
889169
442570
849314
197220
93298
285469
624554
556917
99962
772228
584282
336256
274756
182033
862369
341793
329007
545241
270173
772541
931190
72295
822906
11071
706141
479363
292275
760366
942791
673434
428468
612264
823333
837642
124064
214910
319881
619020
385262
693675
785368
103103
587950
711729
242462
288461
381418
159442
18812
885948
314727
144168
494460
837011
250507
509473
559045
435110
16920
884699
979626
337281
31702
485400
659804
209837
680336
455070
12096
673505
994228
155566
439899
738057
923486
53534
425322
793067
679214
933653
355599
33404
706901
509155
963045
120830
343983
341179
741812
215380
32075
436302
304576
637412
236934
273668
302652
467175
586836
705497
845148
193680
219488
542162
13128
119702
122572
409627
647724
407584
235409
74751
519980
781580
534090
524867
73909
528796
841676
277151
314095
330622
48301
126618
395470
581047
383654
288257
510408
296235
98579
64323
905761
380107
136151
592812
361442
848795
150940
435388
807208
812959
700280
778916
713048
705441
460203
800476
899760
143842
684101
617764
118905
753051
350372
104917
109400
338478
550555
162274
656260
138798
539823
536497
247827
353672
188027
228880
374637
547660
385459
235861
109985
140828
894085
587479
827094
748079
936731
529282
422361
211522
545277
267867
553814
802781
578388
670289
284450
709822
369673
309500
97589
83108
762380
428277
951541
401337
42353
355281
957997
658908
987572
863162
441628
766347
518621
111724
563882
887722
212927
149705
741878
124082
348186
605594
421386
487353
128992
797155
863856
584729
423637
674274
27486
483904
339343
804835
820300
744980
750493
424771
121127
404929
480324
890751
32989
997600
610213
665016
422169
273605
632186
31493
467849
733093
153343
337653
953498
774818
794605
353824
604549
973365
967841
743272
1027
693303
654300
843985
32028
156876
701731
474106
889565
617260
721735
290040
843048
658127
352063
896910
649125
696437
47665
354122
746199
961423
64208
860926
947593
222093
88158
298074
889895
932229
6803
175459
878120
258813
307734
703954
297449
712725
46568
177675
519382
792148
983648
187640
622529
49677
111696
432706
159125
789357
73159
592172
435171
776484
505712
865292
978715
569582
576920
885926
94104
61245
277197
497702
990162
395717
967969
319994
685367
744163
233230
987466
821971
532331
623155
88469
145387
775373
125181
965929
900074
432674
518625
800446
400947
946457
617733
540848
788885
723769
614398
857432
632604
26514
715892
418566
206916
926596
957538
133276
758665
994219
595450
904970
373594
51494
245030
946785
284587
910402
700776
905302
990890
823688
562850
480278
609353
641440
341810
673536
784954
640673
532277
250116
15033
39862
154797
822230
678147
848046
833149
846734
442724
939551
537105
110495
318766
326584
358618
121329
190341
196642
873143
409246
600856
462867
659823
467590
657386
301231
237275
18128
615694
113626
165025
607677
969713
364063
49754
798826
89937
593462
184725
80482
335372
799285
768117
420637
672851
149270
238325
341914
279933
453985
126028
556628
403896
27126
182252
885796
133530
897081
539684
370290
471829
43674
481701
332697
865097
356607
952609
322199
981300
210449
428047
505133
487621
808736
202635
955993
54990
759860
631387
363886
846359
433841
630925
388685
807438
937445
766076
898434
548700
427378
268785
301565
367188
548883
837861
983659
359301
891980
566373
29488
124527
816050
816462
972803
371218
597972
261304
218791
920225
609285
701935
732162
929494
601927
390684
440027
370655
584662
973891
101493
997878
290958
291366
495298
724558
7225
432774
585158
510121
518713
445449
713546
998535
97423
446199
478840
218872
835269
966622
962522
934547
441918
338710
782186
453247
716056
128031
853397
768366
380411
593958
591569
810602
25153
753767
425367
877255
3778
33900
529599
243960
896826
828019
204600
260542
828697
513453
317472
936827
975400
376995
726214
103845
219027
182707
652345
494422
365911
366457
918093
656895
466249
192713
510186
95677
692544
83736
54096
391748
695136
710458
877611
539960
388292
695237
128270
310746
564103
499669
904655
651743
821871
846570
873280
627549
748599
18475
598725
301214
307832
386829
610391
52887
633459
466383
714900
176627
763261
361949
742144
305992
110855
834260
413468
587499
993289
250021
601889
953439
994443
641299
794841
117352
710352
140118
811355
604286
155807
401698
321313
574237
761583
827329
557639
483257
97262
231645
24674
986767
260462
615706
955579
770583
872109
704096
386663
175253
570303
335222
160004
569359
734554
811401
77522
304473
826174
308301
487787
847756
125247
650427
527136
882709
567536
642744
200562
262569
252782
215382
75690
740566
623366
194867
955990
958453
716548
888319
590240
537276
722137
689628
134540
802736
872232
300190
673357
367159
855597
417969
811397
70987
918410
556250
53912
859531
658672
837910
633963
508844
932582
32542
300479
179084
611449
971852
836836
959143
87552
223703
256091
430626
482123
627002
362252
988485
497192
811188
173600
308550
254801
173672
768124
664448
228341
459108
746971
596931
523809
749822
776455
352196
162315
479451
772212
575349
729979
42121
640953
490672
529687
950732
58092
604621
731657
69302
830488
897874
926095
3503
95453
22858
140062
747029
332133
489710
744116
9340
896702
722880
952953
529046
218585
783799
287121
917102
466654
182997
794817
863183
693482
497876
534075
505153
161126
148798
483335
519283
552133
257052
456656
184308
131674
4358
540937
530011
332435
70746
552506
907847
363862
259848
741163
326401
301878
664969
759659
486270
323858
706479
18557
894080
597706
568344
288096
642203
181727
618044
215546
805525
476966
198502
268768
63783
299753
399808
660164
677856
918746
349830
314876
751721
814453
647965
674539
260707
7089
23740
651726
92460
596706
469256
654181
58945
446318
332926
391356
406398
809065
520074
654420
930368
599504
321844
854707
176619
118047
825978
12933
928711
950159
971896
732206
276229
675184
517828
23789
320736
40670
962518
409262
26463
580963
636260
290860
390902
113833
683852
828800
179276
821210
194539
738059
75800
37846
236619
178109
333285
648784
46969
605567
892788
179270
486323
334403
382144
133083
176768
836261
172124
599634
755098
330942
838393
148521
814215
576454
303812
862544
781190
557283
23660
696324
890980
282834
614145
439821
394286
780273
803256
666128
704064
346406
3787
228305
109884
943280
912253
339337
713943
121096
94715
47200
169229
257459
978142
178504
510005
141223
658829
513270
105838
865623
425984
782652
434617
28189
21983
327431
624225
98883
946248
43955
134293
241391
841712
262598
923478
557928
311329
337168
47819
898249
472033
103325
396786
500737
205683
177108
515953
562691
40567
347887
719114
184593
662188
867223
927469
285409
118998
121435
606120
315817
575419
883149
659770
141964
412295
750393
179077
979168
486223
932291
945313
689691
633202
495068
758541
983835
120603
507872
800320
786447
50084
707472
52510
350277
300053
336039
586374
513936
275466
267738
46344
868309
833970
309553
933044
310387
536180
625661
7757
143820
364
901877
885213
809076
828754
154545
81954
104438
977851
549058
30374
784317
585466
675052
838636
186534
325087
412865
198086
985311
911967
76635
758020
5564
836436
946037
367686
602774
227419
635366
590771
394272
599195
309628
154882
642632
271461
327665
657334
841733
302583
624972
862310
668483
73819
35735
735866
573545
599085
825977
547762
341955
967737
434927
26848
943313
143490
251435
428662
822379
377952
736905
509690
359759
422849
832298
595030
179465
984015
779503
546891
586877
627698
413460
831046
395796
592749
419558
512395
966273
811427
4450
144398
792623
693948
427116
684384
743689
714019
370089
655110
435877
653415
902009
847014
321998
196929
486676
94107
500396
875253
845056
923111
667794
579537
931116
326984
607908
525010
492781
858595
686435
213990
382290
272477
686359
931981
345829
179657
498712
43545
331905
91963
681912
374804
716107
14907
192528
12416
171790
796182
647014
721337
158391
727310
113912
504503
158185
852529
832680
520880
979070
856903
246147
463258
617628
405989
723119
618510
996847
776478
533425
845320
861128
257753
238873
95115
769682
432510
359947
501921
226028
25738
416554
695616
129064
873859
180642
607368
208480
816517
632082
640873
310895
465530
59541
664290
919763
981352
510188
422756
877021
716388
298185
401429
19282
684772
703162
96432
779682
735154
345072
899401
799490
991357
308076
352494
227752
290954
48389
48746
138979
124743
849752
740771
849172
855936
538892
587299
323981
467306
304320
963379
810308
572701
117076
940195
391411
995423
143057
163751
215504
61083
162486
652828
626788
493745
237856
741736
371978
507047
764948
5182
173639
210301
870444
906177
511104
567901
578717
53376
41500
859121
616033
222944
842231
472079
501573
781719
139199
903760
12113
181140
491503
190206
588111
116541
229542
706987
758906
911376
219171
557470
395141
721131
344863
441769
560900
325606
770055
100118
620603
394718
789909
338944
901506
574733
10698
88957
444241
829845
179146
400377
490990
70044
115028
309406
551408
312912
2972
767919
918894
992011
43462
436724
962889
72594
254849
36624
640851
82296
710782
318382
295323
829280
747788
523994
182039
458079
538770
572908
924844
963072
547752
797086
835996
549921
564498
727999
982668
126522
666777
471425
302065
833214
3464
321900
535127
540890
418112
738037
800846
933594
325880
266601
390961
681003
293589
364548
816532
247803
420130
85342
527305
771900
571628
20357
672399
724680
24893
572582
883032
182111
181875
322916
676854
508747
993788
505291
65441
796197
789295
996894
86695
107184
900298
893516
881968
63522
597636
949889
70701
543235
197583
301849
523805
129711
159212
182768
130940
556853
369642
497429
38920
671394
515068
147677
278448
504728
887542
450963
444956
625815
94180
15309
325075
823262
284231
18714
571661
507562
932973
160279
904726
462045
297772
171041
749596
175482
315642
886884
59925
487693
516268
923346
351631
281896
222409
606448
213397
841991
362571
11466
312955
890453
156657
680903
554119
29768
508803
377879
573628
437351
741220
677832
557636
222827
173389
24568
879545
613699
426412
905253
80528
624882
963032
710305
98786
107348
174831
686113
982809
652478
151374
964724
623795
570498
381740
977040
11510
445329
486355
292871
726705
656124
482684
261657
382826
52627
223623
878244
462697
811630
633364
560119
168608
527114
797441
874884
712821
209162
873536
711091
676654
402399
874771
547539
260984
578691
234535
702059
356500
69983
439050
453743
914271
197005
274187
996366
931260
710263
718317
731496
973023
410014
77575
930205
79737
39927
336699
323265
269307
61360
874961
715372
286665
20368
168431
407405
636478
277244
842551
180830
253205
199829
477501
390994
284410
52159
311139
223083
736750
622013
951316
959817
971025
149368
718233
273565
268047
244767
723675
981851
263402
744679
518070
433358
559519
155956
73013
452805
239032
794064
724784
801643
89709
811351
875007
961652
890744
463542
495578
443828
479732
116744
430223
770954
379633
111583
403934
342905
360854
361188
671156
590614
645171
926038
146754
553245
713891
212398
651770
670879
233178
978019
996966
480023
352785
933321
524517
558298
299531
477461
430210
522860
787714
920571
164530
172335
387315
824312
134442
335222
800067
958508
677979
345015
273869
234335
536459
654623
952521
222308
355409
458048
909146
735066
834413
627749
7603
35535
58497
364615
453927
962624
69360
181528
832461
685564
670034
583996
334668
198887
672977
733911
784649
473433
877091
37121
402154
290790
914020
474006
936261
497529
549007
140011
150698
872601
796569
336219
336841
757966
118826
850239
184386
186332
768632
920892
243720
679854
6210
930037
424432
847374
54630
916001
765404
37137
871840
405048
291838
70224
312544
691080
634891
344016
916999
815396
15550
422787
925501
130427
79110
140392
387697
148614
394446
527117
991470
237851
688870
577205
915415
793823
702419
716820
190591
455641
273520
190071
138791
170913
761470
694848
290581
75575
9104
361551
30221
225263
39372
957757
836911
68106
445022
839618
186796
386721
310911
941750
381734
654587
187357
87860
125860
764285
509032
684379
852143
774465
366841
840814
484171
803455
832734
297371
469973
867431
651014
194009
594806
815441
234118
383786
937921
180556
752710
749056
386543
381459
121995
52348
525876
205022
869025
845457
305469
584340
201700
822471
554249
168093
246379
661724
615905
681750
890450
349317
281397
772318
674083
733650
608405
733517
424416
243695
121033
938501
202608
573190
334541
575328
934564
373378
532076
538377
238308
364143
983287
719334
733434
755645
596898
303411
137723
114148
122108
852778
392333
738529
136138
190430
143322
70302
2046
560808
631120
949167
232025
543288
108177
353465
610458
469581
282878
322285
913441
675967
398683
349874
768933
564089
665823
654753
809807
935365
342683
623017
728689
91968
608708
599315
969062
289580
787615
116577
385542
724260
923720
521295
432262
112298
265886
498107
349163
976540
472782
239200
124649
836038
332027
173118
539612
135377
809223
806486
971234
447384
941377
184785
316243
172059
879275
989888
273246
631692
121510
76094
631361
708743
705468
810098
302244
853215
428298
214321
841235
975059
797512
706624
533462
715616
719991
637239
376111
952048
75366
754817
28272
545904
664544
124735
248758
16703
481589
838796
407686
94530
398179
136795
463938
654932
983714
738621
872263
485339
687497
313600
152678
850550
301536
492657
529342
651090
173123
744769
433651
237084
244591
632261
958541
7441
677932
516567
657839
415217
918487
222298
396657
994001
553611
941851
247197
600976
203756
960596
877955
813281
641487
681034
185529
499783
252489
179734
936115
523232
551059
595840
659835
85272
494551
579398
302540
769086
693529
6077
711697
622067
333573
328975
34869
18047
949265
383778
934118
364477
355342
509978
41068
416887
954577
470580
77792
378764
259256
384211
274314
606350
206811
62488
382043
658472
974353
707050
984579
333180
123676
813461
552240
582923
476466
402446
549669
615822
975144
496277
796274
682721
838909
27571
378901
944479
602625
415267
109677
407817
98145
792269
164055
161887
354831
431597
225576
477329
878546
695762
386117
933647
692839
852291
249633
143549
83539
305916
889172
460098
98502
800086
446229
509568
989997
816004
218836
783966
61333
445113
47286
756224
119799
721255
642990
943448
846820
856419
32053
289622
377230
101477
929701
402043
928752
765483
196024
139979
971931
966716
247320
299553
256607
262922
992738
923420
396114
988145
208828
526583
761152
936348
280015
385975
880559
464646
75747
995325
940493
744030
363286
2363
784376
102276
595193
991491
594858
241457
811079
118715
483647
89843
149443
302509
629733
197077
554221
871739
355423
123741
418528
488368
354421
686574
140683
253041
419964
195150
560202
878802
188670
984066
234336
92421
680389
951318
462931
736813
132937
279993
457764
970896
642931
169732
258410
339627
889037
640283
421386
461216
676937
725164
50837
540619
765483
70293
790462
424370
697299
684130
408886
126554
706859
662452
850278
695350
370985
550717
156489
837947
14337
992999
251683
131087
729131
869140
224929
790751
563020
870464
512718
502736
557124
959363
244080
318221
216531
469427
966397
630399
674280
513767
512765
575771
528456
583702
55805
172756
136791
568093
279661
677682
970566
649311
146071
722747
882970
16391
291132
741645
173205
789289
28173
732813
347075
2694
386499
933178
323874
269742
261019
602459
105839
105536
878258
125591
920201
180109
304888
259747
917380
223131
269396
601045
328717
90885
263188
235608
906293
584191
487375
737592
841244
439608
363034
740765
879739
770072
684899
549653
751693
714025
551981
362058
911643
339538
628392
209747
752547
327613
343276
789029
204260
133146
275666
623338
579081
942077
664879
633386
866287
901283
558
926886
148885
6162
801737
990596
171359
763358
16676
784356
34311
321159
839878
327760
353824
892032
497332
693522
313928
97611
861996
478752
15466
312319
391867
219955
563949
157612
722363
575158
442237
551317
619309
695769
567476
688539
922799
646724
715684
689595
748570
648297
759748
612910
425402
308530
180980
680175
854442
584026
663598
800985
478156
264280
981003
680878
493923
561205
545775
912692
23309
550718
625811
798905
448800
275030
9517
900792
136543
43491
86974
845652
806104
797544
85304
922945
76446
929139
578377
90370
836191
132077
526472
517132
104993
144655
928123
375114
880861
959732
183939
282746
878136
966089
712932
990325
120666
838048
596917
630731
711917
278628
782944
174604
29876
710887
65367
62628
181701
745815
797012
215710
844069
649296
628426
398857
165566
703819
675565
403832
7743
17651
488987
232610
749136
953688
969318
644906
337969
21437
387775
576826
256238
581323
180288
604872
11457
274601
278549
552699
665284
55587
778184
877030
699409
298567
24552
76722
613944
113807
942102
171035
569116
764280
718188
591569
925994
805617
234762
939326
333495
904431
967038
608295
167669
836957
344591
544748
568978
261425
299751
646313
985966
715994
620442
783871
778678
697813
580439
610349
479906
165535
267818
410455
158471
813701
732203
559849
91417
327831
233799
268117
212161
58043
413928
937400
187799
722909
985540
274138
767741
282052
955199
917972
995543
109440
656510
446348
609450
300928
217481
219036
639376
461440
500636
855505
212821
29279
260363
364495
518706
333774
145231
975058
272163
889444
682289
614927
279783
713615
684753
844537
613204
500006
971475
290975
234644
830489
110951
547058
577664
657418
958388
75685
912151
602996
138977
870125
664091
306121
110720
995752
773896
895387
525206
480922
530354
121520
292299
156114
639290
16824
785259
392555
641836
917146
309398
532654
185784
837930
14986
162005
644619
129080
671307
200170
261450
409282
879917
945870
777515
729673
903166
412950
533487
897088
489170
336
389888
633057
951467
136931
96419
928155
69957
92500
831513
389862
990012
24613
382104
395190
251099
670488
495393
674701
548738
128593
575486
810283
121587
963673
664154
434017
67449
994431
390396
732676
698293
302169
995745
303292
101446
822696
101366
247676
618068
424409
377071
764940
572730
844136
473351
991873
273038
703327
311444
255311
481293
2109
518150
124085
383656
838193
627580
869014
11429
875205
775490
403304
539380
124440
634411
315205
230607
283396
584712
369503
966924
983006
269058
131665
60162
858971
827417
471888
406550
780047
523705
954624
519073
595153
576182
106915
355007
188475
21157
636332
37879
561358
867350
209330
305474
371122
403185
979520
177850
541338
950508
662345
804576
863750
188582
808056
553226
165986
860195
240806
505383
795084
575397
425701
195184
148787
208163
870713
506669
547803
553960
381478
333409
883132
101259
810533
857364
676042
956359
853936
685819
754576
427638
941309
713029
360886
787119
443335
332932
223073
482744
196167
991799
414969
730730
216322
67696
143430
26464
24508
462758
730676
590939
156618
836761
322869
215478
945605
900254
265029
841152
95642
76166
883593
939515
132543
246063
242577
798768
723712
77990
30588
825837
573495
866807
840891
409693
969626
509268
425774
728194
199662
256798
386154
287249
388442
564754
99868
864041
938262
774035
956231
139442
43650
978000
844713
77327
676307
90385
566971
857599
841576
90852
267672
500053
646075
72222
645749
986962
823603
296976
275086
542748
798934
797000
446690
880349
767771
850304
597396
701435
960733
695208
236659
117487
870892
727435
244883
395396
541118
659488
362778
892718
535299
241328
314583
231365
889494
822430
780364
182300
398415
868056
856396
748482
227509
994905
508607
201813
776913
168920
644739
197309
51165
224976
862445
566988
727772
983853
603181
810096
558083
672720
818063
613971
761621
722431
877086
450512
869132
804332
850403
947793
335411
473952
933195
33033
217041
841348
911846
445003
236863
648332
592332
792262
339355
90881
371802
317661
308309
755625
539226
484391
202790
683412
562497
509952
102177
170950
366033
225162
174178
314300
915295
397508
456674
451229
195951
661124
115309
662142
849467
54356
263338
264722
823699
267303
26393
587437
932382
793975
