905164
648028
541427
764055
898306
614848
170000
812993
159868
421195
784436
869896
885328
684542
415867
787088
959965
866617
437741
254631
830009
362590
307449
504125
471100
372308
203857
434863
305320
766376
221473
565376
576180
727821
103341
49448
712308
33668
531782
475847
864102
358359
841512
988594
12443
609023
834099
637038
290303
634469
819012
202043
874311
320965
113264
832071
29815
43503
147420
573700
871246
19240
750908
413395
635598
906477
384870
581791
725547
554455
932754
811015
167824
800282
10929
420659
179912
697959
517990
382152
401168
760690
331301
188406
612086
350350
294951
870062
91117
835955
503431
24369
447473
162082
92732
477444
199313
515103
206323
546368
692190
850717
241097
711173
577326
929656
494754
879183
253069
717596
406953
947041
208065
779139
625956
877725
143289
471003
816242
221493
912465
363013
752356
195644
61892
418682
305334
224918
859375
877000
63337
550286
72318
714874
191934
18118
607669
988374
382032
54665
743325
654848
198927
449981
238281
818300
125141
372276
117636
944593
95974
607841
911385
340873
150409
966055
924093
42580
513597
266509
712285
706700
418394
906894
699776
408147
839110
102093
904729
284056
263952
832742
631084
260089
302444
837984
971034
60802
923211
668734
774987
891540
99415
697589
642422
196897
526856
938231
163856
570516
556454
196974
835471
777997
807579
150020
535897
948106
946996
859423
156238
155745
390580
373418
262510
799529
775189
630350
274729
957305
505052
247745
204162
69768
658775
642613
852255
442612
108278
843888
965359
123678
459140
840443
248120
471986
896832
781492
159740
977604
449692
706751
533639
771414
921681
728217
865752
471606
56285
290508
68649
27780
735770
316735
45661
334674
862844
63845
550982
912932
242407
259542
773520
792918
119147
602490
65485
946909
605
699425
762461
87717
366611
477232
537401
728026
686395
188023
591964
98371
364953
771742
114448
417160
569243
55356
282001
195092
61338
613578
325087
933589
148911
538284
248869
588128
431344
161327
6721
286130
353798
925201
361840
140306
236396
796985
987607
254482
684166
266951
110384
448179
663963
560390
999375
587432
93425
965118
824784
501427
971076
183270
633888
707628
569762
183095
294564
569697
143142
331164
128905
882390
460559
429446
102697
175405
392764
265371
803543
733473
545478
286094
342663
349740
518394
56458
700253
665993
810865
385160
803856
360596
396878
622592
249531
277261
897492
239995
479104
864251
985314
781063
881881
505837
614603
289412
228412
350939
569366
795420
314090
891628
86671
109648
653141
855697
421064
804525
920940
963150
223280
530461
365764
19609
152397
907737
778596
541275
784793
296252
498477
960595
630967
376883
421988
386330
45456
494417
654686
172929
535886
594559
651463
824918
20789
709841
727438
779334
849753
94771
526897
662236
651328
663490
781856
557735
464852
82615
843601
462266
682948
916670
870495
406285
544633
895077
279327
848705
301617
468207
181698
634113
644921
403593
963168
659652
148043
622612
939687
280815
634497
512417
655135
227926
293045
755579
294617
645411
547000
616605
764340
394831
828907
135876
832075
202638
430589
843231
734846
929608
612481
821156
792155
930497
122667
925052
158250
917913
251367
264798
793618
310191
827733
242809
437611
405409
197349
928907
339041
915503
365580
822607
448193
309246
259296
584915
952355
763896
251158
168807
1909
710800
585301
368434
685856
20899
910646
280862
184344
296570
987931
272883
499461
67244
851817
873986
47177
486817
829027
839159
789678
532145
380772
920594
495850
691321
895855
850653
796848
746137
656385
732151
437823
364545
796253
883778
58765
512880
437362
191839
470859
838588
637847
526579
383497
731152
922173
160748
70393
999747
126212
713522
855563
514837
579689
640748
1400
463304
2332
793772
71643
587609
16879
842168
453241
159002
12331
856118
339937
845037
496125
228851
729775
765854
763470
291920
539306
183454
436528
326793
734093
619480
648883
664931
271779
673522
556696
618290
382603
276706
554589
685572
367771
970474
312439
402862
915233
616818
922398
46896
802565
23616
403074
856007
832266
380758
484251
856912
584883
664808
228702
266388
201922
68664
75147
937332
118300
947600
878563
187122
67720
161307
746807
583065
893014
354721
622364
176651
396188
182749
531195
226277
977563
189821
785029
390160
629825
589302
974083
309223
547336
790209
214347
594944
744828
488885
223695
356954
291033
785410
153999
514785
224658
45639
389742
702880
975662
806929
881187
635587
37709
819697
280198
223112
589321
306169
942922
322626
328120
74835
451018
22154
141645
224253
961212
444802
656094
825124
440834
66055
12608
525404
298207
446131
818894
165050
166726
110859
484425
133775
539534
914764
363609
581633
546307
583309
443442
955079
939734
78929
613138
612864
969012
213355
916710
45425
185651
475790
641164
975834
114281
299120
667444
768883
484887
536219
726943
591368
847555
261776
783241
458158
946211
991896
2148
648929
893621
59368
95546
626555
688492
920368
834611
123667
456708
315776
323575
384304
553846
335703
569387
988905
640520
697610
830936
80026
576764
645006
6954
953029
103976
58658
315668
972866
487654
704091
517200
698724
518881
25741
323460
458794
258896
572627
119361
204511
745087
680636
284132
698895
13193
443346
623839
234662
692578
584968
849042
689638
38097
162687
224851
538436
766714
696821
109709
38752
932249
23499
828548
254048
417291
274417
667894
500584
863878
159728
574621
432375
456618
641683
165650
774817
264879
417715
460235
173797
908669
845598
775493
362666
136410
927651
453949
295451
167741
223741
108439
591259
597442
653786
544866
818919
356471
89158
103539
524743
97491
250553
290477
917361
334214
780665
255779
813562
864748
568109
214868
520569
266779
633280
146837
818491
913627
29806
297420
893980
505845
687406
806616
858760
721700
787388
16654
57614
825512
347138
549727
167134
172858
210722
497685
855519
980762
619491
127036
376431
432644
644853
521629
550008
494593
298018
631462
864043
479129
437332
67877
717404
748390
614973
680371
356538
561155
379815
752813
661801
537444
964632
962462
747518
673087
216097
106361
266966
907624
95363
18113
187604
940987
199999
763595
382133
616306
625977
196315
563345
653975
574216
120620
720880
490963
47196
570060
708934
272868
970252
73507
327245
292333
592124
527636
448701
556967
604328
818299
151659
124533
848143
588311
538171
340758
143230
464513
246659
51124
232439
467738
570814
871641
106751
147780
931050
967681
903169
659974
230783
39114
437474
577619
32843
426504
915106
239396
46703
808437
240875
71106
961264
71173
290682
754208
483898
939672
424103
947556
339192
332297
849618
740806
501000
462628
197164
306001
165471
503028
900831
607431
369721
461945
14619
428258
651258
106040
73470
514292
64614
373549
902944
105008
906938
410268
654904
252289
480421
797637
458542
35864
657894
926902
734781
19267
527491
581114
482564
657849
7907
983535
775082
105202
940489
133366
559404
903795
123501
173699
784709
452199
59257
61332
579768
508649
550493
776830
75581
480031
492047
390754
34502
987648
882594
610751
940524
867509
534594
711713
586427
61213
905226
450872
633431
658731
605634
992131
115913
217898
317944
389163
938538
387745
200697
928364
758122
142290
329580
454318
780669
383068
505292
227186
641764
120256
201664
944040
770772
711360
851033
236509
289988
339747
36519
133009
92888
927510
246328
503334
862629
252269
485998
288117
542496
670279
533628
110907
238632
572686
817213
876145
417453
235293
450609
829689
215483
21629
312148
883892
807
467272
667229
451376
654420
770479
434640
531391
390883
954199
514176
977443
123125
394845
983973
238437
106269
283387
47958
428165
322855
663362
849891
86795
289024
432327
176017
957436
689408
32475
302258
432232
413851
685746
34593
838816
966431
630436
651032
560646
506346
801298
338542
614012
926508
421537
460783
762366
729813
143906
431257
694732
563867
800466
102641
159104
341033
145212
567297
939774
191783
381245
92654
355144
519906
277856
450297
208305
85593
831527
320146
678889
222115
428395
131220
11895
179584
836251
377250
604870
859130
240480
630428
189718
953015
535649
721981
342227
509726
52898
949011
151171
854692
844551
439964
133784
42098
148471
671226
478693
516981
130780
816211
103277
452225
395206
815816
593432
159842
934319
474896
904447
98689
451609
546160
285990
121136
766420
118361
812937
369298
869532
632094
983631
815146
838366
400976
823259
748798
601883
949880
106114
983655
526949
646064
983447
837560
452359
652574
625953
881801
193410
158094
240942
724191
235953
602027
850561
943225
784462
332890
706662
173242
499597
513332
705574
862318
903846
875421
626711
373370
170480
81221
892299
757157
716137
97851
627496
410173
892562
920617
673624
104295
871479
178544
720406
801031
936717
446369
674281
673928
508595
432724
621038
31496
438811
148457
105613
341923
140290
642137
991822
977819
477467
453240
20164
807969
184714
527689
849383
75010
305867
781181
64832
760177
644787
847562
420605
388653
56399
397988
352548
35534
422185
546139
431908
645106
868264
615505
88200
510526
967319
408406
422533
854995
228286
261282
567922
426575
295852
869486
688983
160317
62615
645423
404381
608730
125914
34352
4389
932357
47516
253579
999093
287746
342353
958979
163598
111274
412570
400833
86873
794163
448648
901738
133311
5528
817854
242457
21528
115429
693236
397182
737211
785441
684120
592402
486772
146967
167119
77622
497491
806403
106392
159079
959841
282646
279186
301728
73518
802278
205716
238925
880326
45942
945082
942119
98498
473437
713664
220976
43642
755285
116614
161101
579096
362722
555507
840699
286984
907164
461942
679407
914059
848347
31976
359118
7019
468735
643085
830662
340105
347481
490106
229575
356882
28090
165584
622114
493264
772822
258470
10044
593756
336787
436421
160366
63922
687860
911820
753853
450461
882461
932148
614129
432145
789954
538670
141204
402519
363824
123881
217865
481442
9336
72367
621446
420161
56499
743791
402031
751662
885815
346965
190096
723075
253845
263765
156727
307788
975051
649928
997548
729783
953165
961965
772686
416936
450411
568784
978124
376105
107807
819975
566140
279103
973173
410457
291227
39384
804311
598138
796578
794272
89972
522034
308993
916786
744013
132315
289851
588651
866140
93577
583453
436891
408416
803204
348828
124757
956937
255216
479562
636390
771709
621006
900085
79842
769349
394011
758364
538969
686232
850134
74703
291177
487745
879583
795042
463917
956079
353659
334029
359316
671961
355316
97507
423756
337740
442141
98925
542236
793106
687540
574627
231249
393793
807840
202182
53456
674589
337753
673373
738443
114475
526246
969161
447375
914451
523778
390087
407289
484784
928216
723650
185608
431096
749678
494739
45902
797827
571870
260374
618817
96570
844670
340074
859246
771933
324321
735748
697677
376496
700855
612785
495151
622851
817935
333862
117844
835741
700029
909893
586457
147204
96919
671023
900622
971884
352281
751488
588966
332858
608168
674219
19975
111539
559860
706611
661314
401286
429878
200324
946396
871986
986649
896748
711755
993301
641653
556217
183421
917907
511094
779311
646289
291679
13851
183782
487913
340905
93851
345790
743511
590180
647330
984640
273780
759858
841592
843603
881679
299055
376707
141208
524931
374167
302883
811362
517602
152469
207931
655637
289037
391465
376335
90970
752997
733940
379785
76540
344284
849187
902038
111522
575589
518454
663725
75369
921802
719660
841264
709278
558108
811021
533227
838613
843204
871379
716793
722856
529336
136118
890437
202448
38986
22163
943278
856985
210394
742136
974660
882117
304236
223247
443568
175423
898388
13988
67568
33914
677838
400596
340287
24614
466922
854228
113874
934607
168676
14811
754367
727314
318098
889005
234937
570108
841974
685957
938550
267840
750899
198111
987441
306069
782365
184543
528651
431402
852201
182241
822541
352711
492867
230430
655048
732865
293567
272247
158941
892506
755431
952610
530905
996019
439602
936366
104696
844334
311318
191668
791243
242404
857588
291228
663155
31744
37170
937545
337741
195830
205607
596578
348776
723492
78767
838206
94001
497219
927133
495787
218864
841225
932880
361755
254699
368927
56350
54380
998504
581882
249518
903827
712016
337944
81122
323044
976239
134041
774833
635264
121240
687544
414034
590427
76902
552228
469076
195944
28829
684095
398667
832228
386670
735730
19812
295612
263897
94699
769882
812252
603245
775284
253377
645909
224491
598449
67584
691690
359433
810998
456156
204344
41682
819650
464943
644799
401898
34589
489463
493393
805168
704713
205066
27797
936764
255271
99943
490872
403783
688042
45161
531506
388266
216304
485269
240240
890751
632130
966738
307235
687908
593257
525240
278437
456158
816043
414976
194755
451545
402913
748892
585771
332813
71222
498784
73139
246461
763006
949853
777604
937241
580784
648783
567841
597828
450882
286956
8152
685360
758048
551196
833923
737188
133000
243208
909371
504735
492548
262795
629339
542103
348165
442374
141868
31834
262041
793936
248818
454678
839881
468682
497746
861044
275794
424592
755486
56414
198206
221195
259647
14433
767453
265059
781630
281838
339941
992722
288495
975611
140772
899412
645050
612103
580701
419706
267015
941818
170951
119966
283397
854314
814494
940081
124824
722618
941795
985008
912477
51997
328567
923189
292378
801464
786960
983466
907847
864166
416917
89432
925683
123413
847644
41374
858197
147149
533309
869564
473584
703377
979859
979151
882273
21790
579791
312279
277640
293584
380216
674356
639249
548516
854403
699952
445534
349016
854538
185269
632403
72879
569580
260447
773117
600721
384962
208748
221727
311758
654009
236880
610011
735491
615313
947878
852730
582165
791281
761344
600
390939
400228
29663
596399
312792
963764
168446
630334
685413
401121
254857
984725
491757
484862
466219
741312
440850
796265
555141
668238
957742
455589
468154
522876
219700
530582
16359
83395
423988
253976
272560
856251
326077
311100
513462
690218
50524
485215
59876
850030
170947
608553
909673
309122
256390
836383
905792
708976
735614
808422
389674
139220
257872
122197
810173
259272
731080
751349
957654
636273
418911
821656
439595
898917
697691
495699
162299
188344
744149
9625
382886
680162
138134
189493
11609
920846
699163
689443
430881
474177
651768
522316
551009
807781
412313
774557
485727
518578
355939
599811
664056
111416
460216
550277
994356
427851
263450
297533
638068
645067
777767
959732
563592
934542
307842
847449
151261
938412
569619
31070
594259
101224
305956
960944
891565
171254
300460
4816
373666
62765
776425
100627
832912
705931
333158
167474
325712
7007
24732
537999
96932
920279
584053
153093
781005
578918
174059
838634
99706
681170
441167
36132
688730
306967
11046
798501
97426
369979
303662
775684
245834
990575
972670
875961
136162
94687
93515
377973
310659
911511
168135
634588
428368
393617
980131
410912
181178
379423
164533
730299
484083
275825
693174
491208
773242
112004
635682
110399
716565
794216
40642
785419
263069
421164
826438
911690
321075
390887
957835
583200
167056
808038
442045
545528
475323
788589
803414
274713
515667
445868
933573
130080
879756
82944
515881
503584
205943
694818
629564
140755
6393
15344
790157
811579
191581
459862
244197
943513
278342
444697
669196
789641
102461
763776
4452
217272
911913
773663
523826
89028
495196
764545
136381
644526
609929
626737
170575
818942
942356
929061
63832
188916
891522
488840
310002
677222
362064
671522
959680
263291
492319
770790
243823
29506
984524
652825
705822
407472
298462
558874
254106
708276
567641
789394
48130
874041
929135
730360
272586
489591
948054
574721
690010
964406
838965
516131
310550
457505
218359
803269
110585
14467
876866
879365
905818
421088
742082
244005
392273
461746
663263
334803
671091
216831
542029
55379
729976
120659
979585
56395
649662
602336
605377
701482
177574
60910
327188
592694
455452
759680
354137
563890
978421
554885
771316
39848
304625
257784
885923
235160
29343
531349
294382
190717
335072
658807
989693
203064
778179
132243
582339
49052
870352
840523
201944
831381
886433
964080
683557
335157
369705
727127
910201
70877
215064
112470
544056
62532
306135
253148
727538
34279
911470
646506
607250
875085
985542
715634
524141
90806
332744
945034
801338
85343
413155
622093
864161
699189
203565
629326
581036
990868
691233
567738
492506
870458
585287
737225
970706
127373
811825
298273
684853
839941
273825
812423
124172
67959
267720
105922
21600
899903
603753
442510
891305
93386
309468
104506
154270
248445
930927
528031
321515
912006
195239
871741
614337
690685
679652
964339
252615
434486
406242
793434
318638
181158
277276
510015
627746
397614
755595
220540
909596
261961
108171
430834
436756
543183
976351
249317
14292
376035
368331
878196
909224
612160
994783
970227
12018
218458
692436
93735
646426
450868
163343
720989
423202
560318
75586
23079
909847
132584
536562
578100
141475
797447
555155
848843
456640
675618
268367
204580
438919
716187
767717
343523
779942
885557
748718
468658
484784
576902
718972
475065
511951
527866
862939
547261
945876
555521
255737
882770
112751
938070
190690
64702
271674
290925
343715
658156
634671
620281
843152
845002
978938
369239
645922
269760
836650
377946
298680
984588
640897
892084
987198
729278
742186
696637
104363
447437
313610
287651
229668
524053
247599
438575
553598
314222
955301
277487
159841
253354
580711
464070
7688
15466
973619
957260
821668
552989
755446
285539
640480
896855
233319
527383
190400
975626
127984
605425
91874
457571
653766
503449
613607
575811
821338
779493
102891
69080
261031
684098
284079
68632
668780
979709
812888
30426
580916
304303
376464
979793
950736
989251
128331
429797
336231
407205
852260
544303
752036
314697
153765
786065
971085
219541
42470
879280
510196
511277
644556
681552
408326
463897
998579
737226
873408
919508
14438
294892
667458
443507
437835
682989
908796
915119
431708
683531
12997
524690
15120
243587
670346
201402
31320
666733
186147
498829
873733
140145
654209
988922
910342
817578
187140
703655
671887
414613
313449
936317
27222
279413
783776
52620
690231
585607
180604
617435
953976
966557
504836
22416
254886
14490
172070
655672
901470
854985
97291
624308
6248
825306
85702
94017
102269
144505
449126
789602
361449
719884
147050
69740
715
2186
646484
412590
355450
476787
95894
767930
774722
721583
845545
973460
888332
139911
392253
501111
5787
665594
687691
117822
425010
595197
360582
406710
413524
123219
150511
562749
257379
677380
272200
924950
18794
414205
705696
729165
868022
559555
881741
884033
733727
557461
480568
186387
441636
939422
372114
76714
758452
522772
453989
476384
893577
660656
421701
314700
882031
38922
48229
983532
62179
989072
280325
769583
871446
906019
637641
526621
503761
597838
822502
250596
940530
939747
246709
259648
958484
920436
53994
140485
297037
313451
563742
400588
19601
479111
468808
474040
187699
12403
980426
236900
179020
692740
378983
421355
16308
488591
536979
240979
637869
117093
856995
842326
909280
634541
3364
208975
503999
964060
756551
918334
28617
23955
870905
609784
206380
989780
973137
206958
880452
86434
120355
928471
868673
85493
887730
151869
13992
259287
419842
81569
119728
687838
249738
276172
217292
163782
9928
180660
893768
450987
35567
876551
684109
761631
439996
665687
173759
220910
735079
382305
584645
129132
43572
819259
698664
778358
768488
668570
702292
25614
942937
543037
179133
99277
666719
280762
690779
432068
471078
417699
847637
3827
443237
319445
818876
92581
411945
513564
914094
788838
602827
69510
470747
41379
670400
389827
59172
656476
343567
694645
425951
148680
15133
54874
351095
844741
939684
261203
179697
77497
926338
762769
205065
940555
869294
579739
337914
215288
764165
966462
472285
965330
364931
224209
317865
297563
956301
590179
323993
748346
851946
757892
325419
93464
592402
412205
644676
464538
456991
315532
343409
895931
644000
217840
565256
606021
166157
485070
434605
933995
575828
776174
291696
440518
689362
729141
876244
12394
555613
549903
594603
677
324030
897656
844700
780563
332540
893160
599559
488033
86355
444633
927359
407516
957444
433078
570614
832821
225094
646178
103094
49747
474778
778081
64011
268565
236476
884967
271551
668067
167797
212411
769149
217007
229261
162504
683735
415822
400542
993984
37603
945709
978884
533933
730432
143793
154865
408982
65910
116719
630749
726858
31548
2117
818586
655436
366995
541651
818501
707291
611023
687642
922457
576604
965621
679919
23965
58662
584320
768603
199166
399786
349310
480466
486775
692093
997912
495310
147884
676868
933486
215752
86807
280891
585376
895891
410073
679393
355242
115861
831026
869828
311271
668770
897804
411684
368054
806198
890290
658375
462458
575119
282846
252889
377147
349029
576751
845117
341610
279815
406137
921524
738753
718612
321910
956264
171337
294802
463323
650262
918709
679854
149254
224855
46188
529041
128851
415881
492324
936538
891726
306206
890602
579710
131394
329793
833790
251514
579184
40288
863578
870960
507228
336922
117139
134821
995649
684615
207961
981974
685924
232734
214361
359090
714502
551559
351105
795321
428914
528190
776867
289007
385143
952544
991731
897404
590704
326422
866283
371235
661887
750811
61709
531229
436312
38571
905928
921490
470329
983242
378740
389299
964535
492334
763704
564726
265332
45193
494219
288367
988269
36855
592983
916232
718576
503297
101561
14429
205931
404812
56997
791734
123230
694049
135143
952546
213618
594458
115652
613612
33764
13413
106111
477181
879258
989368
341687
25230
693526
223441
389806
369671
884232
422633
129124
989881
316349
411253
358946
495541
738038
266327
283090
189447
828180
134120
940747
288530
526318
808858
580971
825545
602309
816654
824542
414023
592399
361521
13243
448204
930223
318867
745997
812501
401094
998790
211118
376279
500899
152815
646159
492823
572822
715244
234773
387241
463650
894306
316702
943491
302800
10273
934753
257917
776800
340022
376308
58919
664155
562062
895782
946695
587716
23170
901516
489901
712428
253187
480025
702837
701925
528163
359271
314137
280590
36286
922898
569136
518541
173955
737027
532935
258588
494115
777995
837338
411450
672084
690021
374896
373505
619394
585694
30288
615064
652115
249808
366755
373246
987093
375114
199271
369543
944903
528395
793037
35620
993345
8877
421297
534042
140608
718751
822836
515477
182098
205643
567223
535638
937050
712662
514549
220743
437761
408901
360701
160303
276729
999293
628939
690880
672431
703395
898818
758414
779853
382498
914569
317082
544041
280522
130431
529549
326605
978262
102044
447040
789219
11910
223973
886776
497725
75307
901643
582383
831871
171905
686625
479181
660714
873846
280057
422070
605765
399817
294106
644796
920554
616910
529951
855285
757226
728205
916015
796968
800926
471114
853588
760865
691083
251488
698874
567140
849329
430599
566855
96766
791984
802293
830481
50487
713175
182112
842560
250659
280715
259552
254913
522135
868561
654451
327140
343033
446328
152475
230612
805233
629158
697378
408176
388924
945981
865789
570890
507999
756713
589326
799611
522168
728201
555140
567008
188847
329335
441502
395638
787724
589814
606220
884238
23907
891639
740086
119212
523114
358472
371990
944962
22251
108698
726912
961988
320340
853805
410370
586792
541356
49754
845094
217596
456416
461564
43476
972003
994940
550332
723860
979117
639733
146680
735986
185298
824994
384912
316602
94283
393739
341068
577379
553998
265306
841133
202760
929508
85678
284175
200209
594216
148175
211191
98096
54238
561724
965439
801928
597485
639647
790875
170280
523450
129954
986695
879348
183203
992346
699151
331940
95829
888225
835258
56486
531147
517955
998100
384607
889572
438351
992343
909007
996510
10445
720757
68883
863861
585614
82629
288899
215122
51038
869639
129467
341938
22486
2454
422455
210388
173902
243433
925656
282782
639920
412229
778115
121805
857129
489731
719401
637527
269304
122553
429729
274976
494440
962824
958384
91988
821659
345602
323819
837031
517052
976693
530676
149031
481302
561497
613408
391994
556931
956818
334457
787322
672316
701793
765407
801449
650512
810221
33801
412371
784240
444458
927529
836671
650406
602916
616174
318033
980774
870570
446563
821183
560189
541785
331124
26414
933798
956932
109841
98792
566524
636157
824043
850556
272521
298435
811356
205619
543996
302343
221091
811754
783289
966301
637581
511377
143435
429628
605935
75711
953269
838321
842767
737839
793318
588711
328802
562331
685706
138443
946096
632755
46077
600223
905428
341434
757210
608669
533023
110078
203058
965
968156
234802
334040
510085
633263
439529
471834
149061
426327
731377
46858
918092
27794
804234
47482
376082
853536
291522
571333
47266
858015
10990
47114
209963
864981
884358
356532
28709
186125
562718
713397
509979
944216
143613
932561
147160
495861
478492
345622
193714
981899
456444
468266
990766
711058
662052
997181
556878
405202
922870
642589
878718
543684
753389
133800
757783
709780
239222
539547
808717
949128
451175
317257
490940
323962
336224
123176
850506
118145
163325
319814
248
758446
323125
411609
717002
386290
690450
992243
689809
268317
769549
540500
46802
667329
964869
747737
696597
492085
290140
490323
116555
353269
156783
358067
505244
961767
874735
606241
850829
56633
989664
907947
236299
346533
428846
390362
790230
69462
14695
968929
204045
942949
581338
389167
847442
544444
904969
734628
688857
885595
966477
476511
657298
149369
807751
528054
115185
416642
737470
771967
45846
174335
930970
244747
979806
473236
111292
496243
747142
344418
762936
502218
264823
584717
997680
372209
405554
857495
204878
251338
479000
271659
125405
368581
753879
33142
553285
226070
338541
857200
609953
820359
15258
577465
179775
516457
494566
29214
773875
228710
815884
458042
469528
937330
994306
842873
886564
217184
484262
569208
186279
416593
814790
11848
334048
600583
787276
545682
855164
898263
812996
621140
138284
594621
768780
358985
606945
391241
278423
636711
834535
957048
805405
272194
562971
276894
691427
60302
402251
42366
799970
513602
343976
858428
381399
230487
162218
732521
679591
479599
414721
325438
765036
171091
164723
196900
34464
988949
543063
478896
322148
500308
605100
502124
228718
265182
262038
951120
439694
937008
798007
464336
944859
504728
930342
488911
915198
848956
956495
421553
769370
493043
51879
442318
270423
319441
294857
801154
698314
609792
696050
561697
640962
60233
457494
514248
722034
390002
843933
539855
583158
202690
88509
198746
684420
737632
56372
691983
428400
580890
994083
125601
599003
549505
219586
201611
384569
235056
250756
666585
915006
945710
907272
370912
402277
281257
887800
356238
795933
498467
353346
246812
590352
491177
885489
823776
862416
674301
90791
156798
966240
597397
183417
117695
192477
827132
568423
355514
368264
718999
431798
348206
820849
633346
527532
781618
940544
195097
350824
233539
496867
556691
814363
809341
564368
387464
566695
487717
746293
705491
477650
738658
540420
833042
177255
167308
794260
192202
434025
282013
430454
392936
967157
689733
819733
617506
729651
938713
368328
274620
959800
862251
655416
8231
785148
389301
232105
676612
232563
459118
430951
362950
335626
383679
529677
347380
934399
179599
437
305614
119965
794042
50039
993031
492307
980897
151200
98993
728368
735835
9073
381687
505662
515018
273808
895875
382776
56072
324944
667136
832680
490239
166616
209401
573921
179160
420146
294560
275670
985291
801906
293547
488982
928021
749313
641945
195173
315336
867973
383955
747512
454396
458798
546797
341452
441315
434784
582027
683555
446906
503992
847073
178076
539420
326845
311634
626350
787825
849317
562938
372161
441283
765121
887623
735209
813361
544518
775362
710207
727356
742776
383468
116510
526590
469492
2243
520887
665595
251611
325860
658898
150224
415127
32778
737761
790408
267915
973108
381890
687630
22491
408293
195026
780028
314196
874501
693673
423249
233594
981221
994677
529282
453805
465568
146870
7591
461431
818140
449235
806998
921205
360944
388568
390157
1183
301344
510413
612360
664821
467907
86260
762739
498247
855174
446622
367738
379489
851465
199978
406396
975506
75239
85595
296861
732184
22931
399637
818874
857194
471837
559412
662456
851106
895060
874889
826486
394884
546566
425586
202337
65711
485155
54421
52901
764638
510080
420473
547840
533083
775095
503617
865459
641346
925611
675333
120659
853486
360297
889422
20860
560962
438442
180270
262308
373206
643189
101626
426893
68923
753121
336422
815636
628589
189240
288699
566567
766164
659127
342583
925972
523447
914035
182401
183740
907966
128469
731399
701734
542178
166726
391990
922096
677747
165670
11861
369184
916869
602805
210174
938264
501368
345236
411067
547816
690915
990502
391481
121598
123357
392017
641579
805624
846055
562145
175934
863962
737849
46987
836788
320859
736487
634638
106656
250458
25072
716981
433149
802222
899620
107642
920426
175578
130927
318980
148294
639135
70533
800913
932580
282412
950316
814255
249259
548977
98721
573989
901965
186385
568808
472302
123554
979062
668083
320293
422240
128190
786478
151868
776441
171859
593573
476582
487185
99160
474707
998101
275483
141375
650440
614685
627535
775671
168629
867448
764554
88387
470999
856931
779201
689702
340862
713509
377891
829946
514746
265519
201355
141664
892065
156191
852511
152530
94974
391967
97480
356693
306905
860906
917966
812746
596767
508463
388815
100514
99118
885005
615195
781297
985599
940287
447471
307740
716593
472977
222092
136173
687982
475344
808500
600517
188028
860609
729857
420657
818530
585607
123554
678997
549044
252328
3570
375172
507774
97257
704310
100978
935497
43349
246323
481217
873868
631901
525162
263543
753138
954521
147890
746641
177284
42412
16240
55024
267828
490822
58996
228658
127557
25284
365811
642460
901017
585266
873117
744947
745113
213744
535899
85802
528571
97586
626919
533877
186931
366241
318727
782780
669560
305951
397735
934315
209201
660008
524370
421094
641404
75091
552781
742362
972571
990712
667792
736175
987452
714540
838690
396825
950820
141416
316368
73934
634103
594440
364937
342290
89958
312879
167577
466413
65845
876231
246528
852862
315880
200102
226350
330794
369801
630732
331870
850925
632985
715401
4748
991952
310289
676220
366100
766907
393747
169205
629929
103778
274994
369660
172974
922395
843034
503531
355508
999056
302686
192566
294801
739472
234781
843531
834009
704960
783119
826132
655164
805550
499953
885274
9660
755526
749387
272515
41609
370717
599835
987388
925690
20971
312416
875505
328170
27606
981508
137721
493997
967529
783846
333839
966126
318243
250564
660731
85990
838764
82114
56336
449979
912482
511385
88718
842035
955218
320287
701927
875411
796547
681006
84831
914712
395308
418676
956236
646161
296645
150231
259837
86487
113210
399298
507639
597738
15164
819089
195547
347178
454642
925013
157667
194479
374926
464580
319627
108613
289786
963648
2252
873031
577520
398850
405763
65431
14313
357155
904625
285751
421229
751751
196572
466439
210953
903654
23634
251739
210143
764408
212173
759160
686423
94205
437810
599851
385459
144550
751988
94151
652097
173603
440725
230905
840809
606794
7885
684553
342438
696673
868355
133039
304338
601224
980216
465424
701913
422662
405123
603156
882384
594350
216247
363429
416350
919213
795872
677445
752920
329971
181932
527756
21035
141436
913255
577853
835570
263546
45407
612676
138664
800225
217319
630735
885495
977038
950582
36742
567407
378645
995055
515880
874578
487206
204475
742915
608716
910362
256018
572944
779776
934944
224985
659305
752765
156414
578214
193575
852495
374086
655327
119836
621490
182744
97280
474346
276770
161806
728314
412862
571149
93064
151161
728173
935978
331603
802878
119913
643555
730488
591084
301855
706670
257311
82654
871409
627642
521951
113781
723979
825860
567331
717679
317668
112456
175930
558898
368019
598485
895418
13993
930955
29945
808018
451909
742389
835228
470187
437349
423272
450729
664763
261648
317448
374759
715622
744095
634168
361894
408784
726200
37053
7060
19587
68085
189744
841519
92922
840418
163615
354581
285768
242277
777794
116279
835816
458873
791573
964652
110946
89043
910103
127713
559382
510501
300125
69679
692648
593600
511827
5765
27272
232532
895696
255236
563740
486163
334741
263658
536525
611252
92131
180645
631531
512788
337334
74889
676542
6262
42977
334429
697066
983979
273095
135760
807421
288909
975475
387081
31065
2213
897749
159260
769401
410668
385562
366680
595169
685295
196966
439229
723622
532747
214833
778763
768023
376024
653883
520309
198279
79587
329389
90933
140664
802067
622478
136377
156390
821932
539294
410619
374061
390578
383059
525294
284375
874789
708909
537684
712454
627307
526072
958252
18555
812556
97566
290441
743360
477783
334438
713790
883448
705121
633741
974006
465985
951149
149823
602400
726467
456487
143986
976903
387032
694155
402656
993023
360408
832547
20895
866171
638463
773101
356830
993852
515389
814554
737470
241892
566747
927795
115658
757673
556037
395799
650581
232996
767416
295071
84719
36681
170569
246562
540995
507634
693391
783316
900432
927764
903598
302281
828098
84882
327169
592792
701740
317872
181987
858586
647461
25504
254362
75922
870012
965368
174945
91558
551769
579845
126033
12172
300593
449017
208619
239424
137445
673983
240516
932977
919032
409327
624909
630204
429483
686173
481662
724367
730999
445644
700127
206576
644071
339200
463731
692438
792911
534321
722689
786933
829036
470108
390016
711575
311514
440691
238238
15334
405036
79092
412525
567238
12587
807767
242475
598431
272430
311072
94380
162936
214355
841045
769318
878719
825751
776458
425689
712485
479959
812824
931289
489574
857124
519148
750073
908838
303677
63611
286934
960951
572331
642003
958717
118967
198462
856589
169978
832982
449311
562655
496638
712950
450322
636238
688428
434027
418059
792448
13888
646242
283305
582383
397852
931421
17427
729914
342257
726684
139630
738005
589766
214488
120248
646881
316008
778856
346436
350807
909678
671815
592786
149085
979432
52781
424586
444411
335588
515545
547669
369895
981084
487856
459993
319484
308415
708927
123983
855881
613082
275229
880834
559174
443107
540780
273509
362850
99874
130494
394322
505976
95037
398227
493403
836511
727326
316992
939407
752608
425923
843564
530443
61059
980129
741045
566713
374786
100534
463344
762794
477471
64874
453517
250252
531985
363745
583768
615432
8985
636448
871131
66426
458420
270681
581473
952398
764329
36180
519893
37620
309442
232956
973513
121023
664023
202692
41556
326431
327941
832244
169939
482553
377150
541396
332431
129632
678075
229747
277823
698675
93708
81364
353060
483859
779279
125750
4754
422206
570303
778559
882319
881293
158308
6084
436436
629318
340520
155511
765488
94239
129034
326254
467276
513168
595307
148428
24329
513171
848774
955598
120134
361083
746493
30708
661629
761326
293262
726217
863949
45697
943460
571217
65106
343214
665482
466191
324016
612980
917114
348720
332591
795084
415636
249431
899200
237571
72234
263686
519582
528569
501944
665446
922064
553844
842225
300467
644683
946722
296756
520710
651828
672425
372382
772032
822146
183853
579257
317456
59970
469469
464401
409122
979060
493434
714599
705893
942163
158630
297919
279798
624306
267300
413460
171694
134146
776626
85164
198085
766064
947200
662406
443425
84075
502540
903023
662655
847555
810331
345587
829
263149
538709
674033
556481
676259
951166
754056
412554
814440
684749
835373
403921
865001
394859
967071
664283
551935
508681
81777
962526
655825
379806
761286
143373
357975
191356
640988
976962
853113
718990
160446
914631
149846
523568
579165
250049
617056
882795
562041
937338
37988
377868
368122
608650
879911
923039
600923
188960
595500
926797
78854
81970
837331
343183
304250
957887
387483
999822
67112
66173
159944
519961
893150
327781
707680
68098
909210
1879
233615
486357
871553
872682
429354
536502
719336
639572
424464
245846
963278
689075
969773
4754
952109
943542
569304
48424
582629
528811
469084
405654
777369
958821
4116
514513
393557
341897
761519
620895
369772
294965
880916
351505
697761
686158
712415
790241
264315
853989
183560
984612
839356
516230
447589
768811
212906
295260
642758
50876
497292
548484
342270
342120
519729
24684
487297
50633
892265
480616
810985
423514
73239
962513
437267
159603
705310
957338
560166
414815
412729
952753
910515
416859
591143
889997
419128
196334
265475
490970
63935
177568
52466
664767
99044
897496
589941
49928
77811
267862
980894
327797
956208
234953
927263
926750
668656
564813
878589
808129
807396
207685
548
477866
758390
877906
466453
793789
694859
623277
329402
63843
692137
120999
121563
130319
684274
995002
40616
432556
371215
202122
169014
891045
300840
311998
43079
366160
91855
645174
204098
686648
157820
116904
686337
948485
356211
131738
904585
16010
74882
180350
416405
180971
894374
728549
226827
963753
179662
147873
281936
207308
401271
763452
472119
366956
639542
511182
232532
987547
274324
854783
499183
926322
898579
946842
191828
533751
757455
263689
293000
882088
491904
548723
554134
361127
24092
925551
525575
436801
998681
260323
946607
321692
145040
557374
27172
180733
171773
679310
459530
497588
58019
447870
56650
76772
723660
268144
194017
462131
2606
26035
557076
295306
600490
482785
129665
975497
563886
464792
810257
622411
126777
921875
662794
192401
578366
128228
870017
74701
754786
681936
863853
310029
892960
698310
403030
977218
597388
339134
577899
33005
103029
672683
749939
919461
939939
201500
414620
626055
961471
531700
264176
588986
141714
133124
189413
865693
539942
464386
674963
242256
862792
753129
837504
837916
225519
878444
519895
765184
46967
878616
628152
135833
638918
861253
671593
153964
896272
612216
177257
888659
162357
986648
780069
884483
730119
237451
779524
203446
982250
23533
558109
608825
216148
901421
575304
603220
545525
549699
531666
980561
207664
301073
777674
633195
294918
429782
710136
250773
401364
886729
508909
704867
319411
299416
838134
19481
147709
735100
36906
542351
678255
405369
588131
256381
240618
120687
678025
29609
840916
677920
987274
121322
231643
737855
746022
153303
395354
757169
810406
772817
849428
353443
802796
269290
813596
571719
110438
240113
495831
623340
451676
346076
733210
675192
615529
282384
974637
369797
327879
758287
391089
27798
993859
359998
285917
69813
201999
197330
540644
580010
762806
677911
685235
676377
881770
180125
837142
964473
624761
365375
523450
847917
461790
428689
970445
204096
358388
547557
872066
546498
418438
424954
255216
865657
9729
130050
691930
745926
332491
656207
726985
262358
70508
129689
373206
481089
729386
823598
738820
435138
73076
881590
278153
698836
644532
523874
416622
741797
970119
629169
725900
975353
707849
894430
328182
490398
489353
971114
490741
129735
935452
740353
821934
136328
973325
613900
456480
202029
468018
185106
95178
76023
261210
617611
282601
735668
466594
621635
333919
71482
216550
343016
330863
242752
671765
858288
477029
7384
154910
662377
51731
49997
451847
253470
915701
262933
795228
716323
898742
376819
874884
476030
445772
246316
670447
611762
429182
238947
713195
552681
417094
184723
69590
856445
103441
160425
85230
504611
146914
995900
603524
131188
884887
526314
423631
246554
734020
714704
834077
624275
712251
63845
726884
991013
754350
756020
545847
690334
530923
740148
312276
242183
766405
685573
590106
402789
342675
977929
951448
419947
211090
903197
671872
198847
267686
568179
603258
81383
443070
343950
993237
871504
188756
452056
36184
813627
534036
778211
809079
107013
623316
495994
66657
858385
796482
780131
678326
652243
710044
239989
257622
759612
290391
684944
489301
487165
624611
665340
162186
357882
261254
523745
151623
806669
31077
365152
245410
948724
214818
427662
399858
926552
275230
8651
68694
146939
921055
397186
982639
4285
153869
23615
266989
970314
185943
15655
255623
325731
786675
933337
812548
701896
136002
923616
144823
305216
538513
23377
862664
106948
207740
584136
376492
534798
265197
555641
186422
947513
337154
828917
323079
830869
85517
107516
481313
330185
297716
385785
903642
205477
454521
852254
544172
965892
972692
225244
451945
623066
176573
281471
278155
432288
629638
800293
543146
343897
234084
798361
585030
641407
937998
600784
207812
346831
125
135743
492406
622894
836180
932311
839187
200246
508826
275103
529478
806434
797794
872876
42594
108178
298636
993406
314994
947194
240932
905210
221742
591149
154087
367616
966986
683330
841702
894184
413353
496480
414532
746334
856944
498348
339929
254103
631285
98187
589689
349551
872661
609174
506831
731041
994980
504858
637474
467746
445248
489800
207482
339674
263167
398464
388572
396928
782086
998772
146800
681937
43323
212668
249732
177836
670994
98295
502761
666445
165380
304920
72379
905508
912286
372372
128319
391441
241462
50534
465060
951679
445816
205181
297516
638042
457822
409092
502820
294510
541694
80011
238159
736669
814461
365015
334305
226365
971617
237699
855783
734668
844805
103696
599492
141584
466277
839825
509013
289039
438041
361516
554934
820136
562975
77773
582494
543757
799953
70509
567525
266782
848181
365946
737959
97314
690355
211428
97664
327716
772769
916420
791670
837050
621928
689334
810121
499502
174079
613239
401904
641171
849566
361915
146419
985913
730412
605748
918599
184027
756209
925763
564195
848688
385973
203291
859444
807841
120536
835205
440950
640854
1134
378556
844854
688426
154708
417080
217441
315517
362708
825288
472839
108519
58288
906264
625074
214473
937487
375186
638429
373120
755649
256481
125779
371379
573233
756241
194790
718412
666598
999763
24328
708355
492277
516060
950217
565270
711047
590380
108205
719957
164867
186028
651241
292569
177496
907888
810874
932117
600936
19997
929827
530180
233940
715940
396929
682242
5408
558700
570700
889591
93443
261198
845420
325230
124750
397306
976245
379908
884406
997751
626625
577275
692800
247047
140393
958190
150344
690408
128287
158623
989421
206007
595115
825068
608732
342960
931456
244512
233144
383184
388091
717542
569123
526875
850871
697433
69996
378489
965775
59510
76757
151420
351089
888179
697151
342653
846747
107497
220084
720804
360566
424364
695057
51525
678283
218939
766030
542119
748646
98643
937900
119585
433798
988958
358650
632158
935741
32393
357379
507263
305514
634291
301655
651999
536465
874881
970868
963058
550996
545038
36882
984326
327568
224320
114952
96172
568343
906166
274974
830768
605381
441117
873648
286723
300481
566754
787451
122618
739794
220673
44103
589487
363099
984956
20721
80325
109685
423528
227988
578122
15719
504993
491667
27701
10500
42718
35846
57614
543586
253727
474239
49517
761650
627587
958136
316314
6465
492342
606554
222612
277962
573639
457260
398445
952309
958551
140887
347602
513264
83501
878994
496873
614825
213031
469806
739475
381733
526603
743552
706704
204224
78012
459302
196290
857345
342152
262456
710922
713945
795358
664845
215695
695865
64605
249831
324317
106637
110855
267068
736233
112792
554708
215649
242995
448621
830307
4757
962180
714247
426251
686440
46871
829574
739216
490374
749652
700679
936242
666532
235959
999966
203615
499398
691280
277746
142344
561514
813283
131958
300816
860885
366255
288832
437409
845239
449740
366215
397529
515069
645421
145214
4642
310900
30149
787143
703968
333909
393671
167894
188355
765745
371205
905635
560508
102074
170426
161227
466316
444459
599715
260
976951
40341
737991
609147
829784
632391
754456
218828
710222
408666
896178
39325
311892
352726
191936
120983
925551
24773
297470
629058
331520
57938
665560
341885
175353
833116
983410
788118
345068
942877
826113
473420
184959
285553
347478
816158
442748
988422
696187
791503
997829
770463
668150
769785
445092
202372
273322
322763
528833
431178
51037
288929
567021
930619
998485
404287
364826
347489
173595
480297
998253
339444
472481
633441
881772
916253
829055
182142
595218
570150
161945
416677
279298
449985
831965
815399
476888
471410
278505
929271
607130
920153
802889
152006
682317
797728
261022
44413
894628
119165
587674
300694
70867
186404
26279
560983
3523
762765
138023
810477
308382
228125
319703
593185
940745
585139
171853
595449
245554
403922
388960
459246
545791
276710
570342
484420
286053
585653
394456
552140
161306
239779
959506
588402
422050
405345
658039
551171
192774
739572
809522
370048
215012
11486
616407
960087
342431
271275
24807
784196
454070
619929
541618
438276
555826
560036
235287
318257
114553
466926
815847
525311
307009
488200
245736
746193
715166
688032
23093
379577
926843
612359
675715
579467
633191
938589
131902
374044
327687
502874
231761
846812
245162
671036
700293
730317
316026
991369
679873
838239
471757
263296
684848
3178
910875
903392
922304
153095
315146
547668
19910
523724
174566
151289
240958
255266
807916
242510
710448
955971
728453
227831
214895
505877
699792
379054
856508
375518
177944
582662
25927
72484
191589
194589
237269
218018
809582
46430
16381
394792
823596
56752
854412
630992
552265
477759
547976
208024
996983
800549
833682
561377
740062
772468
916004
396611
197165
19554
141818
800075
93842
796946
759566
753042
250116
878715
247355
510523
912765
700407
99203
70024
666438
268074
381036
909337
8170
248333
22149
891779
692044
267542
205766
899849
227221
862790
344661
750778
665477
386511
284005
950630
74795
47583
246969
513214
932848
62989
73159
183495
82189
488415
112439
980219
574044
387701
815178
19132
940620
97558
35736
228406
520431
229654
727153
365648
62766
500128
954725
720270
308636
571046
174752
447878
339047
229218
618989
385468
135467
541191
59547
715549
103904
118729
24637
829716
310132
49350
271435
182157
844724
434319
835749
21764
445667
61975
82424
230025
266797
916664
147001
696658
641973
39516
584975
50236
23243
956814
824909
472608
670649
514525
262685
913102
691452
744298
837560
792873
162320
889807
607825
209951
7268
398956
93649
546818
132397
904719
716733
962888
694935
901695
214709
819484
520278
752742
253270
587678
616602
450840
146238
534014
839136
974788
48495
226160
98405
982134
488012
238924
230517
742086
63105
618502
631970
239329
47616
310277
544593
212401
8102
785377
559663
207788
637116
964158
56577
290230
442136
852800
827160
614196
173988
614314
327010
564142
274230
682262
729245
850784
583199
94803
26023
482462
847232
374870
914866
429409
554069
855391
806291
36082
213845
613418
984441
327665
626674
467661
820666
531906
998139
412980
850825
238933
213282
266999
14404
489809
566039
533269
326890
596637
64274
561936
737642
724170
877744
17572
844374
10592
378933
352741
164791
878596
194608
552308
972665
318275
344444
170333
640967
24701
232674
314385
974386
921072
53340
722363
561354
882656
245045
742336
740303
791137
539916
405592
455681
550529
18359
507012
173524
806356
816387
751531
249088
635676
396186
749589
729524
93717
918078
908035
686122
775835
404785
739752
515926
7097
681143
68616
323320
243407
447539
929004
301457
800479
227950
532799
997554
29300
496183
580489
665903
892335
514660
618757
110643
757231
92598
446112
529517
667228
611739
189585
953704
730961
540940
558031
746361
961123
425879
24500
240081
300050
344631
219884
553458
657036
17951
240921
142207
348248
239382
91975
193644
357989
825531
989831
297748
978160
886954
770922
420521
345676
282231
840924
685829
711697
791447
925914
82976
83875
47071
176017
341723
920158
425188
714069
398712
721499
592832
173050
531565
764642
524278
954579
396557
323692
99245
685060
810342
720275
989913
799750
989866
487576
85175
899959
740933
521681
672886
584988
198669
619629
122675
288308
358808
81573
107165
664825
402023
230401
736824
74870
497151
594180
928445
198592
258712
282102
601246
343250
768303
612812
239590
324617
901558
631861
369279
347320
245292
577411
749069
857961
501319
927540
93432
532593
916940
250845
797768
726959
513729
150706
702441
578465
971963
497524
593229
919650
827921
244023
505136
986564
116785
585935
448119
337990
528208
673815
271602
251314
782461
93149
910593
856854
463439
844717
410962
886364
319165
787321
634824
756936
78604
919778
600311
885710
425635
969765
857676
956942
270906
110437
376650
466029
273969
697297
875183
907921
386813
993521
180789
134328
378813
823314
831284
259446
871019
695436
923876
383241
396397
434861
36737
391258
552203
557828
625991
27667
786748
414923
718237
526935
38681
881714
152078
274786
364915
982532
642674
22463
152896
533368
770475
753440
994288
489751
219467
363101
922654
492100
916691
601484
527457
708397
573910
497721
797315
51277
629757
376386
937481
37851
561763
390930
465713
609362
836640
209272
234298
587870
792675
439523
413085
377120
867961
200572
292889
570270
180714
288608
666092
716938
804994
387705
629021
400813
844973
19384
309878
174000
974332
928944
260816
902919
240644
658002
930246
184955
17445
78017
561612
828562
123048
636817
610520
310748
23874
318753
951102
353821
342709
363282
866841
909906
483414
950051
896933
468322
641769
691435
606762
579490
931816
196722
145619
64837
68387
572715
448413
904287
645441
643922
402411
562132
313508
54686
114230
819425
302635
921572
795105
422342
124305
170440
214186
288271
911602
572128
484733
36158
21038
52647
190179
298199
688678
801498
544279
62472
993828
389170
280441
803314
631959
999679
701212
552856
796603
988062
579450
680739
872023
426839
345095
366543
250336
261781
893858
41590
287611
278146
802728
815479
344736
944191
477731
87555
988058
454781
102688
33860
179434
262523
101470
220265
296012
20060
230434
118354
984593
902116
850152
248789
682731
293455
737459
313899
476039
601550
596230
887291
975637
635167
597675
640576
96227
172231
890864
89049
831079
898671
826418
481645
438107
226840
570001
842104
946307
854909
82755
218359
528650
233540
734276
596140
45130
258016
668523
788686
426411
608198
793048
203537
988451
826697
776906
351885
214171
821396
425293
337998
364530
229956
639376
306871
426906
288544
944596
264595
961184
695221
556801
374650
613834
229970
772115
346652
328729
890973
101681
998701
808686
993233
933342
775533
256905
641365
660232
381074
104172
182969
863486
162133
213086
865615
158527
493206
150219
344548
229038
585773
3273
194394
14497
33166
319093
242339
295640
555480
460732
116060
963402
192378
92598
132164
653147
897090
552236
20375
623467
649220
331642
654091
952776
432867
677776
277094
877443
961407
448786
477626
234912
611131
117599
351870
746215
240937
398575
957259
709911
90645
30934
885744
217082
638827
596453
716274
511956
405766
966511
101795
940789
585301
443369
996957
225518
607276
764523
300572
402400
205029
601939
11061
238064
477744
578889
797239
774870
765182
160668
278557
803797
61766
875595
336300
311301
161907
720865
583663
553676
7850
209399
307277
51435
170363
306781
438212
817588
655459
78932
314116
777177
30972
915698
293354
36128
471874
556904
504023
151476
494530
219297
501677
962645
972385
104128
647974
104046
650054
261260
634896
296199
249509
946728
441961
221457
389417
806843
710099
961631
844029
67502
507187
213236
15864
5843
471148
632631
134691
112739
871219
156931
413223
990112
588175
861211
213784
604761
901104
677690
832728
580620
509673
480073
679657
988069
287754
433578
741715
478885
317342
798769
372270
576030
467966
6707
681741
550490
894096
707702
241351
849628
136416
511624
210275
509886
994712
993131
151583
25721
571935
433709
901789
442755
446220
343895
44523
352595
275206
155771
773229
917312
811194
610352
864425
917959
313975
828059
387567
770347
344425
362531
2787
574583
287472
105734
945257
288223
791452
262410
488427
300805
89799
307083
850441
960535
287247
109747
837470
380181
165103
83209
602092
702000
838266
720992
132899
96398
787699
682223
260179
247659
160075
617729
526379
549145
371192
90179
61613
776807
498478
895099
964720
166816
968572
645976
853329
368171
119558
544420
331447
622672
161499
464597
949890
133274
582066
756227
895696
52439
215622
790453
102699
603644
84427
538260
146514
169189
587979
520961
711331
289211
244322
929346
492066
447407
966802
243799
135272
424802
707396
116203
384938
747687
197980
500006
165925
870112
626487
349471
313827
132549
530372
528175
662509
965571
460540
857569
981326
397376
881599
880517
557951
342013
446285
894820
402740
204885
51037
552909
44674
478626
461341
325582
377707
353407
106311
970238
724616
958695
499421
876535
835793
65916
770753
448098
360332
292324
668339
515691
261200
944782
896679
701523
374581
257171
656258
266723
517403
429495
126193
952574
66515
358542
749990
147856
338285
632379
409264
257827
879390
280532
899958
802960
443790
128161
834192
261202
575100
5955
906307
794678
530639
852338
333206
518638
571194
956767
535893
527430
812490
662072
118178
362094
490959
344586
714482
584245
103141
77120
61227
599575
77150
874569
893145
607981
206989
331352
550471
902978
161009
449029
830592
400710
72829
756049
217826
857308
647744
568070
742555
388238
3958
670525
987075
228320
570602
900473
393110
841282
380166
936625
263948
410590
143673
64427
370071
674130
687491
800388
778937
590264
167520
713356
375103
12704
527695
2958
990365
164959
831293
835437
460967
364033
83539
994281
380010
472793
849689
615745
930533
651386
163973
845491
746407
676350
745956
106783
573638
884291
784164
175690
376057
381558
726140
647357
461715
941127
608760
581709
605277
295612
933284
662646
649422
246433
418516
607969
345385
362333
981967
295557
129779
156321
186326
524073
636176
350841
494676
710279
595322
635333
781987
234957
284572
375105
107448
947389
505937
89791
653741
289396
481012
740663
678250
592903
578851
60661
189550
420361
203157
175728
622399
809129
859925
29947
103916
265720
794907
600724
585212
781257
297349
977434
839285
508529
878519
828700
108426
296878
198220
675021
437474
778404
719031
158355
834433
870210
668219
502654
941077
441604
345667
408342
421983
569489
68190
65741
753980
76804
228955
310291
751760
268936
9662
817161
876686
532060
495260
819149
930149
73078
48024
731444
334922
257796
46842
518613
299486
954765
383849
696386
535165
203958
325317
772818
580067
837281
33251
69018
761722
858544
415078
981498
956228
302823
619574
246227
93281
805359
92576
19670
902142
617975
399754
178936
164762
656437
219985
481154
504438
136075
49537
13188
87129
432580
807408
188649
434365
590461
190263
148518
19353
986912
799374
476556
906572
200652
83395
221438
695203
675985
354391
369788
344263
691287
498869
421469
481158
473374
697104
101531
772732
985631
851416
662216
853661
838994
842520
51487
157538
152649
327919
894454
647758
803513
211304
541135
760860
350297
650873
566541
571527
478052
208981
961283
595381
807736
611630
925352
382593
959136
519242
541543
932132
587183
491969
441043
135423
393539
971345
622136
7815
34537
160989
988620
313421
504543
320136
300933
79017
642100
158762
325252
633538
792012
795822
685807
310397
821824
227720
263964
514176
49698
618837
787432
528866
508446
267728
708328
197553
7931
132718
564471
653471
984897
954776
955695
60681
555189
137283
440755
574757
29888
520877
338088
846600
116270
426677
745731
924050
593105
283799
723645
907127
180422
529156
208932
98410
517711
632602
418507
492072
729504
534917
603042
567710
189237
910577
608224
368439
822240
495659
840604
147910
707809
221843
686715
631053
921389
511680
828548
186856
473809
953584
827024
979033
819952
556138
773277
169329
107304
799347
542081
94423
992723
617576
911355
948344
710761
184830
632805
303947
879299
607636
476037
37055
30330
523698
492932
184644
567086
963297
177206
129459
302115
942502
450199
18459
818693
670812
67351
872809
212876
793965
966156
892851
186170
140397
70791
256929
144386
603859
608321
450104
481155
116372
808243
416068
433585
159838
388932
43170
987349
434478
873053
999
505195
996046
791961
281265
58985
543983
327640
638088
321311
515550
747890
410160
923961
362470
276553
831757
447650
44995
976056
446195
178051
94910
209448
78282
616233
323562
440321
562650
918213
165497
367548
505081
675212
683771
100375
473166
952575
752437
507234
42625
160005
249050
397239
509121
567220
733929
81543
571249
919278
29666
761998
105904
197224
800294
656040
531843
754374
143978
322174
770530
730146
246743
939160
755036
418604
560514
22487
458471
527211
512963
187130
813576
840162
248884
512605
115803
966349
710920
452675
44032
34506
884741
734664
312290
300821
597471
326201
666341
459628
776627
267967
974891
868497
777628
686454
330563
547502
570550
358555
871408
687570
300461
589988
951313
614170
226432
478506
924657
387947
730072
234306
963757
297243
795711
478633
71806
74607
219967
916189
379683
287615
661336
435080
873516
996662
572252
577175
119076
577142
796267
472106
822812
803672
764935
954532
938832
505233
875667
385313
474361
276976
110061
603975
861678
948995
264612
191030
116344
611289
396568
508313
776241
440547
911149
395998
773783
518388
244843
517186
774770
49064
933430
424645
91168
539040
696101
914301
171322
616491
368064
109127
917989
203584
661723
353496
738423
243687
8841
589937
278787
624632
520447
994033
292547
52924
737671
209604
475937
482672
325597
926329
413346
192999
209066
995122
409007
620815
286874
335156
922562
730636
885660
679135
516777
448960
872438
547895
331770
62892
297410
447648
514708
990896
331464
146857
877901
704046
556537
36415
685437
351437
305350
948610
22566
447257
444187
744180
782718
137032
280956
189837
531483
236184
57978
190637
279163
37459
570129
722281
396332
64244
179041
654086
534046
721060
222663
766724
651587
480925
129304
235793
55968
149808
579834
456735
494004
252385
42782
544911
325953
4784
66461
727756
92859
729779
469806
5557
3276
244254
874114
809394
180994
752037
762172
584936
111638
778616
331024
408775
131354
202605
999927
654272
375998
348348
2636
370836
436030
637923
707399
125704
577388
802026
170003
845365
433557
879745
105549
564027
301203
549253
912987
605078
754735
466529
190567
934537
654896
426257
997687
150902
840389
325698
804139
879503
706122
775062
690578
836967
58938
795011
466536
144994
495602
319323
598704
686347
174686
194598
799018
483460
641154
713707
541938
578904
210087
909902
252597
722669
254112
418131
881616
109205
583671
494976
873415
619907
823481
259361
19550
909082
939419
762213
75799
729057
356552
540646
615369
442387
719560
823878
266970
686931
305998
106869
728985
124605
35102
41870
366010
929624
55321
139233
344623
894119
102822
578956
391711
566303
584255
174978
356421
417842
759061
129901
632744
443594
779105
180592
426994
834705
301769
329349
370096
917165
820651
769798
809829
606601
42824
381127
967435
305167
213904
172128
267815
199986
269510
579464
166920
411943
527823
878364
465052
179379
922205
890560
16430
440927
685875
330524
175616
410633
664724
652040
252096
214421
459340
729218
705963
526208
305754
3484
277371
158612
39928
229043
459534
466104
304521
509849
471445
321823
464414
398868
132021
390881
729573
791296
671485
393830
941167
661135
973316
4606
317660
755313
59039
329039
574566
532175
298813
320422
229574
135152
117087
969966
789638
93054
429302
769342
19045
950947
177370
109452
206304
122510
982821
496959
882211
897682
151466
604963
858828
955949
690517
817974
586648
660005
504097
548831
5932
965326
734448
862142
213634
991785
68298
400414
648686
891943
818676
75655
983500
288267
215468
732081
929672
243885
99520
13906
24842
528986
490376
968344
485308
44633
272070
441203
980409
704649
143384
912073
957843
609510
47831
527565
738113
925226
553936
640234
296100
864783
845277
788569
816692
77875
426911
722322
163659
80853
214425
988254
586830
953788
849836
106443
556404
452791
290283
331385
161844
517887
882714
64274
342607
513528
652232
997719
234167
554390
908870
737813
241755
493917
756547
754678
337104
929985
385989
225651
181149
739115
188870
445927
309731
38749
478057
744831
425447
320748
574807
715790
489086
797740
228155
238909
461588
219563
533718
757984
315352
334675
822655
586211
777287
96947
165883
951651
416276
815575
837557
7001
311089
770387
682458
410289
425277
592351
42579
909625
665162
718684
595808
597876
227657
352117
251150
947343
478805
391456
507028
553771
726617
144196
706832
54361
536990
784117
692825
215012
596212
596378
818048
259463
489020
402480
107432
296319
585361
145447
111295
297083
412049
583594
309528
574897
946635
429820
395559
956234
3655
245566
529368
740413
752684
145037
565068
743098
319314
424776
354801
549308
925221
625071
809468
87745
794546
959207
93638
69910
377041
943130
588992
400587
646063
216123
920661
692551
906039
247399
868443
745204
433373
297063
108276
105562
794951
406610
689735
336778
2008
913807
132118
92528
688601
183288
126013
957260
194310
884891
885766
234234
654963
373402
883947
973293
114713
784754
976297
758394
209985
290136
938173
866448
568140
98111
865534
487686
440477
58743
861334
579725
587043
512559
513438
632197
677894
695515
751893
883371
206509
246128
316605
450415
556906
639884
350163
600995
643395
840820
860329
626896
49182
5109
783585
817315
371464
520427
31624
899781
634082
886752
439756
397320
84456
907980
567324
160252
936735
526075
928155
939106
483483
67084
581760
665144
75114
322261
623180
643379
671904
455332
815657
975947
545664
39456
283164
749424
552260
480655
677991
965530
924298
358129
892990
158270
264347
444361
445219
626780
561624
937531
837856
568437
21507
43920
557665
774491
474279
180759
198827
834528
111782
366631
621565
473264
719581
452479
420673
723451
259509
595662
912559
860682
230665
607566
734015
467059
378607
975178
155784
216168
430245
213953
327674
250729
583002
478307
51893
761946
847062
946488
774723
186415
429830
168096
962425
983299
189032
22005
434597
218696
598607
993228
813044
534169
233939
919003
444195
712044
848921
436596
509024
756707
82811
331119
342333
839937
517011
400743
564047
954425
352745
675930
481897
617058
634231
539380
869808
229448
861141
459173
747547
384540
776645
889134
225418
499851
836701
2492
255807
111019
662861
139179
429885
619922
432844
922411
362747
967553
857508
553216
429893
752510
142486
771171
846448
398015
937771
517702
888632
398658
839832
750197
639480
350458
651148
770584
332868
293539
116058
546069
888358
479735
448830
35986
539764
367801
565582
693528
106059
956782
950782
790611
992426
380523
33104
433462
674029
163018
290966
845371
865763
717686
972005
406536
635471
277926
711512
58605
253432
664167
477566
268106
242157
79633
742753
388750
329497
889755
594740
132890
229374
316811
164440
341443
123474
208965
769355
364278
500851
899461
592301
808310
815495
971752
930544
842050
604596
183460
627420
213266
695545
783065
203133
342783
947559
541375
286442
992194
476352
640318
410674
768980
131882
813724
256292
225717
419408
613136
649211
416073
647382
984694
801060
732572
538294
92956
582894
560454
704188
307321
648205
350570
191322
220093
232843
973208
936873
31108
197580
51155
490877
981028
552316
108908
505955
572453
759447
989965
551161
207888
606804
326994
289514
172448
825391
808337
832774
592981
831058
215034
453434
737000
667295
367578
485872
68697
922525
174138
871942
427108
105980
263012
507747
139410
454150
738373
339452
788075
27300
690606
419170
429257
756491
117876
99717
591367
84033
735416
362825
32857
671760
733377
37891
223542
555845
382981
406224
92527
388069
218695
496274
124707
96046
618330
569992
723083
882373
422979
667017
402737
392833
292604
913565
263294
361874
991445
905656
726384
974095
696246
117972
402410
924252
347071
554025
670885
63348
496592
886284
249925
407257
843748
6370
113222
648213
726936
442751
301909
131627
599882
321631
6395
856991
29020
930239
805428
233247
795672
467865
444894
626957
954158
659707
53133
916650
882648
190339
301691
249056
119006
602233
109149
490092
570229
184073
935888
935654
960323
887707
192434
476334
190910
435153
572366
440437
365170
639324
195951
164453
152865
242171
940373
824942
524420
346578
24389
36142
212208
897571
12539
284156
169236
84075
223227
277714
363871
678939
470854
669012
217598
565169
212263
480705
871427
939123
482092
97077
152609
911432
157106
151000
54804
228467
818906
369639
823389
312556
373976
754077
96107
159005
954666
268413
907926
19382
330149
306047
829124
469869
275050
583829
344238
880470
54968
785368
726077
167386
966491
774612
322318
930903
939011
196652
607253
869652
939631
94636
455837
71327
418376
285993
218029
602693
205962
64727
56774
98606
996317
130727
259850
25810
3842
672218
174391
843548
347497
79719
745808
753305
607583
4165
702300
581277
547044
483030
822280
487859
45275
780848
431335
743038
42778
988168
932250
230128
217569
50045
717067
856358
183464
104191
255891
96671
975313
508186
389500
36376
615549
354659
711776
916229
34682
636925
439792
985069
116442
513224
10897
319907
179295
781672
486112
423324
855378
258285
948566
486834
449843
818788
796423
315892
160714
677561
680068
203303
457500
251783
386017
495454
94969
341054
51345
977137
517362
207984
515181
299421
248233
167480
223507
24632
147841
452615
997483
305615
960499
623564
565893
563870
586690
515200
463582
15083
954567
838347
664706
339455
904038
394070
410379
669442
352993
843054
499207
8818
687563
283665
925944
182399
525076
281945
225269
338503
579011
421570
389293
265833
510595
529242
843531
894088
70100
405636
46006
188446
980514
523880
442224
823738
945459
984699
317534
906327
271865
642662
665190
551707
871047
599573
413236
515177
210465
74079
748184
203107
797996
532749
482761
200383
877060
85577
935565
395652
213036
628837
955504
977826
794336
686916
807025
298156
943367
214761
47677
466675
842308
848218
988947
947904
384492
567664
825798
