277333
971712
683963
866050
847167
792612
243426
684677
467076
531759
634835
293791
508712
570684
448706
466150
901281
47473
142690
621116
415842
353157
39816
929758
903877
814690
4126
970137
97107
129189
158912
593501
401395
892163
724214
367274
318894
672581
438031
706663
44315
838899
98454
978705
19884
976335
333876
643216
600979
220536
541985
47974
934226
431024
843016
896896
931486
920631
711095
732783
734959
856214
986816
140080
341863
105719
512623
348903
649692
133553
809191
737643
57860
172450
160027
554746
196284
661174
808934
46733
103093
32324
672200
865799
212027
219031
778302
38663
871587
659401
633981
91868
530129
723275
228362
845400
948707
656514
517369
788605
457534
186700
909504
896405
296627
503521
490934
621790
513229
959124
781998
373537
131897
882359
900394
611939
65938
407518
789822
280181
575049
857596
640579
513190
318638
813931
340532
413017
390237
669319
721512
638257
235271
772601
702956
212904
774300
918610
849660
592575
440914
553037
368926
1488
550165
249079
336668
590911
144651
842346
371932
375631
205827
676277
836637
333329
139129
752087
217040
501686
602760
261226
600465
41542
942765
103005
53248
665642
774259
276250
63424
98147
436673
210502
462604
557405
708924
874982
40689
252958
674522
605279
731052
631961
532804
533334
316128
60127
725479
717750
199668
197365
70552
533839
153095
857984
952545
915292
63505
190685
81965
765149
77207
520717
17099
547683
879946
506573
351266
132138
891133
70084
782514
910688
866049
187734
600130
478148
300768
409878
852076
812650
858354
188376
710657
616731
499358
391844
639898
963224
296625
116742
884988
596223
942804
715906
266343
850439
599533
87396
73659
564582
703253
167734
563400
527698
785713
556236
583281
891171
57775
215481
116987
255959
478111
829604
957176
824112
15211
812980
940938
773240
814325
669992
180630
112484
777164
862404
875207
276311
511561
653158
923068
643773
9356
2999
756943
985944
546639
945725
539971
635799
755939
751180
996041
446242
798351
746332
113903
281011
517698
429750
973350
767838
874801
708745
14702
451057
275217
664537
34656
532022
389235
391639
937111
315413
407543
634955
136636
404886
108078
491117
150573
18821
648976
84884
720330
435246
328214
105094
291996
858888
536374
621166
239585
203566
122041
789483
64376
688456
159290
486021
958245
128072
241661
99002
885442
14033
834985
237751
541123
492274
327331
393634
548
235855
615433
559636
137201
686176
45128
744292
583282
835475
569499
137438
245552
214477
113632
299219
699368
570702
150296
451082
226252
43443
568059
37204
437808
665172
664182
624061
453656
166157
419266
193887
466843
592666
607650
851728
263859
178396
120313
422779
14820
543928
975621
928972
348935
931807
823868
370181
838131
177640
424577
960430
242374
901977
248195
140009
598741
671684
854579
396835
551278
476878
974624
149159
368326
244171
940912
27148
824452
992837
27517
59023
26537
197148
366281
507259
408538
127367
968992
89732
216971
106680
10761
141876
544842
75230
13992
139005
987173
273156
959859
856685
991353
54487
958799
711423
900057
225668
426246
141965
963415
80320
260455
604579
795506
86945
535995
317872
663260
900457
758687
780054
35942
819684
319427
264864
197386
395111
557373
70931
833621
889464
576139
792285
733231
339788
785764
560490
298888
387307
925177
37270
556769
543280
753613
744637
665076
220012
24173
965485
91969
437547
51470
573053
984951
182222
932931
56951
67323
178519
604824
737712
18519
386500
743950
673593
309826
373522
339762
254254
825608
267938
682716
547244
150614
198521
42561
330975
806180
583458
116214
196280
741375
717358
903618
251262
195698
911260
626142
467836
667152
861779
242635
966040
631905
907787
209360
728068
372711
401868
588495
950413
445707
806799
147715
320017
817705
940800
676697
707406
565237
847141
509223
117909
214664
935896
456589
187741
926667
215216
712743
818995
817854
626942
45356
983183
123302
497459
704294
321603
268881
425631
176782
777996
695879
412820
989699
215179
451919
616361
691623
702221
462491
473563
933270
78726
30033
295117
381508
584669
886518
629872
426226
48033
522873
859901
232909
363417
620122
772767
85987
804216
423733
761967
579010
247663
27119
584343
701167
248669
300924
148247
497472
931362
491402
937510
437271
497169
721741
446128
498619
941763
643368
759230
855380
691465
598389
763892
401987
286905
58289
35123
430236
595049
788423
386271
232065
213690
170039
657530
330972
630668
322275
8047
826872
383055
486710
451371
564989
154169
811057
459558
470150
143508
639763
695872
783648
413167
867109
870214
802466
754740
226655
332563
49188
379290
60730
737555
677981
554609
878675
203299
286813
285466
104761
70228
418979
862233
244499
29135
810140
533827
388913
319634
798969
907025
457069
150041
17579
434775
337277
57175
286206
181838
525529
895331
462927
831821
355843
565616
301547
791063
409080
651061
817862
497037
835185
394667
926677
520196
390806
179957
863496
725233
699264
461785
286184
783361
587433
3500
848072
962694
847091
498957
702763
978699
155345
202759
713842
99976
297814
947354
561280
938673
245592
848403
566508
101993
863104
711896
592546
374868
256946
136640
622743
594569
366867
383007
794534
552102
906107
474015
706380
935295
177977
188105
581948
314798
503101
776099
732896
329358
77286
24756
619118
396227
45545
527459
767522
742832
474522
934654
500829
498060
248666
811798
157850
230927
945886
263047
536137
653062
716759
90133
247242
315782
633283
838897
714247
67069
409872
602652
532334
752547
799080
879331
725130
323600
478814
92744
999997
152232
100019
404865
147228
964401
607556
609049
242983
146053
243732
691061
84259
494947
13490
505521
914198
737951
569479
364329
403615
466362
799614
416660
352175
598860
377808
579146
419176
316638
605931
897446
652112
595732
797246
68806
715505
179847
19108
60015
458385
264177
31146
304974
491210
866497
799486
927385
964741
181263
39927
799380
232599
798186
25531
997040
796664
887116
690641
911374
356763
473647
700100
390241
422319
665592
102448
904048
475698
873746
940076
218235
309741
534934
847636
183477
613904
610150
40625
482544
108458
966105
645895
667095
565252
317776
94076
321876
793691
39463
343520
705682
631737
726152
771293
488924
984303
429273
319868
405412
438193
437781
27217
9697
433870
401784
291269
52623
447434
528980
806526
164890
441498
294721
180013
889045
464251
317554
253683
739748
544175
476322
145457
523003
625045
110316
756267
602557
172004
347322
533015
708230
325635
91990
252616
307588
370952
991644
952882
245056
829836
974416
981145
753211
641192
628684
476955
138611
764046
827154
264918
644997
908869
934272
130871
738924
317634
753569
90528
847719
491936
29535
21109
188857
539069
619671
414724
865546
324976
545541
769230
506539
507690
667230
128118
728631
260776
579325
893061
189588
238098
465845
133464
973593
687028
830469
937191
57866
743894
801897
11634
233406
926649
727821
560906
898722
507313
223708
8953
556886
556122
570487
987855
71477
638328
748354
23754
260530
996847
183768
738465
773021
856731
541982
106285
202949
881549
317301
116020
3640
876515
676809
15508
719910
745347
249095
2889
410212
161396
304619
108443
505036
728664
814135
583591
520321
718282
513919
246663
708432
442448
726625
625569
363954
557309
624979
418057
917614
757862
932629
832276
742683
553790
142149
174906
148227
23889
88529
765543
365284
177753
778246
186142
454544
439872
411592
384906
971380
268467
412827
951395
28853
361952
234717
802745
992758
203148
913366
13344
617270
536466
809448
496889
367319
903739
216929
225368
592505
622903
950127
120343
566725
346486
27763
848950
516934
671718
338670
521069
538161
141833
695832
215057
312581
869810
262735
84254
502733
54747
271596
888231
156035
781094
161010
820183
609807
876079
479776
317091
583020
71498
487654
427534
288491
257438
199092
94936
738898
907229
520941
546436
539356
973279
359866
182405
808676
712858
286523
536452
348636
815296
801305
440401
5815
969589
710903
733411
16423
140204
88583
50637
203136
163805
916537
548160
514236
562276
294157
900855
979928
202361
798282
114499
137883
284744
227527
554995
464438
940141
289190
374687
292423
352014
630369
987729
118264
694996
365884
763665
388804
738182
838938
858444
605850
75588
9644
788640
42074
554398
960388
816391
677692
889807
159687
34717
118096
667161
354497
9615
853983
610878
85651
132834
672625
860952
432647
229917
512680
631126
513540
858709
848842
972947
388701
506643
887964
742740
636995
54307
386729
455646
594395
470460
275682
754674
990187
591687
575711
813799
506733
993486
917123
86178
774598
978114
87294
740339
969296
911336
76973
579279
817427
468962
105436
84198
390547
459030
416555
727137
532739
986429
580622
340986
821783
633290
734830
874807
431415
665332
811309
885188
449231
383330
857927
548204
347139
814899
585171
521844
844416
394215
610921
763092
833262
242925
926558
741266
19586
910409
898603
246269
893487
791841
321388
253636
611260
27045
609284
383921
107121
113433
103837
823557
500779
70273
304525
815664
102735
566504
368532
797805
413083
14796
435330
753592
57176
463401
198710
709229
180012
682080
550080
271998
236620
605124
501992
736145
215822
757634
657096
932084
962332
504234
171348
129662
638660
859550
373882
452163
156397
245974
906148
886259
936421
219021
923355
126031
696917
548107
642629
430089
303062
754000
426447
923896
737116
477978
570917
257589
460816
44115
47774
487253
532860
496923
609846
811139
516512
746989
317939
425592
622369
688496
106984
361114
143777
611996
466903
263278
554986
840135
894385
711804
242243
659084
852602
153726
562725
450198
693192
122116
244615
569294
751914
481319
164950
735711
888550
603943
32129
190178
107418
289316
19888
40107
420355
967286
238164
754287
365212
760169
85657
331984
464734
299672
629049
514183
112358
888036
949290
796909
970421
888082
288055
546150
331473
231807
410541
228267
355976
103680
193964
141938
80660
750874
871773
457083
931418
819226
825154
224825
795661
236051
367720
875676
612912
686386
620282
494967
524792
527295
561840
193875
200015
686770
260004
470863
363061
577264
209157
368562
351489
817185
766500
980367
46470
893294
8748
12564
481232
853596
703279
659567
575950
486656
545435
744668
262217
222686
844235
300303
459986
706914
726649
287995
824251
51706
86290
591678
588923
500878
212706
862313
811317
156701
436335
913775
582802
202165
935777
395625
200394
826959
610590
991363
975810
658628
21684
67399
601104
401264
803888
675012
290714
127394
498123
506010
483932
98492
634756
515301
373896
386030
511369
845892
980039
609033
437007
569605
11486
728963
551297
784878
67244
469510
218260
985706
901839
828788
86649
292495
889575
88444
577068
405768
54578
31890
851370
202980
114710
378766
100031
78202
504510
161955
986045
875126
67483
690682
178185
287173
248652
707306
928463
900057
461401
987606
825621
722969
164568
926180
396781
943849
951090
314646
391876
277265
731968
171142
3928
892364
197071
888450
149959
388143
326786
212162
996482
591220
76503
881730
751840
365475
462018
527488
383887
875292
676469
467604
138725
762051
536897
804135
372949
407368
706262
496273
466365
665042
169062
612051
666971
972487
614376
848237
484320
516154
709817
656606
212317
289266
543452
796662
573594
145619
760482
523673
59334
826732
329957
661202
201288
668764
927470
393489
899827
942177
104630
379907
821593
506814
682058
902796
974710
600009
631879
703780
991693
391438
315333
814859
296145
745635
965905
464746
221177
48330
435858
275976
470774
594684
510348
861413
539969
454552
312707
136631
428109
854312
967415
770750
744476
845068
241038
81606
441390
288709
385680
767289
351316
510240
209420
592094
794914
235388
594007
781938
55234
864314
204212
954145
406885
729153
592463
938017
363925
151019
783780
149868
541479
411216
195645
434328
838476
813549
302360
656532
400262
295536
688871
111553
814839
135074
780208
78762
268884
488433
490837
621410
37241
614169
999342
594361
827607
264367
757266
947290
560456
909258
515765
790532
181123
173454
20075
978659
658667
711382
286091
232650
182722
477245
151406
654416
236858
340618
546775
73092
661612
352053
923693
17485
715298
46682
216803
868579
177550
154937
376184
254052
712222
685928
106458
344852
465831
263446
100134
229812
385598
37436
251018
790141
583206
516066
198924
528377
546979
680778
692259
686463
972909
163261
958979
589961
505152
837489
961014
466867
117712
951956
452710
842451
845146
519544
419127
375279
751382
698587
501137
202399
763401
579601
116603
60736
195062
256208
470691
993490
823476
669720
455482
518767
558363
605501
2492
41833
622744
746258
422797
677950
286496
173428
26623
590010
746946
844464
958448
737642
154708
785298
134992
981688
880463
366219
500737
456936
613943
736446
502039
733486
743090
655143
992063
916649
895355
660712
412475
864704
762926
121394
612811
909784
282819
463692
504680
697711
147160
878723
488745
421272
833702
322735
726345
749715
730710
803229
915136
746760
668780
784478
884045
793312
246881
348907
799701
736320
328463
463987
705253
666659
978758
846915
258132
146707
358396
414481
19332
279556
689824
114982
348935
248269
764495
383781
947869
755716
297312
706171
765852
732212
396378
627493
93225
154622
98565
37337
678370
156553
248670
351698
251870
544295
339684
87803
87436
961094
332111
207671
328376
330191
512928
270859
9772
141022
274387
291241
728179
267039
769842
936154
809528
575169
945475
744390
929294
665242
560802
448867
934537
28951
964521
877624
501897
822494
175819
26573
213910
43330
50048
305201
579111
982818
522394
505895
229693
216159
621303
269423
794284
693303
767503
348908
512890
708739
479149
701495
8480
541193
996667
464895
440430
925567
843574
826330
312714
256605
199232
783853
488536
541021
231124
575156
613430
243282
691092
483439
583774
381346
649022
676458
837615
76578
728509
511335
188101
10508
366428
164521
446660
640927
170837
259039
937332
494868
145800
809004
322310
438840
694983
493711
402037
727211
276622
948660
300936
334579
830352
182806
460468
725821
685164
977423
783774
689394
370942
182077
227581
332338
659666
443091
598046
991984
377844
926777
873793
613162
192675
438305
264033
346947
40099
497576
440849
216190
498034
480228
765826
615641
26770
138128
529569
93636
547653
912657
398429
129596
287063
10532
951174
906505
861141
211495
852881
410000
237339
59841
226232
393430
646475
922158
972030
31698
390426
627498
24464
122796
308804
971641
125447
561496
231392
362065
128906
705354
466894
694309
898833
908565
994636
999888
101828
722852
589864
212954
203266
468243
963600
229225
534333
342443
707013
851014
328642
28408
564590
157067
413142
801993
768969
966567
286140
932164
95932
245262
638612
642339
476170
12543
287005
118031
252513
770355
84443
487959
439503
238239
704468
494093
720277
896614
467892
153277
934932
822303
320720
776459
193956
939774
680647
466536
224516
792353
87237
388465
830571
591609
290465
346788
586941
586323
433830
590271
349593
553730
107951
849655
769231
506027
737068
14161
900335
881581
863169
319073
377980
840107
70605
762845
69696
502455
75591
417629
201529
70684
84101
780210
341489
661960
834007
435296
399659
942100
204944
71481
76281
857330
750436
589079
136619
350322
713645
160949
556642
126385
35976
29355
905602
552030
426972
902660
141382
6058
611323
55549
329645
660940
613920
463069
906322
902702
932056
560875
15833
384247
853886
921233
636613
539125
394783
529035
277927
760551
586300
979084
241393
467493
433453
18413
362857
97773
242914
800210
908921
128779
397253
281244
232867
137828
598651
771460
63953
551967
118666
39450
836554
480815
489748
308763
340993
68609
54658
475304
665032
261439
151548
340265
512546
384575
627988
434621
867253
23820
435906
508700
786142
718415
264138
801804
286175
152665
532602
487420
205747
996111
551887
139265
374850
453618
910200
66154
755952
486281
620082
841538
27984
776366
384978
77921
332727
141747
133473
825327
408555
228079
865825
137847
890425
465192
163502
55843
790437
910686
788928
465498
217596
552882
492493
3955
692870
920113
763723
260372
536408
646978
878867
372523
101381
52519
958817
377736
69749
906291
465592
175382
787725
356169
511202
247477
967502
860172
762901
108149
242042
982952
45362
835376
823408
972156
864935
885700
918297
637731
273459
232875
231291
874398
121161
420217
270955
749407
723854
806130
36767
775988
187965
930438
113569
358479
914474
899755
964320
76014
913444
902612
791905
652523
61555
197011
142931
879714
707776
783112
549119
83642
322964
645509
320734
572434
389049
481664
411268
703626
505085
627315
535931
267563
169620
139284
187563
498868
990877
301164
998708
682370
247741
746071
864606
758747
575656
40663
754792
324119
575550
134484
641405
520619
907345
59380
710276
378515
923717
126163
139990
562651
698193
758303
376267
295499
148450
646355
126253
909677
491870
586766
846286
832700
199173
19599
548662
461355
519796
643088
621044
913807
895492
301308
334485
381993
626191
69069
522035
371860
643218
315142
295973
758407
408686
947082
607636
448456
702217
788824
642925
761902
479377
357732
758770
220305
86177
571666
81515
51728
452924
90513
451515
991870
857461
74450
357261
109993
927409
355364
113965
209289
785093
45870
833907
431618
744697
268616
499994
435926
41902
692918
697646
850858
356443
648577
512100
538483
199603
502260
589316
102205
116323
908592
896961
917400
95223
68717
290153
509407
490972
456845
141367
832294
357568
387870
426438
532415
70678
98733
353184
767081
532725
591169
290229
280662
392352
843899
524327
128152
922401
498056
405058
342439
951758
688320
280137
933585
933613
492894
742763
809343
781812
231068
362837
68959
879529
392235
417441
486195
578280
53004
68396
469046
168323
706190
621572
276774
353219
443044
497664
293107
303309
591266
255979
644866
95136
417044
508504
429790
590587
37115
418009
789372
742619
845285
194122
970665
190690
844584
97224
970322
269075
436219
1088
233583
772602
220784
267106
803022
176105
676178
319603
704632
211932
502231
931202
417089
332798
289090
721074
84721
265285
390424
59254
293642
270264
129724
784412
298358
517841
374569
812544
739727
738109
558732
542881
603210
89343
716476
496592
986561
166837
648151
200772
891995
431475
823930
302283
5274
533324
156060
953371
756416
213679
490119
218503
613151
184941
656629
807821
972540
931416
925379
751371
210527
852935
79764
599378
324090
632183
763781
344403
830963
659596
202952
39158
985808
947317
404703
889418
20798
107373
71223
569239
671550
324701
466719
456654
321389
48350
698211
162850
509294
254365
710601
791408
863606
717144
799335
215193
999987
4100
980895
924272
220890
461841
414073
439311
481868
911621
507483
780548
292388
943045
859111
808873
41439
971379
157169
848465
494505
990960
714140
936094
485440
328642
785808
827120
86087
143825
379033
94904
429353
297420
178719
76266
182184
532073
697342
56017
610689
9
618178
998012
512574
754809
811904
940182
330200
107733
477203
468628
352134
871943
12274
790279
55142
701293
303723
258641
349127
315417
544126
787572
981841
94129
654168
578374
466257
959287
66027
462145
570917
509667
612326
316214
189505
522413
509142
689890
564059
509863
747481
633497
831801
931846
677306
165599
299413
602753
769646
508246
561961
920785
279914
250833
919581
95769
275487
337478
906251
371488
106515
53538
41387
104249
603613
75895
260384
277956
567997
179857
194718
164685
460630
58534
518582
326993
287112
323627
372351
959201
45870
986115
122019
511392
862257
176658
659779
673767
428423
79536
32072
351559
481804
765498
106119
529134
19835
769538
10256
81058
745801
626790
36564
31787
936670
934910
122800
58510
897009
171823
833114
631731
421758
861661
396006
498216
562215
500477
433014
696510
336165
600904
588028
994769
220969
408075
686893
359014
426131
754203
554309
211372
776909
645286
823344
822117
902982
856421
600412
397534
811719
61422
741913
205914
687539
120614
446121
73421
570399
319124
497322
695108
462155
871696
80413
989986
503741
845658
643474
199492
124729
768199
272690
65542
659935
732501
224233
568031
93473
502048
566702
639655
625246
784174
556208
557242
51744
362277
801694
452660
530031
541212
133523
953051
933840
765710
489309
646301
747421
795371
479528
51822
469250
444360
259788
402323
195665
839799
28400
922749
641475
430450
705497
871885
917644
575153
307283
319798
415194
144155
763386
107521
2281
266457
712677
705641
180101
773189
879536
155942
639838
338945
167141
935431
406465
659877
111559
161336
393593
773200
854394
87652
491841
15647
988050
68851
514020
699964
348086
294324
4979
256078
949040
89687
893155
995534
191957
394129
328000
176633
143116
122722
638162
733281
191484
869811
732619
562591
439894
211736
259945
451875
962620
952630
253934
880172
952844
168830
622458
727891
643086
726807
430402
705217
306678
541466
747247
150656
2773
611383
493077
693103
673571
490293
701198
901776
66913
499734
708019
721275
561518
60056
258102
191669
559912
995096
877599
665628
664253
577106
148641
324025
47629
912003
935384
761400
820093
748975
199266
779507
367323
873342
861655
194026
720809
186882
520230
60815
687688
530772
771725
436030
364867
618780
797684
781258
788980
326638
868135
202611
444695
34705
373039
80179
547561
798300
818123
837239
230652
348986
645264
118955
203610
343628
437786
891502
161491
6317
212270
190565
633766
488017
581806
885227
129480
901382
494135
452518
111827
14685
356955
18037
56718
430818
804790
126405
70101
335750
850991
788291
484389
78430
587981
407532
746310
671364
811123
20352
368213
467163
733882
124565
631341
637937
737449
236359
745394
163645
129939
937869
25209
420999
645838
241831
240343
562343
979915
101427
771333
923557
900375
949919
64493
742976
750957
8633
854228
396618
524021
437603
75939
260976
371869
483618
328211
266136
826643
724245
950452
684003
164316
160194
6555
495058
672276
818316
831142
837124
723650
387329
796845
986269
644887
914320
179911
146499
866755
233431
517238
469058
910517
913947
830896
645967
954541
581329
380491
118250
123007
45977
549380
277596
460902
75146
373675
567904
366658
796840
521007
728094
69679
833970
617090
682130
329988
305880
904744
755980
652197
539914
49826
268816
632645
211820
469425
76957
656188
853798
534025
229451
575489
886743
101716
547469
785924
760489
923999
486422
963243
632767
330469
400025
61734
165899
835894
772840
366257
198589
879428
392702
555814
431638
458
256920
525116
339099
564825
100861
522144
293668
951745
400735
996270
180628
558808
451226
302348
428899
389482
280793
235683
763926
756413
570840
244795
395344
959231
174531
153394
884610
740686
593470
626905
732607
714852
193342
235436
622122
2270
70228
5291
146704
84775
482058
90585
404178
402373
408614
285456
433083
703744
754124
719039
779184
467818
832959
456898
368645
735248
990280
493148
513836
564219
30831
705876
980104
131427
951910
335913
954336
70769
769478
837618
357999
240432
465776
70295
866584
797519
888085
670886
96246
568533
572562
176467
84497
291362
954483
343247
900526
3613
871001
195267
986494
421695
537910
703465
324470
747003
353780
936775
413310
519689
48501
815113
764355
210318
288822
109371
803687
83818
952525
987616
469464
963229
179473
764977
873662
294102
575000
269045
9102
985306
955995
43449
134972
564942
257654
684909
481421
814689
630476
836571
955274
746776
597896
466757
872784
660727
379774
63001
952261
928009
865711
123411
463461
724749
373611
380463
563834
606973
685009
856522
673322
598075
814834
346773
354922
142683
978452
592052
60497
97543
905490
402617
543431
16147
731553
185911
999644
386910
45485
865094
157045
298401
43489
828051
456352
266711
547846
54625
470345
214537
794307
855264
371014
408565
263235
491368
780301
126234
365236
737682
273093
83363
887211
276147
837433
62509
212772
664054
61289
623991
537191
640341
261819
970085
131079
245236
759439
303601
689989
792794
44400
681775
785873
832972
426789
799419
598512
757448
103912
218689
56825
486875
722286
559016
900537
774816
800293
19676
55030
786901
78204
992822
472529
174555
33243
48074
974148
535114
911796
648782
593227
783790
251953
814434
295200
552355
689613
1984
676318
136584
909183
424002
207815
579747
88592
711306
776993
283409
931854
571793
13435
865576
363353
502480
937037
968747
499546
341380
585213
525481
94548
599266
665150
534322
548178
125591
487699
652087
700096
827642
890610
832573
549334
763089
118723
772030
642799
136445
50823
276508
870648
847107
18134
846530
103875
867575
876161
749593
191163
918535
134614
133476
177714
394337
77185
506233
58519
301186
230735
661085
474883
584860
60302
827962
86834
453603
88657
149759
876751
728885
464528
263957
524199
312420
651243
856505
849024
751393
264847
400122
443395
866886
355057
37969
919444
744575
512632
96536
224514
602582
278199
153321
846170
923803
670104
134164
362006
818476
356244
565564
641075
642279
878494
917326
796640
664809
729247
177183
522258
291137
567644
993954
855732
782390
3445
351362
830524
369329
156999
54882
787033
588233
235248
817711
451016
768553
50738
74526
23814
239904
1457
428935
237344
97093
875606
119198
615846
207685
863510
71242
470398
163467
845581
798819
74836
77642
219908
509389
223983
702698
385041
440043
652511
321420
568286
152194
243091
111484
396994
218284
173447
711282
164619
101750
213402
711301
835357
775190
721405
969389
642611
70796
258952
317683
800708
638355
152423
307831
9538
931396
864561
58909
141052
301256
612953
478870
944164
621944
170557
476998
725162
961939
100892
499991
193606
549659
982309
612314
186581
901644
203050
593557
211035
51834
766131
314605
434727
968454
63279
994801
6868
291068
770565
515264
15851
996684
530697
781913
549222
310948
892747
247421
151952
696102
987145
891779
559176
147787
660804
235512
129700
508756
636400
4720
665905
901864
343172
365806
63513
697423
59826
854571
395742
714249
262769
123655
82434
818508
697077
524745
835657
201241
113920
625556
596438
70714
281170
111401
698482
258650
764092
838611
86636
857472
328915
878387
653850
359082
887807
429480
11133
237058
539635
653786
210051
234367
34871
3172
330213
58907
335713
843484
51505
396460
988514
8448
967010
878434
526140
644990
143083
546140
87441
604511
38483
413735
352471
402706
785913
895700
918632
941265
176121
330228
716790
273394
724455
207666
503708
695884
374264
513486
665231
435140
975937
260466
659827
383347
960663
134514
827722
967605
640533
832805
993159
139857
107195
274586
202497
360960
481523
936313
529923
699804
277232
76664
904320
597479
160559
371574
181028
821940
344927
941943
688389
795381
209245
409085
804792
265699
674328
94975
869760
90756
913300
405769
302626
365852
606794
611759
956308
374834
885228
473263
543571
936317
389701
702562
535060
27564
515775
477343
357714
677711
19711
449837
507910
226341
217194
289890
893941
626626
632331
667484
441187
318877
542093
767835
659109
484660
207778
299706
410836
115676
761542
664200
247134
342696
710046
77447
858998
723957
871162
500417
776875
420689
553786
696769
754262
781446
544524
647797
908398
780678
109523
47966
575734
669172
421091
902641
979285
239949
152809
946638
654150
643825
77032
663130
8870
512530
676766
491195
764586
734200
76677
425071
135731
328238
1845
705545
834490
274636
619302
291274
288422
393890
66772
429784
268285
271486
853947
435933
440950
187611
134658
560959
263532
650534
462388
15415
511599
177133
286889
145617
890997
521511
980803
155839
510958
224858
536660
981401
933237
964973
373597
999093
822626
321290
120497
389599
124156
947887
287097
729141
395916
489554
160016
300578
871949
344303
845390
318965
830847
338159
637602
938909
380698
609270
233817
937795
743648
270729
328187
552324
63755
338331
840532
374857
801446
662835
353488
764037
781240
870395
520320
65291
917210
456039
977465
145034
361066
370623
545627
383974
935576
907787
310895
833843
694046
592795
373802
936336
165964
984176
119375
515678
387457
728010
633072
293020
562230
99727
28948
333857
166964
783957
201780
636404
336870
258252
138464
330379
389961
179915
540095
724255
811199
532917
15987
231400
391235
685384
68059
874874
705655
305282
593330
956860
419930
836207
399188
227265
814933
998228
113121
835396
528116
438386
767610
623237
319922
873079
171561
576058
583085
76038
543389
449012
488824
992353
911250
797328
263695
180721
251727
217557
44837
180851
757321
276145
603610
192510
93349
850251
457544
212084
897371
492100
779133
905669
116918
592848
478019
649051
193400
590890
635674
614886
873242
67961
402439
261636
314736
745085
981893
482251
323691
540725
444058
739575
314360
18385
283269
545963
806151
352207
492243
652453
199910
709813
237713
302467
345803
21226
486556
202604
280112
985520
463956
748957
745113
729601
463023
699920
545137
767942
125290
499850
174290
802222
235098
53954
371748
594545
597216
579689
377565
63586
496698
236314
248742
743082
31735
816224
20574
133734
708739
288350
177399
365855
174688
805663
123198
791074
362485
904507
667705
682172
597888
580770
401129
413908
495400
427016
235311
342565
542382
206253
535627
861974
875969
857096
791423
303223
893488
5647
189842
805210
453946
130470
869104
316620
406529
178913
549551
788463
45469
622008
821548
882933
171213
938694
291284
244731
293129
814846
540607
676287
733107
505707
916854
752256
891563
413665
108053
810353
337794
633733
903116
261529
128582
179062
484479
114954
712763
952535
758541
353147
927339
876219
66350
27589
733013
453547
24310
296182
662913
257558
920758
573718
170291
924246
448578
943604
601918
247067
963660
267051
514863
677046
370159
37046
53930
327620
416776
334125
832211
557109
491455
979548
345443
603576
712355
884542
630682
649285
92595
341019
701267
413382
76666
440763
736947
566499
260178
903494
129083
635624
914760
325049
414334
285781
241312
537287
143788
522755
911343
628234
714060
71214
612775
738916
240200
603427
104368
507639
851234
813511
458864
848828
392709
101185
802093
59588
253174
584901
472586
941257
738729
377662
489902
711920
972976
501848
430466
824798
347214
416807
446808
988788
652906
392567
688233
328168
905951
930481
117943
608769
230576
524006
480081
744047
875673
527867
992885
265284
675776
407985
804111
350419
828107
720016
338848
210532
370059
509488
706170
690129
303893
347300
324135
600512
373938
86275
635626
64764
749612
536660
397021
739698
982985
218965
986745
483526
184404
942440
29300
256208
922710
934939
799813
531511
661924
923219
641283
253223
644626
447700
661867
880562
411781
326574
761344
718081
130214
233799
771981
732980
406515
485954
885510
541278
808943
559690
710349
548310
816186
7677
273296
599931
293115
85431
262735
706376
532537
721529
507
552400
278409
369654
970618
515862
525602
5434
163400
625739
815500
762807
227831
859876
413111
869614
67607
449048
257768
98614
800816
640499
258190
82092
742700
454618
93939
766648
308690
31196
733454
935991
211117
542064
322677
345674
666123
276241
34927
450747
799649
585139
572840
424903
12556
391712
367678
777996
83826
498932
250360
510864
724807
843377
888726
703147
580203
420608
731331
810067
171953
850053
826343
949634
413563
143197
654233
516998
610113
228279
736626
576932
336304
447820
353276
156138
963183
767356
353546
390992
457660
425798
307681
712906
770357
970276
707284
562541
666547
58369
106733
776379
536401
896280
884871
237581
89994
19946
193593
940252
404288
390364
825261
260587
63897
739562
35726
634453
475076
810380
177375
288623
214298
443876
390313
61081
383327
942112
216973
100966
864999
651122
26807
148389
715669
601641
868531
471884
545087
577900
252313
866368
135789
66899
874084
658052
110592
278562
13345
768955
501616
698019
739139
847515
773486
901791
574547
888176
110184
771896
874116
78602
188011
52070
754533
490181
326050
255180
555055
34099
130044
289654
6014
228456
985452
274866
515741
271521
317770
396296
759290
738961
433879
585303
53624
243082
391069
972301
208739
701636
470709
643330
722943
895886
300834
325362
188601
961550
841115
917077
217279
37174
49703
122205
769515
662214
218656
455499
270170
538231
650521
757615
440732
644747
602140
822394
214340
602991
669004
314753
971614
654409
855273
14609
760960
693796
176242
438953
700345
347765
24613
633112
564263
951306
331042
546356
757413
218958
457198
376436
399264
848059
688658
38251
995915
126300
788195
990625
263657
282686
130397
772240
410823
644723
253929
365368
809548
400642
537150
267551
468136
346478
375907
338729
688490
640993
923859
66191
901486
480373
399161
318975
843315
600544
652634
979536
226763
462969
326802
851873
619819
292203
117750
943373
899810
302965
755353
517900
213351
460251
286826
98409
181899
402669
453690
678171
728269
973361
479196
624899
186252
562095
368869
743233
471639
977754
124435
104307
838176
386390
185226
632972
861136
845034
370681
435916
460468
509380
681372
503393
12180
924899
472282
28954
48868
866149
499662
415108
921748
804973
645475
818083
753922
937264
151320
500047
258383
887389
688931
842728
74639
276198
730034
837943
99738
58288
123084
864226
651264
315219
556758
616908
490777
909518
71730
350919
718521
664394
751170
791030
474243
703433
173194
401668
651413
534443
303859
906299
961825
236189
786540
450114
238107
872798
243051
780790
196174
193135
552722
626659
321162
427415
198252
853855
586616
828880
315222
760899
155918
716178
923002
475143
366237
400313
20983
417977
706503
917141
719645
334298
408719
210062
35412
171157
319561
765362
386204
227868
530864
177373
946478
877729
749142
580356
155202
215087
290038
414302
443818
622818
139877
991343
730972
494729
811175
527922
172109
387478
366174
443362
668344
279040
282142
884517
732221
777910
60891
553493
866471
695423
296260
86509
250758
214834
813033
471181
269435
779023
386070
160490
452882
991417
3908
213269
748169
724305
268389
603750
34095
53296
598686
153925
506856
292352
834513
423572
338829
354168
450583
914940
820784
889394
986125
939667
624957
239594
511238
582183
586747
675093
57758
937450
659442
785756
387502
756538
852071
806195
138523
200651
581507
420314
19465
287987
998098
493040
849389
92625
82151
420911
395009
863323
695388
284040
248912
937667
641718
637532
62833
566726
838568
340564
60112
65233
900846
174685
132071
703632
873498
760707
366925
528212
500076
216233
270053
167583
718041
878499
881271
859791
121646
824496
758107
395557
714318
391895
323793
983218
326743
779548
680686
456861
889699
96927
141105
619155
492075
497874
383476
966027
836421
413269
893054
650805
590350
614512
817077
487358
38114
859500
260529
229442
379080
449550
380459
361999
809643
139825
775380
257746
845379
259967
602818
597985
174483
689548
869765
583396
363403
176783
642968
793249
530445
511165
491507
436962
656332
444676
4285
489668
359377
916577
892703
762335
739672
792734
146612
530061
657175
321963
909212
982233
126878
440024
764080
307078
968217
950637
972944
816825
374963
866855
639191
150083
26965
238991
746480
374351
817164
664503
361090
832293
725833
512276
339271
344280
79041
714035
162618
746642
788405
936730
871471
169274
70028
26044
660668
643519
6748
490903
46485
318148
877063
214126
181302
30824
593410
391006
163129
83377
558513
803232
360391
988692
754926
255834
176427
43299
145193
565282
138434
934291
611689
822736
43919
239017
686449
71294
371307
99713
614269
96287
513433
917755
447403
983865
735032
223426
67511
909504
896017
532858
305119
117584
851152
857222
45285
192903
86288
748019
684531
176061
76751
833348
189528
276898
90369
528218
792561
45234
869376
306176
728355
55255
800032
39953
775940
15643
12577
912582
178713
47367
418238
666912
863866
333277
874850
804782
254482
347695
356922
459964
521027
536987
264805
643224
343334
585892
298376
597762
253680
777389
844543
205487
596720
223892
529838
604474
406516
844776
801781
216360
617035
60169
520194
54038
675430
968539
254784
50241
752152
488294
467629
268978
846717
791309
860041
795204
932534
310889
990698
596819
678674
50370
397100
658947
724040
505194
33734
998378
462625
953973
292793
692571
794354
809880
601889
45520
583623
308509
569262
351475
943132
595328
664812
80649
399940
669162
909566
140732
173741
714567
813737
778307
117691
518470
790860
38448
39568
98860
878062
474645
778989
691349
193072
746004
287730
28937
392993
956034
315201
543415
799536
64887
518785
488401
623100
477813
403966
550275
930760
852979
938030
294225
677514
103685
373967
693644
915234
381865
282091
165296
577832
366448
82685
14877
758110
809158
295278
44976
966404
237217
575480
910462
459723
606658
156332
770348
548001
752299
975118
387566
958379
162142
186398
457178
343697
580813
253298
518696
485746
370147
154750
711049
556985
531885
31030
157920
192263
620071
35722
453345
532432
673439
305360
999493
368770
155656
884736
798439
912863
266974
676824
520830
538348
320368
317920
465784
410433
560335
296776
229871
404673
416977
213549
921162
613860
294274
200890
735667
383536
822697
62379
479216
722695
537842
488749
225888
355353
307133
480354
104213
637369
308162
510464
155080
867917
949470
721497
295805
265376
895935
98357
806644
212946
129193
427611
778377
182767
31138
98287
289001
524828
17216
939061
189361
72877
770573
801268
885476
219284
33492
627253
807561
834933
817419
699306
245343
718997
36508
756652
411582
500912
514066
138397
37964
931113
363420
538541
482072
133468
578881
603063
301974
716304
616545
346763
844472
413448
248100
580423
729509
527736
981377
460126
897688
616085
228141
360187
660568
573253
377566
807102
938191
395702
233082
522148
815946
344394
588065
607878
735820
334064
194964
270328
525903
225294
283584
748498
166552
622746
394859
316939
350581
151624
657594
486336
57366
846302
952604
870165
557766
154851
120343
894194
168644
629493
220781
397743
176834
709498
390570
363658
900089
235439
976013
230485
809767
341788
625617
223277
779559
673576
467734
885796
957803
767625
918641
825152
419479
508883
170061
153629
231485
847922
853052
363117
631601
776819
988766
730080
118473
938236
355436
120607
399091
768156
415202
429681
917107
440509
953095
989057
499703
493110
731930
298423
28312
969533
349082
309762
768751
54970
265266
344247
624466
904118
177664
547219
297898
452210
123329
688796
99634
104788
440346
695654
541838
228221
62725
338034
620294
507766
746518
94833
831709
828872
178857
260006
282642
861610
976235
488233
741170
776853
404545
105735
182808
338676
313112
505095
445699
234295
618570
522952
348562
593287
821162
766278
146398
475284
162028
678139
395764
522057
736756
252642
216622
699105
782585
633494
503724
875731
291926
454553
403188
266537
344045
458289
52196
551151
830008
801197
762576
725062
749806
918982
853372
438232
751373
707808
996599
668774
421834
39600
331218
717692
824275
936823
649084
980038
200189
323180
843259
907005
225039
29559
377673
315834
989994
812890
487817
281835
833555
424618
360932
420707
261791
459835
128965
305227
374074
455323
36525
702006
862035
415732
248243
120403
833832
492373
13468
995771
43369
999562
357266
254954
355724
771943
447749
934411
60333
413156
219803
194732
663519
489762
259285
168593
450067
436556
182143
729956
450275
779097
659091
788682
697276
273453
938796
678544
304294
575967
658658
826820
561266
276501
512646
464929
564031
920908
413051
809378
14696
17780
385199
345271
271309
853176
711477
50261
622525
375515
285953
546536
621501
133694
52543
231012
712631
578046
100752
502777
113922
122426
757089
137637
509002
147890
439274
778851
920220
201611
750913
431873
569425
925103
62616
241871
950612
963217
387289
752435
519505
918094
435868
345178
235899
436975
993859
274825
938618
638539
969075
184977
526320
643849
516911
493857
231207
40131
185810
649717
107609
300615
850089
501677
546330
983543
824363
890360
777830
913296
80854
782319
368835
801543
549798
864510
381586
775567
994420
662653
654776
555128
129706
872797
202659
21489
47583
74621
611131
476974
204691
381788
956263
498469
82120
744105
371897
133490
276795
236023
406071
440538
139646
883468
226439
290412
415347
347801
228790
720131
794471
855555
45413
552617
480008
292639
536464
597590
562244
580285
685692
360150
389888
605595
541949
874184
477938
808699
615905
65858
298012
235663
118013
128018
3046
197840
239314
676447
446294
252077
579227
18031
595374
403873
994613
236034
339234
11933
471019
407131
364340
600613
995293
509534
663982
172983
10381
634133
143995
96549
991175
993868
198371
876356
166890
454301
363362
981245
194070
843526
506467
470208
528052
346742
706078
404953
820828
346727
869067
329691
704743
513316
523841
243768
377555
688300
346928
239795
770508
980143
479863
800236
843677
894325
545635
144346
409075
562910
567237
842968
151369
606724
739055
454934
45621
444668
509131
756976
699791
989692
513367
759195
313785
613782
984897
193083
201488
854882
8730
703187
92974
200123
422778
774292
423896
992928
363889
104150
257483
944506
541413
826212
136990
894396
299789
274097
606420
819046
291849
336233
92416
714213
715291
524515
762581
750549
199558
540978
660042
514406
423937
990107
979494
781532
108120
585568
779373
104624
644256
796987
763047
740884
926165
78119
631369
220756
193682
600535
156035
445720
782571
650378
181157
131142
719018
427126
364334
676228
807397
952545
633907
813275
271672
553231
437417
132919
491429
8598
428495
767051
131268
380237
827706
543441
929320
909667
501310
739823
15633
731276
739766
849781
231943
800661
89329
997955
263321
628249
129465
3848
873906
220748
417473
53349
806676
332532
90602
491823
820
570040
720882
810771
421042
537169
218426
813461
609972
314333
697458
269745
180126
312466
403875
276194
584815
920143
847256
127872
65403
121422
547626
849412
560321
183990
565095
112807
759528
858893
613726
826281
536475
636235
266442
559086
884158
513225
392601
764163
628043
556505
975703
931198
251022
773487
209404
724930
713529
437244
788558
446625
490917
317019
757684
807133
352230
355428
213977
770247
756937
290655
84665
439049
49580
549843
763596
562751
834938
586108
124491
348223
776386
87834
417059
207097
145972
499494
714869
657850
323575
364320
660552
742475
883433
284291
102220
482806
850420
561818
880204
837352
422153
190316
545839
598130
435645
662419
281706
546026
590844
646059
328582
674350
11438
16997
357001
550984
826468
549627
858948
955629
306175
862526
583032
694688
465630
105355
200806
778100
55105
326812
764082
325614
93567
168762
614451
386376
556320
194064
491738
175058
680152
79132
363836
241908
815457
38206
113277
998478
58739
728115
828379
62784
279587
766299
433748
13509
226965
304950
309685
765690
146975
67565
692161
323517
92604
302349
301690
544688
59242
694670
351118
652061
103265
858770
822305
793908
475568
331369
803059
778351
143925
684689
38446
415446
642744
31291
336975
309534
539684
941192
683886
831661
310692
232019
790571
391417
158871
835751
684599
468878
293679
495761
671420
262638
611499
489425
962154
216978
308846
822890
245984
992079
104636
851545
869747
122644
850322
109218
676893
689040
408479
837509
291141
343344
571554
733136
474918
346758
16353
755790
466783
814597
89603
247581
238359
36329
6795
994973
108683
477939
124337
647044
505590
293010
324447
409615
550236
250462
36613
82643
279474
529661
997529
926514
946477
715240
223662
160297
204197
305352
8752
683717
940838
739578
469050
414069
716500
425714
138772
439035
85304
58299
376396
288125
680171
470492
323631
575032
924381
555927
991652
922900
53763
949323
693094
669650
478491
353209
107741
451169
387741
309219
865879
442256
159743
172176
31591
885791
237093
164141
210138
391982
226980
588877
326035
923159
135794
229841
857026
980311
753131
209315
937093
442535
318018
488220
25243
621481
54658
29446
643969
791678
736064
145083
637291
170036
608096
815340
461408
550749
639808
560254
459314
380794
874564
786126
959001
92566
505087
811861
631788
310320
417338
449831
236091
821841
36197
33110
27019
233275
669144
750195
165423
460098
633924
716724
109823
947252
598650
46065
839288
401395
397591
69257
504240
965476
484300
170337
75380
407872
259014
291852
412671
549320
217406
360519
772121
378965
771998
307483
550859
55949
953166
923429
424762
448306
957275
157042
490472
550484
619652
713796
76226
664935
293536
202866
645158
118447
185519
150955
874294
685463
462651
685466
681810
482786
945578
896678
294517
430457
135011
283921
538798
764066
304475
84672
532344
863633
43259
977625
154936
784153
440176
285256
668308
84283
780878
683293
893995
263199
920802
828367
873652
84705
587602
348516
816822
875714
668915
197032
596449
879039
846312
515162
570056
193663
84657
373735
485820
918565
5975
23438
916230
163141
649906
724706
540480
993396
513238
648494
766480
230393
681496
97394
292290
155743
508416
52812
143553
258540
817613
984882
914354
310060
263455
485468
525934
70310
651909
602303
680218
890352
172579
752435
38820
48159
505984
465909
178907
157718
8938
356169
448043
258751
613126
630776
799860
957080
621048
937719
572551
971301
836843
480936
806972
462340
106685
847993
597491
300061
716362
170539
944101
315639
930580
98285
321894
903336
632524
21414
466681
507109
649087
37138
238799
429751
863328
836
114654
501071
47214
588681
240987
946224
209346
209901
190420
76874
709943
133399
214315
401575
374262
312911
523506
155006
695452
978144
313696
941157
994507
36377
160942
921316
777034
829229
339601
663461
783321
295610
99988
269191
91606
56871
574801
3281
656005
253350
467339
767107
276864
475289
832427
599241
203066
938321
337238
610761
740401
932593
13223
183963
953264
241329
687822
71448
484414
729726
302724
180875
355559
840447
675818
153349
170532
940403
872638
531341
510953
207030
681272
554484
276043
127010
904903
24773
68109
250386
401955
143579
695494
410626
448271
102094
851056
685970
997037
797637
113039
177386
987133
461999
909499
832311
130804
950605
960716
406674
408117
165926
889122
839170
765102
654494
390351
93400
384594
932641
637345
380281
561326
749946
392591
703161
577322
315776
259006
388257
348767
411887
443377
653011
112975
735828
194380
210373
380421
571362
699395
858025
439434
368931
577380
936877
945537
248136
507389
651998
89440
285601
476843
348775
581195
765480
314240
972536
518734
873655
270480
297218
29367
249690
664280
425950
320654
449727
641996
922957
560115
611658
541052
956762
319058
939525
70946
49756
110852
569269
845770
309336
83525
125127
370718
8131
352590
896361
584589
995940
332687
111414
425112
638360
548427
466953
800377
351856
829135
656243
437424
267252
113552
475399
130859
777163
27104
427026
947856
709042
949133
591848
540779
679402
822614
959129
770863
444015
558859
613123
302635
4834
836096
472577
809098
154568
830061
634753
182342
718251
115173
575540
8683
337950
634161
311646
718404
414942
706697
122125
839652
125716
853550
320486
914898
477048
28007
869146
405714
161039
901590
354296
64652
74772
166517
7517
40860
49717
754739
161158
694965
657716
159077
977158
579058
966894
718122
149010
488123
658297
655712
753850
289168
494950
827069
295347
175029
688293
546891
85775
567866
859144
790658
674189
410726
356512
862659
900045
145536
24004
309807
380060
133497
256048
678690
704685
203769
157193
636048
714281
946372
51006
418618
863005
171849
517899
605132
733074
892679
953687
137238
930746
109788
993598
174821
102406
198828
792105
112125
475989
700394
495640
574198
532486
952262
31809
577072
19758
483763
237266
565173
29925
976148
246035
203881
914043
422402
758759
581552
816648
812732
743025
239196
547361
438508
795028
705617
431143
197330
443346
97528
435577
967183
718038
213724
480329
343568
176269
247588
187084
83989
313134
378605
146763
562909
424155
950532
468951
972144
121055
181309
170330
412489
63255
507507
677448
414621
236590
688988
328691
408844
632257
444423
404286
197283
246881
457717
698089
454156
328246
92690
813388
575955
506048
289422
688223
57237
781049
785692
263094
958983
93783
487495
418122
403744
88557
493932
612209
668516
461169
206680
249904
194254
14040
316670
321959
923802
335390
971797
513386
899244
782306
481868
394672
535712
586477
921003
529765
624943
464979
456
663194
533626
313010
766114
960028
436087
160088
58013
156898
304565
443137
156186
803680
579021
978429
64562
666744
557287
614064
244688
239952
250598
526195
825192
133758
449777
648153
683160
708128
881183
517516
31193
641737
552894
697109
663265
929942
677824
453178
895129
351134
538883
339073
460470
770247
908732
499859
585783
386486
804863
600508
452921
912222
18413
613519
184122
547898
876474
440102
254376
112917
515801
912007
410149
133510
385607
479203
12762
142394
179889
850680
760181
268458
208707
491286
32704
189931
719631
283326
239135
279395
491093
206309
643366
461465
541813
234841
932501
732198
382510
673339
624561
342600
168082
46058
205119
843158
925704
329600
701664
998925
666429
902006
390340
375304
797097
571235
107020
552654
278522
522593
340288
565830
202271
910480
589865
107973
275058
418356
471181
962184
414850
789306
407429
728381
907196
200920
977468
532987
979574
310034
531782
154387
461209
217240
58010
100030
747496
22925
775214
607989
115633
659746
341102
360288
267022
962657
451352
998566
629528
618310
476471
17571
653482
964615
713401
202360
314893
618421
196527
114620
213445
499642
851681
691919
840695
332482
888268
477711
744565
933623
824058
694180
448872
502372
140028
818167
43993
350971
907845
674624
629660
63794
234918
681659
561113
995783
743073
235452
690232
577509
172333
351706
860520
936415
635590
286791
784589
428505
741101
423232
899332
851718
262211
720415
280915
243979
847166
346254
742066
603458
810501
818134
641008
126107
60974
641813
282948
805790
941202
168654
503729
826700
412041
850138
282516
648611
136583
453757
342349
618751
858130
178260
900616
999197
794911
249834
387687
907451
425672
808105
867790
34012
276845
697453
912266
217575
637476
434740
743391
928751
871262
548658
228268
310478
625495
77569
29309
99754
182905
175734
495277
639705
655886
739343
972662
496673
308384
72264
816151
77272
689712
793164
107232
821866
718287
538249
705757
774329
20763
890972
158237
198175
166873
340460
648350
88078
990956
284883
367446
174553
113968
419766
281760
914380
218166
107061
864450
819509
465564
557566
469719
87494
629703
560636
645725
855762
312832
561453
692829
417717
732136
526034
678387
249809
720153
791487
447993
62578
651739
875218
339476
62035
581504
517952
672794
796154
385885
516299
63455
880958
729765
851536
104859
694697
643171
850876
176761
575160
991827
299231
486782
552511
285022
496217
998100
777129
430577
623664
727923
478
989369
93188
644971
294077
735677
631897
874192
924104
160471
291348
753666
379103
368848
434177
898967
363301
609239
986001
897832
59775
871902
741473
440693
627387
282130
50101
62069
666829
641717
131715
383167
230772
545881
939628
732238
968571
727290
787782
379060
405851
155705
427412
736414
189053
698033
36887
462144
264798
385080
288957
777181
567116
553780
760312
550068
930317
209943
832106
220682
854238
720248
969148
409937
699929
337103
177614
97266
324208
496845
191176
865212
562837
814038
731535
742632
535292
557916
791188
969288
471096
531545
275462
676684
801986
95208
234344
620401
13529
90625
492477
65863
509699
773775
676959
40221
706353
716976
498607
793355
467200
461449
145190
908251
19484
253122
493706
224276
209279
547493
416253
572581
18391
591567
229807
876459
183046
621840
614388
604959
620675
347621
920369
166047
10269
543631
801903
740247
990752
698255
557841
246092
835152
939521
633890
990533
903826
295058
495368
373654
181675
623200
507158
679562
492191
48684
553533
906540
906747
775742
58145
142066
727215
561366
783370
867271
693331
887434
953713
651123
440586
307905
908219
213610
394628
120522
476354
809454
744861
707610
933646
883553
514531
838496
960034
831723
933813
321991
883507
231236
295750
736456
39092
229918
213825
471400
886348
705970
944583
436629
837417
409702
281235
333465
450606
437720
608575
59897
825864
77834
644895
111788
101214
222698
446091
998523
850790
899644
588155
441202
113685
724198
173643
596032
73326
231704
973149
352240
607804
789782
67933
490948
224603
313507
332192
653163
782640
152907
621094
768096
76216
812941
534142
486943
596350
168356
30280
938947
97895
107569
587414
790849
637223
708743
426028
757563
855254
854738
264039
53890
253661
724644
358970
309867
383434
284126
619155
538764
384068
220791
113948
37396
662232
313836
282077
505732
739569
985092
145022
687182
62374
661951
574186
50952
426862
10907
489808
753101
609327
107074
982787
30577
103027
91667
156545
418974
94779
469003
698321
476751
994926
475280
478533
584809
332778
143706
858335
401201
585852
311614
957136
345902
833770
791192
580636
592348
950125
192213
774105
601418
203452
646363
149142
550481
142467
986645
999831
149809
414515
412766
852927
831433
52274
373065
692295
998195
670835
637003
801322
81978
979937
497542
690659
793528
35061
454770
428814
650257
890088
409642
264107
937990
92930
73489
374722
181110
106704
494879
214432
710967
120051
834251
871167
738957
999637
273047
412483
678341
249591
156851
834465
975793
887078
975311
80666
525248
280845
816384
485157
83321
668259
226382
671019
430100
993349
265624
931756
200949
756894
359460
734783
139846
1154
685639
827190
228784
105946
86509
774368
420725
453818
131974
175720
375853
734159
434829
836186
474522
187188
484598
223558
649258
740323
729652
313981
735242
900360
974180
418680
188642
465329
35801
224793
974960
155106
104709
345353
92420
575430
425408
21248
895126
871871
458360
92835
228095
346398
353398
984839
909722
518382
1161
240723
480440
759403
50257
384580
293690
805712
43945
444299
989391
390542
906930
467473
652299
740632
780025
900250
12320
330523
703172
289863
575611
32844
745854
184565
290493
188761
622716
742916
278548
336321
96811
727282
690550
61247
156504
106853
311546
727458
511580
39623
22419
56952
434082
699979
426025
219816
627479
698127
339925
405855
831724
613146
823097
518115
282315
195076
249595
941315
916692
103669
94876
868527
227474
711301
501304
853412
598911
214467
930780
116287
30960
892049
220351
139379
919006
439661
562271
477014
945171
365130
330106
662422
674798
692828
869221
548872
940818
783219
339915
542817
58225
81855
355142
862461
263472
692146
114707
857181
947512
839747
589749
798062
988569
405326
473193
939524
234266
968088
57281
105638
879649
445873
795808
531074
711931
922098
247121
948033
804425
759590
208004
502837
773960
643781
29861
560367
106299
308379
72666
169838
761719
654472
668826
972338
814923
196320
253285
681774
197962
306099
563235
375707
723318
643430
800861
592553
491466
596352
378258
930960
184931
147649
410167
682117
866253
293612
986575
807561
843942
683430
329442
932507
285489
487927
228381
296142
887930
705005
64966
984629
334689
715999
969241
951034
817540
771535
903812
735886
196109
373993
573436
434106
842837
490600
671226
857813
289459
894232
955222
683150
899174
903414
876862
349161
60570
196723
580947
892935
344858
855703
722400
216861
829971
276547
124599
868935
992577
62671
760042
506165
513849
990737
935139
723395
248465
720703
227873
691559
643439
464492
55759
296900
716397
590958
500611
60251
814118
44577
955728
446817
806368
896964
452104
865771
419990
468736
700881
138757
227680
90249
340322
743267
719553
674910
445147
573231
364429
274346
383999
678657
87733
439949
851855
624877
892400
643892
220099
154933
264392
719396
513639
320031
74559
96471
176465
953698
827612
383421
130875
119290
429781
210211
573057
279131
996506
783537
535224
561730
18300
547533
314152
238438
640248
811870
868712
413133
362020
233451
695893
217788
266229
409377
872942
723015
775786
810803
269135
433926
780889
907036
366216
96744
268820
485888
472154
860577
935928
721200
392141
649151
927442
335500
882737
432923
445677
697027
153327
283690
609468
640311
869770
14131
776480
614523
50808
842331
461143
344830
458711
954972
545155
431041
97422
641620
295186
34180
303041
326905
276430
563327
131312
290795
117827
612748
293101
343010
879368
818466
364280
326790
287404
579067
252216
562654
675583
370007
497240
86560
37242
120538
687932
414951
939467
670289
727199
518978
499329
600274
652555
365864
403217
929537
286515
767690
544067
9775
915888
491201
71868
384348
453014
797351
443432
942301
664563
977473
474499
335769
348708
806425
883589
217261
604819
688107
546536
5104
486032
992053
186199
422864
602379
524401
54517
12379
168236
117151
299654
917658
587535
19963
497854
492248
678431
428495
219748
222400
759374
730209
296035
650788
355886
518412
71341
704986
492975
592364
727116
350529
621173
777395
808199
778849
355413
412249
689645
986928
603501
313840
766785
322033
898717
785813
691394
800695
860134
398338
62101
98248
544541
517953
839633
817116
194635
282491
399463
800005
964644
192559
409644
65640
793314
164414
563909
465705
220414
513122
711470
961317
282699
17983
938151
461145
371183
307154
705467
209824
30398
233990
885550
183321
652917
198437
6082
734119
738511
452523
48614
362705
929415
730231
684348
488138
161131
466331
53445
250764
343898
770514
801452
373533
782234
959633
292779
918964
559128
176886
632414
489141
612221
466909
331298
840535
33897
749330
87465
795174
230862
31712
405278
250404
874732
438152
205295
378187
477284
537421
666876
454382
153148
813804
10970
929149
63342
119018
163971
705895
104365
165253
901342
750874
159605
741836
980327
223910
423245
843786
584315
134591
549276
80606
183491
397857
487461
465062
847866
987534
3105
138010
349404
983667
30136
860853
96045
370857
163099
346701
857507
356311
134272
885572
669169
386804
591227
677079
10928
354282
398390
966484
588012
453334
271501
115688
135049
399980
38216
652438
625105
717752
885686
12932
393947
787519
794658
359023
59288
468804
361589
394303
65725
784742
260712
215606
308744
399718
437283
112961
558322
938183
466679
498737
306736
994958
833717
560515
475557
658729
74025
519579
473959
207532
870006
7056
930604
56566
803919
269984
418897
293682
541264
319620
97286
838777
790903
151007
768602
682005
677825
177040
321951
253473
902629
573031
123962
485900
104743
154739
578825
646652
906459
2617
718641
590863
440759
188610
959875
197244
959443
511180
717578
547096
989759
302304
82675
94261
539265
447107
833561
205221
463465
253830
907565
712732
552723
765816
414975
3955
856377
546492
739947
800009
473522
369141
501986
184260
397323
911453
631828
936309
265025
106485
725815
821850
976664
382999
184695
765436
498394
274535
289658
640441
42031
640488
966030
558812
840150
977963
150642
516776
264126
228194
239422
266932
349827
82962
697711
279472
727624
303399
970899
461125
292013
657057
434125
533979
191981
129388
464582
890100
398423
630478
989937
856885
18535
270522
99640
172741
933313
316993
520840
413966
885833
139368
574070
63137
261345
164628
19596
979702
496896
824290
559220
461457
744683
194323
608832
6719
991251
643941
334868
178752
289036
665661
922673
334975
788389
25343
467038
30140
885352
650624
279733
356362
990831
260051
792775
500916
232097
469376
997101
141307
518984
119315
371244
854203
900240
65744
333060
357035
567775
982212
955285
106051
460811
832374
565999
170232
369340
728317
639284
819043
35552
514923
398124
569856
497796
191335
711589
894865
620950
140696
82501
162786
493492
589245
312174
860584
214320
686362
13132
664899
702563
560013
346238
117219
840170
79039
179550
664582
890306
14070
350767
238943
898108
824582
764706
260179
714076
308263
102853
188060
404820
883234
787977
42768
572632
125094
260526
151804
121246
257719
304781
265258
317492
873030
445313
142146
338109
120539
644147
221069
962569
494767
788673
248660
829136
905110
514507
701159
200075
965273
247321
854970
384688
829538
823404
867049
681352
108752
396256
576092
679662
999723
570170
355461
730086
656241
299604
224454
509015
885903
9570
309616
191527
965163
326368
224359
82929
843486
824474
378529
369701
143167
74775
143053
507197
422362
329507
884752
430680
643456
549368
274346
412917
55544
836488
241719
940429
904851
880938
941906
810444
656221
139422
121748
54446
642992
377087
566394
260915
611682
565188
774500
863038
246750
634930
558394
174480
694608
562658
529897
202587
403066
670570
958923
314950
720164
121835
450085
70652
949488
291639
909066
623921
150987
96797
492572
565939
62592
658834
921970
568104
541351
772541
756950
524266
278586
26014
402597
185916
146567
191388
679257
926183
841986
584043
31972
796213
760178
877143
960114
738441
163980
240367
104017
843993
370077
594320
315501
80522
520224
514189
281780
978599
571375
393784
962200
151805
712470
784464
808435
668117
602564
626311
241156
894606
474843
600622
899607
566167
828326
729983
753987
295687
923626
457543
760973
777369
31317
250414
289642
79111
139924
641316
881762
241281
879296
598826
44048
468170
775736
732282
441222
636848
468682
863636
980557
789606
33162
92967
609290
586623
845381
893464
971964
223177
614288
700977
152353
544900
665593
328169
708984
510846
40095
527052
76962
310924
671134
169671
752866
731239
300450
736466
764355
481760
166109
780346
707801
393985
142739
349386
232095
27074
215122
458773
481408
619365
826560
413667
838641
375406
693068
345846
551547
537090
989830
160375
20502
554075
518603
455106
782833
663334
565209
475147
741647
632122
900161
720939
154571
864564
943418
905995
986428
29235
523025
25771
503091
328813
764286
291920
873121
402348
836819
588232
610326
59689
845838
964315
863716
864003
756621
50704
161826
923612
320289
17688
881804
694417
539514
790555
827976
209363
713218
771998
622979
800615
715207
642382
585658
935798
223696
571052
925333
221521
452176
587732
407853
840710
897336
491883
663278
197591
846439
396900
344024
512733
58109
