92240
389881
68512
229998
162341
517661
334280
459119
626980
989954
22516
425411
958108
332190
153798
684872
133691
639284
258865
677343
845516
84431
844472
956596
137297
630859
821086
821340
936825
967884
680368
27095
673087
352274
184235
327668
779167
61605
131659
545748
422836
16298
273393
746182
637939
144408
925424
5522
507966
514052
234420
414993
26854
212504
230031
558073
821504
110242
776097
808567
938722
501256
75300
520693
763131
851354
28178
34747
445196
533184
763443
261041
747591
163986
80326
255427
892482
697735
211211
507421
960600
202308
558635
651222
353629
101846
185989
143401
659963
687355
411478
637533
135981
893083
323268
95879
185048
11860
785415
818790
396097
54258
724213
190636
527983
956222
510504
370844
631582
806829
817998
803278
77789
766522
613516
862224
194373
971406
209679
685031
738198
331354
615858
563763
63215
786695
689157
223536
394090
719173
488128
602200
191250
189312
796164
975334
550081
763441
243530
475254
730267
992977
79338
114249
500577
910440
541962
809380
155954
117571
106465
845143
778788
304899
140647
428315
255035
450322
947739
828565
322052
710001
207600
862135
8209
178093
224789
863046
849362
261488
109984
285558
140619
490612
600854
256369
339959
397266
548121
58934
429817
225145
527215
634526
674875
356858
110123
857019
949286
308607
1146
473625
991740
524572
189260
489062
603541
858494
573404
688046
983156
892415
815710
383102
265541
510364
894404
169642
684341
291454
11694
614891
446574
886644
604588
180384
227886
664642
588144
524725
923075
856275
157973
538209
611045
767817
188934
825673
1967
86901
187660
633858
927291
527586
462840
261748
434330
16780
348585
84441
392109
936366
739771
152229
293348
424569
135629
50560
380368
457312
296172
971695
588966
637264
619617
971344
790354
911933
235795
333636
237429
397848
306203
136039
887805
198813
772899
733562
960288
49992
88057
714210
9269
337319
483574
846985
472175
340235
732357
523171
849270
806552
936978
485003
354788
958844
144593
843403
821337
956988
563816
636923
855163
226538
461178
19520
285901
802867
73937
721398
783787
594773
169191
249000
4895
535213
10961
741244
486563
647342
133129
576172
90804
810990
735062
786799
276304
736602
181722
602358
46348
403978
100728
62161
661907
821616
328672
677746
76223
102953
604216
409098
377229
58934
82792
211792
615297
228932
541954
704992
670997
799399
867533
207872
182111
235813
935597
532861
744574
656175
305200
63732
838272
765803
994679
6508
491860
139052
450751
68129
303782
638147
30859
327644
71965
233711
142192
82941
973293
61295
223676
932891
783193
116345
147460
510082
198025
643843
683593
519899
178755
785982
831110
137705
670985
874338
214745
31471
769807
557092
989195
200240
445144
864389
154238
315278
647084
412548
211122
532692
362552
382708
902900
103311
649986
92456
144419
621271
308422
981898
763488
219499
786290
735627
833937
838970
120379
758132
254546
973566
220826
990555
736378
571139
504615
236146
539909
380870
889232
508218
866019
127480
757046
580245
3420
523234
183524
850616
460318
334242
952428
142271
202597
955411
648672
36378
501125
902923
250346
636325
811607
42557
213641
891606
125118
864511
960104
35983
205461
343143
512413
230228
185526
840526
67323
368086
282793
419062
163668
510574
951784
681928
700494
12197
833100
505590
940000
681776
247381
299071
765802
614009
700634
322065
930415
551768
626507
309512
751408
210209
267616
118420
885285
842326
654305
970809
57434
741501
948624
246001
456101
56397
231606
628652
807808
883970
587081
380279
536519
439376
487159
285370
485263
140979
128081
225052
941280
388517
597655
205313
412497
788905
127900
555315
118463
463941
726742
800926
903273
245004
334084
110645
316779
732377
654524
190451
324757
32920
880912
263228
209896
675454
683228
425186
743980
361241
233327
933443
252465
500417
484692
589007
599072
926510
585852
950631
606460
468068
374153
892257
715899
34889
547449
244840
197499
905431
882029
308032
898723
525228
667285
521384
244183
630718
569787
112472
436759
873069
56552
276266
857269
657777
992054
650965
178353
75826
137972
275732
315186
906743
808239
242917
895587
190518
837475
625453
703208
5001
866110
534328
747388
160898
27533
67039
54761
594517
618950
477827
220258
477940
609712
526517
982656
143608
57971
679096
361303
619066
589752
920606
73141
967554
802492
442766
581687
885399
194423
514599
534087
282293
542819
376575
708917
875485
529707
353861
780017
464646
328945
449924
158755
241905
603132
152904
616679
481050
476093
881371
266280
763146
755324
181096
91800
104906
59044
44033
965897
643506
183271
309308
964907
294175
395727
747320
12706
466306
577891
888893
489475
885525
977714
99714
45740
996778
78974
621128
18941
527452
578056
639139
204983
375654
182773
263832
424303
522450
271578
347234
635950
167945
881769
697167
956328
206409
212855
324680
643352
457270
527273
165869
135732
673863
492539
172702
267090
219169
798444
986519
610007
873153
693001
122355
236311
536018
352597
583377
784143
42846
200978
82580
299066
640417
501615
637764
156307
239801
229838
54226
425192
837242
306801
245304
770008
273631
588864
936703
307369
865691
986809
568922
491016
319501
249780
466416
926174
543697
352786
60727
236747
132466
316226
310460
568513
76670
859759
715519
762368
419315
917514
141882
601961
289877
291247
174146
17858
596641
574198
86855
797701
553307
381209
517046
433445
948996
943549
212797
55070
223336
190559
681326
669303
862483
226012
413629
97239
701796
852956
285603
528705
47865
253853
155749
267822
362378
648152
633967
720390
859730
519313
613274
559610
212199
668992
840589
956929
758315
708567
729535
851756
523419
417200
54426
329704
155716
479381
177659
225552
348822
200683
376790
666861
32145
123963
69879
744459
674780
32286
363299
933752
709428
381957
209629
484764
51073
483555
880900
131952
145093
239031
124442
272796
542701
905913
715615
914801
289994
608032
930396
139392
458905
969294
99963
120149
736894
40921
966035
776851
453712
140535
324866
577773
55821
275845
546227
181759
544046
732212
733056
888839
212310
734353
425585
775491
333796
106287
77857
924007
301735
217522
965889
862779
457649
619259
199094
470031
822020
190891
226462
740508
237482
679702
745072
828409
997665
946886
633089
458806
664562
56425
171875
378649
475490
774232
352616
620338
101826
739204
929476
947741
64289
705663
798417
858964
282082
415396
9771
830702
673576
766373
221115
601976
356589
776495
153106
257455
5746
976444
596587
769687
722641
303924
431251
996986
903854
901825
355364
215936
696588
66478
613356
704872
364604
62522
831789
916705
963631
327487
756414
891975
203117
525626
165775
890813
971102
55159
70282
781475
779270
289946
62420
233972
900110
231307
3762
590527
946045
754943
661513
444352
918022
182688
916606
145819
138298
748569
342396
161588
616478
424703
158931
335917
691863
221983
892861
39293
112386
353504
535485
776233
746016
712661
755937
333090
389166
22306
908070
940924
758995
585223
755066
545286
344115
685518
477916
173834
539553
687117
328480
450594
547313
113241
829006
565301
683114
226631
760426
602765
569115
172000
280847
418582
849989
27040
421365
82550
228917
134635
362129
267907
3125
96397
184027
13413
194136
564524
421739
497354
365620
949389
254909
695487
384941
351423
590292
256754
821355
53991
88314
815041
359405
532329
423396
324670
335671
946417
958388
880002
261607
478875
375129
42474
807974
350405
896978
989107
877817
853934
91919
2414
832503
324939
82424
183904
167765
387878
457415
62200
674205
564211
52624
737005
596286
183473
996257
415604
499644
524857
681412
378523
270472
925927
876065
851973
787818
959906
941568
211394
547162
954825
914029
968714
476335
231867
741428
411031
98287
280963
669708
880284
115525
486495
754512
994981
422928
348075
224744
981324
307991
712303
25094
904917
753627
532034
310092
640679
325829
734169
44748
497000
301503
982959
971623
609523
118495
61459
857558
745464
190077
72073
318343
145265
625957
299422
296351
308541
726760
38348
158366
70043
981069
665989
692705
648516
363237
804959
477184
355108
777404
774877
718423
167159
525995
426262
96738
455229
923723
699077
470850
154713
483652
674796
962780
169548
220035
784933
770593
960904
505098
624838
916904
977780
542177
239856
832502
682428
13418
975157
649248
546577
7442
378147
697800
582276
138084
573233
707011
740602
940215
93957
457627
346637
351048
901600
36848
52736
643554
455655
66681
640540
75065
974735
325096
677931
719127
713891
238700
238928
71662
922549
831440
927553
814092
517279
323392
624355
647276
701940
738796
439489
732712
972553
462341
421480
820236
788121
466149
127969
877383
754009
910795
225355
902331
195865
710467
736469
424179
832275
384229
497174
800756
591956
203828
270793
817260
517252
353830
319976
704647
490900
712451
401315
628385
182530
532134
390781
759318
22284
853088
7492
329780
961135
174588
323627
659666
81050
573406
232581
5114
434292
608901
559648
949633
547783
805359
327676
4664
891719
173276
796583
171323
255939
475370
102326
990310
500455
777695
723234
858536
572907
193350
583740
302447
8412
645680
19150
486083
576389
420379
746704
558319
361338
204785
261060
849433
566400
914535
89326
906163
371740
978694
993779
454666
278135
979079
47694
456572
684586
253206
822825
439367
553964
676345
211422
177788
998805
870922
46089
573906
531662
953056
125065
562070
636568
493452
460308
371072
753333
156031
615988
941986
482550
329033
93474
781689
153954
381244
271997
468582
605824
215407
566631
930614
288322
631582
812413
879901
598094
977775
913328
760194
409258
904208
507845
120884
789827
800443
452325
388026
312601
656859
562017
268423
959243
576137
384903
93004
622010
50927
876122
52456
329437
830669
545968
655227
476321
428186
677997
638552
37818
601154
844055
125976
791563
778574
584791
399243
36974
683234
862987
2506
840864
706463
399946
411880
128716
370153
652277
168327
895666
447810
826038
955014
52916
679445
596120
513048
178301
134799
612163
830640
151630
886504
697554
952664
879591
207808
598099
764513
440974
245732
892826
793205
659263
237423
372866
851336
163248
366797
579074
594541
472255
486427
722599
163653
380154
512490
996723
261714
869259
452771
903058
771818
925246
951172
706229
784390
724657
726728
572750
119226
123607
320741
265830
859135
251816
842799
916958
389164
783977
107226
773056
547076
29907
545437
833217
519208
386339
615153
346261
209837
823805
122296
602799
134664
661565
938363
678484
363878
348
647308
777755
844440
360828
804362
108803
401388
839633
810307
590320
986711
803307
550708
579012
28302
768292
190827
61846
425267
699042
259918
238034
639148
573257
536436
988269
120784
561280
111152
533187
59771
991199
386671
29326
96001
728754
792951
633925
584639
316396
398799
857487
904589
698988
263550
290210
853839
738852
511467
213565
585067
690156
217955
544830
508117
111266
697274
559200
455685
402299
506376
816341
265611
670699
311061
996028
515641
165997
388367
751871
354814
999535
811447
282124
242322
478046
842589
853230
932365
233417
37760
746503
351187
233076
6103
439660
433578
269692
59821
570077
39468
347233
112231
516640
741207
897909
648289
542073
974850
86624
724023
742855
667307
775373
894880
738941
364459
539701
929524
233148
554954
195014
403470
687562
37423
185199
578380
188722
953840
326667
619955
66616
871240
39015
573040
314166
474726
736114
367097
72599
668194
827712
855442
668911
155018
445499
18668
452022
144283
377190
427111
141280
847116
490831
8888
682650
876163
755793
720230
582306
135211
268547
373743
135939
792861
86209
999495
324204
970811
537237
510528
786284
624924
729281
675397
745997
592481
918059
680768
52362
643046
278565
437020
906926
681300
403609
943524
628938
519700
246350
83530
588882
780126
767705
118916
981460
408303
189282
273361
12566
477657
886673
241498
995340
798964
646934
758963
744755
832498
829203
227904
945485
672209
866406
752373
293433
882921
952470
8245
376238
56229
610905
244444
745236
658574
363263
562328
276863
724227
172927
908594
769544
738245
444701
662507
934602
380975
318900
298561
710838
702403
329573
465425
312724
144031
87452
653718
843799
766030
817724
866127
722971
700602
807079
885695
704381
275711
775915
187790
861143
646044
790156
923277
655382
745923
811818
798487
958138
754192
878351
387154
1322
209302
235543
153173
710002
370580
41148
743332
850458
576966
742269
776406
285028
836248
712363
165208
101281
630069
458384
626122
196400
97086
719868
882439
738964
762519
479981
66370
904817
737755
703770
875083
575267
155887
639836
652465
980155
667444
937978
50242
625687
685910
406159
137006
175581
411714
53146
529290
412820
606068
927138
138416
199391
509614
983364
788163
608022
118788
454939
227920
269634
310292
898250
705872
312949
261460
559848
746506
311812
487620
602377
788053
592419
686402
908581
479355
172251
590268
29800
908409
848170
677247
68117
568804
737719
422574
37976
722341
537968
662927
611622
829285
994946
333568
525075
694852
393012
46343
725232
644610
801121
696583
301662
736320
577552
824525
75828
173665
597105
688714
536264
644939
586231
989084
903582
573962
114252
260
740587
853075
315893
926012
942660
836389
198276
625570
53992
754059
829108
737869
854118
356094
519780
377537
603180
823784
409331
270653
991150
331780
716724
565489
879471
901601
43470
39948
751215
707653
183475
625012
988274
611950
657787
99023
219816
495412
356508
451902
80126
272522
966344
521514
101312
953635
889700
6774
8425
851505
815328
204500
383305
740616
371447
585396
256785
867298
103301
807062
426110
749307
357952
345408
359648
882141
829972
563276
483142
905462
622879
595545
188168
262949
751686
715490
962417
886163
596658
930283
615367
966910
526379
291799
40759
993169
59279
680791
635170
861871
761390
52349
802302
534799
410245
78382
237098
677505
863766
297846
41171
627023
404128
681398
638268
598399
866048
774136
833581
697588
359652
243171
106810
728692
746536
908874
280814
329988
347087
956702
937429
754607
765215
975172
835427
351398
132249
470594
995140
930625
7059
873106
135297
642851
168564
111897
648139
276988
630348
927345
92584
180585
108429
101154
734263
857206
214506
889648
411681
900227
703755
261582
695582
699908
185898
44976
526689
900322
77389
95486
316834
320895
671008
804900
696966
936407
546990
224710
562284
547649
387708
354449
770134
517973
696578
271341
562418
641128
827335
373391
151364
929395
529816
79978
847795
448338
467940
762565
347949
470632
454583
858664
347383
629791
195409
945776
899860
168013
82786
126914
584721
612978
430693
641308
775211
342814
441046
213191
421726
95023
724753
723945
72204
855736
321609
580150
67846
647806
443937
52231
124473
968156
974250
673539
622968
619846
658234
302265
994209
608810
823909
267600
849775
807602
731739
869974
677916
786086
615454
947828
343601
191407
837662
131458
133035
660727
933810
663479
852619
883627
343541
517113
797051
737506
780667
312595
353112
989847
307631
307461
779488
917714
47691
105204
670841
157414
440626
762626
111772
443091
384301
228600
867228
294667
675264
122080
73495
233618
878376
750576
527672
774142
571188
972576
190822
722782
434493
143389
831116
370103
267012
650454
97606
78058
860262
29619
512741
643249
766910
621605
668127
778376
174615
277976
345366
283944
863756
364614
994051
675374
467135
758501
494463
674395
288754
679296
212526
519477
465285
491108
812488
877578
731788
946608
611653
758996
896076
928080
723812
616504
178451
323715
475417
580201
906737
211223
23633
812457
407318
483255
667363
276912
212809
141723
944724
468069
54403
17885
440007
183305
457830
787756
537791
678387
890141
931993
88787
222134
859345
973135
926189
50014
952196
528864
656062
173657
309710
444666
216898
772147
315122
389304
747947
632954
720861
960660
300141
516544
782714
216059
238245
283071
192116
995065
174438
593815
48009
211219
354210
652914
714632
570740
165810
522632
73767
459327
566338
846846
448643
405187
193756
927466
466996
298828
65999
462898
872460
497622
184572
696210
924525
131805
816700
586555
349828
748624
419249
844505
281894
267812
945512
298861
719365
497732
884136
777433
325774
475109
979290
937595
853027
675256
609044
172720
714288
367417
754116
403770
949228
514789
539829
945724
190062
474632
584257
597986
758121
193972
970900
158301
812230
158797
209176
91084
654557
715778
355266
758902
19279
638166
854393
133236
504194
471900
840670
991276
768442
814657
170748
673720
983697
994179
724941
163172
720723
697280
125351
957462
683576
256489
228546
147081
486334
537237
326374
948721
766627
923762
206389
158339
201404
40022
148370
45389
743861
12148
194605
603712
906534
665705
9389
125838
116941
937910
889784
384238
287790
292809
55458
659261
696132
923380
860335
530878
981922
679103
133767
403138
907435
204888
789173
856483
440682
798121
827227
317930
623567
761474
981494
768784
366407
211509
204490
721570
312759
264897
299498
892029
776276
696742
301542
1273
583201
443096
81745
16547
538438
1614
324525
905058
647050
961273
118134
939770
866541
70290
239560
657135
724261
503308
141293
691585
107827
824489
55815
296342
751968
767849
867862
673334
859225
143644
810919
614960
284708
667673
771098
219929
441662
520519
673294
500
257683
426904
209003
162861
8537
934166
756491
329600
285962
873301
157765
297079
746876
107337
182232
842896
393950
101296
190513
159356
408081
645103
266841
899396
943713
247099
778558
46343
68830
282478
928797
640606
317531
984442
500424
886688
569602
670265
289241
615041
905682
649250
455603
349205
372727
11736
595825
570483
603845
378972
270767
927348
28112
471203
199793
797467
428906
966595
235827
729038
687034
769095
795789
425667
734837
511329
93891
495478
933628
942719
138727
145110
61778
87542
603755
582528
504952
479515
219911
932706
365223
736817
745283
203074
944362
40828
556450
910743
521749
935924
346731
875029
263077
243349
68309
917638
744694
144211
593358
838356
992603
481771
42920
811555
657502
368085
132192
293915
449556
380758
978317
12995
754651
603441
351394
258761
947250
577085
180703
858398
993718
372562
760282
972670
575669
100381
950374
886861
5937
425491
926621
535453
486067
435010
719760
527692
841928
732931
507719
136074
795549
327180
295863
264249
805490
870818
312511
30125
172350
40747
301406
556562
413600
367714
39094
553773
273660
644323
880821
659963
23610
966310
988390
21173
431191
965640
58771
461109
464550
184325
788628
149107
375655
266115
202809
736936
182658
739719
514255
857811
488865
796106
932179
709017
361255
599014
481329
366535
302032
418539
610999
983732
220582
458959
494043
673986
581533
355969
742821
283203
225484
876446
372986
412151
236744
433405
850503
46899
344735
596197
82310
800734
173230
136606
696176
349142
822367
156900
717887
588528
339331
831096
401055
761243
367432
205714
556976
395941
525463
972401
165754
242776
524749
484818
72942
318589
656147
701375
147349
864320
967964
431998
751000
41139
707770
510187
46570
364269
989662
703200
630422
534155
890282
464464
691104
16534
145141
546163
960283
213317
427738
572123
649351
838233
425405
400230
119140
151206
684060
253004
256919
789554
726797
779672
699000
410614
446233
604404
173622
718465
794165
259740
528232
532988
520665
647733
152625
698824
516992
186487
701070
261572
730874
667524
439807
764778
864817
416669
523855
666457
666422
487658
249090
455789
81607
871478
561307
556874
240864
98558
431367
690424
810234
492702
580585
720808
361828
680364
665667
551765
815037
525344
745469
922246
950604
166896
618005
591024
979772
982139
537764
11384
359287
416539
129673
731157
710365
149469
941044
682452
34465
373709
647121
646261
341568
881706
573326
936115
77599
351160
578187
51169
21313
398069
23582
762416
725474
942051
789311
998029
196082
335940
236503
165991
474609
355108
23072
664014
496547
515728
679288
342391
479409
275236
81416
507292
495452
515458
502667
660160
68126
559711
407550
793296
378079
719351
20643
560677
698896
835745
7281
845862
399336
914493
298971
685579
850233
909001
635323
396860
324526
482835
526619
42775
390819
349641
492768
654609
339873
288492
846100
513396
848693
814819
373198
918918
741867
93292
353408
782858
720748
46957
189469
966112
804721
643625
464485
968519
18595
322318
974
888835
653201
548138
670800
636634
259405
231998
950990
561336
565220
659051
186844
762738
567351
253641
469617
53351
4922
387351
779242
111555
914121
955980
636344
971229
104226
761036
116264
824000
981379
733878
477646
188615
93345
435546
19021
651489
696578
925896
918852
279925
843320
906179
129880
901599
534010
86869
657882
733207
522080
142844
674069
745523
61627
261954
107703
986051
633038
779946
60121
146970
219373
148678
475373
836012
246833
691942
467075
930643
324757
234027
369720
337004
462129
849849
957051
240734
149968
113674
146557
381818
990576
80160
524789
47230
856853
658323
969485
912500
846026
531976
429484
311288
104501
415426
982689
879382
484182
438546
955817
206097
599964
81258
755293
319745
853988
37584
155515
120916
201743
466478
20111
804085
400702
858757
857853
698633
828204
271682
898094
551062
878825
383913
785621
88318
416239
853870
245725
734314
16675
91363
252913
887106
694057
21066
591079
869784
366820
524940
136201
554660
71689
170755
145986
648234
857631
415538
182306
884984
938581
187604
687822
222731
386303
50065
409607
996305
227503
404557
374869
814730
390444
334683
914319
329416
694802
634448
663050
15829
863493
573425
309276
555187
345619
771150
43660
936062
474086
139752
852632
372398
628514
609037
550369
313145
916577
94853
76919
11669
123848
493797
39037
717851
307846
351104
160377
483655
414633
112189
113658
750300
564124
458628
382310
796324
271809
354386
195871
43733
297703
593581
978770
162512
953384
716145
582876
317186
627810
383816
318104
743789
14160
839288
538441
665217
870788
468118
997025
213732
899
631512
18220
75473
298301
999560
15452
639516
198759
638485
543857
267412
14903
520196
190533
40897
458427
256835
244401
773068
56919
904734
514911
4414
856409
421899
514030
399457
569594
544863
415163
223298
671156
46883
357011
679192
483898
41602
764721
328255
831641
262553
620981
872157
983785
430193
96356
702565
402543
511689
902806
213242
616595
955403
351680
840555
138424
627041
68126
467933
824637
160993
89853
619526
249936
342500
961378
629141
385002
431732
186075
98672
467499
535331
288608
594837
396370
24569
916580
803938
301656
832965
939134
972080
758698
701524
847471
929305
593858
290560
489039
831322
659041
127455
353881
52244
797867
366237
306511
245741
292638
398308
423819
973907
983728
57271
659428
793825
253509
163358
360121
912026
886282
394492
987805
559441
865969
133948
161695
887083
124105
45034
837812
989885
989560
930206
56707
908623
591320
325266
507149
960898
821100
201109
378040
925581
936126
350425
73975
470947
50902
56358
322839
707121
215129
999281
636199
923715
195643
363336
333317
620678
733410
54244
171649
369256
564889
685153
763185
246748
129005
595849
414673
257273
741544
342540
389076
882562
344807
9036
264587
423872
179674
679381
633073
788364
333720
196138
325457
117225
649501
281466
473428
880141
408289
48050
727595
158528
907669
287660
804949
719326
587196
262084
368077
724215
865764
794379
435604
328853
975233
694421
154326
787101
168868
412589
684283
314574
638109
323177
677965
563687
112170
141720
375041
16997
10138
261783
612068
989610
551106
524227
155235
621817
720155
517896
922423
194206
950903
236632
431531
977707
568734
232312
712523
736092
995337
675444
663915
378780
71034
23859
26065
564513
550454
989861
929088
329842
857440
577945
967010
134280
664820
247914
738129
675986
725532
248921
838722
930579
785138
181111
971086
453095
339219
587193
576094
63651
850012
496302
669363
505433
252100
10060
851088
472571
197270
915878
637508
680663
59529
252282
190935
829952
73405
195814
397713
192589
38613
412219
665761
346683
581739
786986
205425
80110
968436
873691
629380
919444
938866
529565
322056
110250
793232
912119
38078
170201
496605
803293
350786
214904
670760
678655
120249
384757
82484
772155
14231
518541
156952
341170
230539
907128
717622
430263
716487
617315
932821
663204
866095
872725
642142
40199
850397
853811
97200
408634
877327
534815
198496
317776
4462
705082
596240
287339
814523
698762
181098
924395
149336
59447
877498
553857
40753
11440
780262
63329
842501
98027
812554
105558
791573
654537
388148
237679
187175
55895
374137
345111
946999
921329
84210
844162
841723
259777
670806
514820
171218
146277
682421
115772
805640
874031
949647
650157
177672
543429
828303
779373
746015
260713
899495
567926
558056
353939
303561
60953
437722
134394
75711
99667
775274
435955
972263
793592
373342
394544
267535
907020
209776
456041
142697
776369
329819
876631
787947
679610
552005
370269
124037
101469
770056
408450
238272
637831
509470
97497
480176
541770
493353
392386
612693
133810
383581
390345
321940
244597
405451
115371
366925
744968
766922
239929
202137
948750
299204
193366
51681
114347
231898
507290
432414
607351
85877
922905
97064
323279
204523
797246
665341
390085
433801
960592
908433
626743
576643
481687
986828
987005
386421
396760
90213
836604
312277
748475
171353
346711
748152
544590
767751
260102
68541
945058
890027
664383
628826
723731
806133
904400
169409
898277
19781
641486
525870
989898
301126
778407
80912
120449
762084
448852
723473
476120
987691
798315
44356
660434
268669
26833
148970
330083
804080
304973
910241
749720
924290
631031
744042
931539
476985
596687
161557
63988
750044
271978
658251
97364
831047
294150
11576
967723
499951
477055
483795
771729
529523
117083
786763
615522
792282
702079
863440
773242
919023
257221
597754
669023
677174
521381
832858
861822
121994
833040
744732
540814
324692
580443
758101
94993
713066
505432
606191
783737
986306
484737
483630
969831
416977
22478
132062
232142
106820
21030
799835
153526
677658
37169
97149
397149
93596
201548
480094
706104
269114
808342
760713
813463
663236
251047
676480
775782
808577
672161
385002
257039
352751
452318
859991
284349
161560
753737
771377
999100
695566
391049
638658
646972
427715
588951
864860
730741
932615
565488
680169
256612
231774
773670
210447
521395
843389
117906
22847
146038
380833
855652
28827
275666
413261
942427
481282
951160
902814
153039
718841
5135
118284
930603
649399
869424
560639
368377
317581
579979
894219
759062
609520
605606
619146
527620
933668
149446
650261
995230
533831
264038
555359
620390
585528
244388
405549
739643
324194
215099
559414
588454
558249
124203
8915
998227
43311
897013
930402
628636
697859
256386
316093
318081
785255
986340
370770
526452
279740
430644
323743
438673
874700
328729
874445
142891
524852
131370
624293
85826
173164
231403
186227
235792
297140
38580
200886
203458
629789
956656
655552
434948
848306
99328
436913
838261
64449
6911
547914
420282
576969
170337
147824
375918
942401
505588
665719
670915
306185
557193
154740
416915
427180
148330
657426
79568
168654
375945
478078
230774
724612
784685
993397
446926
444648
549753
239031
317107
607517
198342
77273
527745
4529
139995
282938
84955
486171
869772
71182
270489
394659
880172
507798
520397
162849
17328
870832
506288
55005
553185
825546
111342
229654
574077
741426
765515
931998
983659
297609
423408
959650
847002
968471
434838
873864
582581
131384
338766
850225
78660
87603
102442
539549
955426
789099
77452
435374
866391
936110
395401
967301
389009
999914
135609
847945
628740
203456
176605
539846
426267
5873
173549
859761
772697
753206
386238
817354
203217
914348
196749
481626
603966
66219
239339
227100
672256
466999
767812
979576
607732
360271
117709
612650
899054
281187
775306
418881
524822
738979
347001
639044
329308
33971
713886
875567
714457
512570
271148
899995
262659
106778
714509
434043
886541
619578
203022
872258
274393
716862
567786
215011
826907
824280
405234
972656
991051
409080
523541
485348
909894
826847
179858
159612
465858
598481
575543
757887
494700
797929
107348
590943
611872
926278
729089
883128
169092
667043
903177
67893
79170
932101
94194
205394
757664
210509
603626
370747
935997
867949
193936
105876
51882
889208
312539
227026
923298
502737
183915
637830
973991
294789
912298
693818
787259
175733
932127
815860
695417
374508
969871
592663
666830
892751
234704
496297
622806
149170
561259
570096
133911
977287
396013
274869
316820
749745
526539
558890
215311
836407
950639
71271
438943
785363
369251
760272
656937
984426
571929
551699
807486
17559
770964
533838
445329
496928
649783
318221
599251
538122
896808
552753
301549
333385
543137
496492
95257
435343
549651
716648
960414
174277
395510
352327
936166
275543
259122
22981
843517
385706
428195
902778
878440
706153
372557
717821
234336
149821
306332
864162
763562
457755
387157
427491
438356
474807
618463
417564
370061
677462
351976
666736
548706
205377
236405
157770
424913
387861
47114
910014
894156
956663
899314
616845
979915
98150
282412
739271
577550
780969
366578
769035
79918
797607
733799
502506
312479
480789
342620
97770
889477
273289
481343
229478
407855
861294
189024
813267
843060
402513
522529
398749
743464
876119
107578
459247
548795
876241
972903
265234
786799
937320
912430
245357
368565
794419
416848
486826
594210
244392
648460
371578
210515
662958
81866
673902
806362
554704
54763
184902
638947
80718
142378
147399
309224
848398
822639
741189
755596
344560
703280
486913
132696
569982
770372
453483
833041
445442
91078
791176
640306
162226
975778
298414
282187
915591
148159
429229
739702
786284
100169
479944
85745
168849
460890
818913
479069
961758
435588
774450
741458
690565
834045
362807
119901
929456
41000
848234
633303
153306
906044
55654
794915
47994
3923
286317
448131
251545
495377
778757
804696
312773
240879
221949
545332
619486
197411
280589
131869
641549
980206
386843
720289
784853
695361
395034
588817
958337
663693
21709
919515
409661
335526
162410
374088
978945
204371
238425
923662
620648
350452
219483
222163
265183
784
651464
710911
107704
939258
930672
131836
276382
524960
364131
400461
424227
12976
295117
418248
86838
882151
842617
395377
30512
578232
122294
846773
300749
634965
372951
659520
882039
691868
418579
749691
377214
759329
235661
602917
68069
999316
900655
324621
553494
370927
206249
334709
953599
248372
890966
264145
548844
575441
989293
44791
918758
799343
888702
565281
299406
615050
810860
745676
792382
541266
422565
32999
774038
767089
60028
706727
875876
515372
538852
499831
937135
928867
335179
199565
178720
355186
274704
39768
977486
975994
407907
683669
110757
607354
345336
724929
650289
629462
11176
191529
928525
469882
988580
523165
40226
375128
532502
985155
801822
399885
40598
617863
630323
292002
778629
94448
550601
867117
98762
364366
52674
203288
313831
343248
720359
44281
616759
129010
10228
908705
735110
905171
227644
779889
236429
87524
311482
257381
468744
29948
59574
491316
993270
374281
125521
830416
433068
202274
781293
83528
482519
858808
887547
675085
516556
360554
73570
518866
173645
874807
947209
985676
466203
223757
845249
90713
116083
133377
88146
742013
291622
96024
738209
213831
952216
136258
761850
409170
305365
66022
315584
330471
355787
933528
738606
936000
107688
83048
582153
374824
756817
378964
306404
832638
567995
680157
181775
238935
138282
854903
766557
651779
582468
890457
838097
42216
717585
107765
396837
759115
357778
186690
575222
927150
149306
696244
50319
789395
256525
365901
706192
880222
707860
434317
745274
737432
247482
959365
495066
211856
82375
348298
592784
966300
469302
449732
752316
130493
901748
66278
262852
293984
767160
577400
502467
5697
278970
455247
658769
539947
851857
846431
295147
447130
270764
356263
88639
366081
450860
67530
388759
968806
983261
258814
907935
171563
961104
861277
677332
910889
724182
681305
612556
435701
20059
597261
915868
802180
812764
782126
157801
950955
804102
31840
565582
594430
188141
581861
925415
433434
204453
782448
376248
604607
492097
956248
263358
652949
166182
185576
335055
790543
37258
698707
25968
935021
905679
806788
263475
480795
702518
751828
940555
246903
357185
876693
941038
813872
301162
587403
254245
462090
887929
898427
287859
819006
967046
111515
663904
579261
972939
542696
624161
269525
612197
510615
441125
118637
83111
717539
541118
331178
845531
356613
370794
92404
799126
493826
77630
793747
247863
513438
272686
116659
534460
236270
688187
630150
421440
867083
230137
281224
65685
948450
648188
189278
655930
787369
944479
197016
389817
916140
673520
433494
711008
835717
629627
289350
862233
904042
137329
127563
426792
722721
666229
757113
579521
480334
685700
590269
685636
441197
603070
931674
788374
864026
123861
271566
620829
429645
801233
982355
593559
566180
674941
762049
214616
924185
306482
64912
5662
435603
926845
314939
379154
32920
138992
920321
473118
231647
138050
114566
40741
293251
120675
360470
539620
462548
100769
16777
598179
517192
114608
118209
238423
349903
494681
789392
223255
468356
985602
273975
838521
678847
637014
698441
887241
398599
378832
602415
838757
371749
511273
894084
418872
657555
802332
334624
466577
125460
675731
729202
200735
159517
823152
366407
228619
336817
1849
979879
209842
378762
609504
930782
425342
606963
931438
790744
269344
849715
362252
18406
175724
675299
905774
774621
140688
318113
137756
554909
42930
139485
83934
385327
898214
343184
359684
660360
695689
226701
844303
300074
767228
949680
550528
138666
281152
604723
282810
439628
63915
650463
413846
31818
232005
249759
736196
432180
317570
588271
102104
405105
141979
590708
490424
759907
874571
582950
582881
960937
316067
486824
61329
69566
977802
65145
197717
192382
216213
859586
44015
965065
73727
910863
736355
577920
698501
256539
192542
383661
562145
15043
524612
646655
379360
975581
387285
329650
370914
183970
305083
231565
879342
379910
734002
475781
805743
386089
800852
718783
353999
529957
832320
617779
348335
451399
244326
953196
90240
328411
871538
212331
526977
451809
167059
186092
983573
172572
789287
369280
484800
340552
772613
281305
692414
468075
996838
232996
410368
129604
960624
539153
547908
373920
33889
460846
944783
473228
188500
385841
687242
366501
25715
873812
849719
692171
737530
885979
903438
836404
224548
374257
520568
100701
644212
694448
397863
974810
28641
970752
769552
640015
859615
315158
389446
57015
268550
605470
561204
965089
280033
472500
989431
98939
597206
20619
632086
570311
999533
415920
25119
832810
752574
290345
763359
461539
791163
79031
13757
8473
626647
413627
453171
323149
426834
687541
745962
953198
360419
386151
563121
112011
441921
543192
2267
790179
451021
890868
521522
138840
783711
696145
44315
128578
777323
808204
353224
683360
373520
114450
871315
807338
759869
159611
575806
986882
922944
714768
275396
657544
301485
373677
431707
826252
158375
278018
69129
973599
647758
862707
424800
665986
774789
250335
931672
74944
691422
275518
935751
218200
25445
623652
388479
715346
418310
119010
350404
93938
557147
386187
437864
992138
368214
327508
924869
665578
451399
866517
181591
687603
628363
507500
46323
841098
102994
281857
216872
826152
544331
412515
609009
438797
382062
575249
159571
761172
245157
813590
984729
224738
779480
918795
680490
691000
936788
469632
274756
69993
422615
189878
156567
735013
471034
759683
221888
283123
612603
175576
604320
471485
508966
259487
548889
400325
748128
757374
397221
451638
464848
238137
564306
681429
735595
95796
922846
29142
614874
214165
614443
371339
905929
323784
873119
544055
831246
618076
658906
806465
98484
592267
120085
916932
659684
25815
316308
500611
944687
636175
174023
684794
208570
497
827203
622095
396935
872425
764695
294184
202844
767480
859278
703126
136402
384240
892481
438190
568379
447515
824918
826297
638001
54012
74073
996673
294008
393005
653493
42316
657295
533223
16462
779237
586584
573088
343550
950613
337057
121679
543403
5873
742606
53259
882818
585101
275237
726737
555986
56590
186294
393700
242567
103005
374565
638543
906305
203384
467605
529926
184144
759010
537075
405803
880335
237563
641628
404652
652314
703978
732396
32841
80941
625334
10340
187955
631066
440756
205687
586512
80678
667099
313329
816603
63681
273267
978309
746345
979233
295532
40305
365830
86330
341323
515920
11518
863964
109695
49148
12664
900904
678930
911069
649916
345968
463163
31443
84948
564010
789584
668732
359569
616465
211608
479906
837093
919001
458623
460292
264109
705101
425378
517119
673682
930886
279818
5337
741189
851978
508599
665898
517735
180414
39697
126120
742731
92937
44547
137485
256275
453703
470372
316839
102775
588391
113098
956
902116
79714
889603
663831
448128
684760
725726
851252
796812
296329
191588
498755
90787
380524
307621
472540
191391
625328
714092
40320
589019
194252
673236
45384
710354
25989
892084
107501
445798
876540
913205
672307
593917
25457
443845
756530
204038
567064
319268
525762
283993
32918
176156
770050
546941
14808
990222
168389
249603
627088
770726
788251
638223
818638
550640
798711
14583
573239
864836
33090
787523
954020
122397
22843
196180
62489
781512
268616
53794
985120
884792
80862
749598
884993
393462
959178
78774
333601
648629
774618
470391
197685
486468
717226
282508
688097
512028
927438
421220
796273
40217
92377
2418
477042
900678
896968
216782
93614
427409
582927
15353
245827
64221
534333
380541
729759
834678
704974
847091
942426
585824
889613
311902
545200
42184
901732
764213
991770
252444
920770
288958
584583
284534
860007
300566
447548
532659
592847
700173
307461
835938
102008
169582
998166
459224
633106
897244
207044
831457
132355
748823
191833
680913
371028
887262
381143
359672
75067
739567
18636
333235
852997
986026
189262
759519
166816
630355
598996
53289
298242
267446
535857
984513
834170
41765
301934
50413
579729
579613
449154
45434
501148
662471
858928
292429
284449
570714
825278
436055
498020
142365
126989
580199
904205
474506
170714
968665
763639
267535
550928
380524
663895
593198
628679
466162
140295
833860
544413
977184
459182
263398
136303
6853
127566
267175
468597
441368
246058
846070
460471
982890
342866
24036
563568
680570
968588
605124
804478
929255
226785
495979
88578
533248
674497
708183
333274
77879
801491
471340
757496
518133
238686
434265
201183
904519
901901
406170
192442
434037
417442
753750
730329
562739
236410
759080
357832
884209
706680
962427
294542
760973
879697
860366
243967
643560
944628
58903
805822
842774
927380
755523
397203
817647
82323
161436
440869
957570
791436
376708
322004
477226
541565
743646
290613
866936
965520
710540
131307
289167
652484
904082
346654
629135
374525
477849
952987
414058
639332
392976
561864
691474
87100
75757
425538
682259
460675
743506
163413
685757
743360
600842
836055
602361
565487
479410
768865
203388
472519
809908
178283
67930
313573
183279
679939
359218
257174
183283
128426
107848
590726
81320
673227
930160
248256
710734
854745
319397
771488
710174
741764
532601
605597
66064
574871
934823
336941
564918
961457
445700
784148
80709
232669
88724
744333
765236
800401
987769
323091
922749
210880
565318
555596
651649
240604
851506
69395
75208
208364
564136
788064
987110
816837
99644
996694
885177
410472
115639
822250
254862
922488
774099
844843
462051
120662
830338
144881
292231
778139
50024
374758
111454
586545
819050
832556
177025
726990
844830
804202
588546
248462
532002
455159
416717
277100
570056
709985
626025
638301
773999
430809
636574
104586
426733
799935
255729
34152
77544
482182
95563
155637
705796
704516
370744
162768
506550
340313
6538
599478
936568
722745
37726
299541
825173
94359
409334
403662
357796
34095
505734
815820
282961
442672
246922
744380
628310
634117
807892
239016
557194
653183
470500
23283
732880
626273
935151
130611
757232
604551
351042
152038
313602
628083
562176
773203
517574
22389
48455
922687
397073
25975
27761
789832
565986
928226
29622
299873
594515
259825
232495
953194
871275
22992
465461
709611
646160
634416
216552
499629
33817
722282
80204
800181
440450
275469
67661
224094
922297
513478
777315
125201
141013
896491
163344
719780
572198
287332
989255
328717
746471
26294
434727
496129
821584
570477
901476
991598
396808
611622
907527
237905
546104
300214
538123
40244
642939
985018
811049
221064
425329
76541
474094
828827
749683
635967
590215
289781
515041
280552
54879
673109
451926
96777
725279
804227
449597
605130
520340
50514
131773
729270
692783
766068
299024
272480
955813
847865
605873
189680
930487
684198
167028
305357
657548
988654
954607
366761
697721
883920
583446
327012
993187
216396
911077
246429
636476
54147
49718
797020
715881
915114
435250
814997
663300
540202
386020
176026
914941
192024
468009
78561
564699
586124
437060
880044
695713
182752
112654
1179
296395
466631
998154
98122
341943
979015
216279
208232
911009
717524
963134
359766
459335
683083
761259
961911
175019
825224
243769
403482
441143
53668
380070
208257
983098
955662
139110
657870
432465
230469
387347
430217
642977
393647
24193
861584
647680
106265
7344
112540
143475
337996
246938
226475
324178
648072
315501
637647
24712
851488
439635
397331
50487
108977
529260
209541
403128
23744
197981
431717
464319
554543
283074
697512
620829
26140
361215
382889
756384
489751
751668
736301
78165
478013
640207
698833
188718
721333
546555
936979
972286
449287
453173
690745
105376
786388
273984
527457
73144
475446
971055
810599
318737
839540
626847
122348
719462
693666
424583
315465
539260
469971
38184
329552
657772
616892
405342
572795
38143
373415
668121
883316
678386
131984
88485
85952
927384
537312
548836
675017
689695
778883
504030
735110
151850
434088
484719
407881
104030
427605
102431
697381
540665
852452
274127
88057
597532
669598
982734
835550
960681
739634
823307
971881
406663
591633
749797
64797
801282
95082
608734
36656
662096
881853
470895
49528
642031
853214
9397
763826
131113
625160
821705
100207
642873
37724
166701
366748
324744
842293
37025
839084
694160
311016
181846
81892
690402
774045
995066
787778
350466
751364
396146
185291
64240
789111
860070
421424
526786
286122
738869
850844
921772
451153
57482
139165
71266
235919
91206
924844
345620
304854
800349
495963
399384
723615
228413
179482
280166
784583
821992
423397
541948
235269
698402
814542
15458
991044
279366
572642
113480
40545
309876
1019
282763
686723
282085
315298
965398
122257
407583
9886
526565
971220
741763
919005
532965
231403
500228
69502
474040
308005
232050
615033
808020
708031
607988
86444
650507
903801
72533
439554
367973
443479
655093
998402
717737
283121
743008
669874
290491
831863
532603
440741
868191
260229
148122
664936
816155
728479
933999
709125
794299
22537
625054
81906
666670
98758
674796
627034
133070
546347
152725
259141
878973
940126
33404
815526
368363
329712
778749
738113
380211
428181
25886
947767
62949
480636
31141
356527
499359
389455
825667
668451
46676
913545
988078
4740
7726
235630
328652
970123
291088
778028
395
420829
47476
322188
609293
811866
980020
341525
316289
864195
623652
841533
398861
93701
610908
65804
749671
6822
493715
989968
235971
636555
726054
548727
718695
61860
426809
383564
26522
616244
583028
838481
894458
825920
504751
350581
414381
371924
797416
444658
520944
782892
12529
117765
904843
549830
235495
497995
187109
591042
961884
263605
41523
558194
739350
383720
438796
668228
545137
413812
669977
605193
431263
800878
856936
12769
369872
23851
243615
685125
484780
168668
176909
562481
701757
751489
666524
691244
341034
631371
578595
902325
775902
422611
562520
946764
56584
931120
410019
897626
573371
380024
230989
56573
722869
876567
863575
273204
735804
110213
999015
703716
525028
431143
56669
330629
913902
296708
686469
259948
253899
122850
795237
589749
270718
747708
639733
115340
679135
443555
325294
542361
246843
406127
262459
871110
259289
247519
735244
567405
896920
423380
935370
922339
578099
965735
635557
328860
20519
29346
711368
314361
538155
327074
474350
127349
577374
890759
418958
165735
470783
74645
832818
85044
586581
849834
904486
850901
824367
135708
680843
331905
321414
812974
902539
302903
285566
458735
311526
848106
189387
403504
979307
148552
578481
233824
345091
285545
604707
148422
519336
542801
305933
390489
919795
29922
449966
196223
422546
947745
717596
432993
200856
216866
528683
447783
973358
988435
746985
161813
871975
329315
953920
592321
304434
628685
688511
902256
112680
598981
215154
30413
39941
634173
662381
555269
897780
695316
456232
972225
757763
479452
971140
502529
27958
167430
515372
813586
68151
645868
148182
696940
14827
475963
315753
855274
659103
950140
68217
519334
538017
434877
885549
667952
721323
517024
47618
187499
927675
110911
217960
162245
994622
925179
417610
671505
10026
336224
635435
422083
866731
146870
741164
337479
214773
47975
122346
342910
962616
681032
803076
307926
846962
861573
725562
745732
108830
299310
157105
923105
48202
565464
816595
677407
487942
754161
507027
346342
964792
19812
94286
750735
364173
426661
459597
932411
447562
471321
592231
826129
851072
455333
97795
124500
596638
830162
883003
594205
419936
58970
611357
845369
744038
939218
329227
973089
743775
800755
425474
172050
960548
811846
831543
573577
230433
517356
853213
953885
906606
423367
147972
895608
751932
854281
68187
939187
805994
509143
372182
772686
217143
344921
843242
811017
17426
621345
854133
138337
57678
58421
126460
75690
150257
747451
599628
777669
584811
373760
174145
508031
93988
972260
265957
53062
488750
773862
447472
940041
412570
448520
289133
9003
948390
341406
465982
806691
548500
695737
202038
35443
423254
281642
402340
157762
449957
278773
332847
184984
803184
939092
265821
50870
707569
339236
281070
239952
961692
856688
105445
134120
91634
962329
770022
950088
743986
626847
471226
332380
326382
842638
667888
460457
681723
810567
581023
565806
835970
660010
195974
343574
707379
806941
603796
616534
680474
698620
626435
807081
521738
984797
612894
409254
499637
856958
630756
818170
564701
916174
260677
69960
819941
345108
723081
550106
909057
138176
164624
117826
421004
679948
54132
840529
689209
803023
655498
201523
820449
986270
446280
856230
35130
98463
716992
674389
651112
698027
102602
943317
606381
626591
56833
127739
717437
360384
49827
431639
978733
929096
609756
456978
763529
803985
589468
133279
732996
97757
908260
112225
117962
974656
905505
88089
314482
592299
567599
591434
916111
619285
634558
136172
121126
263303
147282
733640
173113
328773
848804
217206
558274
650132
49766
119601
792507
180012
191972
255508
503578
173244
699910
533876
235931
611093
578034
571289
50805
841140
116174
607705
118382
153711
504291
420691
396874
177722
57181
406277
524575
163798
37999
855627
150596
619736
224019
323829
30824
570130
627887
139523
685630
484576
652243
30079
151830
720720
662687
788791
981383
983087
716546
776086
574217
992172
332317
123423
702623
694700
940805
476549
164273
30825
208487
132457
569144
734599
734662
351408
597586
531765
547681
845952
937525
812028
972464
845528
465088
70760
375948
383369
976813
766927
316526
392149
10019
280642
568271
904547
392040
30480
515759
734299
300020
906930
438706
207332
425120
549782
543140
166455
698429
204491
575389
377184
645570
856645
4672
41169
693341
668686
459677
82339
560106
656714
400439
804522
257025
492133
167839
563699
5418
677787
150847
843741
353260
729251
447411
136081
146626
683129
375953
143775
156335
215430
851977
816374
678313
108463
773224
916224
593712
421687
996535
674200
246850
484370
38848
558569
308391
222727
405296
722148
431911
934464
529304
916637
344476
906353
572429
93635
977186
376995
755696
903290
848682
706716
774536
631959
72046
794605
586827
328055
694975
128152
889404
360764
702970
392155
689198
811429
251545
980573
876710
443273
168229
546420
432990
886960
818249
319953
571750
999950
989826
998729
104869
770397
570355
546944
927870
405846
618262
812596
634510
364299
822028
215971
1361
161188
370709
806811
5540
47668
432090
62492
507941
147639
153959
945067
618294
945194
755447
173302
668641
232263
47848
698463
213334
571356
999310
82919
859087
14535
996771
547320
929748
782032
609244
460046
574106
978915
977623
703555
79047
419112
656496
358135
851409
400961
23474
533657
845700
323167
57770
460756
582626
1985
813848
