463368
226249
460908
710160
1098
351423
49003
818733
295733
788308
426713
691768
836817
355280
266311
795252
395126
952725
937174
554431
935150
746289
764829
372541
424169
371666
322866
110867
861591
458073
12441
12815
508838
400967
479879
225829
928600
294484
140497
885781
258239
25950
858486
157480
516696
947198
456325
933656
716226
437303
214189
785231
506905
615176
495071
892424
561204
769057
808801
153938
502455
198514
636466
623795
63125
492894
916182
28457
466917
429518
703869
405964
131360
417187
262100
248399
918517
129987
442855
849829
904905
144725
672305
714176
440014
398599
358594
785652
289343
515020
128331
210938
100597
478116
54473
312465
429993
621843
945228
16191
531655
459571
594147
62390
93803
977509
534438
578833
10746
216483
295328
29501
155232
128881
847575
314613
305697
842034
952440
772517
348126
39319
255588
609776
881511
505074
627025
672077
992759
371177
550622
96204
991120
39685
243896
473399
397172
514090
992354
856339
783357
946209
680036
979910
835738
46161
476306
976850
594278
948557
969719
18303
460006
217735
672287
718872
204703
859297
234430
513739
520786
230948
65344
456372
248725
705034
876654
284275
912400
626805
236537
146425
343184
928579
941223
416290
536139
499641
544343
422076
874737
758556
628978
427047
228907
975518
955696
231892
586482
841397
789764
730863
329935
729544
4518
393369
542507
806851
747771
680270
426898
414987
222626
998310
41416
463947
321437
788791
362184
622571
531546
43607
320277
681122
223902
227519
588095
49250
608269
831627
880501
233970
631256
891294
692865
388122
317123
118882
874020
805559
663889
30061
329230
729838
92047
664127
270010
967997
637819
989736
893412
126637
233551
548102
374440
962340
469741
175020
29752
714327
452520
654687
96250
210076
921388
946106
717756
814493
216716
703985
621653
153449
399014
401458
652057
779748
661045
695527
192120
545055
581299
786840
774579
73154
909545
187630
266876
672550
68180
849170
285738
187199
104053
200756
538838
523190
376310
339048
731605
717909
431092
517994
685201
83612
69101
240258
895046
281265
218504
666435
304983
615667
635259
822317
68106
305263
909212
258994
284135
379563
68936
83862
273704
444192
75242
526319
103069
138694
132777
428876
295455
932487
259888
223730
994734
373973
207003
921346
9834
413911
981947
724150
773290
438398
453574
566858
174781
890487
592990
128503
341051
340857
449788
107674
527110
296829
957049
366580
241634
917902
265529
763274
756911
943286
822196
816301
354495
566616
959458
495636
714008
837020
796931
201189
660423
973316
923528
675986
64543
740638
829601
589408
725389
283602
526052
751043
792473
752923
649750
992806
251131
227282
89370
567559
336471
486438
661171
185598
814615
162216
500792
178461
418084
543107
592723
251699
930177
705097
171765
817643
526468
921960
721498
261138
241201
867195
996724
363894
823092
797693
351671
128681
617723
796440
628032
281189
718446
423003
604067
755017
247052
335179
823375
164610
546915
740560
15968
352389
862700
873232
255105
248
277888
430041
489340
223088
9083
119160
401824
250965
594732
813479
465998
471266
196981
403170
671520
112841
339206
432154
430197
676596
63792
944003
973725
184805
474088
540168
820638
893438
724571
47391
859809
208477
60008
785782
904508
788319
148799
69900
634653
399366
881300
484893
716559
820021
551487
643765
229164
323160
532851
396326
827040
971552
73881
807637
730773
807084
236296
736366
952320
699331
369443
207992
554888
219390
592656
514370
76878
28163
151504
360829
897949
207467
187072
924324
312496
843141
508139
792021
473050
329844
955978
56643
572502
939827
450009
80837
951787
995961
573270
392326
937851
57912
27417
73823
184681
595455
548235
59778
692517
273215
68932
84045
845782
473322
522565
53950
256482
870199
389582
129030
11741
671234
320798
327606
136139
769745
932037
960918
523988
514610
518759
454357
805763
679360
574031
549338
233722
439684
868461
484153
122998
528759
359470
562689
456763
384421
151414
986098
701852
936558
498045
779915
236137
308583
891011
110978
924789
580189
558321
526221
49218
454009
964238
170141
541004
228799
53402
837227
363567
229553
551242
53675
50037
899280
263777
911900
642048
832386
17384
947521
2320
272335
305994
184874
61042
205061
900494
990955
398086
146556
215729
840558
36203
154164
224607
183461
906953
756122
582862
670679
405562
27498
845752
289180
281877
214830
157427
925988
231833
630884
756846
300145
647091
526781
350154
462693
91692
308866
54866
977589
926515
26513
586649
287485
309506
834054
576623
269230
350766
150389
995391
792674
9232
221139
401288
707024
732172
830004
334966
393371
565819
123886
875036
622085
150201
502621
799633
473985
702348
714944
152100
393125
519343
336833
463740
490686
958779
450130
832017
712318
759665
524147
445313
456848
361062
541968
307984
704588
688715
173830
98047
639622
945816
180806
376967
270657
145365
593106
276466
646081
703365
394341
138839
479550
680623
479088
657904
209460
602826
394366
301593
555607
849604
720440
300840
691748
879023
875397
156707
521555
466696
792393
947938
530985
790438
65615
340098
169194
369660
729025
350275
661163
724107
971348
318463
763524
782247
98177
946952
689508
448675
388141
408476
295616
372187
618922
287303
684772
75615
571286
794582
313130
998967
240481
245619
189639
102872
790957
196386
461378
630689
995726
834391
422401
798802
519216
576625
240636
466954
211736
813719
374354
443450
732035
594222
963706
855852
48298
564404
765970
462058
94887
877692
880787
457996
47729
41670
685798
91682
150019
472442
873039
851897
374556
592577
138056
635534
148959
144064
669865
568397
932122
741234
235586
574084
653347
423137
236619
426921
595999
184961
675059
973828
374492
955881
547668
36858
370270
112111
474248
621048
364215
402590
523221
297592
23503
310743
945219
571827
387780
925953
818191
610211
130346
166510
496440
710772
107635
979468
867190
354246
56874
127940
813834
502753
842330
838386
109745
441782
298635
942018
160562
493902
506732
385571
475415
843410
682252
262891
37048
762422
317890
368519
200946
789442
725293
638557
359735
761790
710678
946432
660735
902649
99250
72719
298141
564918
557699
40618
415276
994676
949277
300626
273384
270169
312966
765085
541849
812026
779959
911250
329641
471881
250239
957607
321367
637084
431239
504212
580100
208534
26352
461779
837035
328180
733528
584119
126062
846198
252284
511782
85451
447207
467063
764213
621101
565067
413993
552094
24159
17829
503923
115104
181467
664802
478750
123700
922241
934053
163355
445351
236771
533680
17637
687896
290813
84075
449091
456912
916738
79829
875945
509049
346961
921220
40318
281405
720006
13338
924217
954620
190765
795078
570980
722857
70674
766260
602179
360642
253108
984146
901518
347690
670808
62272
337177
707492
368633
397460
121045
700014
928924
703495
482927
72696
522114
11647
245078
784383
421303
419193
452058
332939
10760
718674
574256
609281
906706
523635
861074
750822
767796
724183
597635
668145
720998
114171
879088
970314
511587
827809
101618
967589
617474
848448
683952
294966
81827
113867
369186
809808
478788
284764
464816
929566
337075
341117
967224
226812
750750
169491
205871
638643
386566
929512
253855
166479
607826
602131
72206
745311
348992
326982
146815
211593
985910
722612
471442
640839
356151
782749
647366
583874
348081
40631
109279
24649
764403
105723
106786
85678
203195
267593
249278
357629
737645
936568
299013
4698
567072
973950
885527
25718
821395
797368
945951
813933
895165
613144
61559
127936
356738
414248
345319
796970
959233
524031
321099
996961
452746
276031
450002
133610
683565
180103
982498
425945
381614
944444
299481
243428
164180
534831
738607
439587
525664
504427
486455
907367
266523
511902
76676
460212
289545
925986
885609
162588
171833
708198
873560
614073
978558
74173
293483
227910
344760
766979
892097
893658
564235
800808
968257
287811
390962
179226
509690
162299
736556
118163
570603
659658
175316
196860
391838
20791
532302
276732
273519
665836
752541
712098
362282
391653
929490
835435
731858
958036
428831
837360
324350
707477
886730
915887
410335
181321
959421
470196
481500
834513
715770
608995
618462
746473
871531
485477
609064
949406
400343
468525
81053
825134
35121
544934
965797
567482
846859
757307
609835
429738
257064
702338
250238
547357
635310
529990
764439
267339
698042
160943
803002
900346
984910
739856
753589
820249
691173
42125
326469
431805
958952
838631
632792
381877
553849
647398
756526
693644
813612
795553
660632
628634
112533
930669
245219
909511
897340
788960
982926
411230
890477
449409
568694
467337
49452
863630
429651
684143
378182
644904
616987
655526
944195
481311
913412
585047
875768
618646
173159
392493
717049
638419
638016
65465
338731
918437
33170
981414
402167
558706
138855
328532
585882
838556
766709
782867
86617
865872
503324
847485
297106
202731
72972
912240
377454
795912
578948
518246
439027
256362
174261
599987
313654
311491
281861
484443
232557
949087
950767
828622
632227
47664
224071
88129
818948
147958
844443
454378
953432
478283
462582
466200
56333
133704
256638
497260
706668
230168
140669
825464
557358
331607
455164
619954
648552
278950
597451
49492
186081
649166
237662
471700
142468
233741
56210
401403
932400
614722
241101
867813
838573
122994
323266
501204
87482
559157
134612
75760
641282
666176
416210
126431
463341
127695
346081
567613
760722
789935
484663
946424
204425
999845
698051
13323
666398
33791
742123
759317
678371
694773
439661
480661
587229
160314
844583
810821
988190
277221
885617
493328
579315
517943
957096
830704
485107
713864
871622
140392
226488
237651
844397
913947
574314
129690
991811
949832
979510
826615
570358
35363
454942
822657
83872
215120
702443
183639
445574
559294
435517
552076
823099
471454
211779
406191
874338
510527
229125
499317
426128
359752
472414
83718
838672
321425
941448
146849
107712
402142
967568
685804
139928
1848
936040
616988
483851
693162
84891
266877
826054
879445
444507
878942
43797
263729
137462
577437
189477
286880
994535
554762
61348
960432
377417
507835
758788
626414
989478
465068
753631
916641
968622
998800
820021
599466
640259
880888
801168
120758
932785
677279
386632
47645
935739
237712
256675
295066
204112
449396
871124
807015
677213
632572
422628
430581
324156
8231
465390
797189
142282
940208
863428
930726
868950
214040
413296
349131
507508
917259
589845
497672
282098
57137
320499
233065
844258
67604
370505
532719
474454
286185
527764
588008
258218
987133
362870
215658
408827
211069
985650
794923
835126
49634
380564
128448
407307
588791
313646
418993
963647
966088
951420
992757
288673
103593
438889
857359
86548
181408
163690
36548
689675
614320
433225
82615
945492
991939
204988
278883
485771
761459
166003
373685
129263
12917
216881
9860
814865
483298
187666
735598
411176
244003
209451
612112
183362
200953
282766
44961
872661
818983
327212
273771
37620
186748
946773
45736
416285
876992
34972
217909
115759
776251
965654
907381
189752
759197
717057
317765
81709
721037
732352
913751
691571
73169
518212
98157
387289
518422
935495
134772
39913
254813
40754
449467
385748
785794
814943
139534
483914
910122
741560
25459
701931
345737
936446
181696
877783
966670
363622
808983
591713
429867
956510
648768
973667
710532
539885
88865
398251
125747
507256
315164
633619
963062
372896
568837
720687
959670
580553
904575
159583
116852
151926
308082
562115
342418
49168
663914
820686
981436
824134
686799
383988
432945
472973
443773
260861
782770
121352
893440
673723
574277
516676
222253
574808
369382
279898
358623
216073
146955
644536
322445
7711
476883
364921
959557
705148
598794
967855
672327
563746
644955
304323
508736
815399
767699
478068
766690
677189
872526
490427
208028
964878
365120
264335
341371
58620
127522
428548
527837
892518
767350
16719
358861
732815
240889
565860
998080
929113
777765
703232
23531
650647
131680
276099
788223
784256
41988
94709
91330
339518
644940
33449
931531
549094
562583
685246
757338
490627
499036
584898
18450
356811
151339
719410
614611
419635
495004
202397
988920
852510
357334
419815
677418
432881
727997
995176
359007
904130
114553
853684
400883
623086
739936
396086
241569
429833
680255
742261
158878
768304
323210
310713
242578
296763
436125
879942
858867
194127
41838
576519
630848
71120
758866
367430
278296
62515
974184
779096
276853
238833
481830
734806
895624
13143
204798
296325
450417
984058
745068
716695
839002
453257
541023
774859
113394
957179
882241
25071
703041
119463
561893
281286
378989
247794
393420
515460
275464
508258
362132
303797
124243
405777
989054
666366
391956
219134
561690
242428
