901026
729809
827509
35541
654586
336732
217301
561677
950330
971479
29802
679108
13275
261959
594718
205049
475714
867641
956210
827295
151969
959359
20148
66533
883325
301512
200268
574817
165386
716699
272116
60760
47282
725872
450952
76396
822644
177131
668915
392163
508009
914230
576969
960272
953954
503225
432243
225376
34222
146873
66373
82499
943864
459530
192044
939508
914572
29362
908227
468007
303930
44508
193348
353551
324691
587318
427291
269449
270673
602023
323030
663016
351891
533552
482489
374557
275845
836830
919215
578691
806622
818409
474331
140997
552259
709997
773835
890733
734537
267842
233422
243913
508567
439162
455516
975163
75178
384502
728820
809566
921779
645989
320259
28305
206683
882010
608576
410529
325990
115081
126293
69783
581813
202079
603767
687002
376550
665531
529366
17219
455702
716876
307952
126588
166918
997128
279360
606803
582107
708550
989461
241185
901183
674296
607933
314321
418406
490633
530656
912527
188459
743311
968040
354127
84696
873965
598686
371255
806852
933448
460176
324906
683735
835556
257646
579250
123881
872346
5493
864073
63817
972216
362051
177988
319450
740533
757320
896349
362199
366479
623581
555675
987062
979715
433455
5664
101611
650280
812820
685519
444227
876649
750974
644504
212977
95005
589069
26209
766438
148485
252670
832402
79001
737697
9921
91261
816102
95983
472809
847209
311890
939713
283005
926586
253101
171770
362155
82686
535696
436389
353308
620054
337734
444977
245283
353535
505543
18957
713422
404220
626144
714908
231007
520546
151150
780501
105429
850239
507336
749178
404067
311976
480445
342259
507394
271710
263475
834567
926306
580828
617646
846326
322363
133312
594609
738357
513219
548307
179519
623046
473080
899575
306554
855476
926172
424940
902957
441896
881025
494655
177765
13675
552058
334351
456761
54201
517105
884093
960171
443710
370775
580399
399207
818288
662262
986369
589032
265544
129314
120202
411578
896542
354062
63686
411994
324704
183802
306469
409785
652014
638218
628463
392607
687765
657906
229330
362413
561639
315854
608714
225659
521076
877262
535531
402080
804391
796431
324174
896847
189374
26116
765526
766942
780903
184787
950878
637731
653108
468668
979969
546743
78011
874484
111173
304860
157005
603856
505636
437435
284177
191133
437177
419525
886076
72204
904836
582268
54510
677642
137881
443338
12908
410670
383339
329295
772534
69836
830897
574072
521669
975014
185331
103882
139107
884418
755891
448319
259494
797079
367162
149831
481162
189729
319102
172911
781546
920276
440237
449823
539803
795821
506712
893309
284774
469347
374143
970608
342495
744573
825525
991999
783718
91517
634864
764183
81274
413434
972143
741931
8565
500171
84296
930358
42024
146655
513805
346076
452563
967338
170138
536750
872193
560250
688190
123405
451070
988392
424644
339174
143926
164777
87197
489883
490540
184708
593195
431426
886099
302046
349996
316486
431053
758961
173185
980075
124541
9307
125978
989040
894219
648851
236993
922189
863539
26934
20607
485788
569866
279167
62574
373076
520079
131606
32541
556335
727914
573503
633433
551662
239300
248115
123550
265203
8258
309708
863130
408843
742623
329497
796122
301839
405156
947729
265684
171167
695239
680229
59408
768527
976030
84526
312051
211742
152894
988038
438057
445089
841908
469362
344110
522943
431519
977917
771962
634901
650728
854688
241095
740922
783776
534364
927808
532444
211956
986858
168071
363337
563983
396106
754723
881930
259597
724473
602629
18474
659351
448766
237877
531412
508319
74850
859550
262170
671610
51519
270898
726610
112213
62449
847867
169755
263509
332458
651456
521469
579151
650914
478352
986222
519712
106859
117549
110769
939755
804706
99032
201050
295661
468865
150966
996908
191358
713234
242908
376547
430311
626046
514236
865677
133658
289284
951339
81746
172946
898693
357646
635477
408328
979323
59169
369395
361487
266
57891
255977
707085
943
611618
125074
576534
794965
944990
446797
929638
952966
208989
361341
196411
304190
647818
285098
542733
123484
624267
394628
628779
259890
868830
379784
388275
170299
920302
146684
78382
1964
227896
342228
459526
118691
698580
159991
551332
973436
78691
339227
60458
344963
699732
114828
681546
456963
730066
511052
403521
69053
146318
230229
387508
910132
762340
752698
405285
905061
408108
95787
897362
890389
938848
567831
422954
581634
832549
734188
929901
106491
497272
928826
689631
318284
832182
734261
51944
148049
951816
476121
219851
117611
177897
885480
309185
594001
782741
959119
315185
668670
409423
522279
425231
949640
181263
984023
78
195473
406087
206422
447043
65302
806289
924174
165016
877925
633719
243484
27049
950635
797470
36596
737854
877995
127439
941602
734501
868683
954531
283819
328364
907401
475275
151826
430264
934794
202490
318454
802053
987539
670767
262680
945851
869265
16802
790331
295593
140882
215178
216036
554144
529366
20105
217473
769455
143104
3061
900454
164214
833959
267844
324082
691113
313546
606227
403280
972643
542432
56595
560794
343012
92940
96913
96663
863209
653103
799840
85413
541543
256088
247588
617330
251747
951254
237758
894244
549681
628911
392271
475417
982727
92009
482731
382024
143484
815941
179548
817158
17955
226315
424336
176165
851902
945409
634208
246519
885089
185653
181309
573040
466213
515450
745977
673129
559813
310767
827311
169665
663960
405434
246161
664158
385899
973204
637260
732625
444538
697918
217882
766872
719627
936530
307300
146109
427112
351156
876625
51675
356855
525543
844335
885184
126391
332412
803965
408046
626009
149285
923218
736380
541945
147047
20590
737562
451127
926318
641500
567794
935734
2746
348800
809001
86321
720119
861314
539268
177589
416491
677271
249576
608639
228553
872041
346425
306226
26082
570019
759396
833397
639675
615706
934521
488615
656505
556443
363376
313536
560249
444493
750733
557253
484732
909635
865373
547175
277888
849313
876896
674041
423850
602151
421441
290444
175518
934239
479424
140393
407473
141791
361072
613227
499830
835580
147996
281910
528437
702411
678725
517144
595450
450645
311751
771642
462281
906710
625946
738498
931759
586290
806067
484745
947123
899253
349002
334900
533676
208901
540983
966449
753068
283879
255606
866448
285786
52970
641033
791291
151966
873075
497341
537556
336053
476390
688964
103913
53092
603503
136321
770070
933832
503722
724323
988728
46220
757493
802024
798921
658677
485903
288387
828061
900631
30957
988825
703032
897451
950105
602596
711882
434552
702343
498362
414216
953581
407222
357608
170727
409425
381439
606072
98423
251409
722430
293779
273563
21048
597338
236799
849377
777214
38258
423496
11202
379511
597989
567293
855415
849452
38846
500242
221429
766855
632187
66211
37832
3943
911352
458968
31688
917268
262333
48867
75961
693708
793953
135590
310533
408252
200345
925426
693070
610314
871841
521835
714867
728591
143109
151175
729889
369058
219532
936181
400019
257871
243906
432154
31015
76135
304673
46838
742302
166641
285211
528933
943536
965502
384967
701314
665354
570075
772261
28774
68965
228191
579087
770254
885572
554403
386623
322459
811978
775569
284599
67506
474485
694741
328465
212227
480315
223281
603171
751847
810815
147437
446670
304739
949808
709611
613860
259210
486271
297049
877747
485758
266491
845759
505778
156887
55562
136632
599047
925084
95302
39613
847155
626733
825585
740125
764763
632388
967127
688905
661236
481552
529663
471115
979273
415489
692045
763735
493868
253666
256631
649978
890423
526175
542562
333359
718013
51432
508312
61200
445267
611246
380776
303786
247028
506507
819867
403305
333205
633662
613518
572146
882950
669203
54193
530512
807938
426465
289370
536965
283091
714157
948743
946562
732772
836333
326318
217203
118757
172326
284227
917105
99605
894198
246470
1435
365423
428270
920645
297919
493811
180887
492341
115249
731855
976534
708841
587390
729898
420970
391917
84283
104590
488273
203842
209334
615023
897290
142709
911374
462684
329782
997278
53535
315137
325464
626162
805973
449750
207803
689094
526242
328552
484147
372385
799178
166530
610619
458812
216347
870776
700158
538776
268027
989711
524273
880636
954457
161996
41309
807434
857798
4248
784634
753469
949788
312972
374775
222082
21724
748959
490263
482671
448214
931881
842037
474980
447041
358291
513000
256381
389034
282462
794881
384561
748169
478924
559473
950090
925488
408111
99144
438849
963165
913228
768600
553205
514670
429546
238200
75400
929204
740797
729252
10966
77024
867370
44802
951187
462681
465527
711935
36352
653104
333457
21912
660298
797931
521976
276405
634879
4478
762123
798255
126765
878424
68779
5875
442649
129496
747407
930750
356441
251808
718628
119048
105231
843074
203358
203069
17602
168280
592032
514214
971674
213104
790084
581095
551992
660771
59463
864801
920880
813319
905428
268215
98084
156986
457451
657774
279806
104223
516718
405294
796297
642341
323016
156389
541549
17218
483899
816331
681925
55104
285636
958208
927262
426222
592044
549713
427983
765431
67246
665817
189424
845263
463872
264324
892152
771849
916992
39791
987959
230021
880380
276075
501676
127431
563678
737185
299716
436964
827762
201615
643504
616918
286230
459312
304801
716334
998717
868730
271395
220712
864031
574913
58067
286682
809345
14777
483902
347911
65884
827096
38296
457552
553389
150298
214934
218954
237144
366430
424808
859243
544506
63790
365398
900317
330442
814748
373174
1013
233578
840711
173960
495357
685584
526973
309422
369005
53131
786043
580235
916729
611381
581519
518006
24516
256756
113374
571803
852530
318444
419394
553390
812379
264133
73227
223309
866651
74900
433447
637042
987782
48424
652316
371409
632377
685619
419953
708372
992651
103636
522733
347825
353763
712445
283319
362148
807011
7558
240476
837006
542082
232141
65071
329834
911096
616519
36043
891432
372754
206952
729076
658344
368869
883819
761308
405652
779295
203326
22657
678426
332089
46670
852851
85253
272648
884714
537268
556535
956659
876118
778104
990405
492287
195503
44683
421871
605318
457141
71698
321530
930567
641274
483433
399596
81430
851238
373548
861220
187444
777701
608465
513619
131129
557421
520371
104539
667374
829551
430697
602498
957751
403097
450069
938194
730861
891974
308665
655185
588234
609859
801411
344472
634622
354879
340265
987411
400862
376846
849903
195796
527164
592026
449286
416852
142865
987815
666830
491590
495127
805120
549500
50777
421108
549123
786327
9227
231440
569606
57756
681829
540039
156005
674754
479447
868410
922474
491480
579568
968768
601559
105034
112313
770170
246930
806530
524719
612677
198125
187435
879836
523400
85074
515280
133777
199852
369736
641635
27330
736171
764132
864602
55102
981890
789582
758004
365641
662272
493999
337178
103256
817537
926388
485152
57832
257012
152898
749610
856891
422231
998582
838059
429808
536004
730327
909385
499646
274597
575707
769757
832268
307268
185362
428374
648944
563645
653363
595261
270787
313812
701442
690899
580510
264163
993946
186710
329395
913452
29340
700386
702921
472781
204404
900405
494869
901457
579269
5515
659186
58659
498545
522088
180478
774493
842694
377204
803920
396414
241096
629440
934745
692538
844311
442343
906582
833388
37245
506895
175855
70183
957718
510799
384559
951466
431644
147114
689121
951217
616462
438266
854723
374568
294205
732648
225258
878907
850291
670936
752306
786184
395072
179681
293727
774326
37090
798009
535637
435615
409936
765872
55728
78633
24867
946323
971841
418674
506466
848689
190502
236649
847208
294714
772613
366970
101044
982211
344036
665377
856909
535333
547752
659424
657232
364166
88617
925515
733464
913903
254017
353032
93532
956426
850229
422263
702611
472786
458282
615225
80364
217145
144893
779526
43823
194059
184924
501386
794074
446978
800277
384329
996609
