564100
945625
814380
216501
440376
39794
458168
698174
165500
244054
868672
177329
393390
292815
281905
510233
434754
763754
870072
144823
764086
703078
227780
630918
485869
905800
91187
901530
756715
492876
843356
974754
993644
73717
569208
241228
789729
487045
536621
998471
466056
87497
234168
702756
976934
807628
670839
237654
455716
724268
4369
723416
745220
680009
519491
8558
810942
279257
228935
176131
205755
682584
309410
636657
741357
698205
60299
744736
958217
71752
496691
137925
448866
832792
232886
87628
821155
675225
722396
34769
935977
154682
717963
771527
675067
389948
707469
479867
635303
939783
161146
52723
383034
315543
86722
642032
839387
183891
389145
254163
274244
464894
569855
399324
259422
731654
525547
254477
157113
663738
199123
550253
916325
247961
832603
6632
601327
248709
135831
484436
776763
517591
152639
51342
209531
544908
594158
463491
255561
916956
877527
521931
474407
581035
804933
915951
101776
891929
151052
424843
873146
435380
425105
410126
74411
99277
286771
830879
919989
118248
583125
788954
272464
789709
441738
22776
976978
591547
48603
988173
601549
378812
498487
62762
322565
92756
554168
668386
184716
185363
610382
908138
94204
432010
360650
148186
616785
556570
255049
482384
528097
61223
17275
465332
662968
713004
424783
478549
65876
440297
959101
101618
771578
143415
926767
740245
473587
729979
347277
297626
390246
481593
779939
989966
993811
111872
46002
166195
325225
865475
372304
139679
608453
365832
766012
974275
673353
458105
24642
891273
799764
667096
279175
747159
318947
736080
663090
308273
839940
14822
346231
378235
275378
211791
559681
79963
155346
442842
319420
491453
440713
112078
255484
623024
304440
164494
302477
128878
229333
356473
697624
158137
170663
66511
351598
817120
763101
964812
98036
420257
882828
748633
475435
605928
312580
938392
219867
410038
453389
328605
35100
302493
185347
976381
64833
245095
190283
2686
544417
359895
66609
946477
460867
420295
537248
181199
609445
879280
667197
564079
813289
495112
791712
581718
681693
445190
398127
509209
515302
377665
746009
193228
908296
481078
925676
636437
493523
709480
82388
34331
154094
246562
479025
769116
688953
463640
972179
442462
291618
891756
613525
343805
371526
247244
137427
204451
418625
658616
148169
283030
661716
988641
989001
433260
23794
866925
719256
597657
182247
511383
482598
36521
966245
381812
627241
426249
996397
606288
353237
16511
208982
949367
851322
618106
598397
360719
930041
137411
744522
230883
946340
488659
916122
624762
161074
289855
808078
506022
339099
221839
78576
484249
591446
534444
900413
503024
698797
290359
660435
167444
234425
843574
459576
985718
71360
204649
131140
860151
117607
724667
62893
788906
295445
688148
52013
649329
61927
843147
213906
601667
295817
50553
737633
430352
371575
360105
837800
342715
530577
927787
842271
324870
911828
800967
998202
892300
656699
154703
812110
371047
6001
144334
90909
383922
920689
791708
922176
952040
503036
942995
15728
491819
723190
410012
116592
315553
632094
837603
146011
490041
435496
337001
799558
168203
236729
640759
900369
822238
609278
21104
865295
266179
570602
105920
986895
671646
111562
144113
14471
397124
854982
425500
539548
329152
810486
843004
212369
515312
646750
238686
782793
292365
204168
769524
250170
526408
270653
600457
382512
165775
18079
922320
401403
348590
819878
179413
993143
617875
913397
777237
513462
80042
405720
102377
732556
238375
679964
691484
709494
624866
440203
512030
687911
251291
212675
816850
956145
605535
909682
75714
451149
324868
105009
628082
222279
420622
370937
229394
48456
438644
975814
701388
289601
101884
689863
650558
667186
241667
196670
88002
634708
902425
477306
250088
15657
73225
188975
857989
360798
786166
128687
678628
439129
708576
394119
957467
568357
324166
175096
899129
654391
745702
832593
813724
41437
603296
79846
660191
639682
112312
739758
679536
760096
309242
20478
380607
204546
116280
699870
896914
831541
812911
645765
292661
72715
978504
942199
616783
420171
965050
520823
912273
292984
279372
289385
361799
816316
250680
315401
197328
997425
61868
422466
145707
176461
437418
439148
128423
207783
557134
100389
538621
119402
659952
977674
964089
942101
416927
110931
898962
939116
743246
88585
228315
228991
814027
210148
540562
618708
112746
811269
426902
462643
741056
855372
933046
164303
328907
187287
734629
593612
888815
850904
707913
391537
657819
209810
339122
568172
224842
498544
888168
11324
450854
766722
113757
667391
363527
960469
128129
946072
407576
1325
332148
988668
139611
227489
849047
522458
18755
282067
380604
904549
752894
780299
88571
415039
976086
26352
453926
774595
844589
929378
427796
120111
641318
68278
550682
360812
879395
216911
836760
928700
640040
813782
494319
472319
897950
479701
904976
423266
2228
221685
934832
853797
455456
684178
337943
830086
203779
905912
37592
205199
663339
955773
208155
132217
917362
341563
528342
637628
216259
531367
539098
880756
191485
699155
805322
253553
805232
345084
436710
110939
942532
182289
871877
715136
399224
418177
309345
156156
449224
642751
69900
663044
355625
97749
904961
412623
173806
65314
704853
396321
786252
97906
856781
422581
619898
436472
18633
438534
421810
899818
474333
93754
269717
588665
948736
615404
748523
679148
311517
789460
890440
98904
630023
111125
574026
496894
150090
42467
824510
323137
500956
291599
317154
405442
75251
530545
92229
812378
4208
206193
724555
530035
455160
310257
569229
316867
733220
471387
363229
510374
761422
249794
812263
118360
738380
396663
180786
275340
36793
692587
435142
977003
916718
697468
299496
27500
355536
256286
494465
241996
874371
774695
458333
958315
636477
142134
796238
885059
177141
378369
96369
880197
325049
484026
355656
737554
5791
218782
442054
923410
810004
502042
372778
601781
911120
149466
184579
814148
886698
209967
608466
99171
977223
449499
543052
522597
949806
466492
828670
309004
172343
643092
360715
304795
549666
869937
557521
721434
955653
303421
246698
777894
738269
481444
279566
889906
504580
145629
75222
770078
302531
294680
966555
537522
564799
233218
539709
227319
325968
103864
362368
847666
667887
719301
444560
936830
435021
243993
455525
101509
22592
370697
222337
594394
523608
601149
694039
496950
346256
459323
847302
236750
973537
753933
838274
700749
426864
615184
400916
850739
657895
240220
628599
27914
155616
787723
194595
887552
463294
178536
810472
268390
707798
178678
974064
243012
605579
371546
914727
808278
102392
647270
600502
309735
79493
855810
894890
645769
683100
857401
567860
471662
815990
211997
355593
428519
782287
787672
931626
80182
633400
315601
279230
484561
476235
490423
89562
818230
323384
461037
946019
564837
211326
814738
154315
109183
139062
504684
907959
818617
24585
9264
933505
986941
490562
395952
199577
841373
928190
158497
217030
402164
404992
884744
492619
951643
261473
568385
914084
133765
972197
485996
398895
122616
590376
379700
356904
220073
287287
907837
707405
177778
146363
385962
701280
499314
315727
331208
870795
675649
183411
287386
884765
839630
712218
728449
878194
814232
745118
43016
993714
984453
881044
256650
728624
825954
127609
675904
406514
501944
428363
169643
722704
484743
80244
710234
11893
892258
853089
495193
696323
673766
986802
928630
309651
976152
272714
675057
257177
652826
276549
406847
772134
694986
705033
162235
558152
112632
576437
554922
18444
68417
201719
38761
136420
111181
300474
463093
47395
464481
660668
311767
394212
1121
629885
714794
137419
277478
97171
804810
153571
44152
920091
301019
86503
697320
288202
142899
887516
347277
849569
794405
990107
603481
856063
484779
718957
980630
631504
21807
387023
13059
417827
845942
284436
484101
825370
606634
87530
551244
163322
63426
975540
479747
887778
525392
786007
166003
387865
120998
741777
190325
101312
505318
873283
527442
871334
427877
824719
739385
961338
817531
323932
910811
37339
181738
227510
836327
771404
49385
766803
963741
454019
285132
745456
966417
805216
677585
633178
231231
707963
600905
286729
826117
372758
410785
266471
139905
70386
879692
389614
865671
338749
698447
335599
534207
284392
453928
999918
33178
165975
420636
588523
198959
512562
563228
447484
370486
591961
130067
458709
929695
473780
342670
932202
628432
829096
574857
312555
4858
798693
622738
802542
557079
261596
214428
776747
816322
29902
693731
880864
609138
782464
315382
669653
403604
329419
611878
178554
476612
174991
701577
599020
406121
348360
40683
288662
332330
625208
453843
398324
83857
822724
431853
680115
72634
865371
721689
980661
52215
396305
746639
610416
652484
962634
24556
317174
110882
524177
279198
80399
372178
587784
19433
809346
81519
210426
559827
242227
545320
494220
495666
444838
594969
747283
187024
417249
434886
400959
827192
99376
927475
86708
906080
238850
690083
768889
948850
525233
917547
499145
215097
493215
997169
615047
92516
819323
686598
437519
405562
752163
150366
800808
996379
14116
816040
922581
175407
353565
357710
514507
783853
613889
184715
508412
266378
216570
785891
857745
624252
610475
688772
600759
755817
406734
954231
306705
222321
233277
836739
501579
940821
832204
858910
382862
570114
843154
868433
680975
735678
519433
763047
816515
545646
674443
62289
759661
340609
760764
111321
692439
682877
694663
647105
252639
701604
681985
65976
4840
510210
425833
897272
4338
98454
836113
328703
825220
712667
325078
124967
416262
928049
612298
974308
834795
322541
921523
952730
312651
685178
789677
500377
444046
974570
489002
276662
998340
474589
988698
127047
109074
604620
527525
743162
606920
709683
181781
595154
70797
723801
933969
565632
443579
840957
68996
884250
642184
475230
587869
669882
978009
371047
355631
738294
617275
623798
860344
242231
97516
751560
62462
17912
67475
789763
176789
645469
915600
779038
673918
132909
947438
76017
15082
626670
283637
759893
204828
446684
998940
197111
950380
582917
696348
141566
162023
736836
495584
698262
215444
25495
482713
346137
161169
431648
40493
183450
41820
862901
196367
87885
134447
551076
515818
43926
2370
193670
276598
874796
161204
979134
588142
568746
710212
809999
545880
671666
258937
795927
278275
361854
667106
190636
785935
565829
939320
315282
692326
112902
592479
614870
561993
999155
17035
533129
882117
525373
66816
473564
940420
45816
305585
985557
733055
497707
108298
729772
609809
95415
691913
529924
971495
57569
436615
850697
274900
916606
743637
800226
753409
443066
445825
825043
922497
754181
9208
861427
184579
959642
773829
977924
306017
558572
890936
208244
240213
449136
34466
617903
59787
216706
812988
200351
585681
821941
685223
148865
244586
151546
202638
971173
677635
370347
674279
795458
120701
356277
69529
268147
241065
470112
458872
515986
62289
323325
847339
36272
371635
545323
388335
19694
33737
406533
577588
680570
472451
498603
967461
554986
416599
281452
975877
836654
70702
554381
622005
167477
634943
528184
903314
338143
305081
587652
710267
651802
899994
129053
604208
404764
648413
586832
884757
927611
278800
150710
20054
408684
516995
632442
211622
595222
826524
380488
829856
72658
245896
42259
200270
133442
950540
288963
906119
623755
384698
714810
701042
301936
959806
955906
208169
436236
12376
828181
594682
465963
654052
898631
231367
70470
18965
230164
191245
44122
39232
353794
488065
451556
34644
785522
141974
164091
661928
473929
513052
425993
284397
203445
399042
699175
315714
662687
955196
474645
819111
60588
512319
478611
267529
464366
999145
8926
814395
750509
589182
869962
48390
16462
676878
593145
659095
949598
186098
404917
629079
972158
113973
304048
628056
140458
789583
980437
111658
314471
220299
606794
476494
292681
825035
754629
54786
728798
335394
592776
216955
993595
134431
675194
405809
101793
43689
819235
892180
463179
450246
973828
380956
907030
210998
218449
735678
746957
943676
336908
766202
401616
964988
282112
143505
927585
144127
379030
959060
57612
895444
246167
102104
540016
684370
570046
551366
129965
689144
10233
410511
778284
504181
607612
89596
985285
854467
337154
317731
969170
517037
43106
732341
149838
697010
132362
9141
119720
987394
983066
618371
209642
55717
822879
843287
834369
510587
279594
405449
140584
669726
787276
754892
288501
631459
595249
725819
789120
608640
89751
572299
166444
741831
597225
423457
368851
853136
340668
598909
177042
287989
472421
72467
739054
46199
903348
907386
138657
915647
363858
96574
318341
499966
958003
549072
605084
471925
641783
916381
818553
861265
302819
230651
121807
685678
936630
145344
65045
85180
628715
596013
142994
24255
171339
493064
338826
709040
109164
269511
195525
151553
671369
467880
580664
723134
640703
875166
425811
270543
888226
433701
411430
859098
583418
842102
18801
617861
19357
194391
468806
805529
924074
886346
423901
973954
59103
966629
547252
664691
602008
3393
794081
603750
709541
300556
862261
416129
652102
776506
712655
859924
443781
739864
864634
727551
430897
523649
740868
126449
611570
510889
113308
283082
31246
954647
432550
73122
226231
784111
461151
333091
501966
207469
431080
793169
993784
218030
943409
762859
671643
113384
560323
445417
204918
359418
531049
510628
786139
47006
686076
277205
924681
949435
844298
547765
48234
504472
55203
382980
586533
266858
426559
715238
424865
106574
5519
160167
248024
823442
171358
176287
120339
866349
791844
123889
408775
757391
634088
580525
119820
841363
904398
621525
425718
39058
979460
649213
237778
11089
487621
596044
227135
164890
88969
62495
586150
456616
92233
182860
453143
583291
333042
325443
750721
857804
310438
492497
153294
980699
410793
67518
859993
784484
201262
180759
981005
556656
235263
403910
258587
14535
763715
797469
47063
493250
388335
306289
925680
575807
634444
695587
361290
911663
747936
776506
500410
502921
80316
703724
717085
870177
37921
175868
776917
942227
694480
795901
303905
426649
450541
398388
687704
698429
463887
700187
66498
940712
658919
924610
250003
391448
764362
639888
923525
386160
963164
571560
638545
331689
994587
577703
100745
454246
566469
520009
739925
194534
657575
388267
605064
401235
528516
62635
451934
856119
370718
4459
410132
912782
379555
470773
526372
335286
689911
982904
438044
811587
923482
937777
45018
605679
273974
546341
596838
527662
861192
346762
529644
646304
365544
232710
514004
263072
691894
450511
197568
626233
271651
492849
92002
336377
708633
571694
645175
934301
62344
486527
389731
513451
103247
319801
298922
738655
268995
269195
515912
862845
646686
745124
956847
473797
357831
43697
334043
128709
891001
959556
889299
1096
36051
504336
892669
876780
153149
170193
785054
250066
311857
807496
428526
603118
917037
640676
546964
295550
374708
564796
359427
540887
205627
323833
422192
170394
572919
557585
19503
823494
590400
568494
831081
719015
963170
758317
5180
785453
924353
687745
279151
850007
693030
284728
391953
316174
477802
918678
984877
278926
701757
431965
795883
980543
954644
745710
978822
31650
416493
476809
969893
389927
159488
236145
661465
896731
18948
590443
453234
578366
525594
849508
567678
856178
232858
672050
564575
773392
411641
949171
216904
961109
958100
1042
920340
152314
803163
893288
254083
784993
733916
393918
513681
667499
223339
948849
476532
78438
23596
472943
114611
541412
477693
44253
233374
878759
774146
9115
112430
135032
856590
538591
744633
585559
636074
960638
898897
359692
938950
760393
357755
713436
716282
44820
241735
424215
584823
863890
90833
894158
531790
914076
451410
968227
341916
764816
992483
510712
986898
921366
107216
341257
936285
705342
301205
64854
730294
45125
543736
689144
233096
524087
616706
505685
645368
123630
579419
657711
459798
650488
942273
814550
630944
740183
74469
192382
815085
648865
899426
321643
573181
90888
627354
762249
162906
851060
314863
515224
473450
899532
913371
256196
137108
826196
845101
247442
186637
877681
142945
448055
545214
926791
938778
449667
661012
240515
883774
835642
573219
149236
408878
831043
276472
672660
226785
754554
86074
95013
185180
369440
988475
521527
654160
374962
362977
751558
473743
942871
455723
166016
334380
365682
204066
861731
792303
813336
656159
596549
944946
981403
318131
59310
618844
980741
633526
816287
284407
839713
936431
964406
335791
777203
860509
48105
850665
556487
310048
597616
182269
726310
600263
494271
302674
561830
548663
389233
967573
811353
191604
272192
170646
982437
539855
929585
567359
619444
694252
682189
688561
174657
645999
182409
334524
67539
435907
250183
388347
594055
889350
595445
357770
185925
638868
414931
12518
315989
673455
103635
732639
178954
115848
172121
90876
612060
867564
790242
546667
421076
222478
79617
82019
95328
634285
426563
18968
498694
681314
757428
537690
379189
643784
167419
572619
795831
11656
838560
228283
363972
688063
251118
922274
994928
589967
211956
330105
13123
201727
117733
889269
495081
28240
50079
311201
631936
651037
152201
591318
168143
482349
441941
17946
641111
102233
103589
372371
492865
158996
292169
736614
617590
997980
820583
156017
259470
979580
721972
983969
343264
598267
787230
33072
685240
231909
588940
919550
901222
319347
418941
653259
595635
469657
728397
700559
743919
658477
143894
697334
361830
360879
604915
804219
115889
352761
959456
383520
630440
602948
746301
892103
832437
672340
170993
345841
142212
176193
828779
426896
84822
735396
618692
373642
950005
735514
350465
341261
145602
36856
60852
967049
399978
186251
991873
390671
498807
658250
743678
270084
961730
848091
593908
425025
471302
852222
706243
810507
780817
335386
844578
652970
284628
735842
435651
949032
596185
692260
164500
500903
12883
184622
180770
347487
37137
653917
48792
759924
614285
974531
854374
491248
778017
596980
415869
265250
111897
734573
739766
953426
200355
159906
953362
212447
866147
836323
609692
746104
638819
76010
376811
880499
530600
529027
372740
746573
604256
552472
177628
650623
680503
892376
706810
932985
904456
51460
969019
55293
231856
675350
613103
117147
685887
179726
86625
152261
776968
223130
800949
769614
302424
902881
279145
943107
236099
981228
894398
861606
106649
791921
21168
492291
548856
513662
355232
55666
516411
833534
856851
588968
561872
96555
769747
492473
156200
879569
657203
276782
902279
932347
68464
812222
955323
890620
12211
949933
760745
723163
868979
569470
912963
175964
66808
82198
587477
359335
882682
974319
991295
36440
571240
836853
474813
414178
455748
44097
94626
832992
564331
549871
166564
598522
606643
831774
773904
283696
706605
668803
851166
421126
37385
852394
781535
42444
553753
824459
665491
365001
599406
990085
467863
517380
396958
194937
139963
231022
958696
162822
73714
255407
111406
250204
933986
939851
259296
108543
665116
823665
684474
144026
510181
222304
559779
517437
835187
808118
869494
978869
110643
771351
758942
837959
371143
173750
698779
822153
406222
118019
21857
531484
615579
136113
160031
589001
540487
780195
905949
146295
312929
508530
169406
40518
770308
981789
223013
451532
808002
545102
217012
439274
931196
167621
468336
131018
644819
395619
38656
750135
613945
307605
116820
560856
744225
854683
98659
695498
575509
709492
364108
738841
901285
431976
409886
631067
685053
919730
632179
735658
724176
716359
32887
587068
978481
880839
148743
161185
269376
501695
159156
794456
488577
263001
185638
875725
808136
925409
498461
581171
844497
411828
392723
911226
157228
575111
794622
259757
371029
58001
357041
778220
496033
139094
349090
478017
857365
485394
353670
92704
716625
31422
829657
9151
479274
774017
914426
691088
609301
193398
361778
373592
662782
631894
629845
444653
357944
579970
963201
448528
333264
956208
964483
725796
241530
107183
36506
333131
744685
789208
425043
93916
108234
242579
526099
942722
310135
928771
156339
983796
122635
158735
247109
529036
183074
743694
500661
276039
239759
926478
941323
159768
324977
776257
71245
474857
135390
61637
639298
264751
439229
293071
23249
181864
179824
144883
71623
633652
263854
95570
435063
554317
169006
170528
84795
929189
119743
924944
805017
30363
420085
771039
205954
505817
908797
678970
380788
928140
626898
583629
862078
273985
966856
191978
723939
136025
145286
222737
881816
694825
874193
297058
434152
720432
678659
879836
483704
891189
572122
515473
660836
427645
139564
476008
225991
98150
265016
549262
478810
884707
798872
968251
229684
32405
253652
915037
161775
26754
784912
661283
948843
268276
252773
45479
181356
966448
744716
595192
532383
963666
81078
14019
28922
240962
615290
931614
30976
72405
439654
955250
874532
174658
485750
408258
981509
451454
419619
527516
502552
329207
401042
228890
299364
36138
242925
119253
218790
289762
463311
635368
803796
832334
497177
611868
208127
678141
550690
536053
738961
7800
486731
83096
251574
329404
369328
471127
7640
487058
624058
318619
364162
782797
997521
728365
60518
552864
953135
735265
435386
953881
498384
330015
658300
880766
434949
495695
944598
379906
969064
451680
14302
136868
533994
807670
735668
627429
800904
604334
633998
731940
47836
316815
484177
705303
424784
653646
777685
731752
437677
342333
303435
906090
884049
82962
881019
344374
506047
138192
929637
743590
40273
68436
648137
482285
775560
255294
182659
577490
182852
901242
383886
792199
492751
278314
32489
987114
166995
153586
144086
5591
658732
581471
457279
183336
35288
207285
552052
217674
785675
841555
395279
895997
231072
677957
454329
120488
289897
18662
868869
908118
462119
993328
72186
869841
921557
184866
441646
252697
62111
560972
47565
321473
373680
449082
94329
884647
159721
215483
832843
689358
443437
850509
163896
24538
677529
871270
771728
117671
333777
347489
70943
314693
346677
39492
425014
809428
811315
861866
594820
538681
729399
516049
963805
711610
623997
659650
136477
746236
681478
750617
338214
814294
672872
71024
279172
324817
488640
696236
896370
912702
559684
507683
727926
327284
19443
70633
548391
572709
898349
425910
367951
688220
929887
655285
248491
632918
632982
276779
279247
635962
164277
325378
555366
778741
236354
522098
123799
273782
631770
54923
472836
888771
996613
148961
927404
936055
542436
202388
340592
889945
671111
918074
627635
261977
150619
927340
808602
13417
370496
380202
383091
781301
246585
414700
848561
337089
792317
229702
987733
617438
585770
664502
429993
908297
150553
193805
957543
272032
921932
301240
302582
822850
836420
733931
550484
616321
474672
56041
992783
1990
526527
582897
137965
916674
43286
774536
347243
390861
485021
50016
253986
69661
59572
3362
359558
167396
286596
447453
183177
176261
667632
616906
841181
373429
951849
821051
365526
661675
871201
467040
540717
941315
635415
100534
553697
757
141201
597837
197815
706540
55016
254964
34979
307334
27517
755331
373631
784679
798025
598404
487800
628090
627282
704574
872200
684293
96890
91488
999837
559144
673138
975943
718873
527794
92555
187372
887155
598432
864877
347629
437242
775667
473760
596086
295610
160237
346504
624652
986807
840423
371502
423606
605014
225362
831673
862472
432667
88648
710267
118093
532749
228110
991271
5520
933494
161961
354465
91783
166279
87449
881518
558109
328408
362807
451786
261531
655820
580902
657177
263538
379155
731833
592053
965927
434121
974689
516966
408347
723835
431633
884271
627574
716810
341168
799621
335472
562665
67642
514971
247419
347137
725940
945368
247440
899059
130378
471018
533397
385533
292870
834228
21416
330934
717039
442275
850891
245171
617276
771870
471276
999756
626867
505116
113871
627449
482851
440847
577498
363733
85242
32062
311037
486085
446532
432176
749500
778994
500417
337796
148890
308017
735265
302494
355811
374660
553182
241340
641111
966266
748470
747686
524270
402993
33412
72324
895436
444796
893818
933769
633859
485343
201085
347213
141631
963191
478621
176633
190034
404343
495088
514780
714653
379277
751178
804058
999511
717027
225114
412803
231869
713153
21924
624002
563030
809423
584278
142124
743778
495032
444234
471992
881247
22123
652759
269838
691639
949691
344404
420024
414473
938342
10347
686133
661394
495987
957909
678316
305720
378164
637367
241278
898867
982827
147481
973748
927384
907593
604543
286359
406851
678610
963686
953567
305441
821148
515804
607043
453912
214133
486844
708015
625555
461092
388485
487124
160493
692040
926423
913177
447609
551710
109321
490607
289004
703902
908265
47426
285224
901636
577233
708107
834533
837868
512866
54594
361278
765654
702880
9457
173590
656202
434922
316900
727333
621077
972884
532413
188451
949169
526307
323684
115983
731266
219172
396443
128732
689341
69609
874927
840889
514147
533409
954570
168123
544235
11795
333862
848810
245118
346167
774940
213861
891804
535409
564570
607922
843100
994347
92403
200486
396176
629005
985425
685805
992263
967452
134789
326391
142188
660012
253823
607936
383691
259203
57753
882873
595892
646284
561293
998424
618936
886580
286599
670265
435024
189221
329814
612271
63389
406941
970172
566444
704011
394794
246308
946248
138318
740292
697651
857521
530958
307463
169719
422704
474847
774219
132156
439828
196649
761762
332157
474045
480935
251885
728824
73478
316875
170651
907290
822864
53822
604479
222682
354216
771332
434381
607586
587028
421246
141298
983015
462399
452617
915085
939545
571326
915588
594189
73206
927166
681776
502632
3194
167053
852080
905140
182897
422401
46191
65638
390956
628552
240608
472038
886354
686158
122273
619659
52430
477189
158265
237624
618982
191956
512384
195922
434092
608478
101918
232285
359885
80045
474091
422642
528966
457339
592246
982047
418871
773021
811105
629403
523984
68620
595753
965284
677735
181394
692804
703671
760108
569358
890147
478443
420468
249571
413143
390443
474417
822275
877008
33742
441731
584275
587008
357141
456615
650620
256541
167808
452557
673934
120774
263117
240648
46736
572029
443086
149471
36520
682131
138790
398528
112803
501985
27616
318420
132194
388722
548843
274798
858210
108414
216438
713693
45926
390545
815396
337184
464643
883275
310060
995001
92232
171328
638864
864026
640264
110719
527928
788668
904773
407152
671403
671567
41018
335831
481321
281356
649093
683253
94183
92262
570991
110861
179367
657118
793817
375236
987636
942518
691654
997537
189559
52605
284159
553973
182009
675529
475687
78420
719606
152323
53851
189249
553050
412060
602693
749608
836379
545886
723582
792644
48434
439005
871901
48865
180599
372364
413345
629948
952024
251563
811638
481030
641397
354334
607079
399879
734555
656602
584929
940127
53084
879736
583840
695080
240648
93100
199929
733304
843530
290511
457922
399299
826784
952344
934881
766685
635960
506473
982384
30172
881892
242245
879946
500892
88698
93088
694453
154652
788491
471439
262380
763269
25982
258335
891079
375115
65992
303233
469833
422380
160457
683810
112006
552598
956486
794841
496239
434597
336255
441658
202044
845898
936557
67208
398388
494087
655770
945095
284700
404054
187548
301742
697146
490730
537519
150139
512260
356173
328942
509153
606058
152104
857070
375901
926973
509921
135031
424550
669690
335071
350624
395203
98679
772521
315910
937014
846249
759852
693737
207254
216848
296603
431651
242618
762623
544817
129797
537041
992459
366290
523407
527567
341968
958159
269580
396994
535579
176264
278280
601091
698423
301740
201263
296519
620759
315932
736964
936277
743837
754862
173050
539538
596421
533774
64242
197688
163057
85758
175122
844965
486225
146301
405246
604688
788206
101830
657782
401110
28180
531439
555084
958067
124378
749234
371456
542924
486863
84297
852154
998184
441347
865650
266467
145471
775279
408018
498784
237227
482690
379126
398380
952251
735432
475508
192976
753959
252025
492400
727490
382301
23708
910587
699288
778617
280086
617429
470503
630676
183251
983059
860668
328308
793104
367388
20918
910497
821826
990157
542590
939159
297574
39804
927205
944215
558182
520538
61336
217752
623589
264946
439810
252379
814503
239566
889983
206492
844896
161272
830072
50276
277976
251230
675999
84923
687927
990735
448776
854523
968690
782818
359843
840256
739026
933941
611794
453820
132702
445459
414827
187303
129573
91823
685579
342099
130602
352589
974549
921885
76588
687744
724742
57024
597136
433614
835574
828739
13933
576943
642606
731667
903604
588660
66528
772075
799610
702725
290759
526511
112420
796035
323292
646617
104686
231308
861106
796554
363416
584860
161839
991170
787245
269201
474919
836651
939697
710663
319446
876303
701478
308321
662138
460523
70459
844649
313611
692635
927250
551695
424728
325876
248620
79822
737471
860144
294004
342636
629193
894020
990628
447456
123552
312206
380056
273037
173933
931754
236205
164269
209170
841060
43925
125065
190017
479623
493435
7588
469431
115412
878221
923512
675993
298063
262507
702168
964713
729715
9706
940084
581477
742661
976837
158971
49404
749893
81312
900443
911982
997889
376890
819428
223039
627141
383984
168394
796247
540973
833320
183689
855737
452315
923680
501667
339550
987715
708499
98053
826541
115363
851333
260616
896730
384336
244588
226706
594136
769196
396859
606877
42492
598452
771083
269008
705968
643510
594216
893705
487760
723103
97718
678588
452132
339506
249663
803317
236538
116437
668698
703481
592736
476358
411256
607050
958971
308971
801038
884618
261959
307462
83867
982583
879916
485831
288597
943573
266809
758267
86644
759081
899391
300451
165210
144225
301325
73439
743325
331985
393667
731017
791411
573656
728085
155999
347449
170209
233182
957784
320544
548101
715550
758679
477876
965774
538066
117565
317962
513367
517487
800345
289478
485711
286330
701435
865286
358748
833734
898918
456303
803036
734091
777699
291666
873414
670368
888498
88634
941039
682582
375452
350164
190953
587888
484452
302459
32198
232578
658779
75808
451706
41317
605139
561747
508126
92564
617195
806832
54225
311142
923721
519720
347257
37928
680807
746731
47143
133590
400580
390383
389144
600118
661818
618272
157400
571474
567727
285092
331842
593104
670565
843785
214178
266927
542125
797070
545403
935264
355641
409547
795620
804159
434318
121853
819917
979628
863768
886322
410015
377034
816919
360077
362114
857620
409016
318903
510776
75799
125951
288355
736614
505040
768287
809467
95603
153122
298988
916268
67849
518003
26023
651211
38393
256037
772729
2850
636987
853228
241787
596060
222482
417809
160306
594440
783950
340226
872728
80973
653739
227603
736149
763691
220695
477333
998541
638569
121041
393809
951506
892513
695341
25314
99642
436132
8436
47596
163532
44811
618728
407165
173268
497371
833253
889086
590230
106068
443490
863893
292383
364182
648663
341275
517558
753201
249977
88885
251442
461831
745377
754001
355365
789216
909386
511487
506742
744842
54969
583081
618381
797163
942199
817905
415591
740645
821882
580197
768905
427940
229090
827233
429137
88839
776863
830146
842535
83176
602287
830210
711699
429706
5189
991285
438185
977630
82373
705311
240351
306866
694956
89712
725247
162807
552077
903965
441527
760365
693494
433115
514766
441517
322481
666554
572913
692370
85414
973469
639596
720133
65886
572754
475828
681700
479202
6482
133600
981647
16770
292694
627128
316367
450609
274643
998822
52258
778510
315220
923529
439719
507709
508212
34345
964578
453364
855924
447108
321645
81618
640639
808391
834940
470633
531575
789912
981643
282780
932603
280976
789734
539876
98872
425286
376532
738157
711977
762823
2337
766109
28012
415137
73671
26996
890050
376222
29945
15054
416099
33295
582795
538950
583676
324926
931329
924469
208518
257285
153138
674776
2052
748924
473944
353807
395673
138573
35895
739010
570819
495333
508136
626334
979064
782019
774210
511805
242331
594162
923939
757220
582939
744531
361440
97829
359913
360596
747911
571877
443219
248509
180941
411000
901186
909993
145241
391976
395788
222737
265963
453013
655159
91588
770475
662646
161803
346483
706762
838910
622995
615976
399383
954137
17392
649495
200416
10581
986457
222285
708226
139422
895538
346693
726992
710050
386760
371866
797660
750931
551975
926294
818213
832202
235737
818728
444061
377545
123131
716212
801493
782873
13885
658053
681031
19218
625909
299934
780608
164857
322977
593710
144296
617731
603127
413345
763311
220472
840683
576083
488790
841267
945149
23775
71447
318662
644667
57174
579122
395770
406234
875531
714006
235187
175981
58187
96488
627762
987840
935979
377522
185845
22740
277689
584555
83385
35830
722260
488735
861920
53950
235032
278267
48493
961057
765041
791223
208171
309236
668561
400224
620334
263038
444540
260929
939377
153784
555968
48621
253278
262435
484099
68140
849645
211974
239669
815296
304420
192515
713956
591442
53180
145109
956589
280574
96612
186664
684368
346936
385246
384917
313821
343961
108488
959865
717131
235722
778229
7153
442408
162507
859194
284595
161834
233633
157189
901004
955939
457434
322215
678386
334483
115454
330546
28037
772439
148820
823549
398887
43840
873677
785860
376628
365119
417490
925804
254624
317820
52197
576997
937580
255237
577654
324265
754693
260707
943173
72161
960185
357449
865838
366054
890134
380326
254678
353060
948833
533913
385392
404571
969264
750980
440813
813311
391909
88058
717822
73024
434503
768274
768263
295204
412990
794397
127329
121487
420907
470516
633612
50277
376674
849386
511280
874886
599813
623904
201870
265400
833662
917176
567240
791331
713816
328930
485449
900021
931386
97618
17234
423717
656002
960082
100898
479701
268730
683187
565057
247057
355642
127071
23082
199861
141402
991754
266707
237291
195601
330695
23258
62096
25839
492151
234510
49848
707891
909916
416150
120584
180362
117067
764162
734722
812773
151680
141484
459166
421557
765963
710922
722963
969734
772393
549396
102965
286069
772078
528972
573240
288591
524253
424558
145874
284808
884442
955446
175743
644309
248566
416137
401694
386726
814378
215617
732793
574979
35039
127768
767138
265474
502442
579632
676664
375459
154709
362492
980361
197512
571800
892047
364881
525524
191911
222527
985441
788830
870181
342069
546779
443922
307574
514836
299674
321764
654194
83204
626862
54578
999477
981594
888260
40310
747603
526502
732773
36388
639017
358040
935317
951270
626702
590287
96411
218482
238377
577088
967393
948612
760092
307519
467121
638397
346846
695405
342175
245528
663783
212543
343686
740229
661444
288806
749418
136868
593610
793440
465469
347807
606503
379547
410429
536996
246420
944129
193914
729598
929063
445349
863925
61135
585668
274184
865252
809196
937843
819655
937491
471445
763598
292645
156388
378255
689553
110321
985015
407520
917460
72852
908196
438567
35604
363513
403109
521301
109741
190297
523345
90956
983204
927010
429251
774418
58208
205251
534553
929585
743033
268822
913432
370095
626281
115051
872877
155941
568544
686317
365391
637811
635060
895168
452559
235444
685798
345073
86093
606428
183626
639429
477615
124005
151787
62766
654113
944437
456229
527540
279202
89716
107407
558420
619387
453118
379269
711493
994396
501876
586064
711958
265556
644845
179316
492850
953516
826315
901975
191430
118817
967400
130569
658105
883133
507502
607284
346202
266705
600517
966241
92760
549073
727208
159076
808490
828492
762577
498918
540303
431174
573395
685453
328303
284212
922950
477258
910433
391187
192668
754302
173766
63717
277906
63498
847186
33737
863171
623345
385899
495349
438998
367404
379817
362579
476504
572939
452862
342774
743460
470531
770927
226936
47615
459352
819904
370481
313728
223592
820398
239894
830316
572689
311894
374059
926240
895744
840563
250278
95015
198743
94469
372322
168620
368570
39884
692540
612361
818231
969075
455182
71101
775759
746826
594566
543549
781541
724140
359714
569953
548418
707136
67658
35327
942275
138650
241737
837333
250144
988865
836266
692511
369881
924748
45995
385289
573503
77989
243296
523391
554908
343983
380391
640992
862592
237060
505156
150928
523113
267287
190809
435372
351246
305529
859459
101593
117832
19831
895123
625525
835613
529888
446375
373103
248875
830564
944293
805107
508014
731607
408787
137277
547118
138773
504598
445327
45511
875456
779974
165246
109398
997221
888234
597222
263933
224189
205653
376445
450068
268943
625244
663045
531821
215602
79154
828891
276609
777905
941859
561133
179643
84679
64809
173065
968929
892681
45230
334288
82779
770659
677535
568969
293602
673914
91625
180946
951686
920305
908052
177777
911579
504264
27384
387784
701761
307998
952095
475943
759631
548311
272761
625851
846300
93464
839158
609509
171177
385199
339140
854822
205358
512528
750309
164278
536128
774010
463467
470452
493915
859129
771283
667319
118354
22724
840188
657602
532560
129606
549954
373206
752842
510906
348796
617506
670275
380527
863118
980502
807867
138859
122475
490517
208501
414828
261930
582793
84260
547529
291524
850448
135857
861560
811816
134483
549035
128680
516539
827576
669580
786638
555439
176749
448036
653950
937791
379301
744741
538671
549892
435616
103562
394977
955383
495330
544036
56154
808644
783301
526722
41483
805831
359850
603708
767186
848485
654603
612572
865049
522762
808364
911466
126683
404090
230896
686227
683143
312918
393416
5621
203005
690862
78662
316810
780917
23933
193808
573422
122559
50309
8240
663054
28453
755848
565383
888623
252716
249056
125026
109848
313786
624316
429285
133086
803601
303287
760099
361354
314041
16726
549648
836072
436732
95134
587726
344559
803147
799440
260707
141640
613822
612930
228172
847868
261817
800283
431786
947071
933162
803563
290075
929235
200622
96037
684388
334811
544275
293690
583242
849661
598520
792402
101696
268914
532241
677737
596858
686125
842503
878789
467103
926309
187900
100752
528670
617217
308908
477206
544920
870047
651119
73819
78459
38018
520091
951578
381358
370646
587974
323862
961384
977632
608873
646111
76188
783558
707679
542052
391951
802872
680909
682159
569417
140346
967133
796225
468841
273488
357986
535882
396883
164869
565152
935109
478597
387607
693731
868462
189768
868098
745805
883681
66050
499239
476078
913040
902056
602777
88011
961825
884624
550021
693825
495266
501412
395387
515331
18602
931315
236061
86784
528781
507681
825954
909920
143099
595583
114632
970604
844917
412278
179732
730893
552813
31900
562695
302060
68986
329129
845599
581561
808373
769475
455110
57800
754547
192757
984156
694869
555934
911166
997660
472168
20018
510790
485485
490003
413074
827819
910535
8153
970564
835066
239040
43241
238800
982778
621106
40583
62000
828705
951115
41036
8180
155562
454129
9284
676853
370430
839952
243701
788403
730895
166593
792191
152078
689732
549272
976287
851421
356110
497738
728077
961583
333914
800825
92614
232092
387423
979806
703076
873222
989015
958418
450856
962033
701386
539705
282074
164796
790469
398731
781447
532220
390570
147392
791274
894388
929505
248984
805221
88754
39852
143492
803502
260681
330585
520500
6919
532454
257744
271230
951333
16017
137932
253672
268146
281986
903975
481426
497902
474845
550669
72899
855537
313228
115091
489102
815755
552056
86304
679584
495116
314340
723785
665833
323039
901542
684731
195877
31441
926914
94993
886598
596912
329700
797062
526144
822734
718778
727940
360113
252005
840940
382683
791210
128980
622713
651085
871966
14471
21871
902918
883942
983542
724742
951848
608046
249668
552538
952453
69888
195335
306372
842022
47723
36455
776980
461192
609615
805407
308972
904998
559752
635489
180988
894257
470517
510102
406677
793629
663652
444291
243052
113493
275483
865415
128494
542543
3333
23809
612346
14969
361208
536270
831872
67091
221151
462896
405172
692758
728969
495050
163502
220626
285965
485383
824289
823573
135383
358491
635446
597191
146580
855137
944324
871955
238838
815716
95790
185856
562724
314041
713754
492190
470273
141385
306825
506587
205144
77997
892888
410869
566753
910514
90386
340362
894962
104188
838191
374539
485893
312774
139438
300047
863842
314567
585738
140867
937705
618544
715164
287232
67646
624594
148557
206261
798737
713693
915253
421059
108040
597124
744149
789672
120460
701372
793453
106898
814445
125346
892027
917013
564275
31100
361746
998328
119874
446423
596819
469354
366121
224208
411530
382162
316551
436015
184295
880964
760666
373038
551511
924623
835941
788055
67966
991539
26941
126923
421588
991280
340401
331871
105817
284345
451476
69792
89462
839
599721
672567
809458
378635
639657
151016
436621
765115
498227
620852
400188
662158
988945
662367
97794
931459
184354
138508
38056
287578
128490
577860
628569
400422
764211
268053
567068
83002
931741
772823
421934
966209
593993
937866
605371
358634
497310
13211
740921
721792
380790
621445
300449
782871
118953
141396
907595
206498
308340
753925
807206
914850
924293
284298
81553
687801
735397
673514
865048
821533
350658
717700
881294
655399
407832
987315
421827
733835
43324
909965
681506
492066
345605
190150
77610
206052
767447
734642
557063
497
763917
351272
748940
739150
910722
533762
480143
602221
693052
193984
547874
345956
761334
688524
629097
466560
793801
159128
324765
460339
634294
875108
111388
770856
106066
924379
38762
575479
801295
183197
867720
789300
91491
286872
153839
301666
741590
657295
893289
727173
49261
110653
891405
447317
427566
754514
276181
199694
183248
566428
456541
890277
653377
351425
690298
37781
434835
527593
698165
595286
990724
669112
713443
48431
839720
458233
671394
605795
662773
427414
737586
587207
670123
19203
427437
710259
517022
777595
576613
505559
876193
23843
714584
983781
298961
947722
675090
326636
26875
668882
147232
684933
632299
223400
33388
197286
66002
43694
657466
255124
963027
773242
589758
97717
847146
821752
267351
213635
151417
574507
936876
564381
29681
813648
75746
873847
325849
933027
382519
823666
338238
666619
378302
709959
72760
77712
759991
127708
989972
697821
914442
847929
633763
809376
509728
230804
115294
570367
315870
857672
744820
573381
809151
416100
88306
451529
249677
9568
800910
13551
131644
520107
175120
254344
82019
759263
653534
963157
887512
189590
992802
584617
853350
271894
430554
861804
746925
57256
208571
41723
698519
994118
568131
543085
645107
683954
496858
135281
559663
5091
196772
748691
956726
595418
997030
621661
914852
743444
523410
320090
873890
538840
220465
833782
787043
222640
241707
742145
571642
455540
764150
326866
464725
297409
183449
817032
53914
269705
18652
480556
21660
746820
761614
282482
603514
371141
780914
635486
978580
294375
871879
356932
732203
262502
114547
867496
939668
106122
440331
855427
326105
196925
549570
923175
249901
938814
555563
589754
488073
540334
590700
4958
716199
108232
449025
746801
975898
995438
468586
303600
482504
682078
194163
732534
69894
317187
63390
52131
456398
132136
863598
785112
731423
730311
667410
103070
49649
838080
615085
322406
198868
904613
948094
415531
358500
824818
189361
463667
316907
181914
360641
836789
715731
516476
198920
309589
686790
989941
431716
449419
96740
406158
389960
97185
832480
794134
668572
105051
920248
446987
400594
573872
752335
495602
752519
546487
128744
689222
433745
270237
741953
293581
257195
18706
940554
270213
492922
276868
88192
943486
161531
147268
575275
146881
627212
654212
166000
309742
61267
666881
471123
446884
717839
457150
814862
661272
424569
263846
249606
808393
745238
224659
669936
317578
28764
723372
694016
815294
843006
244392
720265
849314
915030
271794
840694
836676
649455
83045
697379
520082
859436
832054
571033
494477
312535
103089
852132
528349
127370
856796
274899
50109
277108
369208
541196
217750
352200
125925
657737
682666
535112
576613
506035
670567
141610
160761
747545
79516
492068
366951
882573
442567
10521
196509
9755
496076
174688
716719
261223
537795
774125
559485
158178
747752
429086
456048
786152
825142
909476
191843
223354
851981
604940
509214
587347
369231
686889
120125
84521
457227
433952
493295
564161
83601
280912
330522
791727
282917
258395
640924
448745
340942
834134
363309
516103
78094
194505
115808
826074
942827
300579
244936
724326
231596
485821
209591
916477
8416
940297
891042
897337
864279
783063
741984
378005
450932
53443
640849
868840
880346
300479
914587
629568
798084
31929
606800
188119
501105
267176
54188
226421
21372
288440
813818
912417
217801
11856
235413
53701
566364
426556
634572
266269
586180
900156
578527
59483
778612
680680
571558
570587
727153
218110
67025
702398
337703
975690
888714
990885
101719
355505
724087
235148
114027
986905
204315
969728
395243
936376
2268
298174
210951
935736
757663
927338
758292
78660
671503
874793
615188
103090
467133
473371
456046
892685
661602
944056
836412
613373
562495
703622
411843
707285
444005
284276
337150
635450
186833
412567
349267
805675
2223
24766
867687
195312
576959
217331
986509
309923
998293
755601
222617
604757
519546
901757
526163
728927
624688
617090
441287
585415
750163
346317
68922
939851
573723
516674
159415
447757
958718
883704
652166
151834
678643
870552
601022
466328
503760
411533
511858
388236
493461
656872
60423
833990
246785
868884
514854
502122
69090
428784
945612
503259
872171
688846
987454
982789
587197
54088
647194
47047
803336
483642
863241
335164
404747
578207
903633
230629
485047
934347
889799
868532
981617
134402
776802
412407
88055
230580
326890
464223
608474
452566
910798
993645
114921
405790
497877
293304
137326
741339
538733
426205
860626
408494
800864
58563
798299
754473
249956
318537
867542
929922
860625
847503
973072
112819
834029
874334
79486
729586
899427
221749
682620
449864
570643
250481
94130
625681
802178
314968
730515
919183
856242
560066
241535
61482
279309
367972
976521
801864
590395
545850
263122
222021
21971
113744
842068
389647
509997
612910
581115
253473
438870
519710
86253
974490
867293
934235
775979
125945
978634
692760
164175
376
281390
411689
737589
150914
601238
717202
696182
118289
77081
922091
59280
52136
405009
670380
351457
297130
50406
320027
51666
466326
669830
117455
377873
524640
269553
349983
659510
693356
368688
535277
672135
329129
3301
303368
743511
65544
580350
159106
15689
117080
697603
819024
94450
304960
303695
561303
978204
649176
778844
204057
489063
686820
452471
152315
910411
993773
788306
685554
282232
489918
898488
211210
898398
909176
977115
969043
454857
367250
254281
731944
678820
514929
754749
579613
560158
963040
876882
69892
683433
264300
292115
832220
369695
107359
124525
660567
421759
38295
159814
979271
405206
773570
880678
29476
349881
29688
589651
585916
147886
593780
676732
4791
733035
858480
672459
316166
773686
630557
167005
770408
32363
453564
97102
783449
671644
775964
80877
422679
632659
391280
389647
16978
37682
755148
136383
388207
520892
563580
637523
487481
767148
982593
367129
818149
189571
318825
98737
469056
471903
122762
244468
919159
595271
822874
398290
344130
11139
500974
594170
96686
855400
445837
751922
154887
108530
391921
760966
36318
202249
229081
392221
790332
660710
151950
774119
118179
918095
306416
949234
103677
844798
255355
481180
247396
247392
236508
326819
563405
830265
838634
938392
643154
773412
464387
345394
940890
591672
604804
562815
156774
109319
203556
879541
800507
74048
768493
625511
986152
263028
837528
682387
66099
573814
183173
720856
479524
364315
127700
705733
318637
665184
68899
204428
554612
100843
344996
39445
210751
212906
112025
694959
980667
112920
438959
147873
202793
177118
8565
514079
375974
247254
106679
547928
164373
675306
906107
643884
351147
818203
676119
871227
805846
981982
450349
869529
762123
478432
144453
878813
950059
512619
104709
992408
870161
370912
460367
496099
676730
79012
104119
16978
432465
948440
941408
517893
921111
799744
840690
159772
319724
902213
692153
546442
876796
609365
201693
58755
58889
151272
772858
74447
696464
137054
120667
436929
448603
29956
382488
10496
681123
212278
649673
600068
517727
658974
946662
158301
769965
885082
75261
797933
840476
990332
237262
640438
29972
222635
827782
789262
37474
46374
634263
773231
609572
452777
629296
425643
3277
278888
343838
995836
181590
770232
993855
343290
400002
538637
949790
379557
823371
651422
625392
773218
720430
674469
303978
197827
150096
940866
753981
95871
544076
501311
151407
446529
146522
807918
396439
36251
680605
70383
224309
977115
161097
448526
457388
228918
85230
83593
233244
414945
986086
646063
405600
17087
586775
702371
395489
855349
254374
426304
755989
786649
228153
359959
301912
155720
437926
214739
560357
226902
823165
96126
165937
366561
909998
305116
21220
54654
843801
669877
518836
743253
352561
417264
364832
301769
433355
811035
164871
220175
216201
162376
730722
79776
576413
464593
842340
436553
687740
129915
36717
934560
484706
495672
89637
217617
164475
473542
390139
942294
363637
396854
157946
755845
786592
885575
494853
944515
863230
360945
921199
918678
397485
717565
648185
321369
525806
155345
641833
347912
273489
656138
471171
173435
897663
269762
269863
807728
606243
798385
591943
85697
549430
874351
785858
400564
784807
778455
780386
23089
762211
382151
613551
599630
742086
638853
491566
715398
44510
943996
219961
335625
517591
357796
651772
966509
857033
492735
68745
144578
563483
552959
853977
865410
611730
956933
469472
504679
169594
778820
505803
171351
250223
872132
296345
960699
777864
429123
796563
421997
906401
646069
910506
326096
446468
948908
50731
826169
89460
680340
211809
366538
171157
915669
629703
464224
56891
389147
966312
74658
869645
802290
307349
49594
96341
701706
556226
827488
112552
23322
727998
380434
720940
7393
614990
406048
351563
725960
48037
649699
636787
923940
92353
517518
732551
143063
706404
685852
195813
365206
829741
405801
660756
275781
261780
584285
797194
27454
838527
804931
838232
897648
141187
787895
869107
83300
796602
830206
854496
225819
578749
385904
192123
278228
297278
314128
991139
403433
659141
823612
971782
483289
788997
390719
477892
322785
720538
176900
282562
344899
833378
334054
364238
357352
860469
531874
629354
334305
547522
262254
643319
628553
265927
959971
417663
366279
547116
254549
636383
856176
353149
732227
659919
163337
910018
481066
654800
302825
598589
34996
88113
277117
245056
419214
256765
614182
811688
631191
78788
154301
347578
147507
392773
581558
75352
773248
698677
140002
439263
105249
719854
424398
178017
367861
180087
8521
867578
619180
702188
192195
376081
472368
351562
775185
39213
793406
990553
304078
339121
114264
896950
566171
961717
802515
192124
23302
488579
428555
461007
570504
958251
827511
272580
780585
461123
694807
536112
917630
841599
339338
111564
998738
169129
429564
145154
537699
106045
623228
576470
761795
572579
36843
814004
284512
381641
348944
287826
526493
34268
193929
310273
813982
469092
947228
865430
927395
998394
994988
966575
435468
779494
453383
664932
370747
29785
283612
147916
5654
15811
782730
231977
55915
750034
257107
412465
560239
684233
200879
202938
738975
468664
561085
349057
340232
895902
782740
887062
187745
895127
446008
189224
108886
249987
775145
188393
272608
635254
623381
752349
543695
575829
666925
476548
591465
721235
579156
285922
261484
156168
396404
785832
696880
830699
575019
766720
118441
801836
17827
248570
659208
393329
618368
873294
728000
793770
43698
426061
919974
337107
601578
347369
549553
963462
410664
73757
178593
341434
424947
838714
416253
433436
580707
119312
784564
564488
741976
90869
151141
334180
361677
256629
561338
590873
986502
336278
991279
865647
303655
227078
199921
632452
317791
682851
913377
209641
294337
110887
799671
176921
972723
475311
795140
488791
669951
228198
566800
614563
290311
227794
712609
390872
874133
462395
210845
630821
548305
141555
88519
175398
484299
16455
383333
929694
327224
312320
823490
742035
653050
761686
358799
420807
889304
561458
21221
19662
879245
876254
333158
457681
911612
648204
288257
332061
894273
195264
111699
782568
556578
214810
740395
201891
501156
513604
354982
219893
664122
182644
922041
376857
612888
252062
97038
669653
398055
127866
367173
749397
751505
965357
416539
140069
887419
361943
734824
716872
765075
523320
451074
476791
940734
795903
574143
589561
556404
87537
554072
108123
409128
818226
356138
657741
723103
90676
22742
590233
71522
960121
334279
579904
132175
89414
256595
447475
728905
652454
788731
683307
30607
447703
30349
166821
807722
844118
53929
136382
830912
105026
497888
685030
385798
488687
113464
290436
251859
306250
844108
669158
345295
300324
82192
723043
693898
206877
753650
786320
104041
404014
82653
967835
912955
7314
183703
856391
84138
795218
132874
278660
22284
268268
532256
274730
335641
199967
351495
506322
763447
662358
243860
467089
821938
98478
640580
585298
694471
984358
400221
877519
924895
254114
222835
339180
908825
552028
680838
773936
172160
837288
557897
683680
241820
396449
583357
121018
705956
570805
396732
776459
587985
715403
361810
635693
296141
228428
808006
794721
95434
709781
88566
128709
206064
502135
727456
286258
535086
57065
904701
164212
975602
956619
896199
142951
659379
425751
718108
786410
497963
401830
770235
167043
376355
915485
684970
628495
504550
802610
94330
268580
201367
843934
310306
786437
821599
614241
993033
218433
710334
507757
725920
939048
292611
51440
632811
318571
670678
591617
705887
554895
145971
842598
948583
463629
678449
164928
276353
337994
727616
404
154117
586798
143474
305078
64774
283107
876464
99028
318097
723692
867149
776412
168594
732831
447671
299339
538838
175745
198025
411219
774379
645628
973182
218536
118436
904063
57601
641704
764153
8434
985312
962597
263563
889749
47390
712080
897796
429300
362023
463043
307741
469961
53214
765802
60217
980654
584595
592527
110767
137597
964432
11714
464869
299526
227602
259617
52055
294636
162901
342153
702327
362268
633928
199449
419247
434667
914464
909664
8962
186379
327945
504355
270032
164330
926646
364876
120120
303080
453529
226801
796824
736818
613743
513408
747055
676800
145523
185157
172644
120487
984882
274136
756960
198491
524030
483110
898646
421701
187260
33946
260386
284477
887193
816807
189519
540965
707481
220148
581107
364513
506128
658341
294389
277046
607913
405891
69807
241854
78755
157639
675246
555589
970972
369480
231318
590212
690310
900798
409763
733304
610294
794674
803018
649693
319195
952452
78141
86796
343499
352024
118798
750766
902969
579615
52715
892956
937603
913661
769543
377365
198504
76316
157594
16027
291607
112269
318590
586794
955426
326934
735226
106774
225937
715996
120796
349632
457043
343726
321471
148724
861136
521387
412269
91298
312794
899602
461149
881719
355201
936484
414557
2072
779333
674424
117195
580155
998822
755611
373181
515234
65752
990625
514561
671092
665555
790157
175998
995321
591110
498264
598585
778609
832619
22881
946996
331474
271158
173938
144560
302365
708583
946539
474260
385052
994367
21582
180390
501114
466319
901414
295221
335166
871915
109268
971865
851494
59454
926199
5139
275932
303863
306295
666446
574231
544545
679407
998151
184081
101969
939381
591432
813792
797304
296775
989775
480052
290584
362515
361166
4460
558484
603234
868236
978645
394080
937635
781673
801855
758423
360656
350654
786366
173931
267839
234275
225338
733622
779655
823498
730867
627376
498189
813398
976698
780394
954996
587124
340758
779194
51944
661797
982778
799428
406245
808952
30137
530241
847507
524949
223137
895947
841253
20338
509476
668963
669723
957550
572910
667807
520289
817805
793365
992366
163733
330705
669935
405321
280742
272689
542781
254713
913303
245753
247172
818431
255907
678653
164988
370147
316731
585915
110690
35356
560875
689036
950824
710552
893146
681351
774284
890730
706224
920499
567366
542286
586322
221606
627995
452505
436680
813118
579279
527873
626496
932027
441207
697990
477292
845048
308269
645629
409990
95364
692508
43831
362547
205281
586042
298706
587333
784216
326934
382876
700891
966839
431431
675167
108195
52201
679364
265549
290816
413104
557330
349513
963143
531841
720216
92879
543202
713788
665870
556802
552343
671238
273172
741841
923683
493253
837663
526020
431808
300791
901134
659625
145734
15343
434843
268885
180782
930414
613164
291481
914161
751322
175753
13187
815823
718621
809385
447502
766187
858141
854373
557543
286291
702995
587790
453980
546270
963722
993178
330851
881518
922422
920761
826309
59093
923439
424069
818342
794580
863689
617432
467313
230143
46160
923449
352996
898684
121573
334894
306037
547882
866416
983861
790880
453790
659968
683917
978062
763912
749447
539375
560035
839284
868395
268378
817700
362477
420490
446604
151747
494460
613517
916236
177865
145550
285223
501540
466719
88819
962539
18285
920185
454146
915976
269186
910624
258267
603938
683926
807066
210117
171469
976930
595127
905333
465704
659063
453179
390960
105364
619569
83939
858439
174160
831116
722902
395394
491251
531280
422442
790488
43396
567080
347279
177945
789881
173137
96476
497518
745867
679086
920628
228025
530994
987896
218580
4246
786754
712210
951293
776707
397794
303034
937848
18268
101028
623132
224715
516478
249926
132928
592374
907406
407556
846884
493162
229906
71064
45349
906311
709308
370384
856918
633168
708680
935945
730611
239662
523579
864781
528560
580125
832970
832519
738090
486647
865501
561375
693823
659483
436776
626934
790393
166394
99513
123071
429605
645438
582033
648312
162306
870999
36905
608197
342037
789539
317910
198375
840346
942072
575174
999901
645076
734353
376618
954391
956933
862164
913838
201939
181242
780028
258915
477719
472382
678312
353470
903369
743279
853375
6394
145070
942957
475454
974616
641661
302958
337439
304583
86687
557358
480615
473822
610182
913284
860685
51141
425447
706768
269506
879668
255253
300433
613281
110419
146492
719187
646453
935745
398646
728837
830881
301553
496525
500008
300464
218798
823694
223332
247354
279231
616006
658805
877551
469413
755100
239106
548355
473729
732939
514894
733366
402514
430202
595335
914559
155356
361721
789756
357780
790245
546906
33068
738841
344794
416810
268729
550754
595086
131723
341052
874663
541346
954991
870898
837187
761855
622259
795219
598824
529984
174741
414787
166884
901933
41236
582306
163848
770851
266147
388862
151866
573263
955401
192168
6873
999385
661656
102244
292872
509341
600391
964346
87514
377044
560110
732073
192856
122321
751902
513147
907697
361896
511131
780660
890431
672425
19960
559780
100658
885002
577869
3612
979227
845538
112790
933245
485399
298578
566699
411627
46614
376702
56600
792225
967687
938105
89880
420063
204834
895359
642931
695038
966097
85211
730417
241251
571068
147497
518201
940370
153711
348854
238795
205594
877738
836227
631703
401006
120774
451945
930296
739796
635327
770582
833296
726390
211810
58677
579264
382807
908884
574636
162116
774367
952252
265471
964586
316567
30158
689169
975213
814512
990965
51531
390386
562365
108956
298581
969182
18753
509786
193858
139282
896547
807992
869896
367364
40318
491103
137004
295931
129493
381155
824956
883879
196323
442534
894518
780442
519377
504362
291911
743655
971137
997175
618477
254998
612679
474149
970237
14016
725496
9927
19713
122893
527386
185588
691641
645448
137915
674995
471170
373020
661917
20994
12501
586094
512526
65539
321894
908182
310486
356548
230252
761467
568138
355433
787456
246409
451070
643064
223327
282770
494552
147265
633482
713150
727167
430184
203469
533872
218417
13265
757980
640120
647732
331878
83224
225518
595428
841032
686705
280049
387947
560208
522726
684412
357967
474496
367657
698529
696294
47947
221086
884582
548388
547389
832065
88121
636565
771016
541734
152720
432742
985837
849628
779809
299421
556739
178411
200059
550697
527335
206269
702656
895444
248257
470297
97215
595732
569134
941962
176114
298049
535567
715230
676433
436706
327469
84618
687057
83360
335048
789419
937788
462428
340027
804327
649710
831644
458573
951218
508905
683872
71830
546989
773974
997331
584395
429352
701721
404317
200745
21512
370959
564053
904635
964292
572711
359828
913287
130441
437338
75749
605595
310462
295752
106392
730031
260130
864688
722422
439095
620368
68684
714062
37192
404836
368583
758382
633444
757304
34588
403757
323812
74248
227276
156197
750273
260020
692411
289919
219262
657379
675304
503975
430710
996803
947208
355678
413053
390127
609981
69037
188214
757546
574648
140023
810609
913352
916648
553704
423422
345580
227421
666826
259923
489388
489022
692598
742933
574737
595235
821159
933318
64186
378896
144938
512460
784415
379279
377905
711194
344371
747177
231431
802365
328291
34240
206111
559813
614076
702092
652549
817294
456041
296432
618742
857514
801433
607224
835083
632620
202303
224498
366799
99348
336115
904870
842418
962322
983926
51507
473367
497273
756819
569351
537608
400961
917536
780282
536969
102905
123684
85320
332298
831175
563027
409129
714037
448349
497268
552911
113384
236602
748963
200571
568829
739098
873651
194429
957572
951932
396587
547782
555282
864654
222641
398123
760178
146294
241349
189240
986554
41343
657892
614319
297145
762206
531532
713244
861325
473377
533727
859222
522193
668787
888865
624916
570867
288014
597980
97897
609507
815485
179427
645085
52647
886413
291507
280810
269387
826960
392373
748304
57782
224973
572192
60309
979801
410055
350075
659037
952256
519784
823808
699937
502091
487178
149340
816399
470966
717666
911507
233214
637075
665738
77505
681100
755482
591210
980283
693015
826455
844738
691604
605524
536513
545622
759355
988943
180587
42677
36162
883839
393107
412968
596857
229893
209688
599348
846393
492801
153993
275916
902397
963473
252633
690583
405354
485800
213486
897689
834415
563334
635160
699584
502791
723481
212511
513678
580123
510768
687669
390301
874437
524568
773258
785108
727408
314645
73535
733157
500891
917311
787570
495423
51324
744758
547832
348759
330113
62851
11688
929103
410609
499724
1044
525248
555058
65075
363795
228649
683363
828877
136570
416371
533097
706938
699817
182304
258120
620134
671937
436560
182951
39259
730291
852592
18742
305600
207732
664383
1963
187826
50444
188350
889959
403389
216142
410420
162744
964598
262562
550939
359415
318649
334462
731178
611090
913595
540211
615616
22180
91595
929252
708074
460928
83498
619857
629457
999757
582275
880721
518723
339083
534216
767838
113244
145076
22699
149450
901329
535229
465526
993552
733016
201147
339272
438214
69879
743459
398125
978094
716072
525226
243416
150443
803494
540235
519551
742672
40472
741287
903956
952980
73494
823430
970971
915490
73948
257787
607212
481165
904330
951270
908999
712225
219093
945364
806287
433684
125774
908545
255973
960860
751821
795901
903650
759642
26106
425003
126576
295923
333303
963302
744390
978752
576941
820223
453246
695003
70770
203426
501716
126298
926548
572375
841853
346200
904197
974756
783329
632302
317154
809679
763255
911425
863714
463232
220412
524149
725848
269573
438096
251264
932516
540464
781933
351641
850492
6363
764548
382415
135762
403916
709558
400181
592611
55283
338860
572987
110812
98320
416659
403480
942120
622257
19639
880675
64922
64281
122939
384321
732916
236477
569971
660025
910098
120552
402206
246180
256310
806206
557763
476800
689393
382045
461414
791587
786858
287135
546407
404492
926798
894204
372536
342549
266964
200845
375481
931460
909931
251563
77234
768897
680195
60598
206124
109091
917109
470577
312876
349475
665552
805451
894733
755122
731841
382648
269689
961382
38942
50558
738500
466063
326287
429132
650085
838056
453465
69892
581265
430570
607433
910618
263669
679738
47545
185236
836688
585602
703810
645233
666476
248668
521982
852262
666487
851243
22072
29571
537410
930564
280179
680629
947029
333258
749971
89316
347948
911064
132332
70716
237651
703062
704486
693706
565529
418607
193034
924476
121204
525017
773867
562891
778993
157523
455347
554740
864854
741165
895305
982241
554646
944769
32604
200807
235183
693951
206735
526313
388196
584614
488513
243033
484178
980111
632823
849182
12210
926755
106025
426386
536938
620845
372326
371234
807439
298826
826596
981977
316476
170685
846248
660726
533064
528159
681358
385337
963366
921012
547254
525053
95902
910744
672523
133823
603044
160152
957233
597820
418898
668445
630858
531705
217671
13954
58598
573276
219419
658631
404613
728760
202814
250911
554505
388646
158828
181092
598013
464142
730959
633835
291644
823301
735985
142129
887167
118736
599899
59764
937031
673991
644431
512798
445091
367957
463135
694492
515102
590172
894633
363598
105609
183861
689711
669143
159393
571861
52823
397971
830876
590667
892348
957864
400149
853286
36526
495861
375121
601779
412301
765288
240557
28259
914813
192300
475622
486219
20678
185279
39045
535366
763659
364769
667813
260085
146725
780200
140450
523943
880028
165361
260704
468563
36225
485553
310453
500162
505835
61865
474356
129418
95180
121336
554519
596724
281263
439498
553032
700607
37584
503214
204428
974590
111383
875270
