307038
21266
151010
300566
237500
524395
793262
173118
971934
45509
952585
537206
245176
277716
75066
289279
17483
573786
930340
862847
538467
654999
841672
639871
910634
382044
340529
263499
920168
702718
900800
848188
434968
936229
600852
824594
568168
176004
516949
261819
96332
411619
129694
386161
566015
757271
748101
678911
485271
290772
910088
107235
555779
690009
873813
236751
867620
678857
804533
578122
178502
832410
888599
189428
291066
49510
628917
767206
22865
799647
163941
256119
9719
335840
148414
469148
954921
719262
995877
309223
643284
804797
284083
652848
969612
209151
845828
726097
653157
768535
621535
94410
265778
279900
454077
513797
727256
705689
262456
338741
707917
852737
64209
542871
933619
355263
45726
725083
127819
541548
904718
363868
528599
180954
213275
84489
175057
89869
512395
677800
145985
392969
241826
237617
457919
787783
671399
988694
861893
349057
473233
776738
184752
172716
788814
810879
996563
221894
208561
990802
473400
960453
154742
932737
450548
875503
182514
343252
158502
284040
353884
206201
591884
908005
714097
363810
835009
400351
677193
249481
579223
261667
852788
78035
888653
994535
293136
646162
829997
190199
205867
796965
392133
596653
997391
774522
5375
1919
404654
16948
297759
343218
930795
458023
705305
120493
240323
393792
345037
35112
493526
948866
72992
178371
955350
152171
422136
451827
78027
995189
418324
904535
883840
824504
490949
105897
682893
637421
260684
730384
214146
759245
875026
749457
865389
708375
445118
857766
250249
691057
437622
99111
367939
251686
496182
520677
599273
39822
595590
42006
234610
198283
912219
406250
342244
606831
218828
761788
693926
298043
694895
693348
551714
291907
142608
531881
872214
61357
42765
331476
744248
958296
878737
153503
594372
435161
367467
409484
450595
585248
564554
444243
56057
341945
212439
453235
272011
990702
488879
925034
76364
289290
535420
622656
922179
699257
552431
139773
932186
176972
769948
782906
868356
214424
873777
8469
400204
532670
18388
812990
695927
755525
943193
399470
598422
893922
418781
344696
461354
646618
61442
428408
929075
248318
753734
927335
279831
593173
538306
281297
966508
282520
344253
889949
561442
724759
502443
350027
412304
17593
215493
506173
350297
766624
916294
361516
644922
879211
467775
894843
793972
919637
175319
750056
88912
437115
877411
19295
550484
766522
494686
371561
366720
112182
492549
906497
598085
306040
945618
346247
542019
948911
470354
681806
137981
954391
262053
693904
299164
84087
413522
206145
932124
344196
678404
618880
942039
13987
8101
63338
564716
135372
791830
979017
730252
582026
995720
308778
56417
872031
540410
818060
129051
869444
491855
340340
106392
936013
53259
834014
850990
670251
184682
460686
393688
819468
20893
440964
914108
895901
787298
475085
529685
620591
471102
881206
615618
942263
531418
814364
247082
288560
627192
807711
308042
969627
679184
782261
296604
38
40331
290330
303973
784299
435547
831205
895836
965071
780597
223478
152178
757259
855468
392268
493890
932679
493035
216947
52183
697634
612623
137050
648916
632654
675743
679107
732164
585689
436969
977427
48831
270534
908986
90697
724597
708122
618553
802700
609050
366258
469088
639772
754670
815761
389784
312171
383208
132472
698225
600709
873342
488686
938683
114409
625876
244767
752451
779324
584830
963361
982061
971475
946292
681553
670699
292590
769425
390172
405591
770309
579655
705114
968051
271802
872932
689300
684282
251501
899065
774950
190178
882478
492
708480
227697
473101
765148
603334
782969
501198
817580
806936
358002
201913
975791
143980
313330
264525
870446
615766
945227
662228
128088
428393
148353
895634
230023
490872
63334
654167
85995
279861
627220
386164
485013
80187
461383
32266
545570
992423
574165
456126
741506
224673
621002
851272
646820
6329
231716
964075
729216
976492
468711
387967
448384
817733
668382
977002
27468
994528
615536
592557
277680
721930
354587
342554
984684
2820
94927
511972
12761
89830
180585
466191
844851
263329
651850
77254
876423
322397
369364
699595
83642
413249
731905
729865
634355
14736
922399
209925
301926
621104
744556
429299
130622
109511
282058
735397
932710
341502
326495
328798
366325
766503
579275
830021
996852
2555
590279
763573
479756
249340
525655
823153
5585
820025
740587
190773
841573
30192
782616
716327
637130
945933
213358
772524
618056
370257
379765
760280
304695
985870
651849
414717
939306
806415
107343
244452
746936
173012
411603
245914
746536
416122
119424
678241
667320
926969
377082
88776
523210
675464
811420
903189
391148
477275
881481
695390
595138
439692
756017
925559
496467
885720
27682
88517
769580
354112
273288
65329
690036
301647
223939
493177
688590
840635
954531
322080
573412
375013
342979
706181
252631
928955
365439
333522
180800
538493
353939
412619
226273
24092
804241
537158
669037
305726
450878
499578
949040
799071
265674
289519
861852
511505
158635
714773
438706
333540
827349
855537
294153
684256
872344
816370
38078
773807
751509
902050
463161
355544
94238
254008
598167
466278
160874
505290
433337
557415
950257
960671
15657
453136
868266
228898
36708
652478
850463
4979
189768
352663
914217
847768
213467
119567
891854
35985
773173
536071
594611
377545
374220
346319
227007
480488
711386
285708
987087
855174
387629
433845
543311
951225
770506
984887
105211
36367
349695
217401
674546
896983
899652
23993
320948
211866
65805
744277
435064
169447
244911
79654
839469
380684
533804
968135
706635
364449
43165
272435
610516
206846
961979
768716
801644
624076
490505
228856
259986
891129
108834
105446
89402
437637
954650
64175
445001
462650
232788
207575
372780
927864
695712
18098
578581
663150
820238
897891
77396
308837
554132
935232
621646
926262
148119
501969
603420
237404
180569
849784
75330
454244
931520
138154
24138
139201
696767
673371
983356
876412
698019
269048
77437
509448
426620
815822
834050
273203
431398
188616
246767
550649
782643
209237
264784
663731
85431
451560
108978
802733
672431
316313
425055
114260
234510
841001
182453
33550
778726
140323
302114
712676
794351
573277
305470
685146
569016
487966
682181
702368
497255
340441
784816
968609
383022
779416
185582
694456
15948
140788
988868
43650
213821
147968
134142
437710
433728
559366
96465
537969
480963
156137
451791
207095
158380
612522
464645
647668
283014
509829
560820
689656
527878
700795
720426
24288
169658
81771
87613
548297
448333
266394
293284
570592
486073
86034
205298
344277
883145
872742
711792
939758
856330
520147
413525
208120
346574
423105
295588
431128
157084
939369
592419
137727
700343
975250
412659
611196
735817
338612
196433
474347
403436
705853
155688
948107
112086
955953
259216
617645
301470
826988
369639
692425
255023
972739
219914
937643
789448
117065
709361
545034
583405
781997
769700
170233
791789
969473
369886
815287
963857
853333
181757
612961
319774
198146
457954
461831
978247
35395
897643
108315
741683
366717
574858
879749
324390
838495
143234
75284
309262
983972
620990
244304
236333
404917
738830
301099
238813
278316
627710
968982
659205
855604
338069
747887
909783
694540
525927
130775
726595
564778
247447
108578
499323
651132
259117
844264
676388
25225
725584
933944
106582
460726
4448
915500
624720
939045
765298
777688
293947
598456
172777
936732
592089
540659
223341
987865
225034
572160
237451
99200
930107
698059
878441
164742
792555
668110
411812
179828
677083
571687
523592
828186
179538
769636
427243
197220
714634
17889
813670
421444
570107
112073
859953
472079
663041
724408
72538
126436
384812
295553
611746
757446
889188
275851
967604
930699
668407
535510
107971
274158
969217
747420
629631
631999
179255
260946
191987
183993
593232
536717
457214
224180
969552
624898
826348
708145
378033
143590
152880
512979
219313
875636
778560
111533
791155
809869
869773
458742
262546
296953
936606
699097
953289
119499
325832
562089
926904
103523
55692
298930
268436
428557
352333
507243
935406
938823
529516
621511
578206
339040
959298
471146
157964
129468
75833
979833
392794
518644
352967
48074
285233
757658
760648
216251
34407
655066
645431
601502
170698
581884
588746
347986
378956
198853
830311
705517
832971
135485
602630
694933
995579
863884
253540
326638
679538
999038
396320
922157
516879
927398
272887
14219
860808
331102
40855
114006
409423
307116
968801
83361
971809
159616
46208
693916
203627
673178
897249
230654
555481
937800
13710
684254
318076
780493
492523
949666
327510
925597
695435
544974
653509
2821
428399
597886
593354
572904
327773
610863
619830
701476
108570
594807
977392
345364
846084
644565
64741
921838
155086
606307
96140
753547
460056
838888
923925
744007
649386
874058
418029
864766
264397
440928
826352
950135
823494
631206
985900
45661
383088
106506
30478
208936
331317
361187
773484
194395
141672
379073
834478
881190
549058
551775
573529
378667
550392
390005
412794
792862
292981
996458
665963
520709
648249
53543
563717
512351
142925
88711
53090
936417
985378
113642
139469
118555
999174
499497
59593
96377
517250
702883
31547
184550
232466
788598
92468
480715
222209
41354
773599
627765
641825
786759
183428
410389
361892
659878
716278
899105
85275
584997
287391
554135
783496
357716
362918
843297
984481
366541
968570
296852
647012
726209
20926
755218
192465
926381
574609
996752
979529
982507
996216
277554
7297
627684
265579
375826
669219
343779
732473
250400
7809
469701
949592
998051
30582
688205
618189
997918
835163
580116
240884
123150
659107
953053
738413
961935
927764
6150
38947
23965
398562
650011
319866
57272
916970
665605
32533
926434
323784
505312
427713
213570
330645
967274
32961
287787
38656
26966
832950
221750
196808
298433
897003
460363
561043
293692
420155
118207
887342
122951
655839
592023
872034
461919
729176
76651
372463
659695
571125
833126
176360
393506
629506
22442
252714
554328
617101
533520
873594
357110
252694
808333
403706
139864
378642
964464
690312
971362
20508
609479
575540
287732
865401
862754
137755
718459
217734
459055
172964
636644
605760
297796
293079
207980
832752
787836
325141
192467
444529
280504
25400
519984
804895
432775
941064
746461
802590
41824
259094
770642
700292
200652
352761
172239
302116
178849
78562
508787
913784
659880
405982
216682
381674
727392
103977
125764
698239
708508
721961
765984
821536
697415
900622
52679
130823
882184
396291
602261
389059
886016
636753
761809
192679
618608
804433
289438
685717
219768
822860
783883
260834
364602
36465
941381
142694
599709
898609
995116
110371
493422
950011
695170
839888
971744
322767
95296
673985
334772
608513
528067
198836
542644
399372
948643
17466
766041
1809
991525
616383
843148
51115
500934
674873
682505
565039
723703
108841
515552
803013
954537
110801
737174
223453
885310
210227
679848
240401
77087
501633
92975
914710
332907
594022
482399
346013
228684
507567
726633
683852
354406
787160
549761
701076
868457
256495
789241
948142
750790
146535
662732
332663
104319
293180
506744
277478
949398
194301
716866
574054
537767
666555
348893
822996
174674
360396
424165
765655
375056
102140
303430
330966
10599
551633
150330
199066
113848
397882
897775
358338
156150
487700
662662
681501
783153
655576
848696
781224
53968
952675
266707
238115
727709
785571
534562
815250
44731
102427
993387
990989
265330
550036
479378
290628
123307
974241
670363
802579
966135
608205
678157
886398
948361
625123
279729
201417
733764
815897
540410
869751
104047
56665
815550
268829
441414
641965
541026
896993
543466
848967
48725
980884
713720
830827
862003
114986
603254
784890
744265
887186
112106
586716
456632
116278
323653
125896
931506
715921
422652
332147
761762
111719
714744
932115
238120
578214
531747
553678
71298
989207
812515
382532
196806
444417
1252
469814
50251
113882
335885
718097
927336
762987
334932
481563
576148
445631
751341
850041
94445
795335
863325
254874
461780
628813
260334
885636
829365
461267
592059
700025
25636
354824
12651
295621
204195
608038
492922
636007
469120
505387
971443
240089
947995
566193
691578
76158
143749
926380
377733
923688
59461
480640
332011
366211
711156
683581
906197
160801
88776
565560
31633
828642
210029
514311
736325
803327
368527
73368
50944
85044
61045
363502
117868
274888
747079
65785
274592
63162
815472
818130
719250
84745
99358
616016
913897
102048
749734
902665
685553
93149
286597
261289
606440
724733
371329
163240
867765
184869
434031
638251
822392
852367
706701
97977
253180
736591
202639
610712
594441
664257
837303
177988
739415
430290
338973
368395
196573
128103
889038
484808
977287
164333
299025
859257
408645
289470
875717
95295
795968
563181
982566
888307
600935
405806
659182
182239
687848
609701
929240
24864
95291
952009
992831
614166
116952
954677
200677
486533
343049
278987
822353
495179
28569
736837
323408
778366
442220
217177
779227
512801
689704
378824
238233
235395
366737
868548
387451
158709
213939
253884
860869
60838
611448
33861
519533
625053
963161
973030
970844
812497
926449
405888
175377
726248
42094
236888
247973
77387
428384
314371
57961
473506
125428
489389
929259
563057
884090
930437
531288
114254
804257
773129
424699
317822
120773
807401
800931
618412
697695
368155
7075
369157
529819
201722
333619
63219
693639
854427
65076
903539
877031
548399
164945
273941
613669
643086
112513
31440
222501
666150
971176
14783
612727
289215
400349
783676
438758
159530
543751
352535
889965
239174
935584
347252
591241
516654
321052
481406
534378
469250
710050
305355
322563
959953
328441
707406
674561
610528
473534
358387
524824
492633
820369
91739
730424
534291
984464
775732
529694
318650
279995
835507
291655
308187
103799
570353
628544
520271
210222
933728
248666
799873
74387
962344
760313
632221
111491
552866
811851
461782
556487
227312
313301
746004
852022
22326
86248
413177
475383
473082
987443
3599
321317
966548
253106
761359
572171
990225
611204
870480
67278
549994
404123
360331
58986
377052
959949
262279
261973
742244
807111
246885
633151
334745
689824
750538
364859
194341
423371
499236
130423
527457
518823
725595
972903
537357
847153
880726
164993
947497
711833
343527
624673
144562
704370
352276
23756
787708
685122
403587
758481
889448
625017
723521
854667
950211
394239
990767
582020
182972
354918
885513
323124
553023
531199
83156
363175
302578
24008
110436
740284
109899
852035
339911
907017
388620
832161
554322
989852
190428
535389
892486
695773
948739
89766
422749
525967
83074
273204
292023
324917
377613
207996
518492
62417
694758
886206
981101
885831
50519
793724
364652
420577
273932
366213
367780
421100
36106
566255
826551
238271
598352
47202
233218
915099
71305
237969
860015
310126
227114
705220
234902
416498
886062
267089
887120
622450
370092
143210
489691
741357
455569
890639
220835
140883
582464
688676
16691
11628
716163
266653
612279
530264
763180
482581
814125
375985
950924
213758
600552
908237
195727
305395
898305
679647
457907
354858
612698
854461
213027
485253
46096
319804
447220
759751
550909
26743
769275
93284
294374
732079
648392
855601
956872
756812
297156
425914
115066
756546
73506
552946
822911
283663
567557
749893
418154
795808
234350
812298
492142
158355
420448
651092
263297
355991
197267
279784
357933
671216
852240
358280
421171
315863
153583
879534
138268
889790
675691
388564
131549
958769
972063
525744
384038
263704
190048
265662
874695
660633
549942
881717
23871
136346
235511
549723
277539
187620
754434
775476
534312
274659
722645
647190
667341
695306
440076
968664
716455
616915
156791
417832
339146
678820
581782
188668
349777
718349
678963
207137
479115
632558
77084
907311
92738
389942
800508
364638
506985
654982
231766
511857
538081
585332
313949
667728
968168
120939
185586
344819
260063
343791
32058
648314
940022
947710
887963
658523
994230
665490
237460
396339
605098
925571
407990
389501
431915
64394
761283
889632
497991
587233
772258
732450
761805
251845
633979
661243
98296
844957
976437
374084
459190
43253
859914
308558
35283
736995
772163
997455
264519
887818
791253
484536
119704
51517
593880
569442
113005
372987
593952
739878
633521
610136
871034
277579
434016
492797
729413
637466
336433
404998
960490
487822
948064
791945
63097
153768
79447
985783
216609
901854
714424
541594
410636
142707
559178
766334
572565
154722
813117
163116
297639
441716
641755
795089
57523
746609
631502
243646
742605
308979
362248
472073
906532
795670
481235
154192
893916
33675
456949
274525
510602
904204
1535
146277
630347
240874
538674
385963
553281
124290
659215
102466
678699
332302
221562
276783
32288
822039
954954
875501
286248
16264
839856
233417
477367
419742
786881
351214
312839
206588
111841
887419
527761
476891
657038
794960
88999
274463
137734
89832
355313
223620
300374
168608
197186
788919
17217
646742
65750
457665
766409
685485
877674
639902
782556
921260
876664
651628
420830
793990
816590
239551
332239
521588
423498
99921
615257
382
517300
394007
421561
175770
605752
22766
590023
176939
273982
784500
389859
446314
753448
777652
926526
795490
240039
601465
473346
327445
225851
830595
68767
754300
597829
883608
784180
319468
239818
230577
917718
376212
464070
132821
970751
269795
407402
697348
914326
546630
94773
870921
792918
272015
262122
68595
322590
338865
663155
400605
166677
562088
314770
430120
561720
981174
39872
920714
438594
613383
290084
204288
627895
19318
534577
770719
965068
487336
414876
757960
810422
817494
521849
455802
75085
463977
317873
155458
347293
604542
780258
560973
960458
150921
598739
447390
274333
69973
320978
338586
394863
58729
640429
135553
84016
596487
235849
846647
955540
483918
864482
600640
67292
77823
502751
827211
419965
668380
587025
1317
586478
403692
724552
275854
416595
925724
53010
935721
556545
580672
190161
706124
113838
348534
436536
168312
199030
230251
432418
340066
576140
588087
45006
38448
116475
921124
390523
700799
82456
688652
27996
305441
424967
491936
897913
462628
220966
318853
724578
36173
907801
974168
270800
778660
449331
382034
457881
210025
164029
991047
827279
452196
329319
242057
140535
6938
552584
183017
440673
416731
408980
792413
857896
128953
992153
534205
86664
902483
722741
901800
304919
890447
373976
395908
182946
820134
670834
981922
353829
146008
747897
802943
536934
186817
89112
8230
965102
381572
296503
756083
801509
240803
72675
954355
202697
682353
25691
386792
542347
370718
29494
360553
171142
634738
784948
663077
160732
89685
735647
614664
721647
341258
385949
857590
338809
851068
449173
465204
363721
485361
888380
668518
386843
602779
527035
842291
362130
591565
460479
660420
122132
819595
399900
100524
127938
405690
796638
131810
423059
77878
617646
692201
800972
236994
446558
56208
365598
970266
853777
538837
661851
61285
619530
208037
954646
151495
870735
869951
594647
162322
452089
280374
681656
100828
224923
935445
552544
812843
93837
800669
137497
38157
270996
229545
526543
849157
286767
828979
21031
639071
90113
853615
912057
582117
16150
374997
68076
263530
283731
992956
98861
417411
707263
745890
207371
740630
306600
340424
691443
906826
142771
777786
523011
588062
264964
698220
230092
583638
485894
15168
309865
155855
596247
486373
803574
443252
809107
831705
680687
107017
809148
22478
129511
452389
216131
870251
168610
90876
241653
788969
458191
97690
875525
369822
127653
638380
570034
202903
151448
633337
802709
735133
971064
805998
32265
642202
656487
42006
320950
180950
669429
453352
386300
616666
662746
531450
775161
350965
961999
278100
553656
686876
317577
765215
22326
763500
794131
6525
335250
435660
115142
757362
859664
675886
508840
699455
765193
896244
725983
190863
691827
289775
410064
945931
164105
469634
646873
632584
428183
140773
190054
397792
962724
775622
252660
74078
924731
681801
87776
194323
464024
789872
532587
994885
616108
917590
379725
371719
68045
710486
591218
966244
620734
877065
882133
18677
483862
629163
580408
151122
116367
230495
613885
990181
501869
296137
621924
546394
833160
600025
674018
13554
213880
866216
602458
277495
437725
206330
273723
20810
199944
130915
272501
374872
429322
146375
849048
820651
756887
783034
348556
987165
442517
265414
292903
310375
541959
523978
844590
453591
946961
67327
543788
277792
496551
687382
189480
8907
504022
800509
969733
827788
847535
628865
982139
357551
59276
846094
920558
921265
397056
968401
583208
471275
448095
540798
947704
814569
826854
613933
845222
867545
677193
875552
573969
276575
267416
75935
97639
641286
910157
83652
252353
978704
702196
802579
87257
839470
490359
596865
755752
890763
262661
184406
248672
575938
988191
863660
542659
604145
482559
717911
261087
14693
750053
144223
648358
61173
33535
551592
440046
571754
459635
979763
435649
933595
627469
26749
706274
438040
157440
809861
762909
177661
87771
297003
685513
383526
413577
695540
542622
373249
807620
510378
605037
838462
631128
507552
466496
701987
80
646355
756046
68221
667711
971565
497371
102577
413228
93091
615466
184561
42907
454077
809056
796042
906548
912438
461879
454489
523667
259641
422043
896030
717419
52491
543972
381033
659479
701256
978417
102832
949823
386246
35677
31746
168227
19414
722017
997910
923847
315241
592966
517885
513339
734606
910021
989687
565190
608345
133885
419361
859246
412640
848207
631819
2407
769439
583770
308008
18902
513019
474574
656031
15744
576420
713391
369982
487764
566739
470696
727758
643793
461171
203657
808257
217109
685340
544671
124296
612356
100794
846191
503681
560465
448140
633230
190094
11308
158920
98720
252417
935368
805724
785323
454387
899272
834640
667223
76340
1221
831687
623364
933212
420990
378853
570568
538688
726237
738058
400580
393025
760866
736251
259873
145918
204846
213858
745708
11497
377198
867564
505804
399735
809762
133264
750044
958449
916233
944496
285353
403880
640235
865176
886217
583365
91267
704163
907286
598270
755526
624188
162118
11749
407764
370434
360
260890
374074
62341
254653
908641
652194
465773
946993
826830
929624
331003
599605
57117
873977
309798
341882
457502
233978
731623
902283
246349
915026
523665
233095
200320
158661
318359
311738
580473
78478
702898
720088
916315
331625
278938
816725
273914
272442
270385
567332
565579
665245
247871
804681
296123
521483
990360
103517
168283
315365
619610
357982
153016
313249
890707
234672
363401
985230
249215
555445
483521
380293
482158
779332
171205
102126
663428
383176
728824
177004
251291
751992
904049
761126
387715
706606
205518
118067
544617
147367
235170
748961
944405
114902
801993
481122
910861
277797
729757
732948
552023
65225
874113
10732
3036
574464
974554
923198
687016
711722
858590
691627
502222
638977
445060
144487
724969
646775
56667
575077
133501
958698
514231
536866
413115
50119
906438
719243
197027
729144
652288
275276
170308
927435
763133
275254
154399
935329
578720
582668
868394
967310
388273
386539
279152
812820
16777
280083
44053
976695
169190
945110
431159
821565
277150
479003
598065
405380
169585
158799
795769
264575
266103
435178
966569
571663
790392
12697
661019
235450
45786
481102
45293
160522
542261
526176
635555
502852
595395
460319
191468
337667
483891
189880
215165
227762
48092
815169
923738
648611
81871
818787
581427
520206
443077
234273
616619
111208
387511
193545
973939
924191
752269
710517
479573
158512
747182
198590
625293
864358
243382
354239
80530
115440
398213
459137
861682
840285
662644
401352
841819
622262
63203
410041
121462
795384
469358
304486
545709
376620
721406
311480
256845
869861
601275
342072
406855
533590
518175
651258
618705
280653
59814
393702
59754
419216
704162
713636
840250
942418
486891
286051
158167
105874
561395
471303
911460
98449
285751
909677
197332
344494
160209
513179
988236
771935
102186
664521
805223
500686
786702
921030
55507
780750
629912
254921
452120
301048
919564
630229
826105
245094
440323
304519
646003
952907
430337
448319
114082
629934
967394
227881
860163
95809
323571
554087
306772
573538
190494
631645
706584
659757
313597
408856
23478
379835
937615
889755
39745
146748
140040
47240
295763
408813
433602
138408
458194
968821
395154
876055
314836
157602
184565
727183
180511
398459
171754
779855
357961
655617
431513
391271
79934
441543
543664
461219
626784
182507
261007
103314
686729
594608
284313
175602
994860
858425
355435
360633
145881
199908
215337
569346
69215
992449
353716
671378
331019
688494
842616
809863
449423
482320
513313
408796
937150
645680
127277
379995
663732
761648
661596
164960
456467
723752
343877
735813
667240
181665
892547
461999
541611
897964
483916
498420
81125
111264
965857
431848
930284
126511
396577
886659
625738
28068
509049
606896
494332
845692
785398
791860
224982
365470
391035
932921
219972
319351
673166
958775
41835
500406
833356
764926
216109
608289
91901
640162
656332
461906
408962
249347
553318
183570
825835
58295
633630
721233
493925
328663
326747
886335
939729
609635
19434
14665
309935
528658
471231
309363
604217
996091
564441
327566
302860
482457
315907
155543
812417
932478
819894
95020
33115
351063
443868
269547
455192
673752
757679
424233
480618
571652
840960
698764
653568
320474
38804
166086
289533
557535
502761
310830
134538
128837
936342
396733
899463
49909
556368
498209
99164
237118
577800
151425
742382
648409
850290
760206
705262
933272
46369
773634
578507
659819
707854
659001
690631
735183
629752
462760
174503
846548
722789
413118
37572
32969
881478
591893
344767
634501
497464
899157
422802
20053
522471
388518
829441
528445
628685
779279
600111
464365
23128
360432
667596
768130
932970
362328
146220
744245
290234
83140
146867
244708
528856
488949
948269
679675
171405
653677
969914
433983
458592
350341
501542
876791
517045
144110
304215
971319
887825
215746
735391
370954
558777
237638
583666
656123
18551
424639
65521
920512
807998
13165
749156
973188
708581
742376
969351
390479
911503
567446
231227
55125
814252
477127
324381
906072
560024
93997
399860
695930
966753
979771
23620
824547
392486
333464
850815
483082
828314
634304
52507
644964
384936
499320
628799
907303
298737
849964
605527
461882
666737
891430
546055
910139
281599
631341
232059
830380
539379
61432
285341
468091
872418
690061
801824
161260
363204
806267
186873
250405
413111
130992
964078
660886
260188
424504
621639
55426
684063
822547
283808
10159
234197
21425
706976
398630
334142
431244
790660
997543
421737
234786
693717
214893
115383
952718
749048
390041
126071
559810
229156
743806
88369
98531
594798
503944
515326
446657
40320
969737
539924
845746
365288
902050
255200
493642
132556
820042
829324
71992
75772
194558
880096
273600
436896
72645
521924
489744
166224
853919
161060
863810
98498
233546
956076
772141
512286
491504
476403
929384
687342
190384
916596
553628
514097
774791
88630
256837
81999
38939
893070
501253
978214
244388
971067
822821
770690
822775
346095
55273
647660
335152
848365
134798
896217
609084
260301
541474
654275
104193
36445
635328
138390
334058
879970
568551
74176
789202
909372
982583
804459
266316
116327
881671
724103
964045
570781
78949
129984
326711
456281
586987
984079
600834
156151
756858
294060
239049
56440
917078
788897
665071
738337
309662
266682
19756
679426
88614
450393
374007
584340
312115
103206
724562
263292
467538
998243
840237
991148
600853
812317
250616
305385
112555
522686
6856
525863
95387
187904
847397
812112
527261
187580
803502
261795
509973
70305
86121
406713
839404
432064
768619
388067
43213
867139
846688
36912
219257
281854
262520
387467
270600
417117
789102
426432
54781
275133
189494
886239
34372
862680
598531
321785
560138
128472
987698
187080
744505
609740
64214
280107
229967
4472
524449
299662
482586
82566
940971
192552
348370
277275
245090
666526
917203
233349
260559
260869
579189
966160
102785
217733
288458
319160
551448
971288
556211
128824
227503
97394
889503
862849
523623
1339
749153
521030
837389
302839
123821
583412
324455
839751
600367
579711
738784
316873
90377
448216
668749
963226
438439
764731
208923
474555
75007
79268
584471
865105
875050
491553
689242
507078
45722
206403
575887
443470
951736
43310
708003
718276
843675
576016
889159
928626
984422
370542
111588
804975
177086
853338
554269
603875
989990
119361
47162
795495
208122
538785
9142
336263
381701
646167
186470
128489
445119
200598
251267
705863
5030
427252
129111
989975
652855
706142
686209
538829
691849
906732
23140
246390
439175
208463
426738
831813
932616
79719
406672
268587
970893
445745
105639
802655
839894
156702
680903
899261
894817
98239
679991
434699
54208
60891
35677
85718
448789
867875
40774
451259
10541
548157
598547
159169
491895
200764
454145
353764
928736
820529
976019
435501
540428
442587
59934
456892
459570
720249
175601
995432
951124
624192
983326
347069
82714
897321
151274
769764
61258
300002
5069
711648
428134
581028
349029
139444
670819
127076
216574
971427
429249
749859
465782
800719
478539
54112
593552
851651
732973
701678
101976
925068
787437
930464
969133
733186
9608
655520
244016
587748
110698
711711
407560
287585
698441
932070
71759
423027
905054
557259
651676
918694
253377
623488
789550
145847
873312
386374
707633
769495
974107
691647
99056
222223
53823
501408
733464
31357
896478
283717
762725
109372
544903
179422
272939
586594
580263
424071
849347
16354
478844
720502
711696
207954
985458
309069
201709
717896
160796
820432
956085
86301
466896
568112
253870
705043
914143
489286
354066
446483
809519
525211
882556
948687
439352
687396
838316
518598
637591
275019
610295
680741
201362
938152
630478
309067
159465
170830
460904
451621
434069
671746
800335
337400
996576
130183
381253
817854
878624
614421
522640
92263
791185
426600
250985
623936
959566
439476
456509
550257
130412
622261
305438
871521
13939
812197
836617
870132
162362
973255
48404
902324
14174
622433
271156
760973
375326
235462
986792
53746
10198
528401
399814
693278
68759
752238
953952
449717
750623
200146
481107
721929
385146
839307
481836
726712
38196
878513
91062
189170
343417
921660
764964
696344
475724
537391
868695
76864
900192
993394
563533
395733
377238
741886
761703
843483
307092
406514
986134
13969
325182
537538
653089
107439
517332
393999
250645
363407
28904
466705
270857
793000
169402
868912
997068
724725
934386
373427
965806
324404
321593
978447
375592
452874
880052
499105
983656
308227
614621
376823
457725
654584
911360
997641
436508
334601
855952
982981
390797
772746
333156
188232
730165
283387
742353
881064
878016
985390
370788
701166
449578
788493
646012
401185
640939
516852
258370
53437
184765
300922
528135
553539
789003
324621
397240
213162
372088
581243
850816
625779
493832
538957
123450
533018
470959
224974
494033
198056
438516
455913
569143
287270
768066
533744
645502
429996
299211
378937
538006
184023
856729
417699
881636
70680
739507
718774
55355
492649
379880
886696
197945
198683
211835
58876
718849
28940
858283
300486
341072
4276
364701
196553
706750
609566
313320
575937
972436
470707
400701
1980
658500
982641
39025
579426
588553
72635
359593
75862
43676
762507
432673
265845
898959
797443
997465
749052
245450
189664
981660
540422
820577
561487
196590
614706
41870
177754
595153
661539
111888
466043
407412
534561
507231
234449
527481
435484
726282
485232
227553
406097
72111
21971
989143
975110
22103
56109
12501
687919
737772
345500
371767
434483
333591
151615
519514
730696
154362
623518
463792
619130
939271
767432
951780
114763
683579
265210
661860
454773
181243
245563
772623
296267
427273
667333
19773
482878
462691
843741
528485
114746
677560
328004
101615
888560
852679
381894
694103
801199
480919
628911
828922
835244
82893
543005
474753
499744
120493
415089
81447
896720
530864
503455
621928
623336
97341
878181
857928
820801
437895
917273
463165
559874
457156
168410
759354
128866
639238
332585
579224
264139
239543
140496
140195
883866
408117
594432
870591
583043
436104
200953
59638
534930
420668
765346
811295
427724
738848
193016
258155
926964
235673
370467
859983
217257
796643
388196
485449
647852
6694
34347
277138
204736
132273
938118
880479
633194
208341
389811
560083
123224
175456
432278
355588
162718
309109
9798
340136
145947
841669
859457
116124
533434
57772
653504
666896
981013
503786
434278
717971
351987
191548
820882
838903
175730
51606
973075
591649
636864
746496
505403
505071
974723
298634
819340
161222
949401
576685
810831
139254
68345
121472
759364
75660
431224
855252
257844
745653
240616
253164
869858
584010
849435
8668
462176
57405
728069
532477
28221
723805
518783
823497
570844
651401
948264
944538
535008
983535
29414
100922
883843
931776
476298
208486
592198
117554
345042
323492
102531
827569
791048
289854
931934
933795
4999
327002
205722
638870
106461
207927
212871
755401
929868
148166
368473
829524
591723
604578
432341
138612
393130
162926
541220
892535
684403
47370
215050
584512
636395
471474
553072
732472
50647
505139
975261
504594
438748
296841
114691
527416
171743
879514
197878
751255
243659
897609
854392
83524
378544
22969
986863
762697
174024
754398
348535
815056
245782
946241
691860
835051
165544
219728
527296
821566
812155
920415
348387
439882
553533
332095
248673
640790
710125
820345
383629
289596
791134
562728
751867
6861
522267
343408
574514
918626
524965
896094
396096
560640
546008
598430
15656
104615
981804
670675
397303
975095
464982
255703
992629
160320
342670
876815
239478
144676
165484
529321
742800
81707
89132
271605
131879
375715
329424
178589
408867
55794
538021
611459
385539
433274
880285
40821
958219
708199
74587
374927
363929
607704
587150
677422
87574
171751
661108
475788
644103
170903
307584
234365
46979
124121
967703
692357
598719
436219
243956
442451
297669
245358
237035
75230
397188
385714
697226
617627
239936
286688
599963
720920
209066
790355
590214
761592
452234
872180
505683
14924
660056
688673
159822
494026
931563
576122
429443
733996
979081
940231
201065
941735
575004
318025
31963
998982
825286
216796
260481
11555
761675
427397
586189
451330
906029
991710
184801
570890
410965
99547
529934
396513
683245
205240
477368
253731
697355
104385
473173
310398
452679
220541
483284
246636
852781
31800
311386
348238
190222
985452
731687
116898
58737
459147
598423
204705
738599
697132
448197
496184
898684
809295
247882
318880
744585
103247
452131
294748
466791
920227
231345
549455
317182
178128
173401
582391
947835
789487
562188
205322
406048
997718
514657
627179
463989
941670
915101
602121
761756
876081
196181
179221
128962
427333
792490
392797
723761
905626
484468
72394
625923
316692
973690
385458
809138
308852
593244
640219
693770
516961
980244
734861
88511
977743
341009
784851
944027
944010
179843
587982
607568
229025
924213
683445
370603
849137
526611
623916
925353
628109
83597
718016
621028
963655
973652
276541
297574
445982
986498
605420
764895
313220
640982
745965
220273
295434
617052
492716
579111
468202
15979
603267
345350
766384
183688
360428
450620
114247
659561
486689
595637
477532
30995
757267
557325
604657
142948
174531
631711
738368
605613
137535
999356
457417
775415
618684
372984
894458
995751
103757
330590
694651
149308
594686
556163
716051
749556
768207
751224
726906
585359
913360
540121
317627
541675
828630
505154
995397
274190
619863
573922
344464
526402
436839
799783
154983
56987
16464
417369
342293
791700
925511
386691
823728
526168
921681
559691
697533
33692
932402
900515
201150
971881
488909
394328
833439
557623
20125
771784
440185
757301
670670
27057
649408
866726
877369
385956
58960
379429
159099
561239
482511
170249
566385
763098
804478
357987
968529
240994
355490
642468
142888
88001
637577
891804
946604
962615
495931
366173
984253
913378
824767
67518
924221
92304
975942
798267
111816
674037
177592
743546
848978
6328
209114
917992
349340
965544
143193
161154
752403
545996
580022
631024
576901
459351
655373
188107
869504
563066
774275
121600
860425
516372
828875
792588
339830
856005
138517
896999
390121
589600
877269
216765
476073
482110
941227
765399
149278
619759
984628
886873
171113
256716
768109
32548
875934
201384
708863
44891
823391
702053
533867
691651
204566
849826
282322
620868
735886
523346
7586
286732
735470
909096
402521
805395
423380
783982
121719
676345
879562
934517
469316
333771
312232
657255
802619
953444
228934
189944
922834
661936
15771
944187
878247
505420
111735
319889
955528
810121
924825
248316
531551
186768
850350
51473
491384
530463
771239
253836
448881
657073
689653
582974
749053
748604
369188
159393
810836
525268
245777
262604
763323
69165
968073
373569
464171
111678
345920
180772
140769
806528
169387
277831
121730
670869
429050
980000
893352
932614
49269
781340
197453
146533
491762
227788
729426
775121
553328
818942
353133
455256
369748
668711
547310
306487
844733
635964
907756
385724
793670
178655
216912
828044
342231
955638
76733
379393
651176
374360
146203
747883
770836
682209
141887
278968
649558
686565
601336
394798
292834
746305
325753
302804
662050
111565
82206
449201
468427
23213
82013
348588
728668
321287
325002
859602
145203
327823
369862
926391
597964
109181
608261
881715
367958
129888
634363
825997
414132
741068
34147
961014
264077
924143
228332
969004
543568
837122
464384
195007
351943
269403
21809
85681
14615
645919
190851
383734
744530
673492
443216
292570
333241
2836
265884
299138
104977
464221
383158
494602
685536
848390
608775
577934
644420
853836
759994
363076
457713
60107
458440
198471
219973
291144
818334
924975
602698
178347
25774
555739
465671
284234
364815
815120
5315
94688
476242
566011
327255
602588
189538
388242
907119
717910
977815
23769
975453
837980
682071
314561
425113
207723
264425
999786
482137
155961
892056
100169
516425
759471
443520
696037
289640
521589
574200
810556
449983
36005
740059
757378
557822
262625
515829
856585
769076
855616
749255
149564
84138
346403
140215
146053
584797
566182
636888
701007
490263
511154
516817
673381
483881
612016
200620
128953
408967
574232
860221
696321
396224
329447
24109
213116
641624
771055
528354
442963
44803
137736
129933
306010
934528
50916
507855
942645
594512
875649
940936
269271
387155
757111
591614
40934
220861
840177
724007
953147
265017
173048
25428
745413
238426
682219
695418
882701
123258
233163
873437
769492
399985
90099
227162
664024
864436
139812
467026
580021
599303
197182
174575
489385
935840
648396
630804
567856
845082
604022
527461
609422
481426
326041
749936
823403
796834
305908
292662
295256
606904
837433
26394
585328
654610
942084
593765
563353
621848
523111
996084
351146
895701
629987
280895
641511
522067
639284
583750
419943
228691
226820
480729
249366
246182
141951
592836
405655
709931
231878
589142
987905
29606
873661
275469
40011
17721
706431
562080
918466
204545
30129
947625
417014
713231
45940
557356
828213
875649
657076
774792
975471
776189
460765
483833
130297
753353
157358
323911
380717
298698
573349
41998
944942
204183
984346
376875
381577
873210
615400
755968
390838
48515
948742
376677
888703
887752
609011
773163
412152
710332
168912
803470
369068
493482
783751
346870
163864
929935
588969
778410
715664
611858
835734
755026
240576
20769
194965
812071
232590
21993
648196
744633
847450
52273
942505
99356
53607
939540
50342
900080
750291
984409
610955
532364
778754
416945
756422
140423
7321
385868
867381
558498
973030
779480
820828
56661
561693
172695
14002
618036
225534
893467
702166
587006
3922
531745
956639
681667
461907
494152
604305
969583
940651
530796
176491
388022
648917
529827
410269
398622
341152
2004
383446
774116
75218
743791
219516
624268
868777
188172
926325
16008
445053
311460
84194
485252
288449
749414
436460
724172
91816
853303
536694
288731
414628
889609
835570
880321
819977
809751
245071
563888
173008
741242
548816
146851
502264
781995
125368
60074
34952
437270
923618
966039
484271
196759
64109
681663
988491
152019
567380
864237
146120
745013
686747
4393
992801
993860
458853
533024
77634
927070
773731
898800
877070
777492
134503
636882
188028
210081
654998
595173
106844
477383
911804
520019
471480
693320
682874
111842
585557
535358
761946
303065
352665
158359
830211
157004
851718
90353
362312
771143
379876
590670
611034
705043
128894
651572
923614
465639
882434
558500
874841
245167
59916
374004
737288
133233
645500
525387
688205
752226
856387
917625
684803
886788
52733
70065
507186
664442
405113
801124
185054
415722
863316
315706
77114
329613
673794
326703
60346
47062
179438
412488
965510
577532
142906
261873
992074
872486
868703
33013
757674
691186
162232
470681
106451
228706
342426
543125
89261
17444
612443
779824
188012
135421
298356
133111
57414
641617
572481
721881
229503
445393
109157
691554
627168
963329
651338
495890
921350
902885
754118
954842
751126
927175
20889
898226
262222
65448
681811
880794
795063
748545
169170
247019
656822
891060
807337
557528
115714
296340
83997
792007
695793
225230
715849
77254
271531
440626
420961
558763
757119
969314
246547
503757
315988
988565
350473
682584
909239
909000
393547
21777
108628
932675
738818
604071
19904
918724
162327
980658
412723
273674
124026
889675
395667
729983
298175
880135
389483
996866
717538
460304
474426
672913
236011
124386
70952
51600
577709
98527
568468
514424
661992
572560
466312
395871
870542
154873
907214
124063
280483
970200
139356
400038
942269
804537
601514
883418
282475
571321
221669
979303
748466
409813
104443
160486
657907
510766
495383
527211
221736
63003
882983
774251
905421
597291
444632
570120
638363
644534
375139
211387
782703
248926
879489
177373
211658
502567
56634
805138
980337
302320
186459
506130
217909
45518
953798
288789
141837
403972
527907
178651
55007
882720
644981
715989
746846
913972
732999
121715
933196
102128
235589
511371
717153
324633
749030
883043
983812
608296
231623
498203
110006
56769
480084
5690
889294
388046
766303
907411
147166
584504
805331
158931
157941
739522
4417
606186
259838
311746
476569
513172
862086
918652
969462
576259
25947
734812
882704
107627
958223
103312
18837
383401
332892
175936
564945
560145
674977
867307
954441
361811
163595
62879
159784
579080
968911
139028
731921
575839
329299
209062
51155
953119
414700
130926
646202
571800
398722
295036
82690
661738
166736
636914
450151
389297
775944
646976
215640
573452
380436
589751
642441
114952
333046
628492
272552
930798
907856
31660
310503
836006
770880
683894
208248
377863
720675
169626
591255
403964
98299
125580
625665
691796
455403
216548
565378
339877
314399
346709
969516
276510
393864
613639
877219
876520
685637
563988
906262
621689
799005
896924
499784
414773
179817
977542
488588
173760
508815
649747
994191
126053
624168
681760
355599
844700
348931
412280
656810
381627
742275
819219
814801
393084
415843
13744
36443
563303
313306
587082
39030
430300
481690
147258
696312
98879
891250
952232
653011
996672
738899
108847
232039
498821
184559
431693
680242
576055
326973
973763
631715
839014
637849
107087
472588
675610
814281
19460
51637
669047
92123
23299
962508
426571
769322
266200
799098
216824
219007
891507
865490
750457
435347
402177
715043
478162
267955
119526
787949
474584
803132
412185
430832
527642
764038
730909
661663
699883
921309
778840
730292
498189
891306
853329
732829
844796
916593
913291
420308
757460
871284
319800
860748
793375
111732
463836
284103
757695
376023
774208
284549
344565
195685
92814
884950
463115
65644
75280
859089
45988
504516
359552
343965
809054
396333
795083
167212
487393
598356
763303
568456
330055
63029
164813
896773
787176
397146
208469
810518
787968
241537
107502
468796
722687
635611
194422
111129
27566
201521
472124
592675
541881
631073
728591
995252
288221
255239
776707
226173
597551
364023
246784
611355
779974
805222
971782
561090
159622
867880
380737
831062
334218
534739
722948
125976
538477
635523
728357
92285
630005
706296
657782
680155
540381
189849
132443
54524
918014
453467
575117
294229
648217
54589
90346
326033
489219
439915
813366
107206
242413
564610
545330
221833
478031
244019
361239
992797
954417
108481
457199
51142
758934
687012
574609
934844
291525
453584
874231
473659
789621
495567
780093
395255
632660
695179
111096
130285
940148
901224
480369
448597
120659
67726
344893
103667
739333
126788
276666
511501
735168
282295
258600
40247
979716
83931
801057
530570
282917
70121
360502
202227
227574
331782
858472
986215
402196
899268
105152
433908
774732
542209
204556
199219
125034
356269
127414
622810
995103
965482
166338
65966
698382
832908
3171
424469
389619
113407
522491
153225
675440
289928
290286
349865
745398
509732
92961
5674
341964
781132
212309
204266
953471
367578
145946
502373
421030
257733
259761
93952
681937
730248
393986
794435
825422
560418
361206
95908
533975
111414
130482
844286
706971
40914
499313
647329
90599
169100
686461
918914
675633
249161
923850
684243
926209
734167
575727
226222
371709
165114
745282
502187
795343
161220
504910
433296
904629
251485
541683
385064
230948
108195
101211
663660
675098
206826
848404
490206
408255
745060
675599
246773
42743
872796
213684
128307
968007
457245
627424
627538
481185
828463
625660
720156
427597
126657
813499
286554
867190
568034
541872
867940
824719
418025
443849
11800
985952
302005
930540
764966
944881
932943
428012
509319
319441
228460
149096
403533
977859
31758
874496
702230
497158
864649
72373
731290
429376
47843
85660
193636
139206
605973
812863
934814
994442
280238
35600
320196
167586
382423
273035
904827
616177
910705
145063
489722
679156
171930
722936
92390
926123
30479
992548
167612
708642
857964
425919
633640
897370
550798
810182
557490
104601
996569
468405
58712
795403
646165
657541
335734
498516
287667
776646
695266
435187
888046
784788
174612
700436
106061
132729
329666
313842
198852
568095
549706
984486
342458
244784
420873
334737
119334
728524
985481
198691
194195
746150
956375
452165
435586
80636
838833
117161
602862
682481
629470
287979
396970
22984
367448
41764
338471
732159
173861
313484
373906
188166
320516
745481
629850
432986
707394
219288
556687
240963
957868
596247
823078
241126
350814
704044
488153
558215
922746
648342
49643
939359
242357
151502
229129
216278
462027
450969
205644
527582
359891
176301
903643
160108
885612
357117
133614
377362
681559
80995
866733
201981
560031
948457
112310
293513
306227
484341
17022
48508
124884
506894
498959
870054
929129
175311
794479
821587
438064
308903
417825
