509616
72544
254585
863821
956032
486451
907058
853105
806264
649242
772016
630263
853105
219128
659220
786872
319531
392113
49714
644425
473614
185253
217132
409803
856795
842202
341420
995294
167796
198008
655421
114226
638788
273197
504967
470589
500492
946609
665253
6921
379467
200803
182181
978661
474569
378322
47259
618555
287169
525465
258850
883970
676521
125858
210800
756554
59039
939595
648853
127220
94385
410149
66256
562692
206409
964249
699406
83151
671412
773541
739264
992910
958605
817604
275416
387605
741834
927340
442527
477277
827170
253681
765814
828093
213722
686023
749671
36600
332651
816164
169831
626735
996754
169028
340522
360183
28340
971718
465763
838021
747627
171252
102295
772294
493425
768864
246493
631820
952808
215593
959540
329826
921283
862685
928576
254656
715157
193208
382435
927514
970100
148491
522740
884627
381513
748792
564767
768143
326775
179290
783065
136869
652646
207489
78014
425652
888747
413787
27464
93325
548822
502190
3758
114637
729751
690753
363415
555214
964813
2203
973625
573620
234285
444451
224403
165666
117387
471654
150531
507343
484936
935415
397828
477875
183129
336817
177352
486491
468015
627288
207278
407132
242376
891998
950112
722980
277074
683457
653964
405484
248311
434961
55613
480265
132681
380112
892949
311138
225100
405810
887785
870332
939290
413571
937721
204529
201911
159976
77579
831680
849778
516221
727906
172413
31988
361694
428512
612713
564456
511041
530421
609692
281223
762240
997571
188703
926270
912501
228944
763286
327167
155071
123431
370074
754913
667489
431691
913701
897141
612296
772889
27174
135526
494957
327737
111221
329612
3153
23552
443617
916173
480613
940582
409700
878192
485196
380383
826232
886144
73592
483864
293762
15769
736753
323023
346477
887442
123188
11087
715730
104070
806648
867271
67091
477761
553356
728774
547399
844356
167516
293782
155983
818038
625234
41970
615175
653735
142424
253924
436953
719489
827580
608704
701163
109453
485869
626743
239928
193567
896802
566296
539324
529440
723674
489833
698889
671990
720574
54750
463863
709586
597666
721524
874553
793557
489706
151213
165834
529247
515081
83944
253189
955830
511269
86172
212564
213456
792855
788593
273665
546366
836622
2619
968360
267445
203731
319699
625549
867321
15590
960340
396426
300904
10440
720623
190305
419360
609618
679916
998384
271694
161219
966846
682114
388180
148439
214081
141569
587094
187730
240658
254090
215522
456348
549771
25369
87481
786118
913241
679395
431806
331946
56700
324227
781178
281713
869083
45580
345610
203439
315202
861885
354854
995368
664889
298450
859982
52982
621378
93751
478290
708738
377070
328983
901439
272432
605212
486931
948065
686487
911951
36431
485434
940013
113515
429414
983613
917698
166924
702717
906631
590563
317571
921461
270491
746399
941998
970618
819544
920486
915251
166969
667066
780940
28441
798254
66953
287341
147459
211163
864289
268715
265225
271508
489759
472531
263028
337079
243877
194526
708246
963194
383691
175251
645188
310429
227490
231690
974706
542014
56742
306699
815593
248139
541567
764820
254119
980690
694004
491385
715923
866292
66861
622246
653915
552120
537891
847808
340332
289851
831910
682154
287309
470277
596362
934500
581017
19832
268207
287565
325335
162082
338028
398217
67703
370289
768600
596605
645035
100550
632244
477751
829920
351202
965624
601195
994200
123965
217465
323352
578470
286389
751027
305738
738949
196771
440377
210168
153684
638282
870902
287117
441266
656169
92895
268164
358706
133360
78455
33196
526139
132047
209086
174219
686783
453545
757495
67039
240342
320679
141269
970816
759926
540073
522241
242273
82193
630744
41482
5045
126603
560023
354922
477806
618327
28824
64049
5856
881389
701643
226001
890692
283882
343536
948037
557273
168324
232526
518750
880485
620583
192380
599915
732314
599025
548764
532100
616339
143495
982824
921203
877501
362578
396132
673856
324691
6618
5875
558104
167937
999869
766854
353497
698218
880715
603375
581180
515589
93697
319124
941728
325858
753697
782270
849455
447115
253674
935697
718575
220421
368697
189590
876711
529398
109500
952052
854827
608032
662222
742654
45511
234315
111733
218661
209540
567361
109108
65358
169946
761331
878732
646655
941426
735609
616918
250994
37397
877943
198838
319692
369527
746907
16509
3943
160026
90690
177885
473676
531425
239098
608649
21948
459122
803810
932137
297197
253382
476910
130679
1362
970960
309063
827193
294995
4615
867471
41691
583644
214610
805762
262056
570961
775567
979256
220581
267103
600256
97287
653962
681774
122771
117765
911454
167155
776589
860011
654254
740449
968210
969429
493225
497215
442899
616933
475675
765141
827092
227016
446340
628160
985625
124176
955284
96229
446445
913089
367686
783938
345294
780071
890134
951072
818808
290084
795296
412453
399500
744136
15319
642566
772381
648665
178142
942937
31128
66546
955974
203912
275213
528391
129253
265441
924702
387846
452431
411339
730882
999961
246388
445332
161015
850952
129110
16037
48194
663996
708773
537239
136484
99998
559160
790686
459739
23390
60330
706339
60625
915792
960143
836976
86501
67760
249938
878149
401365
942278
961324
808583
999941
706597
158979
823064
800878
181837
758237
854018
687014
992304
562495
343116
211975
303954
516902
451055
335999
733833
300385
731811
857652
361444
173961
57682
378194
267624
952351
434862
688050
89397
159616
246110
717480
680456
222151
724307
965737
111450
844671
193209
495383
962853
784131
558666
682731
56262
302389
26108
335166
157246
763735
740699
77812
591058
345801
371377
476613
682899
659743
356577
673449
121912
508766
495571
8736
845223
114580
55113
235931
899794
268049
132560
98634
457854
95749
939603
429059
588255
109431
866506
897420
814304
339360
840527
713797
624510
889314
60945
456373
628820
413672
645729
661743
40625
279131
897386
246816
939109
111357
94462
724408
457627
68582
419211
196403
18528
206233
345772
750019
96322
91075
19548
794332
703699
252751
415685
760475
915917
23400
577014
65812
237903
97100
84980
359287
271366
191498
210727
588253
179303
434520
306229
185781
772632
458067
739756
447110
27950
480723
144345
657248
693585
771498
746998
617443
404860
278458
714367
206827
876001
929648
649381
296855
687785
923681
345692
463541
156057
31359
914511
395659
238416
472183
816435
715588
28845
980907
283513
416822
837581
754055
295517
67084
621106
392770
299420
377685
625215
44979
266050
456295
122143
28813
737569
471921
890822
491001
100766
824989
868560
265167
439589
838366
765317
862832
42876
552667
808318
468866
319605
367031
906337
604873
542398
207677
460423
75999
688850
702757
548287
624784
93330
786565
165228
856532
653550
811735
289161
165417
563517
440227
941133
80269
688429
249353
479594
284693
604500
373613
796719
982317
980645
492351
785229
577517
185278
146405
154678
917331
939997
563592
593633
216675
656179
205048
824170
247384
941841
69245
595223
285573
63615
756411
568502
41293
714924
594753
65121
208379
88831
304814
793188
94271
60235
29824
49141
126214
927394
310266
482017
349301
536000
729585
944904
727745
623272
180276
560895
412525
562573
324310
735763
410081
500006
421338
333229
39396
691684
379513
251729
969078
328064
295762
773184
775373
533421
334511
106878
310826
337773
28463
853934
986070
859072
236566
522457
349566
343031
932525
993933
809320
717478
550167
643234
834833
863607
992050
414360
21477
873947
502118
695964
605786
49564
758989
902761
523562
672719
793983
991052
731243
869221
35257
49536
701324
145824
903657
789495
517614
272546
600344
914234
191964
560608
438772
316135
89065
55222
762041
348186
848741
432725
610876
17255
569147
355159
603988
409603
545642
756275
741797
58946
409566
526092
511370
340154
255467
150052
124510
904647
930341
942701
351847
28648
617630
986560
743200
177607
766461
969447
841314
370390
631
833620
958318
567765
294445
771061
537753
601712
248930
404319
693525
542404
682007
538151
118359
451778
475589
123984
543914
675372
467831
848478
470032
525757
666305
401545
35536
703013
269600
644877
256929
597746
989872
19486
659057
553866
28740
479417
177554
62997
301157
638550
98114
623159
103978
782330
87893
983227
246385
154152
8769
21323
588343
169783
801094
467484
1690
473855
79928
960230
536616
778413
691946
889297
975715
655095
511161
244139
137620
153193
44786
545558
516808
340893
862753
840831
430315
47048
722231
178504
923008
815729
502551
140424
140795
606782
340285
133864
694843
318119
268299
739054
484967
920331
473778
645206
186404
692001
671929
947228
18928
70791
789293
169687
697246
631414
942117
444607
543278
658903
982321
24079
424072
501614
805087
603142
204181
111156
984553
931975
437947
371524
573118
175072
51891
771819
4715
154279
990792
511778
995302
305152
659630
735895
778423
189756
395388
96551
217476
241116
455687
500969
519799
412915
975517
815268
70414
796649
859291
411744
422718
421532
873643
56666
464709
577120
501022
908561
474571
362791
844578
807677
609204
225660
119776
227999
563717
2409
666869
838387
407472
738809
843594
746307
829309
986264
436498
474773
678999
231766
405599
207173
970417
453706
527074
554605
509139
3923
613117
25024
179013
322810
303942
593718
187222
97331
339483
221665
483401
400515
614941
472351
203357
755835
523275
81192
197560
525858
727099
764295
589807
716145
510454
283686
731893
746743
173617
528066
348893
724189
888228
23037
374733
480068
946505
533970
525633
643722
774899
638371
338745
520364
52681
945966
83073
520645
39517
643550
419867
638325
903469
209342
803210
324829
417909
750920
771965
254662
391086
954844
298711
7649
82919
686476
871127
124969
908735
752084
749353
707429
324476
450727
173512
420169
344460
306020
735310
588924
779989
385703
764377
375541
334779
537788
487260
786110
508078
202863
294719
325595
63980
231487
69492
472516
46362
782001
224216
199501
297979
59136
306881
542374
215050
86577
963754
900863
946490
188677
678776
253252
971976
766792
671080
696262
494905
446471
633048
246521
883446
611230
87086
267674
974080
34351
296681
90921
153105
164143
536258
299988
606481
629018
110526
519668
531057
116295
639635
121712
708392
388822
589556
801791
885064
222341
763899
445452
823228
300706
791666
287602
305696
398747
165375
704550
957565
967281
327529
136308
485664
208331
923019
519394
679893
608487
47380
890737
768965
474539
370423
712961
63145
603290
143798
818772
399850
61602
48519
945963
363671
410449
52832
968972
355714
990120
39524
207653
599416
417608
427306
657995
384858
928137
521318
452763
655068
174762
570166
996737
583898
932514
697867
265047
854162
155221
215666
719525
233538
691106
939646
402247
243935
951961
908884
508716
649775
444810
311123
816186
527044
133368
597213
192015
593365
322349
327751
558563
321530
913319
593433
953481
496067
588336
30850
27412
854518
604875
557915
425430
596964
102474
924950
203844
547431
269885
909507
55477
926074
985733
274686
350217
626741
590598
294905
221159
570787
955323
897826
232222
66690
904867
535024
364397
207638
156953
341263
558750
308842
694401
805030
724364
861348
784542
672897
73606
156228
955649
783584
130572
252857
256924
885403
611510
957472
663605
930224
903988
303834
669046
908971
686512
761096
387233
728305
959952
657381
892640
384680
495639
43457
630010
991686
320107
336342
965154
646453
730161
692361
822634
770016
30996
492414
928085
860957
795685
169240
372745
550967
814685
33292
659299
198422
995069
645664
191845
881549
232406
358726
533066
893312
76389
690383
312571
361072
985494
992398
179162
775141
231593
626378
526842
964727
549618
886687
995378
404536
341178
938929
549639
16449
141188
410702
650822
83224
40874
675295
853235
391739
611493
188171
39451
39052
717867
643113
421958
721240
953586
679967
649737
600261
447827
549660
215160
294872
590858
29550
331000
741793
22234
8832
194353
713924
959565
859252
756707
606052
627865
929881
845968
836333
504606
391689
972759
803390
576460
773410
319009
574962
477986
521951
61300
831306
214225
417746
688293
574648
70847
313536
739690
729930
511399
726297
553805
246449
162909
593298
247485
128558
399407
416289
592703
672280
976039
976084
953410
937548
449454
650959
866639
281265
951307
155808
178463
153510
548488
571904
820230
253707
745781
246889
453326
797097
957126
669710
957535
827135
237527
842108
808217
399594
18001
454091
83332
178416
741668
449152
822431
58408
242292
589443
683029
55882
421712
50807
242125
701327
65117
215355
230752
83652
357457
23037
197862
437553
357915
873718
440105
964960
308128
52357
188923
323788
53729
34028
232548
186856
286328
912097
984243
752904
292609
777234
601397
905264
987734
871161
244292
913848
518578
667735
279863
607960
223351
51600
894583
520790
722634
460898
571825
504137
513948
974723
892071
368520
715716
47639
364834
377908
845704
369931
803714
785503
711099
685457
692661
497624
140224
430648
143558
539797
929580
623270
478797
20923
980362
519797
155717
672780
92792
3496
43386
791533
72110
631113
835169
540435
325023
202208
986946
945738
510904
41297
832016
830498
128197
495251
527385
902134
47987
464201
148632
410010
454512
507327
575784
850016
936622
399042
577875
471175
416391
324316
975177
844801
802747
198698
919596
65760
983380
774172
622408
958364
648490
853577
955936
340099
490307
416877
386147
232445
692434
605440
236862
104763
321632
581939
58379
523644
93320
318409
829863
228988
120220
864144
594977
648569
857702
774588
123597
672866
146889
917022
417145
408543
443205
872006
441399
420984
614680
446258
258265
805539
44034
344689
93627
610604
863266
18904
814202
729603
160124
46816
472899
75869
213596
135515
476806
287816
682067
57297
501512
447824
813792
971195
872536
475334
821547
44891
900441
264883
891946
13366
854334
525017
989670
480367
254037
551906
843672
656450
888122
240680
724269
842073
640620
111520
992425
259342
664508
340131
924584
425214
223521
939355
519103
164934
349609
574662
14400
202973
152394
751146
329052
198862
825367
426902
334499
518160
378062
346512
752104
919683
136206
916512
609472
728777
353381
856696
823784
391679
487303
654206
482758
317399
37980
320440
204936
997012
151600
587859
304297
538400
8526
505232
92690
129997
995750
384460
652829
825190
884587
936106
777076
195698
172346
721631
708632
806597
339508
874457
399998
429570
678316
289101
947796
723952
708860
152155
185121
879608
377650
362849
124298
756089
369128
63769
458544
526536
351857
910127
49975
535751
529583
55140
72866
535968
629890
952472
6362
36447
327323
525495
334861
607017
668718
807043
347763
782493
875782
818617
952812
463046
420274
811555
857862
188346
891229
659065
293722
622162
528124
247285
903957
146629
212384
812850
412885
329763
199595
996928
689769
860844
458591
475463
935035
722891
635794
374164
577994
98674
470910
662277
827663
318803
619509
410765
761409
163640
419697
946661
814196
876159
48777
461008
420060
27510
693376
42760
200688
75919
564344
172042
350954
916608
721796
401787
477099
324345
890138
51254
293242
623747
74791
77747
151661
755314
724349
299221
300448
305926
858152
999504
588002
354916
34334
400436
230640
620972
154260
448923
933273
936310
12077
741419
859520
130798
277901
321673
725184
653001
402316
990555
356266
772515
632839
404087
69801
893943
347344
680045
26631
957306
483141
114349
682632
289236
180094
78359
324148
459452
989856
905182
538355
158767
43599
429015
228688
327244
2176
766756
725344
350415
119596
855287
428028
98344
823328
873733
212265
524919
324593
852105
352025
760167
116366
433842
411019
268772
748462
438763
921293
839098
671399
649284
65825
379787
527776
628994
216830
183597
434847
415424
36717
442654
552956
14400
467156
626788
236983
680018
928720
190726
68901
63071
446075
748192
256517
446226
581453
743079
735152
123364
811230
408698
194223
531907
769545
313056
15143
693727
373549
346148
333359
637201
690381
313098
88770
90856
305623
975213
593616
199440
653058
467702
697519
24097
480720
982395
520110
235330
568115
930865
212746
495288
20428
964560
498810
291343
157774
186946
919013
205283
468353
280711
666164
109259
584995
725416
570753
219747
911657
385749
384814
848885
525923
56861
381971
697155
900093
924938
590991
575476
918241
297495
135551
792537
6970
29647
286925
817690
754068
796740
83936
586689
651295
764904
240817
214179
577426
834763
541182
594534
918189
93297
102743
548532
860246
523855
792597
260347
169189
710818
511530
809374
427067
277165
452628
924155
154829
671373
549484
860953
539391
76922
476379
533166
610667
149212
740907
993483
977472
863623
883195
435685
34759
221333
698765
885121
250113
397215
314233
829499
63469
190040
900741
152690
520486
628741
714828
945235
826280
619996
5850
892161
908467
386297
360858
750430
462664
324855
946342
464185
352016
765873
573310
18516
175900
980053
791701
750096
104391
915745
356612
874103
888376
318590
63137
683494
334404
970869
375531
723669
681584
658386
869340
761221
405460
862228
729121
225541
121754
911373
813414
974752
216934
457373
769610
705190
923920
294213
138610
325269
307340
519722
952250
422245
108971
418025
508165
692973
938298
499793
167157
736693
105864
312385
7798
89561
6598
389599
502197
59542
919367
85618
770927
891380
874918
67485
75556
650384
806278
216953
142634
27013
624116
638413
965405
861751
138409
783853
942132
433595
386285
435500
622319
26470
321493
230782
364972
8561
502253
737007
116313
963462
154224
663162
261636
323689
820916
822535
172175
765830
743843
518597
819583
634451
560291
672351
6771
661153
438423
482653
441777
581381
265215
36122
252508
285469
640379
931294
744258
436545
203949
693207
816274
316104
472763
951929
245034
246132
809844
401135
978703
103803
26314
799804
768886
572403
286397
722867
24639
588760
229593
726927
361985
546557
684758
889712
773312
780750
983517
170739
467707
414141
70954
436204
849058
754385
115788
662018
716517
77063
262986
339688
377832
368676
295008
361460
537875
312920
402022
98141
150853
400592
579026
340566
392424
661849
764500
356033
503519
597356
475039
877458
364700
363738
129096
705
495695
619797
962502
202219
704249
653528
565594
622342
338591
363764
634568
664319
23129
382521
444803
468402
92426
993725
516070
252997
570346
539276
399519
154914
392510
949548
205414
962639
603177
956363
407275
781995
258076
610375
538894
32711
60394
761818
186824
124894
87479
566240
122983
930930
781518
37063
271670
895749
876048
963090
205306
633010
769354
500810
333657
686374
672480
811137
749014
242941
301478
419012
166199
203581
14862
903260
339848
855401
239483
998337
494648
759491
808052
670044
6880
435426
894644
542327
988772
964075
138270
885316
434994
600303
595277
14023
667880
948257
557194
482848
752722
438258
629911
253177
579408
35723
946792
613576
919382
893158
845361
637185
105678
636810
774298
740508
884184
902881
128528
573182
819057
783607
154101
228039
260913
511313
45431
234295
937966
251048
696382
27837
246207
535489
45759
753566
739227
295978
202158
560382
523551
457618
452688
344399
413614
700102
561518
820627
930290
596548
293861
800207
231105
579197
607515
469902
482012
306412
222156
133774
463761
464782
611266
225996
186752
325565
567075
160039
631354
251565
429796
885299
876997
704001
549852
578781
972732
89291
76531
665398
164307
965599
352441
562206
678585
702290
420499
173070
271446
980436
907855
606081
849524
63143
402073
814656
464121
888251
794375
126089
434386
36456
183055
76315
479468
92743
148888
577761
707164
846126
443373
895096
275167
46150
207822
660767
829883
710282
389409
423034
57668
598237
481734
837635
272186
830472
436680
699022
336208
603024
742191
951350
689864
919344
995058
327913
186809
587192
124361
611597
524274
349378
897633
342030
553209
939148
693097
306118
826604
836855
494345
835399
659017
982619
377907
974856
789897
137029
245841
128873
390118
173134
98398
65252
960766
637273
357649
626514
654736
976360
448179
986135
106659
672859
667090
234476
185413
976135
791950
185031
966833
529711
237840
544425
119306
783778
270747
123396
634692
40689
497658
681478
123362
724810
260697
758342
778777
929205
51504
401162
197908
548203
55258
601331
140945
91726
475460
188550
303272
478218
187648
229079
162540
961030
401849
45972
345962
966406
317953
192299
878287
473248
694983
210777
861158
886936
768164
132048
47294
69851
634644
317764
897321
789845
154178
807379
888737
60655
770811
390095
943366
719272
750981
308713
462019
23567
350409
218427
834702
449370
712619
521137
147405
638694
304890
766293
679382
847756
993603
426935
249551
87068
863872
605877
672052
503737
685038
914732
965431
856657
838716
682619
113410
482359
617759
372976
608088
266782
521666
67218
294873
777524
194907
352075
130468
561496
741913
765743
114583
39226
747321
922221
661554
626702
470840
12689
148377
434413
607843
936307
42936
112008
960202
394304
385473
336713
107155
900578
144976
933064
629098
229071
910384
11494
454486
52203
748279
330506
750631
235483
461388
249334
723468
762856
370121
304773
544001
420363
395131
729411
17957
434523
923782
77224
68905
358480
496550
991603
196901
731187
430160
868576
84805
650788
370487
453381
361760
344327
567018
74639
609321
468172
307930
296659
726974
939610
164922
386963
977758
443416
70911
590672
863160
215000
244807
774151
871262
451168
574422
272649
421080
855253
292987
50554
33877
544134
85201
237606
286077
542738
391585
503355
798369
872184
691365
747367
841172
98617
915495
308303
43859
689452
790344
629288
265759
994270
232093
362742
982252
642211
370868
371231
710321
420541
565556
440171
127200
966184
170594
306715
595568
444608
3136
662562
907989
532560
426000
63620
310610
471224
724150
101898
284708
679802
33019
345311
217375
528609
634542
365259
138647
14414
956645
134601
301749
377056
293089
968198
970729
806591
200463
56121
727614
259078
691435
516953
108809
996427
149631
957952
880891
764107
80201
151514
921366
204599
271483
958089
427836
618773
61532
685913
715235
41557
136396
465563
460517
724209
267492
460704
247796
302207
80700
10964
571755
93846
931398
420724
698239
959259
960727
466477
886420
136999
757382
369555
223724
533974
478381
878010
161210
673967
113677
455221
482069
121835
227214
573545
852872
847332
756771
566732
517894
893211
820876
237311
357819
995814
272693
61894
438653
51700
322876
940640
311521
493502
810704
149831
591594
867469
565236
848902
578781
635362
303203
538994
115632
370181
40782
557254
149024
587245
590337
76959
786594
286472
330403
523856
758385
647337
955292
327715
807814
749260
76433
626989
17702
539398
185675
262093
48917
803085
618613
379009
683624
295329
898244
100964
951032
764119
261873
453192
892019
333760
407458
989612
39372
696890
177319
43226
659986
2066
156319
610976
8415
480661
586619
681832
427943
88626
976026
103094
867120
528205
937108
777214
674016
754210
524051
248288
520818
581204
514074
681153
563715
368594
777961
673031
324553
910436
887993
267440
50530
60056
544610
37392
635146
473539
645981
872037
573351
587702
940963
758616
830527
382975
578292
543251
963849
43865
73651
83513
753057
26481
821870
824775
236884
199509
486076
971717
120283
394363
45952
650408
608165
745964
917514
552135
741133
20811
996956
30840
367915
18630
409289
36487
885638
858136
124729
330450
644583
954168
473546
486596
505097
249633
276305
907180
235116
627519
653822
376313
668872
876275
709597
342548
922719
279363
178105
90970
823531
746017
543387
846965
860087
824022
573872
663382
981514
769099
378184
648017
450685
640756
824251
819732
305646
617562
96998
903557
633549
903427
994835
6264
405844
454015
400119
992586
287763
164498
296532
479708
724841
740281
214847
376047
712463
923291
303804
648857
941198
995278
371013
881122
395537
239490
781417
813182
367125
729486
381394
396006
381884
584725
587615
918037
545665
461844
924655
65116
837830
188491
807999
934626
740810
51078
970859
369020
560182
587527
85265
715045
877078
912018
273043
854298
230949
392981
279098
341204
773633
818289
734008
334499
751869
834665
648390
931684
376661
678118
965868
957919
641788
620772
615007
389311
807570
657085
621444
839150
277298
470864
610899
795469
153639
675214
648342
229005
675262
783841
657105
862637
553654
796281
131964
456464
308948
134259
692588
946490
294355
609384
761488
340711
625017
806480
326230
324360
895365
892946
42285
380635
507397
49577
112358
279397
24963
492852
25716
509903
915999
481882
32402
464155
379320
268951
637827
361537
920964
371048
957557
807658
413184
566927
230143
522568
447745
928388
63177
390800
867048
614840
402443
307605
4083
54150
628782
710850
74353
69369
368142
918004
332046
428852
976481
241138
535948
127746
865073
277641
578450
177275
83077
80328
465694
466895
539998
426325
728535
391730
189021
667179
673982
463140
270338
28337
948290
570716
632911
782199
590322
36944
437706
225359
719309
155363
632994
26502
198005
627180
225449
867774
833730
906463
536768
825577
280115
390171
254480
657060
289344
83215
988852
612270
984011
447625
536053
239875
460980
390173
593133
717017
97548
657710
412300
103798
925217
635356
592313
875372
877240
106378
576144
760819
633368
212234
264586
447265
610819
800424
371770
628488
163968
965520
723060
167788
48723
982621
473544
292447
576335
608447
893164
45627
791490
898439
946871
886140
666574
889106
10122
865015
209943
96848
485321
770235
605912
749168
766087
926403
449040
489194
359616
234388
177114
964200
344703
105785
100891
761041
4704
472409
959381
23476
138608
704498
291480
390606
551856
743348
723543
723769
228217
232380
883672
140081
479225
91499
324741
541315
198555
577315
686496
793620
280133
257822
672404
673739
942843
395242
507558
627420
521569
422277
18698
234290
821149
528337
584914
664824
867099
503092
866049
771525
573930
696078
354046
925986
456707
867288
124324
891000
938602
871190
841014
24859
197358
645496
941808
905069
268106
525907
387897
806192
557550
381174
378036
602220
16791
582380
35189
787001
736602
622606
58192
534442
563649
344898
929934
722902
921804
182356
211705
602436
819801
101551
102359
136434
805598
101687
869427
986818
598674
171462
19414
645314
435051
242242
612181
299734
212803
403736
351812
850628
211476
482839
944136
857756
415778
900075
838026
95746
579960
942516
913160
65754
664266
215234
407365
21518
758777
998255
15073
555199
753910
842650
676227
518917
762110
815995
439858
737765
848579
50216
689667
805390
804651
287843
612013
893520
836977
838429
852024
883034
137834
85196
281492
819374
39330
452580
351622
148259
802341
636917
624765
868694
317593
912416
804739
990575
421768
877943
115471
727819
919804
541872
357623
76491
255555
736390
155650
394552
732306
176685
901212
527442
434054
321264
256739
358324
791813
604072
646814
405797
606147
442074
48333
291261
8801
696430
82331
619249
410480
552968
343280
440830
198418
724485
943715
200174
481153
880596
997965
596874
672298
214766
80120
599837
388017
659379
638455
355488
905496
272419
381903
92103
269114
244277
18515
234919
811441
774808
395213
764226
201943
836803
808664
937265
744810
362235
664139
537388
36937
658657
463120
883385
702171
489333
382866
193199
246927
847147
742228
455846
5373
456744
379039
726974
688363
174105
435284
303560
349548
885552
117535
359764
861860
519677
297228
239256
872294
234085
677876
683513
313342
778113
241167
101433
489738
71829
675053
26366
552771
725611
867776
91195
766874
854795
353297
6845
469309
163034
397203
314388
341368
706381
276949
525212
302584
377864
430992
875879
403820
524759
912544
374472
209412
44295
486992
563519
233691
593122
324942
934012
989297
49606
738685
31378
971857
3617
552682
552057
314706
989323
803414
651391
331896
528384
668593
46733
739642
473081
410664
905042
413662
572261
117525
23502
992833
202825
746325
250941
41395
678065
268408
550110
497982
25233
982673
603166
371463
909309
849132
344998
889230
447234
169951
398334
118672
883487
692025
956124
190028
432355
989464
88397
744994
524452
362903
917823
768022
227289
261347
216937
485300
139349
667759
828567
143182
927649
583486
318613
326561
293236
760733
862584
163030
512209
147507
771076
390628
645502
783728
817725
917650
901148
387619
797581
110554
384872
987688
915150
516137
88269
423486
676405
47107
417763
389879
822748
828036
50440
144392
981739
705985
647449
375872
997730
230797
211150
540950
460228
27480
986863
925403
47011
691633
748023
954766
720645
805676
738691
451726
832816
710430
353079
507690
360535
420421
945262
659988
302177
374021
440987
835893
590226
464269
939265
757658
191512
126168
5003
612043
691380
161232
259913
395004
551747
57164
540679
256669
365225
135226
162252
309836
853081
183384
946732
364587
361794
53980
656330
83787
595417
124212
294446
187719
68287
222440
255871
766638
223504
627995
294685
47448
646600
349168
897373
979097
921169
484616
937058
877140
682029
871146
665556
187751
621052
922044
710912
99780
407339
618798
971212
328863
237433
237238
904789
303427
572519
266677
869159
298368
794556
963833
373912
464639
217970
508956
139265
427958
872320
884041
53466
291446
648581
972958
752945
363937
293390
598765
509703
841850
237252
748573
894727
43669
941237
374126
372580
697261
949053
615450
887758
4692
865873
217878
250640
132165
606055
128760
746313
535509
244421
226866
493060
291400
875173
822524
680247
869568
926786
611920
231445
530193
567811
56847
652368
50223
341312
559489
837103
422793
214645
668026
329287
880815
77954
407191
235545
456750
570524
461480
88840
233084
766740
820392
704181
481934
171074
205415
748345
259784
686414
894729
304638
660748
453914
107302
892922
905203
930511
468306
465225
307482
901635
208888
263462
368788
572996
295072
817350
874045
787332
673872
803922
955182
890848
271246
548095
525580
198351
355587
211467
739579
394147
70522
142677
731441
654783
595400
297561
407717
964950
337990
546376
93477
263323
640698
859072
294087
929867
585300
566829
669751
210899
528852
82747
437296
396382
617992
294711
745862
85951
197619
320001
91807
478520
474250
553584
965634
849765
934104
82498
704391
980616
404161
180734
488110
310514
958691
436393
416716
822666
108248
131425
753440
510141
793752
304217
400196
28482
119996
115121
994943
516936
135901
559792
959799
682687
651227
143969
284356
373760
83641
97417
373855
761626
896294
753409
316857
839290
535383
586995
135528
471734
420559
225845
166524
673014
927040
684285
84528
425087
280843
165632
43708
874078
139492
313388
833992
304941
976849
557182
236410
351813
301713
431936
945008
854784
8025
321955
36937
224553
163065
684533
970590
785539
109278
393150
739151
972338
392881
140733
606455
559562
848156
135930
621633
374963
759468
364936
7636
33717
400721
385561
399274
836966
137731
199613
492799
732013
41791
437049
255268
237490
775791
946560
649714
131492
247912
147345
415836
780006
639693
951660
810782
87639
825936
356018
462738
716412
991001
827032
171105
831501
279039
786055
901398
249177
314803
666452
184142
302870
430012
392855
188812
47049
109020
469098
358569
91982
171410
886464
730024
128005
451833
367775
847016
980761
783438
916347
968626
192046
616975
813105
458930
609446
331390
802653
898947
46416
372100
138712
835939
656687
479667
714321
645638
278050
940644
230470
889286
587701
952127
187168
365623
666883
318105
665577
242905
259973
562104
281323
41127
900924
298226
113510
684492
689271
718515
973933
657589
369793
260380
260637
455937
187499
26121
721339
399317
867761
171563
616937
592909
567948
63892
418885
449229
887380
42578
637983
799029
16207
638770
981396
884851
331226
694374
133515
27442
252082
179073
934860
556016
215200
534366
6072
828397
883199
195873
878889
600383
848299
716565
983014
942915
649992
877877
157699
27437
674092
150214
460435
366401
851242
559905
249483
528411
551356
331279
318645
908776
476364
836428
532621
727223
513567
178158
14588
49898
997470
725727
158638
581126
894787
587590
537362
902570
194588
797509
534254
78621
253119
920347
543516
412416
768587
613864
735972
831906
423254
564497
227447
187826
113848
31738
420358
686927
25075
929392
203261
560892
467710
194665
572064
730159
962860
270946
910528
288904
428670
192488
283289
291551
242818
51443
761035
666038
485029
155948
782516
598606
194204
674896
222438
292181
499819
859756
936010
468924
952657
752776
272016
225511
166672
557408
394898
727614
44764
845965
597316
587681
4192
971843
210842
927544
327463
248051
213687
387815
126701
622417
578188
401825
758019
60272
841173
956948
157913
247305
655276
812994
656875
328730
870153
358064
801995
976235
79447
268342
596551
430315
950195
666871
506038
570554
10243
867691
968612
726464
204657
268184
764055
197306
488899
254368
262014
140885
687385
995059
551925
669042
778754
892452
639159
625994
205498
248730
329313
823659
596612
858333
567519
784993
112736
908432
945141
378992
848618
325374
157612
642556
430671
401548
76631
135500
301868
738446
867009
942755
453189
193270
981172
922254
29662
28840
240872
136508
831098
766761
398791
179591
727405
935605
2649
762321
955040
853039
298769
265801
818529
678451
271219
85517
319588
921352
660512
804010
577947
298289
402176
100542
108525
108386
426634
571647
418454
978960
381811
514388
841818
299361
897008
401249
267815
966211
959850
77152
530950
681368
421566
994538
225533
515791
484717
928342
1669
809038
465575
314104
951715
960523
107503
799819
705318
185402
155115
485865
681532
790817
243466
40694
830256
931591
842386
252957
986948
191755
803973
77682
537255
208336
487407
602935
708179
705366
739087
629754
139973
233188
489887
904347
474010
511585
271106
106220
701699
161411
306890
462257
390629
519326
344546
328774
572687
798430
88542
559648
694745
574032
848350
199212
614805
779290
383769
388499
710261
840203
331083
507359
616441
546189
22141
947191
338
259511
52270
586822
515416
242367
725019
943354
736293
190797
626672
469865
186892
808682
315787
322125
513913
489303
503913
221296
429607
130106
153263
242275
720120
91444
475607
60328
756980
941902
141237
124719
105377
899921
68517
481917
146362
147380
670036
919721
178256
627184
448679
968321
921914
541040
732427
584969
679674
554276
95962
175139
883246
632885
256870
523530
927600
373843
40038
468984
961290
705449
312955
842408
945241
515442
750173
619958
864765
958565
841703
793698
639098
421004
492987
437235
321582
832115
227731
151736
609135
783483
835685
766954
168704
989198
982450
413421
197104
630957
250860
921909
126416
509540
694722
164869
743951
97567
8009
784787
99316
256663
867912
43976
950326
319077
162336
730851
765243
281911
71190
405629
563883
911072
393919
706279
20913
439753
674951
809583
327502
785605
88605
538178
285721
564547
570175
120427
711319
234652
472157
473210
456371
62221
518892
851071
103386
273278
921290
771958
636981
320448
645193
722749
451396
913174
80603
681087
649172
258090
595544
536181
144477
777313
589678
19011
296314
553480
975461
462270
68677
322349
240333
555789
677454
127947
323143
360109
73208
351069
95406
397838
970161
675475
273056
376347
285068
276450
240940
721495
609597
342454
602458
225698
10544
814083
869201
541724
840006
2489
938985
798432
22381
907478
648270
713521
440410
487573
974093
584371
897638
378436
484350
737680
785858
434035
15054
955
299417
950856
159144
210257
581441
157104
977088
65243
134812
809264
148860
735920
538129
632473
429247
243768
263395
103386
403
490315
615211
872239
785649
397111
558326
926264
596208
804769
775805
537828
10761
129283
174845
564940
244291
765523
796019
510172
490047
116484
587830
869228
793186
581861
183664
786477
465178
309928
545466
138750
839119
474174
265299
383390
676840
131421
372221
963708
761143
489315
293685
323371
887490
190868
15693
325361
658351
254015
787751
589759
194251
467392
410512
64250
547063
227550
832502
67127
869167
480852
273032
428806
723320
61485
70889
33189
819814
268360
864400
920406
604615
249724
141887
528651
715056
714324
757981
113533
808097
741883
248754
476827
523351
539379
264639
701152
232623
760703
815800
631613
633522
346401
520543
812726
512833
513534
595902
541449
882334
798557
20673
382984
563476
400718
633901
311880
444869
344167
10305
880946
181070
543274
369064
47158
437336
258946
661079
911840
65598
997548
225929
918723
609494
650419
225045
280721
580382
399891
9576
934669
351877
606655
86949
749463
376083
289215
484886
220390
928053
642993
775373
143509
659881
624815
567835
964564
4290
319313
376748
292671
980121
612041
258109
295051
646224
668013
679356
449052
692932
13906
488187
565109
3279
496531
297424
1607
353654
845041
43275
818794
934262
257300
506580
807273
598822
754992
840993
801527
29321
724803
253074
696192
154738
347322
58345
486107
52244
529972
394729
459355
206117
593310
718602
284805
349871
337469
18709
853404
756467
372234
219746
38359
298554
254199
692396
125876
862457
427664
499854
29093
505184
621437
314013
753577
899711
18531
976097
959286
121365
138027
551536
593170
993463
898458
532905
72321
852634
851103
404554
599257
533053
747884
855343
800113
938165
403516
677672
923960
240982
981426
493493
454306
240891
795810
781920
967676
359987
663273
127031
640801
948424
151158
368485
408901
74221
373676
95788
847150
112835
872160
531906
854659
549768
410621
237893
973629
128157
565383
561819
501370
631346
107580
605738
108656
795664
362070
798513
20414
579458
934382
138497
486366
694945
308027
674332
979511
74107
888247
288424
671439
757279
413474
400400
447518
699720
625824
606648
413310
581540
604989
268506
319678
340415
521233
268610
518677
9105
862463
592738
683507
217376
156695
557907
307
759123
787739
300009
299821
933717
191327
194161
786537
757986
139401
478602
718318
534769
187640
739805
879416
722878
347394
757626
787719
957683
890197
217680
943892
385778
876094
968201
943519
338626
593416
862080
543011
428435
775933
673248
631019
351727
979208
133530
840638
575296
94458
179074
970934
744184
332331
562951
167407
995296
92217
925133
927578
415425
123244
861993
127729
76009
557626
73976
213893
274394
409189
776668
586803
273045
749058
749972
596533
443070
611094
866487
565716
735404
487513
265741
783228
189071
121116
389450
958504
99326
201094
63400
74172
716509
334394
365088
819569
711080
684181
11332
244970
40350
424531
196540
694758
185356
382225
697243
280527
746356
404525
958429
161903
67803
51337
837247
82754
750764
903535
599995
427622
363276
81486
558495
455278
588027
584803
924233
391511
867363
730291
371009
702738
792513
338036
736371
676864
611309
593483
814855
397884
897223
161072
633567
582097
507968
39471
13676
533196
800386
962887
470445
154285
110845
955829
147974
354231
613263
915147
473337
258983
319439
385657
959235
863809
906039
485229
562069
207493
813355
375191
757549
695745
618218
788037
857489
491328
592656
380206
428200
587808
867909
78666
987893
692801
578502
961630
931953
120346
642318
155606
871491
396069
922144
2826
519710
430074
575348
967075
917815
718330
586812
147351
577634
230306
989073
986895
972488
740799
422335
820714
873031
468032
546858
820123
782310
510823
411867
455150
911987
278362
550251
928232
547900
72918
379722
167563
62566
655811
37164
733368
606893
367074
713554
930735
904696
424226
320944
750323
496664
902226
832576
777353
103133
776434
533091
789534
46421
972706
548335
678728
283234
903868
51865
943269
763255
236925
545792
35616
320111
398238
314900
682962
462473
19969
32609
9284
560196
130119
958204
344211
443091
414974
65288
274220
957757
100216
382885
563895
22101
854775
842231
213457
254416
228548
184142
684081
131272
697758
610423
439340
809548
29584
4190
104403
255841
88091
280798
477690
309146
311123
298663
148
966287
662662
681611
973434
57981
569174
503205
553610
89466
774568
592550
213740
170131
478709
361662
575344
952900
825342
916131
695315
793555
370716
259648
747873
431049
279349
386749
278260
948558
243915
996071
674650
783456
760686
392893
777300
403823
51410
763158
108667
906137
766459
649713
910846
128253
845524
132379
768774
679870
84384
46519
600058
109462
355464
626541
590366
891476
524370
731186
992150
696500
469619
446447
584265
86553
854971
682385
620321
932905
336174
370348
123566
952965
156787
6668
61866
317923
237606
990042
314007
190923
630920
576552
741189
798186
781910
753561
297584
580118
112439
213424
799749
721695
136334
620211
742021
261838
386352
345019
349443
527741
856367
852059
144455
842514
585365
583467
373333
532506
812460
370608
463367
844542
261754
193577
480343
52708
827083
270649
26233
177188
837798
349548
580965
169957
605921
981927
720690
420372
611473
268849
565214
49984
365465
850392
687594
583061
39075
267265
131874
755956
28653
254352
459899
82731
295099
767408
186133
613462
517803
678719
145055
493329
839653
627737
217369
200344
550512
886656
966453
964926
958498
232677
845527
208838
252208
989525
543676
343714
704803
858371
776822
407814
673068
984686
230357
72935
418574
52782
720610
287061
161145
920801
459781
947442
550647
993388
517894
969102
215167
482160
372080
771617
606632
363595
832145
521827
358775
524232
744415
338572
30681
206308
450933
341475
343468
496446
274042
802885
533815
628314
659426
10037
83898
285201
422222
485402
208225
9625
895439
852249
653906
571373
851464
506063
63973
610713
536305
658795
273203
125924
933240
826471
672071
604761
820098
304865
873458
473460
423887
631834
339515
533222
118331
101322
266227
702661
196128
289053
154341
114900
601625
936078
680940
78826
206370
521567
354720
911489
736027
263794
674344
417245
529067
935431
966003
89110
191297
219795
310850
366532
639862
909177
590941
271367
91342
961639
62309
793776
256222
56912
985481
170448
745159
680897
377043
477339
478176
473571
139290
374263
494386
192908
249178
95143
326876
864321
839392
443791
317783
989132
740319
242595
936276
467702
614241
735088
166338
961634
553559
761351
844012
656902
138193
6721
384702
532550
147593
171508
42792
385327
574617
186097
220443
844429
597261
416950
695152
327465
376531
14135
215080
57250
175823
625092
628814
798694
366411
790678
817721
907726
86924
33020
571245
605524
873983
841437
888993
190833
433874
455913
805020
429847
558304
922337
916537
225096
674820
209535
406345
762002
689551
777090
17047
981927
879060
583770
780870
454493
364512
587437
625559
467774
445767
912324
200263
729741
921753
82134
855125
145814
459700
462830
37985
424688
712947
646907
944
239507
775044
176052
449740
490768
448152
732774
875465
275889
100531
783003
518690
714669
578787
77417
6401
370696
624077
783828
571997
975429
362978
614817
777726
34569
565873
37496
354716
134222
754327
479732
251493
682880
982609
340235
26398
484407
261362
587605
932385
841554
377456
943035
931332
28716
744088
873213
419610
49534
945826
359391
972499
300433
43615
411697
858047
782174
743502
315450
324784
611780
534351
922176
291836
940644
811567
239223
10145
595356
685857
758276
270596
60959
254286
63532
35666
75182
667907
571166
19975
894965
558729
642009
320077
8516
999826
141371
47612
366888
591631
31208
223104
218470
631391
35155
813144
391379
637601
770284
590651
5523
668074
471078
2261
962540
912914
674531
613615
695430
858601
157887
883948
664833
338568
669174
954479
389939
351937
647155
68250
631229
55480
110774
456498
132808
451851
957024
723998
225
895405
204318
931598
982319
514768
960048
302969
206605
905344
333333
696190
541960
215629
784085
584044
340598
266017
686378
312093
901041
368816
813388
379261
70063
39948
544536
57000
216895
428184
888604
617457
164706
619477
500417
880128
979204
781016
695062
583955
565910
214300
83381
985189
405129
556340
556308
885931
786984
83225
67434
523323
781266
549537
398011
604616
566483
836433
896834
369288
111775
793545
254459
682678
267370
651933
656394
371251
44583
817477
512523
642440
61402
383594
289911
790854
770780
139360
826799
342735
178667
4659
17768
510445
431211
588058
769460
711071
366333
941257
292137
837557
950971
838434
331312
770193
415437
808203
876716
236365
895339
104282
455876
401083
821999
976429
339471
70727
768853
573591
370459
881209
360979
674997
737114
491287
489743
544478
446314
809831
353346
654712
874368
502866
172391
907496
699888
97957
821855
546209
423579
706736
44004
793246
584117
109201
50472
750634
199857
853643
673033
272860
707084
383247
10355
697633
685299
48797
24979
644594
253842
225476
432116
104420
324602
50885
882999
165726
516718
562006
569587
756964
605515
962
459751
553042
293905
780269
615256
998309
876626
764918
758668
99956
663541
775605
48929
893884
405543
926563
6090
220632
217888
123033
956967
500239
851917
537393
485377
719304
158431
557065
919199
993240
449136
443878
733959
139068
642381
378612
297428
602402
795428
551148
842544
334306
113931
533198
55087
616458
483562
521038
823561
633110
944839
885963
654193
329855
660845
278650
209878
636650
267767
565281
901557
270593
155582
87680
426777
168159
896157
856842
245361
872165
466461
542672
631884
632810
90498
206975
346419
826319
384305
681472
57570
111855
869756
52285
73829
302261
22796
805060
523148
62473
492202
222211
584651
437283
207402
609779
336496
232448
852084
40594
986433
513777
689200
828232
206129
314320
909005
496171
509567
805582
653422
493982
974700
800168
990579
616084
18455
297336
725983
77811
893174
362856
787819
536467
141875
436673
63910
582053
884512
152673
933255
586032
613721
412555
392081
138359
340661
317145
246625
181623
667880
888524
865559
20492
560184
881668
986847
305395
566938
899787
129307
187050
365289
945099
383087
750132
463618
302048
768616
984121
4862
54280
638537
78986
693261
517623
659636
55425
61420
185863
201586
570758
195970
90253
937375
472751
892957
459335
144629
643711
591556
553649
692851
313039
592824
945078
726121
705675
119372
462148
497955
604371
698398
746488
636528
108737
666417
54521
845517
514186
812520
58209
305331
548925
688417
622677
703738
406633
88940
288309
894888
569628
288295
333871
14235
816005
711415
687470
640910
468091
510309
262768
571147
201367
509778
146166
860205
287227
38233
356628
774865
949110
567359
452328
581849
946176
244569
308135
924060
737055
907259
940755
59950
421869
200536
240329
276167
843696
471739
529846
565138
453545
659809
929898
852308
167464
120048
651845
696951
86300
191704
24525
228787
830313
520005
119522
494104
477682
654654
462089
2746
838582
153629
340836
164344
867990
321323
625282
461483
780212
928472
414227
317096
100664
227155
487284
679091
207532
476492
209705
81152
875079
759108
671464
354662
911687
556557
697362
421283
646775
451044
993597
8966
499344
164903
666348
584573
165756
172660
208672
234107
565366
805920
802503
9605
859020
839057
926227
634522
199750
5369
68070
263933
324449
168303
996777
391264
187764
535723
944636
572207
639860
566494
236487
155830
895251
443628
555055
599727
499011
963399
226853
103852
502488
838121
417432
140189
73099
997166
133579
845375
104218
329227
354689
518178
626125
7727
27156
901461
242644
669492
842085
429551
667597
184578
318445
415356
482913
86337
324850
895491
97166
175096
554710
420657
838655
14535
269386
82980
118039
270717
555615
705493
824716
550743
342525
520674
366256
239318
71404
188919
242252
843836
562383
81177
879717
615330
260786
625550
814752
263737
916856
1709
814721
259163
92023
972798
735247
989517
488671
436749
528980
614228
299989
962128
896256
171952
505630
55090
377133
328249
875766
320507
736894
941397
469441
631326
595296
617812
616153
315040
403634
10984
303302
19808
174273
827396
508747
61703
756204
626319
476317
741964
865831
552069
777327
423460
478618
383787
845288
457477
759785
285996
74486
849046
787023
653269
85052
466229
237475
623978
33127
307236
862525
37155
749150
963665
287794
306630
901719
82624
648506
672162
409479
439511
506227
906341
879026
898309
626623
121819
810016
448016
302920
630211
775536
559995
670371
292752
339590
181328
34578
729593
64415
270991
257188
877501
473094
743155
143287
217591
679456
581917
444126
502425
516257
812896
788381
293512
661985
724328
997201
525012
747465
672583
523693
708882
376167
918494
592158
32792
404514
683044
360272
390229
65479
501718
570378
581259
64193
891963
514997
885161
358375
852883
83130
995913
90672
753883
16712
393282
634946
208256
767797
931755
303015
565150
202940
392237
611745
638451
525733
759876
390676
599333
938242
309458
369441
1836
993557
193184
977748
323613
977359
256497
201587
73620
940019
544645
22327
282686
751961
339047
2711
458432
475215
154995
284863
920008
123994
227048
383456
370222
761946
318885
497632
479238
202251
221444
421618
504260
330088
286992
139649
929868
156970
117860
670983
885334
995118
645665
386362
506043
578548
815179
413861
711134
614851
967617
639316
399290
44331
958679
623080
510339
334242
276305
94155
908795
840848
865727
804798
598997
644198
357936
728078
658302
153705
484692
238246
930892
268941
660082
515389
460678
123708
988482
346224
147278
611318
932328
245418
168551
616082
933773
132863
678887
250594
623452
249752
808378
210036
536278
675081
449936
537781
652819
30975
850468
585393
357718
41877
579114
287157
637771
327941
649365
37526
466591
930427
974018
549450
121660
950597
467652
957619
387040
847975
286221
725052
612505
164684
999221
348828
691935
88470
549354
222008
440909
448150
771829
383397
168638
870423
511204
710411
243904
975381
109530
675685
90552
313099
709295
342116
953554
876586
309701
559539
255842
74086
767336
26838
950812
600041
885985
830060
206508
254379
29912
282195
205939
52825
206051
629994
42784
991730
780335
92849
914662
294385
690825
841229
917855
654373
116810
593001
80573
319196
147997
70646
133608
827389
905582
296338
964474
173621
55665
730439
98515
679882
145164
557610
279001
912267
790114
179364
333135
373800
511357
387277
918545
545182
316184
163636
392490
919755
409350
896187
296594
212703
638337
705759
881863
855411
856723
364182
930886
623156
796314
435857
933286
691831
627708
812641
843474
418801
930152
934837
389537
588158
40964
382785
810388
20767
902776
85947
705451
986177
37143
896127
13476
442808
852965
697043
995537
407435
680585
86276
151636
744
728336
114991
770106
915128
830299
6556
962610
249101
556199
746244
631977
333752
501751
470771
209219
392824
331872
940168
407671
575117
777265
686298
304263
789610
171644
752693
914331
332872
638469
198274
259769
834647
290183
995460
265379
645199
777309
452735
462798
497381
777812
479859
924474
447130
559306
441542
419762
412269
176706
81663
729762
303665
473480
66350
16
268217
526267
10090
152761
667631
547196
202355
849161
189572
754866
275573
190005
562178
868343
962030
708665
436861
411298
839270
605865
147623
429681
478493
24950
993667
250323
308036
572416
209842
397264
588897
804114
99369
871638
774293
507071
162884
317153
708026
625686
596211
682629
322278
233604
437394
590299
810189
979143
291607
120390
228035
468363
252453
213409
248286
740323
392637
42247
140793
719973
395860
488190
432085
492898
12287
558848
423963
884608
883595
481576
387005
142134
657257
904438
151866
255652
181574
365247
885632
539149
800185
650548
428651
327602
979670
411788
155884
174028
447007
40529
424197
306405
563866
19268
159920
166483
144830
804014
233439
340882
585927
73349
349407
407741
711977
908919
662
692649
819937
406741
530475
344926
789670
742111
774276
507763
15359
694312
244650
397765
943662
811814
852298
406355
767754
272472
177557
36857
955754
674068
976710
739079
811581
976684
68611
499710
824439
825532
341981
961255
423462
228307
78258
994063
861603
849660
234866
434530
907043
11880
646846
37795
918317
548537
329516
944005
959334
606509
139751
298857
87112
102501
702260
2805
695601
913746
309199
310989
444760
647675
862260
599217
287194
29548
84921
276467
317234
794943
865240
241235
819464
863040
875403
497017
662752
792383
677648
177933
332339
920311
668748
473014
238747
971222
551436
605742
392999
167785
603558
38399
583310
764582
432510
787805
711873
446997
838244
519070
514841
258715
232987
417434
649264
840612
502581
795227
632267
239340
143705
52865
428084
221355
345447
929397
541991
771419
35122
138184
480482
810407
698860
905127
952287
635057
653408
677437
548958
568128
913368
433381
597147
820613
273694
823498
920288
527560
163552
24094
609651
688308
417709
62003
973551
426171
10011
366969
461808
101607
452043
594133
231720
148991
552709
721690
71183
671890
683133
578470
701815
277411
104887
371228
585405
805232
929798
492921
70491
993377
143088
903957
703963
424138
836845
74360
644646
298397
15630
375831
100027
6319
863483
637162
416763
776357
266453
485035
627040
464315
769658
955180
70158
930928
954086
985237
327234
578130
994742
702522
101223
672417
541896
537109
605831
522211
99583
607269
947422
684420
111843
20386
157835
53863
915301
815771
556768
742477
697984
979630
27544
596704
582138
768547
254440
330333
907465
362918
876526
229789
511827
215904
3654
424510
673230
583025
775676
809458
166151
449420
442715
272100
895486
54446
717604
222018
59757
561276
186522
877483
881385
802232
143482
805303
697698
622239
383369
509021
946501
49123
596293
225861
443776
474688
580285
912107
71845
309949
306685
394092
218024
56130
735905
810609
825795
91856
683978
71861
395705
135200
990511
171316
609718
35804
727691
665778
370965
388212
668660
399396
70716
960351
889804
379967
478754
897583
76304
676060
569713
3022
171662
400837
254727
484442
359155
657119
839830
958107
44290
115059
973994
522717
12193
435483
439115
699951
56078
847749
459000
373878
853998
763303
284692
416366
523846
374527
943581
578175
173315
462533
598550
248760
242739
78641
782343
616810
706198
882722
15707
866659
402703
214578
786663
112070
253173
956051
339658
366852
630663
154853
759791
648761
300028
389080
536495
769317
96631
22393
16916
606917
825625
928411
140856
27021
211313
859171
655693
669893
957710
836015
254390
5181
104758
917219
606865
385454
731119
330642
153112
135471
235514
746246
342621
945424
669215
264365
94643
313687
581475
592864
16939
373589
393495
401616
227900
261091
666379
558863
397756
279358
157343
4281
238219
233917
348217
983101
577999
428587
640146
911116
279193
254917
571051
176348
775654
654481
214046
401049
392834
859161
531471
943913
374535
879491
200705
568986
118916
691598
654853
662571
803577
902507
663885
979508
760830
743029
335262
232498
137218
902671
257380
979315
201393
524313
594079
419802
25263
295758
894011
570576
764162
420797
974398
169735
262732
579170
840027
833516
190773
12321
367587
816169
21415
313246
270427
754708
170291
501947
731112
204087
753553
769647
533735
848636
143236
923584
567001
74421
670812
730717
932412
822214
773909
604826
706997
21808
977053
813640
452072
951994
312627
107824
823722
204541
303915
480300
732366
543309
477966
406051
491036
581504
353246
159711
947232
862172
178550
504397
780062
156897
176720
851024
751011
878959
311009
758914
573814
877973
357663
93256
104878
440120
61858
422160
713437
720285
785576
956010
929706
994259
998835
313472
215804
333184
690509
861299
73234
218566
439468
479316
917360
338129
61744
910268
828148
251008
761736
170889
465543
550445
544181
651957
892143
676251
359591
331284
657280
632251
61059
99306
954547
381147
10374
877350
489999
365803
889155
469695
351811
759854
131272
603818
194005
189562
223647
397237
902005
259563
105584
548291
752875
511018
674180
720357
419632
838037
947492
261009
722008
979404
44512
521857
865580
154327
590059
653738
232406
113015
831523
125399
473909
587016
873903
207458
620689
771023
579330
970575
195432
294566
478908
579077
668775
53313
12463
619242
42932
119452
284158
357722
222184
784643
342306
106755
786010
597885
889670
521311
61974
801302
365458
41935
258989
506696
203142
648721
941286
523909
729532
131230
436882
15460
595343
805859
930045
355877
540379
670041
205953
970019
380890
355587
909108
255573
874093
930244
733889
751488
202684
442138
94100
134781
293172
525307
406191
534562
980207
255498
279642
113424
684274
727350
353847
236825
764815
32239
307315
900555
845099
213126
171033
490526
409882
349345
929153
256181
294694
206935
828581
888020
821295
403438
301523
591711
530988
168430
253311
549963
346575
238305
41136
321444
965703
295082
962395
175289
736607
493632
114189
471591
567044
90245
111425
171073
768163
959815
71313
52889
442289
72658
582474
870574
784644
863919
403672
238065
345311
831550
540128
974517
234379
703595
810861
953844
738976
264528
976385
93880
559267
174631
964941
313773
696329
783850
79037
171136
626522
888649
333226
560435
554737
5255
732339
65216
383967
315698
91686
54695
530544
601405
532375
830934
840261
443580
670099
504116
935008
968891
332911
660491
879039
825466
385977
453072
263839
340681
236432
719951
607137
251324
841808
829431
250570
17612
90533
2304
42597
252682
494465
330613
244995
921920
280872
145889
556707
989670
993064
125786
368556
35134
419175
89317
222423
674061
55572
758084
12137
599414
480447
346339
658782
332084
576005
484699
88802
455923
903140
691680
18296
836300
914989
86222
272381
965276
626839
700427
128455
926079
112879
746648
299112
447022
931949
356153
102798
706355
537635
967743
493708
686212
395471
294255
577075
280644
313359
790801
729882
151953
809716
719126
931390
65803
676846
13606
457666
141795
440487
738886
553815
787163
984173
910051
438070
251295
340359
869629
758346
256704
709160
205107
469164
716233
565633
251431
42438
969216
476785
446349
159129
664187
179160
414933
49817
515099
502665
28531
568501
39530
24030
25351
727413
476557
747621
437870
78589
772710
693815
248997
714030
231944
812521
228500
896300
893847
183964
747391
48378
405756
270576
260228
674816
709443
694357
320082
14447
57809
290177
692327
749243
862405
780670
244163
860551
106537
709339
140654
573599
857749
255298
754083
844062
998368
652394
783192
219120
237060
53155
479019
102194
503757
683918
171050
258870
526782
247535
273599
837666
224256
420187
409014
113144
199943
113420
329709
224752
359172
287635
931223
871105
372480
159660
141932
872894
902364
352109
788529
116893
667938
883289
691039
463188
983111
587409
115827
744924
72128
535338
732113
178712
579389
691098
943254
181838
681094
942731
689337
58451
882161
472722
83548
430342
598269
897273
724661
311282
617487
803704
814932
651287
407110
13891
484048
185987
19965
507773
725522
918041
857756
62730
292349
539443
634523
491009
66361
12068
574101
101121
192027
378646
592004
475803
698866
809682
881631
240941
435761
412639
445325
161038
756084
422593
472644
851173
177456
70562
896835
266644
636
509903
73448
297554
864054
220505
361775
694487
301139
365916
688711
248496
246407
308508
979154
636402
415181
504586
698298
547211
934100
982695
57259
59316
627462
444160
679216
729602
698101
450071
754542
395676
519332
864034
770743
652167
562224
616173
209612
25821
82202
888410
289842
213533
30066
22537
33071
35419
873056
973650
971425
984600
330834
660399
157308
844972
912893
222135
708958
135840
958354
16197
606033
448408
468992
209079
557788
746541
315167
334994
688390
754521
498752
295939
862632
339403
291854
560512
423982
621147
843040
496461
804010
652568
437663
281051
4116
499260
364495
455307
68130
226177
194491
318800
223104
924941
530433
53042
30253
563848
610103
724526
38769
602574
649081
702843
725438
255552
887249
808039
435363
720885
142081
637792
465447
111054
670703
965391
533896
703015
89006
423903
311696
157290
392677
368476
448528
805949
3806
669238
941756
593179
987309
992932
372003
532993
930363
377061
108681
202878
304942
829537
636770
614573
211574
59950
792301
349824
893943
389040
695339
464306
152910
580248
441147
874014
126146
462476
799316
568686
16073
154151
143070
60972
671796
29015
507565
37556
358391
183013
114331
170506
442841
367826
758336
428616
756
941468
359569
37552
434666
294240
385490
370912
55717
697561
217401
63267
512712
499078
913633
328675
322999
675114
31911
796733
986239
139245
184549
502061
84260
388128
526793
167720
989766
245214
952785
477257
995375
809358
517093
374243
620219
149252
179344
20149
74852
900487
97884
179451
67114
97069
550474
463393
127323
257187
516779
860435
319684
417801
970398
390895
744756
254714
53479
340188
442089
833065
997479
538612
2650
879590
745534
157981
388640
82752
176762
557173
158594
606597
121402
86955
640988
236389
171363
910699
687658
694453
811518
433
975606
262543
92461
705343
427932
897366
998536
639593
595255
520983
629273
676366
630570
843851
877487
873249
518733
416825
479587
292517
43441
316920
319077
676023
806738
638482
623873
883845
780056
614981
325684
422109
510346
393187
548645
163104
766736
376665
784514
337557
29987
221772
721272
799897
137939
713567
89102
608052
286836
507665
916895
460808
952230
546372
203890
259235
263616
602392
54328
326643
15705
506678
483745
674457
918194
949993
428315
553430
935235
836390
841768
223778
262688
843308
108762
351835
717128
528454
789550
476250
390218
217582
982211
156834
98453
890636
237237
908658
334874
776795
275162
236154
494944
125741
862104
76330
470372
160069
126754
526053
740202
99042
992973
1300
472292
763483
675283
315800
860158
704101
830051
319639
748100
596594
273570
831031
156849
232948
275970
959145
807253
707904
426877
692829
350113
669773
549295
129811
655378
149595
867982
392210
229752
272176
139975
882353
989410
468285
218677
671698
608425
178656
28992
398895
52949
809795
858128
864204
56559
218145
610925
66764
410596
905065
545589
372640
75666
366203
176824
989594
453106
774607
441268
908512
946403
140085
896680
963067
682063
964022
544599
818383
820348
263962
500251
495077
232113
725251
106914
479652
904066
317559
567690
884319
803322
682235
941525
152200
263461
890778
656841
501249
775735
499589
860455
556563
500956
239252
73349
766071
332637
934443
241866
476562
904428
714039
428422
320127
528908
682264
806956
440196
483423
95769
953580
808357
387342
451738
548529
777623
158031
234063
655860
99277
948054
425441
204283
838127
888922
333618
172338
980201
682498
188350
299748
330144
21164
530717
516438
468734
690266
50980
939776
213422
533434
133612
197673
343268
439505
375658
535454
44627
584323
750845
291662
19330
99841
332551
379525
131449
225871
639026
88067
15253
114993
917524
341689
442171
783089
535661
945503
130153
773840
841549
122805
19944
602119
603987
500564
536862
908984
469520
823151
624128
179062
722953
951787
272100
597677
356891
548761
334196
