423896
7460
760267
473727
624451
142687
299327
614556
738604
959042
733786
228147
766732
757884
916749
284868
934474
524090
614231
495517
758114
420366
578427
130697
182577
452011
687587
601190
185887
288141
105361
254484
772265
166581
560958
904329
436745
576082
836625
186498
846917
515131
554941
685716
551954
452569
771191
849313
781346
544162
704531
175461
907921
246528
918266
23152
708135
76240
818698
181870
168075
46470
404170
579042
970373
361261
375048
916530
80302
861836
582866
956443
273463
849124
92685
984196
218962
711191
611381
90353
89216
457827
4145
570190
180280
958859
902610
910891
11249
477206
995752
678151
179404
426992
196545
804549
789921
535087
172223
742204
29477
740465
521429
78378
692853
523617
612702
106248
615297
487320
668121
756088
722520
975584
69957
264602
378827
634771
543957
813631
814081
439394
955025
72309
120983
470897
801481
172929
238065
775584
761141
308587
867490
224421
380398
801459
272884
904853
312835
508769
138452
493953
725753
759610
438429
165693
2339
235215
274687
623420
449881
284527
474828
352279
267224
590268
111327
811500
484406
678363
372585
548771
944448
593157
145625
315340
254194
618939
392423
68452
963538
474774
337086
242743
438569
316540
213572
7391
49951
602223
874375
788586
891442
517823
400453
812506
771091
864608
483352
584197
727261
512086
670268
268125
70770
44812
269822
240714
197940
933509
860868
311475
24477
359465
742707
423644
51964
616193
406208
214826
417037
515006
840727
11073
100787
713012
152033
866830
746516
117412
726134
129505
774225
551990
454495
612721
503520
918213
280390
657476
470985
6677
537596
849126
953337
792480
967975
301398
531782
695885
469894
164737
407488
11010
325027
176102
56112
888272
951828
925080
405488
817357
498797
583842
391143
384128
196165
114372
970335
223476
848419
407708
589636
973615
551110
412128
23483
643517
264398
452424
163804
750757
404490
513096
353166
204285
952159
518331
12158
786905
497425
150363
828219
36511
843889
165293
580465
721846
135460
690170
247553
360093
394251
823031
963641
756504
336404
963334
784757
656708
215837
616661
77777
424716
725952
464549
682761
218484
118847
935525
452656
880211
726669
68348
995082
85150
603703
543334
960838
356830
129773
182390
437915
13379
291825
483001
439997
363475
788379
86075
582204
168507
989510
340771
176186
758918
853339
796217
454791
580331
961272
12680
951835
332544
856956
751903
616559
362637
585137
223665
134904
736700
822487
72732
354368
833260
809545
522183
12259
216868
847950
335140
587108
494308
591999
670869
471210
219480
883792
370794
514778
455654
217532
596553
359762
644582
211793
93991
509950
747953
247637
467954
558235
329234
70612
73105
46150
146650
71623
874883
790016
801680
909859
481508
565825
45764
264507
316494
440885
415428
719314
18460
469399
18856
210433
244170
765929
258760
550657
172280
937613
846542
401302
6669
527299
162214
242329
407097
659904
132050
657824
715730
199271
376025
539275
883232
95527
986015
497582
118836
178992
412240
745046
522547
964690
508342
692410
927408
48309
777515
153408
349175
877487
456680
682792
476135
799365
698939
158937
98807
50625
962327
1670
707097
377580
518149
813885
684667
452329
681017
407116
121002
596846
186560
761232
614289
166751
317268
294427
807776
520777
790866
695425
718280
738808
924867
623168
328546
520757
405718
972105
723439
538335
344303
100015
344250
414564
637336
843947
625498
11741
107029
409673
106068
967876
62038
950323
496477
95570
606726
484185
234556
166009
87873
687993
482510
591867
655330
591632
982563
15974
171385
169181
296070
832812
222748
733646
885339
270819
452181
695818
227168
772437
119609
357210
861078
975045
97048
744948
81849
161343
150480
481126
296810
97562
157308
964124
678638
810254
24906
716750
766991
336108
738922
579208
687584
5950
135907
966551
150174
345979
851007
362637
72754
490471
744167
709490
719507
68357
159177
953031
858505
37562
153077
197112
82380
992960
555848
311389
637259
645379
935679
167212
784904
635419
185325
925247
564320
279335
898951
541758
485609
535874
752349
73065
980596
355045
197219
845765
731569
423321
49710
561760
19122
187543
201402
199297
490760
723262
500071
215601
501769
377007
772997
24544
54516
307208
897220
410102
403947
277692
389902
752055
599710
709900
831216
196242
140553
692964
478259
479558
596627
111380
380297
700594
86359
309481
869475
665975
818368
117160
875040
137035
417358
265254
583007
933597
439669
496903
980277
299297
485988
548497
179834
527415
529827
742892
212734
615612
405653
959928
208665
434732
223453
453067
917856
152305
965597
533062
260468
815565
283226
758034
884916
995617
746299
143996
524754
344984
504241
374443
262467
86515
507632
678266
265552
546353
544858
32630
162378
986394
284733
531573
524890
753576
52595
1361
198007
801043
363048
174848
332784
910327
1913
980945
218281
90533
920567
717637
607202
600707
58058
653064
214771
270752
723250
93259
581140
145752
599657
375615
63704
43680
704933
330415
800442
231599
71993
289530
606736
334090
696603
604972
647004
733226
127936
935289
888194
359627
935204
630101
798931
931860
175782
514547
367623
454302
578383
424151
677386
189218
338099
622810
490797
892292
573296
416058
225917
539062
496595
176475
796017
44170
823003
123550
831484
541400
220373
265629
939779
975112
446310
720832
644777
593853
456359
297215
841029
699615
481898
685940
180085
701186
452059
981083
600908
183736
362946
116970
381351
834608
657573
342087
436829
467209
806795
719467
50580
41847
675803
956305
897969
730000
346274
922202
582183
717492
559219
459584
723249
305111
7208
341941
448922
8621
785287
610967
556409
405744
210945
387154
215675
678225
202708
158099
920600
826297
21967
551461
126120
425466
776054
179754
631822
408023
688891
991094
600978
715820
726316
855819
981389
676348
264365
797485
433469
648469
276826
419170
750585
509858
975310
606280
789566
723725
277442
930962
365351
89102
229965
762528
243259
841557
995465
955771
475360
878864
993622
300138
570158
635737
933752
384947
514911
132479
217564
326769
664354
266352
485816
180111
677198
618880
287376
22942
137972
743256
598868
618329
570253
315134
474022
16626
146066
348924
244090
650968
601451
627824
317975
979464
424447
418224
94650
755661
995754
455255
75417
265878
703181
797360
603013
270450
473086
621438
563304
837610
863328
464038
222958
499323
209486
354811
597057
303278
630065
536355
984876
870934
815730
559850
774433
699878
115976
652387
826198
370156
335026
144374
273801
802478
15041
572683
10981
281695
137229
297362
527293
281534
717640
704428
812276
187596
588975
165433
412351
46248
393692
907135
319491
290696
119929
205299
364568
610326
425743
172712
300655
643685
132540
644305
917008
933582
299779
322804
363707
762155
520957
911918
210288
269935
497006
903965
374923
179937
93363
315437
530503
512819
186710
31042
300963
648963
499012
265471
708641
629357
794902
731890
176875
894090
73035
179356
844177
19978
376663
557472
567725
738858
347476
791814
878632
731025
23127
887341
20309
198605
646814
40139
453627
814565
899301
944034
280368
360538
673943
43522
26976
276415
793826
516852
648493
412338
887011
880330
186736
123190
847937
293185
446174
499630
133333
821008
52679
992952
339143
506000
22647
650980
413108
165639
711359
503056
849995
766354
545742
292513
561911
84335
696696
373472
578294
674981
474521
455854
774601
944592
2067
226534
995652
641100
337074
606094
8389
983678
389937
650360
410689
513658
933974
301179
25914
420692
231416
560841
14285
699142
995041
27821
22311
863291
347662
319204
787224
683510
159315
775701
328639
211618
463579
467629
424677
905974
629261
101403
535847
310660
174539
685093
655754
417567
619348
542629
542003
780263
882761
20068
615598
592307
937805
907026
539116
200345
664581
135391
623754
310876
696703
328184
469836
837363
512559
156897
259112
414706
945107
47019
496191
389399
638520
968403
45158
949236
825239
464375
859235
484468
736983
41781
977076
956299
610742
524770
90888
10430
244674
798436
312465
388556
881729
454893
815729
31288
680880
709396
764753
274164
260905
705170
409553
761003
922141
599061
319257
27243
473857
485636
988302
736366
789702
8400
219361
61508
756608
4467
375425
491742
30696
532425
256305
593081
186557
567303
676211
310436
859141
493468
590372
571184
59569
17634
316321
331764
866014
73921
971495
888570
719608
784097
691129
624202
210873
756745
931770
481552
400655
211289
352858
617644
963036
681632
20589
685718
753047
12379
933783
267116
653903
174475
689764
887386
486416
828338
616308
286245
442270
712617
799123
712020
182430
259745
940327
558971
375252
78964
976898
658789
723079
259751
110680
386589
43649
930111
500362
598809
884083
344636
968609
402692
272117
681014
26134
190759
537258
304147
231565
884019
50242
594595
573603
893805
296089
292440
941532
550902
323645
109285
366719
946422
96332
443249
981822
669989
815292
453560
561996
594230
716981
328255
50067
24032
961945
411506
989950
140169
733219
132187
860465
856082
320365
586753
23449
717113
29579
649499
682461
452207
364053
815151
206707
738231
251139
523596
533712
72823
56368
712608
737335
752159
879297
763895
289459
526195
13471
514193
919264
282998
376927
948062
424611
201269
913411
948824
256889
837357
174426
23485
757421
104154
194818
406888
325923
525853
574670
344395
908498
457608
923778
465803
908431
48329
294011
627320
510148
515762
766764
374824
595135
600289
680963
24239
770534
386129
860650
94780
562377
645051
325225
301779
751248
385002
880232
433506
877011
10970
86482
869827
739913
611916
56662
940365
561175
663465
483463
483671
711562
91472
663459
726794
94240
912318
59441
640290
433409
722777
219459
284801
648907
731801
171355
15408
186123
613204
348138
215283
589447
628708
415796
30919
297399
383030
735695
288058
480469
946610
506313
246247
901578
998210
920169
321805
747399
729793
389966
229643
753653
19394
433397
120443
715140
11898
900182
872488
707680
531339
190957
446125
672578
773102
718166
448171
428899
21563
748561
231526
177803
127000
975014
727293
71815
585468
147298
935556
455288
449119
726143
789952
506504
310592
458657
872254
605496
848914
329661
634448
284949
449092
537748
165413
142986
786604
815517
92484
829006
606671
892737
864933
564157
228879
91840
918828
24965
926577
556977
770434
979255
927882
78566
553618
851773
23943
562286
610589
49771
641685
250548
11451
616878
581427
582532
514095
448801
135314
857326
142565
687550
549413
890115
259530
453425
87691
379900
712648
377736
454999
730875
840413
334599
437112
777193
725719
345625
160970
435838
750638
669600
291384
399902
867902
69037
62155
412577
82271
551051
511764
852331
976866
918262
661362
651514
125419
794793
667329
269183
768614
383125
597855
911715
73063
413677
510108
124202
743714
788894
397949
464437
884291
101149
317293
291361
930796
882328
505537
362125
819017
105742
992614
557882
198480
127610
464874
953035
409050
670250
27811
573803
854809
313839
959232
371021
8246
842285
651690
857167
22792
137426
717526
762232
895410
753828
951786
578592
906265
813746
923145
117039
919232
782828
91197
272509
343619
771279
872384
396889
848813
766328
881447
693477
819638
410330
115180
718814
730268
33163
976726
902714
575836
150840
411079
945002
492749
234297
465762
726463
549914
81856
57942
959337
240026
202282
479436
469786
204814
377848
205481
816777
433654
734871
93760
738898
486736
291867
794968
936698
298606
989131
643668
195217
347954
136021
775429
120112
91689
890146
309769
313506
596290
293380
171741
180895
759530
327180
571911
949875
674181
312953
615705
353278
499658
289674
125730
930388
796283
252341
772151
254788
91968
786992
250073
596662
294815
141612
984067
129966
851994
633313
132755
125741
256614
609092
217170
702454
983491
121046
230242
185198
913980
512534
812419
686365
951677
192151
773633
756945
803724
248044
141886
268385
389286
262015
604888
750735
175543
920193
201782
496455
326004
686971
551092
816388
895769
890820
364905
345426
492410
145867
845969
830958
818312
501844
610652
839817
417251
809344
144530
670187
375830
221124
759009
447541
543924
536700
233796
390911
605772
988632
4626
135263
713803
292020
795233
422347
957423
669510
595285
694550
403748
908017
60104
233558
481981
703670
884119
528295
296656
208138
765831
342472
325934
500546
611411
206498
943869
37546
588371
360745
825268
103286
814346
771163
532595
755280
655692
962918
3005
996304
965322
293222
458323
112138
410236
267404
378734
548672
370921
723482
843352
756408
348758
976266
213799
218601
805129
209423
917975
970575
726648
891955
823811
571742
416147
90463
638336
391890
724907
829881
966102
663717
70910
815208
956380
211994
999840
718643
63023
423991
237254
730183
238670
842128
882098
759447
584661
157757
517431
876254
911829
833901
246568
176448
436364
561172
745633
659854
563462
972928
389361
227112
37071
342537
668067
634429
481363
803879
160551
219310
548437
456670
173666
965137
918920
386836
249039
790098
389261
645763
594320
288371
322250
774601
272597
130739
58147
890396
340839
517005
206872
452764
928274
48727
795771
990721
391277
789387
342540
898739
685703
506403
758707
971833
85808
245789
158361
255049
207009
728990
326691
397437
50633
908851
437899
531687
178869
519730
230877
204091
161562
527551
290956
685291
2818
741355
974510
759760
245329
894710
772635
36867
958708
198645
688093
465548
415845
265423
388244
294514
890588
823457
819177
437425
698197
924546
456749
772426
332794
756512
718093
565300
910254
544649
236276
485296
317302
990470
371005
656698
612483
512737
40531
183195
685408
701960
987176
252444
25652
578250
542798
272405
710133
273406
7797
485987
291050
115331
871298
400312
477082
545185
713288
528203
367382
622350
836005
162353
448864
488973
38716
703620
131255
341425
122762
497855
70336
312512
937895
399084
743379
385330
370203
475060
159006
870617
347419
229526
249658
796122
669023
387187
877512
232409
824545
596485
581191
646003
249907
883504
456694
660644
561789
336433
443360
894986
322771
501811
596937
481153
206831
626432
922739
634220
254160
269076
180045
496533
189870
832141
222329
318764
31384
995263
363833
903852
773740
678309
235445
598235
347123
24818
437739
687856
992918
268421
943091
98958
579777
535994
120878
46511
85843
301853
149323
533916
353279
678777
375221
958744
449986
201103
69021
515869
880769
523298
783583
836542
355902
959599
257107
78443
884854
835386
312883
141331
588379
207556
394852
861668
45545
451993
181795
891118
478247
981957
90445
932581
898237
23143
611018
620549
808940
878877
420695
318992
344237
475359
832687
114355
596778
643112
602006
39623
35859
90190
396098
561330
107871
456819
905958
814830
965216
955988
177180
402658
339648
44990
361198
496108
192285
150881
826753
885568
549503
918013
177438
867818
65202
737401
717214
83055
268677
236626
345842
811410
686429
506352
422988
830194
329782
302869
931118
422992
342392
373550
656589
907311
446066
775948
17697
782164
383989
924268
846156
508141
314127
251762
261988
81102
948259
725493
740959
968470
473698
190579
920474
758704
697640
377189
715142
176181
778421
934894
50415
495
744774
165805
477994
940921
34959
737457
197339
180482
845208
726284
169889
177008
494961
14848
599454
463905
333715
927383
273254
432332
617941
470351
655555
259206
773576
126257
836578
517729
19503
570050
844383
580911
155678
480915
600808
459556
740845
397171
804496
683225
386713
438533
705906
990189
193849
941740
999616
762118
507160
481122
609895
193141
2163
190568
916385
931000
489040
275416
935062
857240
331129
592726
444463
890227
286228
711653
806458
306132
83680
106326
761459
37950
595406
926106
251829
784904
650745
198713
650941
304226
638724
728796
83478
551989
803407
955140
645223
466473
309781
431005
510101
466240
779494
449453
180566
976287
318971
317223
506580
296301
88315
883868
501049
246996
812937
640401
889373
613413
823880
260715
131658
255768
606444
676487
361192
81520
124030
906470
982474
330749
706796
389701
865811
218171
251850
492235
583878
105496
471913
69404
413354
429587
456722
584459
410006
384064
79328
179820
156574
335528
503735
738375
483482
626445
732964
462056
697679
703499
431699
898643
160509
582809
943015
556820
539525
712559
992314
191989
806900
119554
699633
46601
911920
203435
2106
126758
448637
888037
940005
935728
393709
226229
833500
217103
736994
26404
373632
761858
22529
896808
132194
994253
608181
77473
306907
804430
898909
481407
349641
718638
882387
255680
763878
535859
713178
248727
472262
948977
335715
43176
766893
179936
801596
150896
141322
177161
114134
756930
483348
237979
982833
777708
918720
470746
360678
241016
567516
707319
231185
954254
191371
276858
595737
328759
539358
682779
241373
192124
732939
812145
844220
485613
73740
819202
640897
435517
113622
762297
616938
264779
485748
858997
722259
794172
384832
601342
516548
678595
392766
735122
419091
636290
628053
70110
418295
344266
558187
729288
851115
748671
373148
281577
727739
896215
214678
493144
790959
624641
600339
629345
777041
218338
121140
712213
262363
939642
897527
174395
163586
904357
989205
273252
690713
496062
174907
373148
315748
603934
436706
155900
132026
877698
572365
817693
208661
268810
77023
888231
155322
999710
957462
842631
340479
78251
629480
820223
489598
417355
603128
591127
286485
34179
606901
116337
923350
17190
321680
651066
519314
78678
410135
706173
722685
456426
455091
218001
64318
815723
771770
976947
237462
50553
505138
202158
113258
773515
879395
416246
875374
856788
758744
701781
77936
921216
912946
790461
53951
459677
572648
983036
524854
405079
331358
250253
597736
409308
125537
446410
823977
317854
187517
309503
399671
543734
875899
518491
193156
355686
315899
125696
605601
78775
810985
318265
329608
188673
713759
896971
43590
301577
927511
336356
316419
83716
228491
334384
831599
126138
869547
682891
112843
439110
123834
779793
841234
740282
674694
517648
362306
823967
919554
220959
155850
732890
734850
497928
742929
32425
415186
252384
366752
988365
250674
792376
170542
784706
359282
412908
998855
754154
356774
629656
459736
674696
288071
574699
710681
112167
898214
176339
447767
732187
951629
717016
177885
679711
923636
758533
705278
142877
864093
435392
87362
731853
16013
590011
652267
920501
758887
988227
953123
524174
526438
397430
898947
878215
773494
434130
453698
626403
149680
974632
261112
195581
194353
540271
766414
630892
149717
875060
567749
880321
607637
842543
590431
133165
136251
473970
740973
325888
447997
15034
595446
238156
87806
837544
970369
520744
15325
708873
942272
207760
194679
356945
22361
163114
977152
603623
651665
534115
912825
927834
871959
282104
370510
536561
220587
404305
553360
638559
762409
74439
454474
245205
282806
921606
638850
454130
997446
267086
744462
631062
512455
638291
861519
914260
911981
827973
214351
889349
288539
797610
859187
899769
78443
127078
400797
54281
641626
413789
880864
263624
221587
82031
11680
836952
644374
572002
883270
991064
828805
94686
771934
382459
594059
635473
119117
840052
41833
630643
745202
954573
740767
128739
104535
721176
760435
479024
197332
588988
201056
781813
872576
646065
56350
232348
733845
871942
907082
555715
883935
951839
726899
82555
869153
571581
699904
465260
532101
172854
586881
236631
103613
928195
945296
826612
144314
667448
717476
189242
974856
99662
786738
348541
394180
54300
857215
289457
804603
103973
243399
199052
159969
245130
949251
161098
60651
763360
778075
668362
56969
665372
786792
74070
270083
479467
66020
656064
667759
720671
717937
812711
576076
860035
917442
659225
319359
563855
442474
463186
658919
230071
628415
896995
624031
345053
698731
113710
300047
966696
185359
288718
84655
54700
239123
460435
624410
761672
417038
142954
959179
447631
965135
195996
154230
803742
776454
338797
797957
197645
399570
16292
776301
745985
235496
63211
395949
93469
479004
121036
754723
338072
958288
731547
758731
442730
415222
223731
462356
778400
958915
483544
137697
678223
872242
864252
655385
374693
831921
483293
965035
14682
916332
302411
901985
3974
726773
917895
907488
918861
269965
458887
408314
163189
123602
738071
187184
44952
533124
363737
942023
241269
175157
391533
565957
249312
913613
949163
234760
755290
563767
940749
185476
921723
192940
649578
797655
142411
696666
731357
46987
828081
944816
706116
206503
636419
306313
826277
897138
598524
685874
822186
652677
948363
776410
526477
129996
581704
850325
144911
923737
985409
261005
59873
510564
531443
143749
223590
616355
864853
493899
3536
464322
749261
317818
687911
651456
401926
24361
881064
85030
73305
228724
743946
489379
490600
268516
794460
524553
740810
130238
106953
616414
459232
794789
426302
317280
292614
65388
769634
159769
639974
680188
353988
883034
33126
688414
929043
776023
794497
150055
857606
691487
558515
3517
749020
470198
125966
446409
910013
605776
461226
400635
297088
535788
443641
592692
66630
159563
52345
209173
333763
759692
5698
802018
511325
285350
534399
499666
744428
213761
652729
58101
954210
755313
517775
338306
375428
924624
916290
268220
183126
69494
491501
973377
402134
306904
778258
556015
927454
187834
890319
254387
862636
590930
555823
413551
529471
260987
204444
721991
937752
616018
923123
522185
963808
173937
638000
818743
434792
657286
482824
106162
600202
393103
66326
271812
617135
575028
276909
243721
83818
394944
966860
136827
201346
157437
449071
863577
5262
555884
264002
187700
170104
66718
614512
683670
578595
30386
112090
318351
957033
253932
89764
828573
613757
390445
633513
713847
567600
328917
245326
770486
640911
914034
610292
974433
551273
79075
986183
300883
588270
653901
952564
101771
289522
491385
961655
416016
487761
555657
966418
415039
244013
238805
895641
807794
807827
161127
93930
125839
30844
121935
602171
716650
332463
561059
385420
184664
326020
84310
389307
992721
975619
943987
825142
568833
395946
933047
906442
663211
748493
559497
789402
968378
832408
47255
434540
373670
690352
201870
459742
76287
329080
547317
796150
203226
263344
43687
950359
633557
467383
467051
2254
345351
682673
632882
43916
394505
481539
404140
370031
108508
48187
365767
184761
599478
179981
45957
232481
963948
877624
232440
992904
740349
972552
676701
228356
815288
446964
349459
378137
689099
93991
69558
274822
237674
331420
177884
380795
288472
675618
56236
195432
464341
272639
543254
364208
847972
195697
270258
849852
400184
922063
798073
729260
167803
72527
720090
405289
952058
486881
767610
201238
659119
191735
180427
684325
475180
747432
301639
149446
792866
32234
507530
626297
92556
350973
879434
628356
231611
976871
176436
346433
795134
499354
684579
966543
598189
487985
67327
727913
829139
471449
155568
535379
682549
604173
703934
343088
269571
411001
690503
233777
743194
569536
873692
194536
49588
53721
600632
503418
499309
70036
307293
721523
520242
304315
397389
588916
212104
578643
616418
978695
423798
78082
871818
377171
939793
32010
48227
157611
642466
429427
856687
725760
421877
237319
538228
274935
658177
420471
580403
217046
688687
95451
711042
940183
841
724375
551368
67999
831552
404249
581461
830216
621466
341502
822620
948314
898230
881620
768526
26521
822077
732666
938707
12536
629863
718116
109863
532267
987687
755131
179855
764570
24244
771425
502455
705649
858869
836242
422698
104212
703625
948454
874861
698928
919728
729715
756856
213677
393177
89935
158098
819136
858312
273779
829128
87324
98019
25659
570377
584456
213786
701705
461729
896140
70962
524298
464720
948677
981420
16656
182599
395544
102422
239903
616318
136835
39213
236803
256501
511311
162221
347422
267205
680226
871096
648960
724257
727856
816607
34990
191215
976466
17551
338629
167229
792367
114074
629049
473441
30358
936801
490806
71090
824622
14300
46951
765148
823045
353606
365204
746276
840004
698663
264742
98745
631748
196991
911686
484787
931321
508300
424420
91499
370252
896633
517140
582965
366535
957795
978
444990
661866
283720
11174
540031
511578
288526
18658
134107
871225
193838
190217
911515
677009
656443
355722
231875
697001
234451
2665
869329
216826
248225
254783
48465
110843
385035
505624
72544
549657
852095
740026
394427
570371
777045
924997
401603
285217
191393
268598
853583
671524
742489
183173
618862
2360
90525
160239
491512
609175
991143
439310
677007
668023
613072
673123
498359
975779
766715
976118
112719
620328
387491
136853
828460
267429
466685
790392
462417
765254
72905
19397
472012
852170
162107
214958
630703
951487
85248
470840
594858
591376
42479
457495
697538
908661
526285
286389
789744
784328
181437
911250
347032
870264
485186
333446
19044
792470
594930
610017
130365
150285
306106
657395
55718
618927
503048
769127
855157
27242
316249
830090
909230
819161
512351
412842
86717
236534
83277
496025
12816
706414
224451
624401
274831
27213
838865
863729
710137
780760
452330
417190
121564
616826
920743
815333
55792
403542
525108
786324
422481
456571
98459
615304
186904
823734
595883
314153
341
141312
72708
117042
277354
947672
938434
896533
408710
366380
517252
881403
705085
670001
97432
963177
943809
5842
574981
930558
978176
988164
749620
881817
362457
237432
236859
877655
280443
675754
522631
485562
267997
693335
26854
408933
886804
650571
815599
611779
550996
160984
952910
300488
821765
813155
518704
436815
94593
603992
476167
733155
17000
102269
327226
63514
10081
683172
814253
703258
900461
593466
94504
779071
259881
603709
968038
907413
542752
40843
675709
26048
604042
239573
673572
688507
277414
919218
947750
605437
68335
761424
901282
340407
262205
717573
365052
306746
463163
722564
461668
459446
484673
716971
696833
79326
695374
737144
135097
217063
510947
404444
5216
632494
852414
496936
288890
941561
473906
759972
425390
635286
45472
924414
150090
666719
132052
978976
840621
178591
899070
213658
951317
13967
462218
953982
753350
358777
357215
812427
856851
539390
621489
407937
786764
463795
524164
446356
801476
195685
696382
8443
839165
718781
325350
700775
803634
505279
667327
415249
556929
868012
427003
496940
272180
708552
531166
24442
366891
377910
34865
555643
118183
129087
943134
536831
691701
252913
45999
594653
271477
232676
114206
343356
730054
897624
22744
725646
807887
859770
148563
40477
749677
716485
668616
864190
60852
50693
691023
347682
724132
968567
53335
975626
44202
100173
677310
975451
795663
285390
741075
218311
576513
409625
277029
750699
119676
209097
475463
625464
633813
496884
124004
415112
153891
572686
37689
462866
482314
414508
928691
324665
718757
642210
416741
124862
658767
545869
242597
121110
689871
208236
286084
53591
205022
115625
978601
25868
557653
609974
431946
815015
746232
330643
564358
114134
722713
262123
715425
18094
498666
656030
241180
462788
469475
101402
504624
113435
626508
106466
95271
539831
50087
112113
382040
583952
595902
366647
517565
571042
222148
125506
466290
163745
796267
863992
657228
540362
354625
880833
612244
892053
587783
672193
991647
248583
343889
43523
997451
830435
622035
785521
740312
490944
117645
439295
380576
339574
995221
796776
842356
811378
724222
776017
558805
305833
959074
11273
113868
210282
305553
622258
384934
91787
817238
710713
471376
26501
524386
63936
871243
663708
362520
697694
445771
991350
187188
713980
574898
565262
375577
885728
93092
841024
998069
212230
583878
656004
191379
43370
115608
352312
413180
9955
211373
98069
884491
401641
147907
527492
596236
171511
941507
894345
653008
195723
663958
899613
6480
98379
864481
63962
356156
962
543903
367824
280607
259015
832538
552757
438064
397374
805318
75704
267767
598072
6138
642678
28697
409014
413452
920006
546883
18059
639815
925999
546031
732831
221387
990649
568470
836559
731586
892320
701810
741490
974970
338789
373166
37047
442340
172736
758573
92586
869480
721072
548020
594005
786147
692274
392437
706051
888638
59856
918265
125664
790636
868816
193833
202364
601088
632014
462584
909614
9768
133732
339184
63573
863242
668037
829016
25594
992761
23465
664000
396561
730708
330594
754409
497887
633787
511502
738707
666677
546671
680741
304931
926042
71749
860082
651377
110983
59079
934431
36524
578571
866087
588841
886442
675407
584609
874418
972048
735924
844396
756277
595995
842776
281820
816212
303752
631544
842775
965389
199590
133423
268913
881739
5174
314141
605735
804889
404668
581923
865909
438513
84581
334858
255188
125298
765460
860867
369364
272561
841291
227721
709073
492198
681778
302114
263061
280199
825031
135237
374090
737459
700323
301654
861146
424644
534309
850253
620581
304455
915261
675444
800606
341128
26327
993231
38019
330502
827617
826965
785463
524549
999291
948701
61885
566147
729082
438676
664531
419266
365529
402923
265705
401604
127613
260045
730172
975445
807332
705294
692308
939074
341033
735583
802390
774311
833846
774013
474310
274534
12998
709291
40477
745012
233621
671956
38851
653261
882727
801170
706346
211848
896306
567052
966854
409669
107946
85753
922988
573890
667367
607428
220230
451277
240436
825160
391153
558420
161910
142266
928755
288664
555895
3046
713244
966848
89550
854610
921784
444362
586541
684159
7534
656220
113543
742029
142456
383737
399324
759358
309951
14479
501730
499155
935186
120108
67473
317906
794755
556881
193995
956393
565406
141471
191015
70316
336903
742126
393945
643259
108783
121789
206911
788415
685490
111939
571914
898963
303952
389540
991111
667199
228615
520959
883657
842911
476873
453860
35701
546146
230623
956131
109482
20846
608602
295935
4107
301857
477041
521858
512234
784371
893948
835306
412626
873143
160524
51841
146545
113536
459365
383754
948128
727264
657113
332247
203537
22668
749442
786488
256596
154651
410523
696206
815750
333805
559419
211325
668822
609833
79472
105535
112949
599710
478004
690966
765402
50699
505422
606682
761583
765306
204232
838640
733915
364102
462664
581851
194989
943102
149966
94380
377761
895586
814089
342869
817811
320714
207574
915356
327997
705894
829462
98475
730734
964832
820842
511108
66698
844254
852942
69393
94520
691875
635535
926105
860012
427413
565162
990607
679377
208409
189635
651397
946450
678682
603775
12286
385541
279145
886270
431840
991988
193855
780600
726344
255178
287197
561459
689080
817111
887956
897374
871851
285504
810849
771917
264649
145222
443312
692242
983734
139761
400577
536884
518725
625752
709672
792207
868043
727632
645998
587912
831438
966959
931350
576874
173851
799867
36410
328866
298742
144628
553554
35795
357740
400379
663958
927703
3717
555614
940092
696596
39446
382465
715291
191606
323954
848682
622320
83662
572608
77608
704957
290055
556136
734817
722447
297216
895080
431863
208665
669451
429507
583831
539644
537986
995224
767902
494376
396992
242000
367079
557596
784899
10929
642549
402953
375644
325904
775866
378581
451600
794787
753858
985467
207631
144820
608383
246543
991374
898930
248689
408735
848963
579938
520177
969141
290621
32882
972571
82682
738717
364910
294166
165685
858036
196236
325954
665456
423547
866785
494908
646011
390313
835127
648080
552906
804469
872822
92924
867257
838248
424446
995613
898864
754589
309591
452537
965730
119193
13696
950568
312239
790017
716004
555935
799018
861052
250730
64730
456180
873254
12011
301350
328839
451693
78399
171400
670159
534860
86896
604685
128562
479202
238416
768815
585329
155310
178343
273633
771238
815017
732292
577784
911469
829632
638516
228214
149984
48173
978257
441651
572218
138801
126385
639530
256157
874352
760256
596189
637806
958889
839720
477542
130910
941136
224748
938716
717188
611401
100564
597662
662118
543747
50243
877311
860119
371503
14372
630990
394298
2844
997571
126016
264292
801201
219704
896124
925664
563270
913790
920963
652876
169567
88993
163131
725408
734533
530710
708246
293775
709507
699364
425955
603077
57082
121920
268081
70545
304609
878968
616667
927581
376605
607621
129781
655256
481337
32515
213330
306420
96386
212028
98287
813515
495618
6752
398975
359068
188439
684817
662355
347892
463214
624731
441573
634408
769633
125569
432962
216639
950443
344114
180883
532716
448388
724315
860422
578168
912798
22102
958494
344318
663482
23039
236691
142224
483367
591655
439270
868920
698776
689826
115974
937752
6497
159164
125592
963763
122638
176008
129895
321412
81184
433240
621352
39948
435365
368968
424936
222954
14963
154037
82580
42914
515648
746508
812773
205952
252385
973244
286374
25301
442525
505613
518627
334752
419949
950730
502320
373385
329171
455130
786003
877766
855508
642989
953871
770592
42452
810002
246925
849808
682380
430437
527529
148867
732586
977380
177431
238397
548485
502819
534001
278745
907130
572566
977630
632558
46121
517260
189856
200974
955270
425915
871225
505896
166044
678710
359995
87949
926884
256315
320363
147664
156158
289192
613649
896390
180362
852878
137695
22700
235878
568990
662076
1320
853060
822976
936043
904872
225062
812547
595933
734119
784441
166127
669391
849550
937163
687413
22689
117367
172523
654856
841845
273868
980828
838021
155776
938062
139829
808333
479856
178226
453976
232563
394234
251685
222413
536721
969215
366257
518970
596405
935450
211063
67137
530809
312457
688796
834422
762736
830133
638913
326395
105276
544927
957162
124987
795965
173929
334656
674559
450980
273855
560561
697008
971621
154144
616373
284458
815755
219725
597996
4216
415781
393292
587875
602674
721886
597721
775286
924336
332907
500202
214607
477674
764317
282141
765516
654702
367830
554753
182271
283900
940696
896958
294543
558273
344057
486370
156539
923438
386547
467272
678911
987061
357015
559783
591823
75296
784674
748084
204160
196750
16936
703925
390150
251722
14445
825444
117144
603401
309715
536380
782128
517568
357869
675170
338734
462624
727601
477939
685660
65199
537676
320614
962957
786756
278352
495070
410334
353503
929737
857167
835486
135650
782061
478794
131210
10096
540465
77862
711089
361825
992888
627725
62134
686047
159974
792992
584820
998176
428243
406088
897980
213376
770908
44442
729081
327866
42515
713318
666165
494466
396118
728413
958004
570819
438589
641052
883262
318448
154029
307353
348155
297161
978890
154985
344886
852652
592585
369963
684676
752597
29667
641429
762494
222516
267301
991961
961513
479850
164132
632307
708023
260767
623566
497170
616870
610626
83164
520544
349639
234846
591524
373616
171417
859542
723787
471491
112724
437757
254488
191095
765185
748628
914851
391757
153222
566305
419628
254165
100416
173160
777352
557304
409417
662345
286261
130402
249113
339317
395791
759946
442184
833294
478108
9823
715313
466779
859073
213008
922995
137381
551832
218552
321681
318768
577753
184933
908537
973529
179829
267652
308514
164489
214529
999530
446478
239699
864463
94913
303215
111792
238105
822093
270246
449556
879575
548250
439718
261996
921840
634628
836727
970295
724620
175459
195351
808126
237960
676049
28666
428337
185347
319000
191730
94880
905109
176061
633067
274194
44960
615779
846285
96518
785278
627102
563908
358404
340506
668117
588956
263966
825115
156627
161029
90440
56570
943658
82102
422097
81908
710020
785902
636349
373467
876871
166614
295105
205704
778916
120387
157851
979563
939773
671703
448651
828355
897585
455687
493297
706472
685445
470391
423044
679366
312048
25025
244204
748516
99011
158100
33022
905186
708467
103801
338706
87106
271620
732721
334849
295644
860180
686587
919168
535925
607234
100018
665876
610219
84601
696466
179249
367111
799708
574299
422643
870517
66768
851278
58424
818575
613472
236756
229784
832341
279313
652862
477506
734009
431556
777319
253748
291159
633473
923574
614102
922754
55973
123712
221620
446458
583467
360714
391766
636089
882512
662380
968062
38188
410470
628048
326078
18687
309175
526042
162867
437777
732436
346018
405409
675783
254137
432220
634349
6780
744286
964761
69297
660182
422941
179814
119359
265396
464890
822418
578038
813571
288468
664846
369914
695984
418215
142444
286227
712504
479291
531722
665060
493211
719917
99656
299461
866542
615576
897524
775168
66192
38432
142727
974117
571701
226971
4745
953226
31134
946908
383823
389731
705705
560924
546149
516793
948228
1159
432646
287178
514941
646433
331976
749374
599861
331411
863637
168129
205044
499030
784787
320129
365974
799355
253221
743174
572194
929172
444043
438761
922235
94722
978661
592498
793903
323420
462933
691602
201581
193273
684673
25657
16979
167707
710519
898965
381798
314104
433196
546217
87387
212134
590621
308229
634066
999906
552855
342119
412130
694525
697169
90222
589647
999715
273463
338039
573720
484233
890626
842518
874989
94514
511746
554739
148222
330143
595709
54398
145775
231441
595250
299344
738600
886652
911734
326752
275720
343114
559360
720414
799609
547464
517184
793199
72158
833521
130793
63814
314601
626645
591312
17756
366154
349990
31020
514955
395778
292767
325437
40077
585878
295506
605642
181707
613982
903948
19330
633765
830524
644454
552836
403582
994922
343147
329146
811200
758381
897633
19616
402483
570982
745014
33891
418485
918215
350985
773860
36055
209955
198929
218011
688020
372893
72750
320921
274479
193794
118922
142246
122536
102451
225132
232392
561626
684859
67289
336101
73076
104383
900903
402048
555474
728723
650207
590111
131895
63081
775758
589709
861929
848036
873640
1531
884457
919307
347034
791874
988174
880409
75179
978628
509
548144
195917
270000
204231
394926
337222
609188
770527
783384
912438
452780
258038
557620
171780
764648
835253
161203
113833
187276
727959
790410
403737
65602
732000
963617
470473
544298
749437
674340
567713
79873
826553
272824
464576
921631
982938
214024
944102
1818
294934
205565
476995
754888
208437
60876
611289
168354
729156
583401
915600
800133
314355
594777
204950
506130
249100
813925
806192
190708
735440
436394
967906
848641
33840
768078
823159
19258
87397
475277
465518
211501
745900
855473
824001
361018
55905
167136
992339
492850
56247
694799
410933
940571
99090
969876
422740
57872
152385
410842
560771
827397
488923
124910
157665
990889
490869
322678
406055
536484
650493
782016
402896
534911
844534
581304
853541
896355
918160
752180
914596
293690
234659
742442
500300
761522
786824
156481
532616
754656
627220
49668
388470
246081
253810
971955
127762
219
515420
77172
809667
116802
796598
22631
971074
901430
124103
250839
699619
412522
359572
986827
949826
774879
93275
995965
663947
55791
957545
495202
463525
542758
697496
52712
770684
414539
551209
52862
570857
96252
959354
333260
968385
528311
813156
214212
379959
534517
270707
163024
939566
766896
931586
628971
412960
734790
754419
693836
14628
248886
971081
465084
666015
105606
649058
355593
716233
255495
763411
474579
334939
875185
648226
474243
692178
113768
252826
786012
735651
728032
224975
506089
27899
949084
304623
27350
773297
226001
552960
824411
948299
709034
58619
229139
670762
608933
19653
239915
655123
243546
925574
408309
740634
185436
891752
172956
25901
396024
355182
273458
466362
126490
753902
54950
409022
703887
765997
487697
55212
827494
217301
196207
3766
469039
121045
297834
428346
173605
28053
914514
267596
816680
237973
642858
307996
748194
545313
629020
721156
835404
784499
386572
335089
825929
528997
817033
723563
683184
374736
128608
68290
918183
988679
375691
58647
134506
230633
52359
851972
268907
798631
210371
408553
925972
7955
531316
347156
650216
880672
191685
529868
905991
687100
5292
42490
462352
27399
499160
628149
57825
64174
805446
470376
824441
518697
267123
446882
916479
839565
65708
494266
349852
312526
705857
581725
661507
57749
589272
409398
483408
203962
946589
675832
356558
679262
65559
416523
833363
873896
890134
3152
815046
786970
720201
463827
936257
254223
821548
379852
719633
240851
120030
459730
931290
703327
383888
894749
402008
431151
290138
151158
873024
152066
237159
49853
274053
991150
405009
28759
343862
718493
580744
28594
777540
222376
484907
357366
501154
18766
642553
739977
903941
670673
538145
549375
324299
475565
268469
563997
426231
566069
93757
574792
70874
834381
568168
615567
782671
188478
884957
77330
533981
842297
115824
680717
340735
427819
936433
277509
33919
630265
819294
243341
101886
663129
891192
993845
391121
740684
560435
514768
211590
798652
737542
616865
551620
554861
58403
636962
578192
919395
570113
729264
431084
462481
418324
194838
219162
52729
921182
261940
18558
780773
688991
327627
611041
111808
824232
484136
929682
55697
785294
916779
194534
398677
630073
727667
190433
993913
693724
953065
65197
337201
700927
16869
467655
667448
710840
818048
525497
111140
700344
469751
997121
821733
761281
605304
522065
518362
774325
790797
560304
861071
440266
880418
21950
805719
605338
85684
796564
421507
129239
172440
845898
64636
625564
324326
739602
18370
676446
626304
407745
669377
972225
257282
499822
909261
153799
460360
840307
464251
904675
229782
340113
390491
620716
88296
493232
396565
263085
548567
359107
755679
840921
398501
426314
670488
106268
526437
346801
460804
117004
631370
437334
706981
482430
468938
492840
956914
26101
112174
212010
334902
865846
618681
683415
179848
596727
5810
927968
165987
604405
108240
132305
332129
760933
423682
561489
400345
552642
521368
8648
157393
432517
435793
137115
827298
251123
462785
569298
562919
270096
502815
356699
619873
322097
145001
205992
531755
597999
125108
609843
677140
416951
566164
367649
486494
876863
356323
948868
288850
178387
513650
376315
310526
401741
46922
645813
174029
708259
932893
690642
744897
486235
37006
6058
112591
755737
241178
809958
291862
221849
722657
819660
56126
210103
327189
467289
749609
151147
200062
560711
558809
954131
207527
972846
422430
463721
467881
71431
132026
322004
950097
605771
485523
281626
80112
450874
620691
3890
273536
627127
286368
311159
231982
846480
223475
612345
733705
169756
855447
567918
62149
808317
885440
647238
234219
960773
832646
849628
316769
46517
881212
775368
315857
885985
249201
468369
537721
856111
92291
655040
819727
784702
202138
840976
64591
555171
751560
736833
165538
804174
492859
336523
634412
828939
463837
559600
940467
988517
405513
921194
706471
939685
571241
799556
69138
670392
793328
354885
480669
922414
187441
694342
825532
480415
258842
242341
947959
62888
795409
460114
680150
27731
320938
869639
786793
55444
974274
417812
509105
282544
945979
653784
250798
236281
931028
620940
888134
412660
368803
100985
917071
381147
912690
361546
153913
945405
29364
832892
973339
422915
780258
316209
353176
951759
146423
885348
531630
72189
834372
314167
310107
530891
183664
777001
651372
993557
531728
319459
579619
403641
247839
231345
642500
933977
86362
937550
209660
651134
281147
168343
931695
221209
678863
591266
642908
594470
881078
669352
165935
106474
734647
479901
230820
234459
132414
347361
156115
177566
804723
611342
528540
877098
222775
467442
171759
993292
768829
645463
858168
887685
482179
402621
457574
56398
398380
262505
455127
977020
791932
141014
522786
322557
108079
76554
171264
78594
821878
789188
918615
460087
523727
797969
169829
727789
301376
946814
330565
252697
334191
931240
870753
167862
131681
117935
879349
154501
920525
457865
911739
964469
884316
399667
662329
783965
464832
688769
387811
223397
568110
105943
778157
799173
780281
269872
453170
427109
987596
179035
863418
705508
728964
505991
827627
937269
918952
810675
8207
801699
936838
308999
74494
109813
126827
721921
57448
734700
268542
449672
747201
418089
99833
206941
456969
126891
972421
144175
395383
34743
628018
323597
766785
395216
404880
120694
932939
142886
190573
552908
84458
787915
302634
455783
986963
915872
358140
490182
702692
548750
651965
867681
214479
361136
609260
953562
596383
337038
384839
940817
913192
793413
507268
818966
507664
613954
85863
749754
222067
74925
664002
604030
531767
276002
502415
715245
155246
616602
486691
957702
815969
416744
896208
285905
669503
688224
273050
510162
373730
216530
233171
392219
972538
564916
910998
300860
130968
512797
627356
827094
844505
616238
998590
1806
64941
812555
803143
532829
863299
121543
306805
690115
816339
799006
749325
912155
22791
624219
148760
872330
827335
774874
201661
808081
501920
136680
872444
289923
186896
349382
95365
54608
157232
732301
645683
168959
991166
411499
615208
696186
959686
283467
222149
614595
541741
550355
737414
194117
758042
459207
57785
823749
311297
99083
575769
89975
426061
402309
566411
750381
965354
859937
101364
165034
828268
819694
72501
48213
930207
550373
861380
86025
348140
329162
101992
843593
95652
876715
438992
634321
126828
139462
327441
233927
109318
443144
868155
752017
143480
478063
256022
934464
164826
817680
905982
773545
397889
942325
68888
638421
113604
402910
167920
369358
596711
613416
913969
622554
97196
898060
111616
917572
351730
584382
68597
849941
694663
941045
941494
140386
608018
144266
403250
32383
868310
486714
967863
798225
686500
762630
722161
157249
717280
886202
63680
729805
636269
183306
587764
470456
462072
75863
634600
576290
383518
667409
181624
683762
763643
587063
206432
626223
272528
255355
299506
173486
822864
458497
104692
223974
340039
909573
278612
637663
289511
976859
837832
893129
741105
567570
73542
575145
586941
730546
705885
935598
863014
988325
94127
155234
718996
225138
734603
513724
669223
474852
507179
102162
157052
318409
452231
696939
542176
172438
705811
987443
48783
907176
150876
935112
369959
729125
762106
217969
31918
423425
551219
112686
924412
695069
96173
248874
90311
354569
61261
405261
401225
462634
174064
401134
918352
694903
970116
298854
445794
902493
174277
580607
956874
15811
173456
639372
419971
955240
550757
616722
220992
10407
691262
165092
785046
227741
858246
328204
338951
42913
321208
314405
254444
805362
158741
258694
884926
171439
909185
668249
869377
403967
690875
409993
112781
60240
962103
186585
439162
427197
74650
699794
58791
396681
933585
522197
823783
14024
193871
29326
50953
40733
74337
170569
138883
46366
643311
816030
328186
966548
662033
432392
113
16542
815115
124564
340107
634677
879143
622581
539262
15049
459950
298612
565271
610315
742722
885764
86115
86788
939547
910132
612545
970850
980828
686013
732034
458707
491665
509435
598778
607498
705928
789881
525414
121759
716489
111525
193401
82451
249522
298082
365189
399025
915444
787644
975811
511439
351460
897335
186687
202164
46654
564288
724579
333908
747709
516357
500765
721462
513360
607072
565232
888438
798137
18414
254804
389991
609031
110334
92555
546576
643566
865318
313922
965079
460416
175407
761119
820348
446410
536304
893229
396156
790669
425464
399586
72086
277912
234405
261769
535401
636543
158865
261584
174972
910778
682284
555760
434968
912476
322469
908852
383952
265837
213570
293673
347233
589095
610320
727009
781172
784138
892404
591587
943616
290460
232543
248690
851020
90688
277344
702264
625554
372018
559187
714704
58623
836317
117879
927085
708887
208857
405918
679082
364918
68036
699965
117998
907569
842428
337571
1275
177179
610486
479559
628372
821156
14078
21562
381961
481627
173451
609147
570080
3283
670014
267945
235298
488548
983543
749715
837183
321417
121940
677995
320350
687399
386247
711642
571013
313965
578067
103533
2338
498006
10467
858732
338484
154187
660039
393099
16857
576486
876044
741882
660468
393234
231606
399191
823226
24206
942300
619075
150810
615632
828577
39378
342151
743686
883978
261532
623907
55479
513
396721
942153
811337
865125
605929
15671
4379
25100
208280
602006
731666
236438
668449
406888
174514
467567
598946
814477
728802
689632
710477
788018
53394
492882
237270
108183
701816
470497
948232
159034
506421
840409
816179
761829
982743
592
399872
149713
173943
763872
43877
361654
139331
963327
88819
13808
101206
108092
725132
446223
700035
597399
654259
684155
537521
463166
268028
258946
421344
41312
47586
459776
960778
392112
661943
503402
18212
231544
742262
959479
513859
585879
272244
708267
529564
399193
900533
62657
53476
910897
849435
147188
45398
532245
30777
236778
363539
293558
53510
906110
85603
193947
837550
273384
280729
749465
136578
277835
689429
145905
314062
258011
85412
377158
704139
75817
575682
427705
277035
45325
18943
405731
610322
844207
207358
240686
599781
602674
288090
12048
453114
667517
652004
700454
701935
57830
933768
236329
866902
22013
830798
947471
546126
711603
309308
759296
823661
202982
341336
976051
715929
17994
137354
966181
273526
928693
700384
441014
229497
227078
63404
245920
935068
55731
215048
151444
369322
670831
676602
617075
422330
950068
533682
810853
276792
267378
615280
56666
298654
287956
864066
43355
354947
731563
877419
205324
725450
304697
34336
134912
169147
314204
670188
659001
485294
896534
925747
578875
865443
504501
562259
599947
735151
244643
848870
359753
140177
556620
432100
701095
919715
527783
976870
709573
192428
267940
473157
731371
657682
