653178
927599
750791
116659
83124
45902
491382
178075
973018
47961
27039
921377
661564
544555
266064
951717
841582
16035
975797
692652
563880
32940
357190
525248
671741
454839
86351
867636
509366
608458
360157
28933
186891
85490
392386
140380
733245
195348
498502
147121
107795
7586
204650
565705
143470
328297
957465
754143
568523
801286
263790
669217
917781
283577
622812
410833
927397
23505
688894
531020
671127
759495
665788
469416
992010
861479
171734
951286
899763
739945
834832
878503
524894
624606
371771
962378
509955
376710
535131
267123
952641
477246
888250
888888
623546
539414
772552
594645
595274
506497
881005
338415
68708
833062
697005
852405
609035
929555
41911
369443
182443
666257
182282
421280
390674
892690
635269
609224
208910
864135
270281
324676
672675
314510
302540
211988
982697
164297
225533
61038
691904
149834
461071
484864
397681
702954
781733
313682
619939
414137
901336
660679
975927
987535
492200
155586
900160
606529
446268
298470
431138
544303
246103
449525
70726
259387
174298
273050
794679
363348
493104
325186
328796
858480
855705
687524
380498
395352
993751
762210
780134
129373
14767
594631
809836
87848
28060
696752
711358
7983
466454
116616
382100
945604
747001
797356
116541
550151
403158
882477
719032
723772
362579
658867
616753
567991
347839
521406
698011
633076
29814
269128
443302
73219
255981
207239
459358
927712
351195
780111
693088
900449
916997
289875
181305
732488
866276
360587
953820
491704
216628
970866
762624
455365
862236
396775
205588
759076
789173
406195
288736
965953
78008
619882
537273
499888
913993
813290
470048
173179
540442
38721
852089
966362
184637
944043
124259
589312
328778
820664
97400
261266
445673
719692
568354
458098
880189
810432
324952
373242
924334
927463
528756
810885
451856
705899
61683
247079
837301
658005
420424
251836
256716
441643
213917
134686
590260
389811
55719
270320
81057
430934
310564
807063
780329
169248
312564
605769
15468
677092
395154
740541
101278
70588
328429
12610
248371
563054
554919
772396
756133
982187
631465
783209
172325
265393
791905
700593
316508
191696
269017
139356
259996
129801
420661
745357
205032
45649
436617
438476
533916
670966
688148
555570
175162
76505
109725
732413
771859
831449
435689
764675
910031
562897
613910
419716
114393
85687
764632
913368
981545
762405
418573
392071
667311
266228
429310
415863
577497
163204
470836
522112
138049
678361
42165
832860
896566
177440
184026
988346
367206
829263
608206
595313
206245
765802
413413
611089
122076
106145
225110
800150
855505
740823
442135
349622
786062
973757
626323
321050
642033
398685
627211
569513
325392
353395
659206
263359
264262
150709
559606
72444
633374
466164
778473
795449
879707
622106
209832
230294
832354
507283
334704
6959
788485
542601
430794
304045
786669
673223
383753
920056
833571
855423
33504
973898
495355
983143
825373
262879
42205
105341
600518
874185
111793
934316
387023
856799
134759
769991
879797
155605
34336
263282
336185
940967
264892
981792
770364
951472
525889
642230
535412
93911
65188
17550
866952
973160
775416
273241
942990
290817
757424
635804
115166
793507
158738
657179
547091
123752
608571
486035
231646
746900
264713
815520
618694
799235
652968
163199
903488
56898
633404
942254
854758
612538
142824
126768
900439
193735
432313
377516
289324
893544
633203
175861
263570
43727
874358
852389
435721
427351
110667
613858
752696
696341
22673
377410
92778
447750
97022
511179
559337
477864
911508
699923
667317
207654
745251
614662
13665
439787
617012
266310
119819
18072
297497
235885
25142
445904
346511
195822
624902
359600
987917
615449
512535
740572
927852
416125
519226
735989
474034
421991
636748
485094
985916
229577
143221
98398
645704
594038
796666
698456
178332
985994
628736
50389
230423
422055
354334
645804
787730
870810
610909
740600
249267
872539
545935
492591
628558
863731
827849
596370
287287
732472
809662
56512
302376
706228
44409
835430
302539
569316
889398
102993
744934
159068
574430
673124
52385
175496
929502
887717
470644
104077
989347
856817
512177
757837
940851
808080
587627
636041
324651
95587
362754
66978
629393
821050
661836
32632
733717
787074
756962
656883
962729
432091
555844
793696
376506
833416
67626
391411
138697
178176
752744
446571
475563
761377
930812
923603
438745
500356
618552
102884
758133
303531
515206
778632
571226
557591
232221
256761
253086
205559
514239
442760
82663
116154
715948
111802
844902
595526
66663
307212
76917
424769
219746
279384
152521
796428
174856
229264
125524
8015
266535
996902
986554
565039
664249
572622
159597
311004
680525
248795
532839
771784
84823
513734
68803
877874
76112
424974
380857
169056
547659
656185
394740
95659
885590
999160
884178
341044
324681
631656
700215
862133
586990
437301
340814
203698
272909
789209
684766
579661
716114
895810
121028
851001
58013
429586
203347
167175
891110
545280
293445
723804
459
671900
994908
272452
739960
206575
603481
781215
751730
485376
899672
786041
605440
130483
137350
883192
785206
434189
736448
120046
590815
555986
691018
96206
868230
532303
130537
459388
938657
407412
653406
347517
707675
841817
194751
223758
156221
894433
151411
476432
464312
420220
853833
849376
658513
751046
952054
145989
902633
672845
976105
339203
239144
481456
3725
827852
512070
130978
394074
766038
677878
643982
713496
986504
706543
446229
834674
888462
646871
540722
539699
144588
954958
177791
727839
385518
612565
663185
978800
93214
343258
816637
340652
722511
342625
115134
131743
859382
121488
490991
263099
361689
254423
790386
251656
332927
38906
460851
74505
977799
610236
946567
379053
308885
996842
796270
778350
545063
283521
658935
599946
12934
956093
577155
739548
947415
387071
290785
138135
321105
807897
747929
228830
534089
28665
508228
258690
211305
292785
630296
848472
274559
810207
364674
985782
417777
941758
532332
49547
481871
767047
520478
623192
411265
285381
976320
765071
548831
323828
725309
533446
224223
395093
625796
240728
223337
885137
536424
319832
558855
530183
552360
40755
649208
879924
274568
850145
706787
450814
549470
163207
626089
68061
762793
279469
893779
6502
393050
59479
557931
544118
94135
736450
957798
553911
596309
96957
847870
293970
13699
340833
708830
375665
286022
574382
953015
42159
579134
783107
733360
243039
147239
781177
818682
509750
520507
240029
351617
844502
266165
531849
535998
588152
268017
698654
845993
662196
195311
574368
117580
924656
12407
131438
463923
393059
937558
515036
850112
951749
964294
712239
39131
309397
51244
383924
304006
990982
229562
976317
677774
782471
31861
199097
320029
716398
616593
597935
285421
197312
41912
810903
804823
560863
123625
718933
825481
884560
999293
408339
624662
140264
32837
966713
616040
562963
564176
983116
682001
121345
420361
622688
689982
334318
717436
974779
679756
535756
604153
245000
524533
239502
302161
296693
633379
698387
90045
519082
61861
330798
502943
148389
476031
550030
699488
498870
434459
987215
810296
633940
234782
459292
723980
280027
34710
107390
638769
114787
333583
553286
321358
460862
343237
89555
855456
182989
125299
247937
39192
204415
432586
671534
860191
145192
821757
382954
974585
594874
709753
834938
873671
201570
663794
438601
735142
109633
428569
364076
335798
480005
745130
915664
341877
232548
439969
997315
585353
748853
49356
600923
797148
77099
767996
907207
197729
925230
474069
744368
714678
103703
361669
161739
448098
90888
299473
169022
728509
64230
750027
389612
644463
521269
860448
945375
64016
290766
784397
455441
274991
22143
343730
152919
253551
524671
188351
926635
699659
743500
824203
830612
23353
220643
695811
377460
511596
714012
8895
990638
42420
376543
50288
924273
457601
663046
44086
313574
377285
80273
95822
87666
947063
721792
574889
804584
323443
398609
129367
171918
124222
785302
547426
362570
586280
76530
630776
459242
930826
339312
288512
967821
217839
488767
898125
820016
654991
278606
504880
173209
715831
472320
803559
651354
619076
321676
452468
338498
444045
671989
670729
594918
229793
641120
635999
981191
460261
45015
794534
240992
90080
743641
54871
489743
641234
583003
127525
826909
206014
63904
436946
830700
985865
484272
682077
765372
372347
886712
880344
838873
766498
954557
942104
287397
760725
920318
632711
987070
509078
339238
166483
109771
417489
729707
907849
490344
753345
774598
435644
22251
376050
617423
650399
861523
494433
774004
451763
908877
705471
546901
449241
405410
268052
156096
512009
82624
120449
843588
545179
911202
260638
712052
490627
425759
517570
446650
804442
160397
983904
971861
350871
500303
719950
418736
851868
346114
588641
76064
923629
923392
430453
227258
596347
524495
526537
621647
756063
830634
826439
719494
928034
142377
829152
190932
816184
407631
684630
59418
656014
279024
899411
13146
149305
90237
179255
816791
963789
386158
361647
863561
305871
818506
657088
113786
141058
636438
546084
513152
757149
899672
848651
334359
391134
640454
258626
589402
260280
650320
506161
286750
237992
37319
593214
274092
977830
785640
802960
129496
577142
486473
69102
49922
54365
270175
934469
728169
520433
360042
728776
401319
701322
678334
148082
775309
46741
418862
513127
831131
898055
977366
232632
706204
637485
612229
125126
264796
56418
431173
251901
687623
24731
21065
645058
949088
107036
815091
513448
869338
400781
11327
766747
300119
223847
591311
549727
519482
899081
498515
921075
887019
5671
794836
466191
895079
980641
36318
883213
500928
21618
891848
344932
408248
457087
81121
346574
112054
472847
959673
602700
549283
407194
165129
327360
976932
283706
148544
913783
54516
787326
565547
37385
590364
718174
41471
484953
534610
697928
399558
897016
11948
480089
577572
454118
959679
571623
54341
595896
585369
106555
17830
876565
377494
327324
125308
44378
443683
602694
606084
608542
863309
205562
296680
704911
130437
105647
378763
304443
121138
971046
928754
138347
606899
958043
933966
294570
808752
958871
422698
402275
882459
39970
543213
460136
972361
916758
241613
400335
403495
436752
529553
732471
743834
159807
741248
17384
195191
311390
75371
54488
771356
430334
784532
773514
97449
740604
288442
210449
23134
454803
840578
366899
573139
929802
326723
198825
624974
178638
913134
365826
911044
559066
551065
219750
591343
385682
887206
703672
86728
526640
229588
995157
601826
353941
285026
206906
540131
688833
695259
339266
243423
142942
431363
78156
4178
829303
955804
790715
284218
663110
242197
380951
857615
542698
28752
629584
548320
250295
865551
322339
773324
831080
104378
815446
718937
150191
781711
886685
821364
619629
586790
657887
606469
493374
495200
279314
990894
794731
69804
236098
532641
822787
374837
740849
767963
156867
317995
302617
67777
785842
175213
615885
979605
647882
251408
636413
201365
374416
609103
738328
712624
990341
907407
553996
256742
988021
206285
942889
868731
297388
660774
796963
530775
420744
589826
159862
421885
775338
43358
331940
860646
570950
709877
609882
795066
482778
747659
329777
823786
61692
104854
262160
235692
80843
635337
697518
743508
850119
303102
960821
868684
986813
906815
77442
919536
896411
8880
321545
689480
669538
982237
254038
240163
227385
321628
649774
157196
179549
384543
377428
707692
44982
56536
4007
210620
767749
238089
921128
718628
37946
415335
283482
467189
743202
279786
745026
625664
365758
120820
90958
805585
895535
334747
587026
350347
699085
441237
502701
951073
590358
289727
209930
648046
7427
29514
977283
433906
57718
999490
466143
225834
48400
187516
968828
412683
433824
87452
790984
305114
513974
279744
745513
276139
163861
736141
637885
307828
695622
529620
364283
532621
631689
50528
85944
530566
748967
343518
523590
555748
663843
313002
172087
454138
566607
104754
647679
824737
220282
675529
464247
878804
122439
697034
286334
772778
237785
590055
640634
260464
852586
938765
479484
770210
918651
819061
803458
228614
958182
61130
222870
587494
79503
297586
613395
729896
539833
696956
219271
2571
406260
227684
777204
66048
651700
825605
415345
208419
699966
111580
163502
326612
703547
87476
250196
509943
105007
369908
599115
237892
263875
657665
78549
689931
604094
477969
48983
129608
933906
830670
224568
691678
287059
709090
652258
781428
197122
172581
396646
121193
378376
305633
814332
836725
721790
111998
826088
690077
416041
688591
781239
725330
889987
506743
817641
559079
604596
689337
482473
593006
561120
412124
737271
641582
735834
309815
123942
529346
631350
151390
714433
402897
140603
40681
182281
200869
239031
282397
763930
715626
887149
898106
649068
381189
492138
857953
563956
478351
729014
562783
437162
591469
976165
243290
63398
621709
595405
580822
181796
825535
250257
715109
164262
852141
831068
123177
241272
398713
401194
959239
653839
63858
246208
363434
80267
587250
113852
852209
462748
99030
453767
784246
259904
231323
959910
158332
376810
695698
421232
135220
217855
903679
827738
643692
28281
908500
994862
401941
342574
579077
1178
250607
748587
633608
534373
585043
822906
904555
291708
643677
776580
370769
66603
901492
335951
559626
169319
927543
196007
437454
964552
911301
114907
612502
853843
514345
945439
374872
358965
455008
669135
929117
414093
176713
206995
874560
854304
172265
684637
975365
861936
108439
932623
233107
467110
420938
250938
592271
760748
507069
829570
536471
39383
131644
357597
48920
730818
423887
636730
255437
67382
306432
377150
5908
893125
149321
693225
594926
824118
736479
746455
646547
432282
12565
524835
228080
788285
354415
282086
740799
212088
794500
630173
632320
678756
242254
300649
316249
988969
361554
521647
32775
608244
78374
552223
435776
353415
926052
622866
516391
224170
315114
957325
572587
391807
446794
718499
717245
97331
251989
869238
347052
183696
410111
151837
185566
60336
31407
107106
149293
42188
202982
26146
675035
76595
385737
16279
559668
131030
265036
863027
154623
414976
231805
335138
458272
716770
106154
675058
274509
655884
553905
62287
198315
480056
114786
730215
28804
303041
375698
647468
566375
996017
616255
363576
951453
63735
535259
916362
831811
229943
185271
981102
799881
686332
905613
581243
846406
314441
319850
379318
232437
390285
330486
203157
52176
566580
442913
449757
52231
33050
453228
650604
355549
446298
843857
39827
125088
980357
918097
484315
327939
27759
894616
882153
372249
639203
710862
686844
577904
679350
507836
970578
51528
921273
119129
329450
723631
834312
651825
435813
405818
788095
714801
364614
202209
363084
527505
700632
339448
391776
886750
839983
490438
854976
807139
740230
893316
433400
753331
567432
149747
440302
322262
443434
515930
254676
403982
616437
181915
641783
500676
631713
868721
191157
322260
404061
618185
932427
925234
899308
349625
852364
694647
252713
303201
745582
711756
56683
381533
969919
115314
74627
908836
383349
764651
852514
177280
613282
774472
638808
78762
333702
51536
868087
931521
962431
795786
623510
897767
483419
975144
494065
110840
235726
436432
577198
866920
414015
62919
110522
684152
553532
631484
617810
594645
849166
987951
17694
297933
766184
275580
187127
482606
69497
12488
449865
267709
315169
677383
628372
522384
889472
594791
161997
64329
47721
534556
663969
502191
887093
938953
666585
445418
424628
68232
646808
136027
475583
492566
53378
624086
695529
822494
805943
946109
334356
102944
388349
565178
960863
821566
475580
592216
603901
16547
346402
895103
784289
259280
715303
409674
42197
24324
297771
429575
836714
866504
260731
960330
478026
556308
463666
723694
146281
388769
17404
746921
70810
830156
412598
812363
661822
833060
815345
26579
587991
940368
484310
307182
206714
860384
975523
185101
506083
906734
677651
332961
388707
190000
612444
844086
177012
640094
126994
121577
29741
840634
652073
978120
878352
418753
880599
748164
393089
33580
288152
471125
357010
853347
634635
466923
759801
601471
72378
793228
754275
300026
970807
277966
517345
733110
471905
923187
547201
413094
748550
32028
775480
832221
414306
909996
251834
602417
600582
446394
19052
510220
460948
941106
533169
519503
772071
914761
743969
955042
307279
298522
407576
549212
160826
18082
211690
670668
683246
793685
595252
302690
300274
241434
857166
510461
103885
587050
51420
986834
35750
998592
546692
438197
887754
106046
483834
185416
677836
14236
793782
216509
596615
152909
245511
159433
377919
341168
371393
883815
617190
575855
242898
114821
314170
235576
12083
764559
974091
663638
364154
954647
353755
749611
893516
707230
774878
375884
303151
439746
783584
516601
77693
828035
361926
756599
933236
123379
778668
347340
354347
909434
582638
265111
973407
277251
261314
509641
471020
670663
262402
121988
178839
527220
474056
344142
846600
469433
254195
112178
107861
370353
710278
179059
189753
990505
71151
59630
530787
592784
523492
859659
200811
34874
266281
948063
466911
87824
751471
24802
398204
644632
472086
679816
452536
703005
312851
97086
889148
23547
228333
91714
545711
244489
407393
367775
377006
116131
146982
789316
552280
511890
528267
62272
661381
312475
680444
240029
195350
585633
269347
265750
439719
691895
695594
982197
924961
367174
222111
272973
767213
489879
438385
160593
199811
584702
209111
230864
975200
503780
689808
980046
487318
627695
26245
467584
156157
523152
942730
783907
293703
427176
862275
673721
769393
881752
237923
32097
873558
677860
364560
205586
22046
370627
456355
624372
74771
702405
621643
536027
82068
822241
436945
449120
806946
233242
355062
78174
733976
157902
243768
839686
390839
352731
201011
66016
53855
402414
765413
19614
165530
990953
60746
326622
66387
64432
449190
828669
76900
208913
609313
849234
955277
947022
52812
574926
817344
582023
70401
746926
446488
832008
614057
353562
396522
821229
173720
332894
653428
873198
787218
226370
152435
712459
908529
518215
422608
488341
31070
894081
641594
402390
513661
508876
295119
408862
204453
635628
226995
355563
735692
379077
75140
684468
362562
313907
117220
522770
369428
219079
807605
237452
178577
394015
410787
205757
325609
309089
923034
333860
527536
321428
191257
697672
954946
908250
22942
424710
484353
835726
299969
769400
489402
201654
469213
857284
248998
939685
344425
608702
127372
997104
154468
363579
422276
716938
808879
757235
60694
492671
941300
430418
687616
104138
805828
350235
915734
606227
624191
311481
955076
442184
467948
379428
943
5654
105961
181996
909626
221124
222716
446502
344997
996332
587527
775856
539087
750040
452314
433313
964188
137909
396579
579410
160625
645558
305600
772100
839580
648136
438133
129452
253777
124781
913913
428514
7952
455608
294507
207714
49442
325540
737506
445052
917249
121936
610017
675102
638295
875291
406698
544892
243871
309464
10857
306329
839208
510446
448529
272693
780984
845647
381381
224787
769485
856979
549164
409830
725823
692016
601831
821911
757057
191896
835359
921078
32646
844015
863095
311162
189888
297832
397153
68598
45507
311419
888140
240091
646920
556229
56187
548260
733966
685115
879729
354530
216731
602764
511048
137764
485793
615635
471586
729090
716795
670390
213046
101382
453462
947742
733260
423224
949549
117203
637828
60997
551148
287538
993872
57611
512182
192782
319617
472324
430146
645857
37567
390604
961824
433197
701203
682704
728922
595444
450526
522197
961717
818064
320941
551778
234455
433520
166372
515596
507202
764591
187286
127708
173438
50706
825463
219102
433941
440222
903017
922121
766392
859476
531954
959110
712768
527051
615567
584479
32398
662248
738594
30149
523859
190395
387974
938046
876651
661817
11843
5097
102820
162386
630109
336431
78302
432431
950343
457928
119242
49802
390837
938791
800084
401129
260623
724035
380061
666552
313025
60483
720673
158658
313903
487046
207160
223500
209990
468300
468728
66254
57070
302020
967671
700687
924635
250290
640110
410587
316867
224700
326969
553636
401898
956242
308538
85363
329112
638969
915614
904649
741229
623282
927160
5526
217867
264907
224905
259477
90481
863617
296161
144066
592040
926224
63646
452473
838549
757914
643475
142765
47215
16751
652677
246721
112331
847423
432399
410246
144660
745113
740773
439954
102934
849503
142645
228537
676857
395401
312681
146027
348490
944658
307145
531178
794997
295170
184510
689381
1551
154649
613745
777846
676112
367509
117714
163189
412830
555617
915893
391607
816516
68122
636118
532391
612225
368894
926845
748414
253181
367667
418429
348386
77015
132082
111702
838297
452057
645198
553338
119784
513165
569573
246957
336716
133161
884769
715781
501204
507429
994091
882001
709081
891949
446766
802134
691931
774898
939267
426804
947642
767195
617022
351656
249998
984922
857300
419307
153379
563289
271912
781879
427476
716690
447409
66601
658626
720062
79688
600258
493042
146597
79827
720839
62401
653396
493130
316233
424388
640493
61731
574783
886336
863192
675294
264463
900098
973016
43631
427947
174301
446264
674883
293400
630782
364771
474352
598090
547501
537107
466686
457900
272866
720098
551948
512956
355842
398460
33697
309714
86773
447670
910736
707456
294628
797367
659207
902421
48148
760916
661300
135356
7898
464442
603219
623810
127802
729092
173273
770037
467552
649837
101238
359783
673338
114975
309771
631250
870896
666602
616552
24725
77697
372048
255360
217437
377723
902269
871340
523743
10711
731732
934616
634369
762735
867492
587214
186264
562076
356409
811997
865932
340720
672271
486693
864024
889101
335202
699074
197934
907360
612193
48531
525751
392062
52928
15526
756920
717593
175212
222786
39248
857886
507418
975824
330462
677423
387257
821798
430399
407096
866822
464625
833461
573296
541245
173695
563043
363438
919149
736231
432693
510757
193445
933077
356508
157950
287882
522038
924599
569104
190346
801084
16845
13951
447595
652878
659767
559022
200381
921616
432347
469346
980142
451338
882578
537204
707324
441207
915307
345586
151429
182445
790473
380756
442298
819811
884071
439702
538930
378852
955644
801846
3867
743503
194234
563084
42571
334856
663856
691585
293748
256831
363023
430317
355574
931227
22985
796817
484111
121090
521621
24046
974445
784775
826959
120640
811812
838449
555709
539546
959419
414692
444013
40159
964641
222895
470586
485658
876989
871281
163117
283707
294691
447976
419903
888815
921122
808216
635644
372186
428602
922516
169540
690292
792427
654700
598956
700477
826536
362675
261185
245278
461419
818667
551468
743198
517986
320655
439153
730429
676999
63549
205138
608241
409677
506943
251536
991290
336438
888117
140305
715108
814529
965344
256925
765913
975169
427917
661634
875808
457545
223772
189528
249462
591236
881579
314335
254279
267681
914148
235332
537417
607915
723105
628035
844534
573046
267831
67558
13412
43509
283366
827883
107138
104041
780635
147139
762033
672500
12639
117047
754620
316812
535968
889381
227254
27211
855834
789801
790255
809122
290
121879
178450
204462
254415
447844
96478
155171
751365
470372
496959
869029
68895
886957
450312
512373
650936
256219
814736
426568
635479
259501
803494
961780
875317
594893
667506
434691
970091
947117
112745
591786
66300
807821
530156
387987
890109
779097
531326
331607
400925
972334
887008
796360
218389
13373
865355
152617
188781
137096
87369
964033
992167
755850
551089
51972
233805
886004
100861
877874
627922
398353
426826
585532
380263
406410
868395
763424
901853
193926
341481
593430
382962
38377
240795
740130
693562
181246
198942
240778
902123
779439
683442
916898
663173
488049
632689
295683
261596
679676
277357
588826
48644
194168
477924
41628
230743
322996
691362
421463
496101
450831
147188
238692
79161
10361
855108
457721
493700
448020
920214
750107
547049
873844
459102
206896
666852
348869
662907
987058
800856
941068
741012
842432
288371
589958
6990
90319
700672
618412
666023
20477
103816
825496
869362
201286
675686
40513
612527
626895
760102
666210
246470
838304
303897
422458
378912
776751
310200
732588
384035
431383
224050
209286
190408
672168
186901
524190
854810
302295
906645
884056
54156
471766
936827
229509
494263
860927
74988
775782
17264
798697
259028
483918
370691
174941
871472
85029
705806
50403
464566
527881
577147
91573
482081
490254
948827
593685
596700
256422
326492
635770
190730
43420
457959
290086
970864
414778
726552
510675
224832
116683
178779
712715
984963
317435
271071
296471
319266
616666
799738
191055
982352
223935
379673
910289
22295
349705
56866
849100
635838
881025
237800
961916
777684
247067
332682
514800
548061
547612
697705
903686
867990
825173
419587
520313
789541
128973
687793
221201
406818
910205
783225
669945
793404
67828
333009
451373
998089
307867
23665
528274
608558
98707
868819
296031
417383
79610
302474
459833
569652
737677
981052
588317
225505
108903
667326
141303
352816
725544
616394
895631
628388
548529
684767
51171
658733
818763
705782
282319
701227
630503
815068
243496
47904
183872
501361
221545
41719
409181
537595
968837
177323
616498
531367
577179
551574
472742
732638
241160
892759
281200
582848
868054
724766
190426
998208
669009
767447
37224
677980
594298
318448
290834
755127
197525
975049
242476
732884
52445
341303
679719
156849
884696
606517
190960
676350
484421
171048
259254
207801
308977
184398
380425
853479
407977
404034
786526
301744
874121
729390
552751
866136
546867
976205
844159
409814
288668
600795
796539
504979
541376
356636
67772
691392
122357
561094
295401
901844
447901
806797
776570
251169
708790
153673
899351
844818
787404
111237
145118
260163
819405
188966
819460
480445
399293
527926
407954
253260
543808
890956
44689
555519
940629
956378
827393
769980
21410
596435
449538
656253
486889
487799
664278
574123
60570
42556
760958
729941
556995
425242
942528
588621
363811
187507
130058
535519
850204
792926
201841
832559
784710
508495
900306
291054
576096
493604
917785
702073
687521
671054
700512
948686
161004
165338
461167
248427
914723
469019
109858
434053
369619
471798
919848
14114
221453
532362
554087
594963
680212
759866
160317
715090
942386
201304
385570
213684
839525
120239
269993
315082
613623
255725
739941
646170
213739
942635
698408
265141
788947
574619
361063
55477
445951
61901
171385
649429
555727
208862
283710
20525
86506
987133
974557
999816
572039
435931
155941
317219
46568
926639
885397
238533
388071
898531
332151
852022
873
77982
809063
299485
629423
99631
602929
61433
489355
879058
521368
881148
687919
86435
350899
467647
804065
869660
305075
996646
212298
25996
380543
521490
327598
804759
638656
376956
584439
478244
239416
950581
739946
470503
177485
423479
405435
578506
488548
909222
759163
195642
508713
121065
218095
634893
6890
656672
918845
619019
939811
51521
330560
170080
334741
526866
900666
391196
716239
411461
803689
528100
523790
543787
838962
17529
292480
861014
808186
946530
932261
573008
174996
285305
558158
686129
776852
163792
87496
390433
49346
77246
606738
88619
14507
673609
832265
641529
795473
380977
988325
391922
897986
18967
476764
727085
366278
905545
589412
690704
83057
135979
131094
267081
448665
397187
112302
410985
672994
810336
622447
560088
122037
793000
699171
585721
445967
841853
755072
257883
508533
568395
885478
906904
732422
794673
729285
871630
534313
805450
108636
271031
318884
312407
685660
754600
247118
328075
15403
938083
851933
664818
816132
750168
998809
931454
688315
11967
22834
942447
618974
589131
560300
996958
692344
893259
291896
81191
636783
360290
487967
517745
32205
384353
34199
936924
915163
852798
644600
589061
374441
805812
972040
742712
788715
315510
312754
832051
448510
567953
681558
371731
106184
604061
565242
450846
444220
408991
227805
66220
746429
84670
41452
391218
684058
201312
89678
984940
108344
458273
213402
202855
188301
599728
889832
898088
754056
57413
90565
661628
720655
969986
547584
874269
568224
287398
171169
88190
658904
660264
815290
905460
153874
124854
170773
453184
55656
62217
28364
121725
713813
670628
632760
62883
872443
999914
426625
230837
859903
953434
583253
355661
37394
373160
655540
400770
175627
32953
962471
350451
736816
442618
252176
577267
778708
641117
552733
18897
468058
366257
643991
772802
917271
148764
34455
373997
166166
309688
831447
402515
46645
970056
818086
949209
851884
534806
513717
215412
456238
427754
748943
595376
65576
803624
884838
516829
209254
268487
728776
626966
504725
957546
911665
929135
994595
532828
572217
302138
288194
429485
590830
831542
568332
347235
973308
614230
448449
502303
287369
961705
931243
554510
949342
875242
472738
636104
939263
614
367980
468552
446171
650182
564412
619016
408286
232696
731675
869881
440420
574782
122020
861148
516617
542291
434153
31232
506780
988469
220340
57624
826290
494100
172520
266808
164310
118549
768517
558188
499166
22915
164490
835061
558617
872595
70324
383265
833700
731410
522021
817798
83868
773997
584160
542939
49837
631901
642993
30258
362121
341549
147625
267990
664053
733545
506759
48061
876733
809829
153011
691242
505672
308199
198051
127842
104198
487282
881120
82056
86981
12591
629219
885591
373219
743802
989465
747644
940702
70855
273030
16526
706759
483568
158534
597035
606806
739740
42798
196016
537686
40205
746128
659220
585793
750149
251485
554850
975462
27670
325477
294545
541574
456709
512699
321153
840703
10266
148404
393172
595616
539527
331726
236647
649371
961842
756332
351020
97496
905441
476543
140069
518182
252289
949313
2239
837068
633683
867291
200777
152382
137780
471207
403343
228395
869639
801999
2711
528627
897665
461396
834487
833014
565776
493547
282897
874760
32873
398850
554733
751424
720301
604640
731313
126384
257719
380906
426047
473711
185540
264193
23915
756369
374144
50633
500248
864952
333353
563269
657582
349124
657378
261470
133434
273510
312982
179843
525665
421650
20551
725289
195138
216274
689458
132083
403752
974264
818209
367592
977964
424205
852275
744861
987299
264877
457007
563326
727024
722527
436288
470169
56692
260146
506805
679086
171570
571022
362936
504875
345213
802433
52040
345663
490898
468838
253982
471772
213506
146420
63153
847438
949448
371104
23125
172659
299833
465840
44351
967318
268249
603102
129123
984556
248329
782821
950526
933162
848798
495786
810480
80705
908046
231306
232129
272696
379268
475324
498564
847844
415187
3043
745048
252741
106886
495731
54923
939136
757078
141245
80090
69173
262133
894872
979540
978108
394695
844014
45916
460545
568752
871776
119437
765305
819400
201175
103800
357312
657899
779048
311624
765649
638830
582883
731015
890721
20524
620153
808889
736088
394622
892295
739494
290413
77512
556291
161462
80604
964272
183298
747124
633927
595114
319459
994101
75431
388399
164892
48018
352045
476557
19615
385872
956153
145239
578920
957153
374582
800700
442982
540676
313488
245557
492035
916423
340051
992792
425746
441836
397089
193034
871060
725162
9103
11537
960295
542666
451614
176456
296204
69682
779921
988779
506323
862527
894511
913170
519013
216011
878039
196987
653550
19470
78651
55744
717285
141280
770811
709031
405177
778780
810846
685464
498393
799521
472495
470121
895712
137970
198258
341654
5340
791549
890562
601228
924090
147001
950856
119908
280591
467112
673242
620781
18373
762044
70893
980194
306912
184470
224952
254651
185708
822953
904552
340959
612101
399549
59321
472630
405378
878544
604728
606237
229823
749847
373010
165427
223366
80482
546519
589200
394330
590301
570001
29398
606879
960050
824571
616863
598953
767052
562464
768853
577247
743863
979794
209697
646092
790499
478595
678460
763202
646536
309379
144993
13419
439075
592918
75747
17645
889118
926705
203098
944057
167117
122065
249977
669297
653076
640312
890747
908531
120423
646150
545852
732935
90218
113008
314148
32481
616759
923231
876158
223571
635133
655271
645799
893010
723909
553762
375201
328482
325584
193321
601287
902817
737693
701998
615835
843118
660359
424505
340795
970164
907914
558141
990515
912150
328038
55062
759787
292729
889628
423458
138305
337896
120021
190713
545778
24552
902178
62282
865585
158233
620958
536019
7834
934342
954864
441212
755200
240649
45677
740753
740770
55454
158938
826139
416573
785538
994575
905626
713339
373895
808630
583456
32393
859639
667635
997964
184902
600611
265758
872674
578263
992071
210731
337860
345431
147035
377323
424143
914412
734328
439019
560405
704693
802341
630458
760946
560031
180478
46345
761997
572119
997632
929259
475757
237081
332467
489339
912053
4391
170484
763484
616766
863766
742174
173019
832015
411651
444181
94578
747579
498914
770287
989542
610584
462710
719742
984783
221975
196765
884926
241208
208133
517251
607128
98844
140893
828919
397713
814161
404231
695258
22994
612929
360113
292979
941332
989970
182153
793632
179496
474599
997652
410344
765216
528128
970350
236011
207517
976445
461342
279098
957110
296320
65557
905155
941250
495
924676
39845
850371
440153
420951
908002
602671
563248
715153
628082
895068
505012
630213
524660
859847
194225
428462
725312
417024
459359
395180
331223
480758
488103
977691
692924
995483
531077
697042
395740
206643
719880
2485
423528
799935
755255
371128
912452
21312
623246
743792
186839
181290
785062
67863
832003
865895
490354
42012
850159
991236
797669
627941
637631
845884
124593
317794
664613
979935
834987
474063
435217
327967
985482
577670
335876
579767
355023
101630
753346
504825
375102
900708
309350
657522
982346
642644
593935
154491
759310
16948
82808
546975
932920
118061
105510
528228
41536
600455
657658
7864
22422
797025
573734
345146
529818
750601
628156
277665
809733
890238
421474
968141
302373
602559
570978
554024
813765
369551
84254
750072
82667
456840
36129
949381
154618
243545
332944
753313
815736
791966
951807
732313
126762
311962
6816
339703
927900
709012
105238
629424
930237
623051
553255
558129
769062
99542
163152
368833
425403
130141
713395
995794
879210
454574
17452
305258
291089
843069
428097
797865
713660
703867
711927
564150
565067
614609
533377
475402
752882
523577
876308
886424
117787
407609
47766
775512
267686
776638
183860
685167
358224
807889
606099
77309
967025
443576
269598
923522
558239
250923
816446
556141
870897
454833
804776
576323
144030
249048
221199
280553
659907
715725
307195
13518
859779
239645
277618
146551
645448
822601
318034
758056
29736
262015
822848
77356
104548
61371
619003
542274
686794
256506
225354
781668
836986
425942
40084
786612
1861
677379
521678
750278
172657
45156
414222
57156
662297
850827
700927
891970
403185
295948
558445
252255
153320
470268
319744
466516
7142
620107
50758
433500
677365
17595
907945
40512
194748
229116
610495
560702
907813
380454
993920
337621
528928
357010
506835
196656
259393
413910
34433
629293
488773
624090
414603
455048
287986
961115
355926
222888
359004
122108
690756
159942
252227
767364
815391
790902
414170
816121
86639
877396
563043
642198
59883
830028
196213
394027
977420
998405
677407
494290
958524
170539
163303
499465
998638
803863
227691
898545
515527
708062
816937
849698
649337
889459
65754
638697
492145
625337
264441
920863
29287
779561
546529
432295
401554
467485
348180
86595
536126
836855
576024
858963
219893
804272
910779
110700
664602
856065
135544
103441
431894
655655
525810
147217
821097
747095
578845
765884
83106
155390
493244
191299
574890
105459
458564
808939
742010
44156
207392
709678
690989
485754
960718
80942
749743
640306
969638
287126
590165
155320
452155
949584
126343
79674
495066
130140
546200
306406
659312
889172
449270
640761
678664
203705
383485
503910
127537
99832
432038
768031
701757
99391
378716
588738
720998
386615
441263
406051
195212
141853
780897
892978
65242
39616
663646
262729
134086
102745
260553
602133
780854
367490
395314
679262
250240
133845
814692
631732
46986
21474
387930
522296
470865
736460
553361
973124
990981
429376
164664
501752
223888
948307
115076
498722
671607
494008
807584
16905
99545
33691
360322
667670
627861
144988
71065
92000
2761
375915
80546
700434
875957
576700
154970
852027
767805
922023
441998
71986
786701
724448
990542
794788
517271
64398
778368
673404
563896
601737
189456
638957
752568
27573
218821
241055
200688
576694
935855
33011
138950
622158
77372
237877
587860
439578
132779
32477
194535
238566
111128
124034
47523
944552
297973
738268
511812
122848
222681
122228
995263
116682
600562
621802
25991
17916
934103
446691
712299
273378
347704
646925
92316
119188
227191
519312
846157
536785
181071
280914
332723
135899
798194
481767
921580
589358
476465
745044
295612
720094
580309
926334
968818
850316
706443
609396
836009
939780
32699
129238
697962
256503
878905
49184
329839
835920
96276
958679
315970
214452
903629
402894
659076
834971
70178
213781
520714
352262
447239
886015
325282
469468
20470
582031
670387
40933
721565
42494
838530
542050
551222
163244
785489
197766
92917
207137
581986
579285
277978
489406
882393
19736
541606
745604
872511
807674
198250
749952
755939
311875
974586
876562
702683
389422
142913
482201
195240
822952
342255
498750
409783
228392
623181
414937
678532
936037
47664
339907
954457
930361
732556
487225
772021
551504
185312
101993
571207
639884
359503
402525
773209
984377
149391
289153
524426
786856
150394
359698
630708
87210
418050
821797
840812
86954
829186
196113
382183
529832
456367
121019
532665
252174
907629
715196
999417
572912
955070
307505
308801
405093
54741
930078
51474
618812
80969
668543
660436
508189
803493
460333
752890
23102
234140
461034
690820
334270
503321
886537
27166
136226
313141
818045
835238
197801
217538
647228
233163
545933
238916
853007
418705
388569
418751
395641
323056
320546
539052
258689
285148
5667
507141
743262
111968
371833
81279
985919
99684
562359
31832
48436
67149
941671
856006
914876
178499
322846
368719
944619
84942
427771
964790
706680
832025
485628
197587
584033
385241
966716
124220
214011
190599
934925
630431
392730
280649
943278
305970
392728
997679
850985
944449
62342
943832
402892
445606
56557
53493
551041
11287
925567
785509
503692
609433
570335
114560
786913
520211
393226
766896
433504
774013
938720
401209
18734
88951
160979
491224
425713
844342
102187
888841
101351
899929
967603
223267
474276
715930
444035
832223
907750
236640
442411
603830
416342
431088
959161
981032
386846
566084
974248
573720
648097
59124
361445
603156
925659
62289
767807
370355
811991
621841
135082
564248
947527
693156
307887
650899
308867
771557
616884
904678
459425
401260
300899
914724
649709
184192
650490
544757
379077
347242
590383
835703
854356
619044
788862
359103
931241
523120
902352
95165
733043
920262
658633
872573
176731
91045
436079
677834
233278
591499
718642
275885
102726
378304
767068
460627
340388
927052
406934
77260
140523
320904
643156
33200
350348
485906
309086
104796
561386
417818
895996
196122
342425
741401
547326
322463
792760
10146
634853
938541
843368
381456
601073
110105
592296
4575
1672
231
27151
893271
166656
470609
704293
959971
384905
576167
276061
515072
708666
963728
116403
593233
95606
781230
108190
458191
896251
323935
653683
751965
533127
167072
406550
747129
345639
55181
869149
20687
484125
478276
178754
456168
991661
660647
904837
212543
863556
11071
487452
671220
972038
310974
562776
891354
162610
243485
737558
527851
999860
876068
687262
30939
756424
97416
155931
914057
721990
644846
78647
690258
11150
462
78291
477056
417808
367411
324576
246368
521272
599198
546077
519281
745525
187786
789229
571896
752293
69515
394452
623345
381343
115728
680654
347552
618396
769671
701772
506885
129090
30239
954507
461357
652239
616937
682003
73573
595550
181976
685706
918794
508953
688039
533426
923708
867452
498073
394054
771953
635265
647836
147948
146981
705646
25159
164182
513839
399095
304002
622203
538671
211728
691269
441454
790628
214420
205241
769240
510234
897803
68602
821463
597056
654619
519486
758833
83416
509966
441167
738614
940743
551996
949364
648178
711372
128661
549678
934796
295117
566285
629470
654911
25037
221284
477188
553074
362491
761937
31010
386997
476324
155018
631551
445402
220423
696691
151239
128558
258697
674401
889999
401299
147903
123977
50935
516795
67945
889801
612584
510083
622335
747027
229693
813354
95778
502834
143359
533740
765365
30778
310024
847231
813061
553616
313544
49193
65507
171155
462182
473852
252051
10918
809342
159279
14045
497948
204041
95707
486464
948286
736410
836431
665926
125947
647173
809616
927539
46637
831706
321136
268631
996228
127887
887945
784707
63505
973372
114775
47768
465521
238271
572911
130043
828180
266623
141792
449444
497705
877390
230501
451286
993640
110440
509507
800425
528379
200664
467205
141251
943946
851130
731090
736485
851618
779291
354344
380705
12609
166204
840567
366442
559360
793334
484636
215428
976349
966455
674744
949594
541668
991850
59309
521198
179770
617397
536309
528682
897478
395804
185758
373462
645564
48771
426662
577123
460231
915856
109166
841636
190483
64687
927326
463644
611508
768495
772502
320306
952822
345033
198732
346049
518978
834881
221895
342476
4329
822758
740343
264143
103376
548787
101358
992304
771896
899480
125887
828820
414633
695314
979442
470927
131643
853815
67361
196083
972225
335694
876722
700489
881298
671898
878385
499678
496757
945336
655944
825524
977064
54046
773790
941914
499149
70595
847818
405590
791154
218845
240947
346750
601852
706566
867014
317542
993391
381048
205970
386355
656476
677943
474627
832654
648167
711566
350521
547316
385907
965169
329924
703659
917101
795585
609278
749519
874226
996975
693445
997195
536478
594424
527060
479523
565298
412430
928190
177133
933473
861975
506246
37792
791223
840974
472989
814596
977638
490632
647289
894601
856303
75985
465038
412084
202730
722293
736747
6580
187313
211674
82548
204627
205679
956874
711864
9992
732288
819215
884462
751593
729413
95927
955281
379837
942088
410679
923157
137327
147846
493932
160004
991135
275933
886140
242810
545235
872147
114331
839929
164171
598656
333674
617834
224882
298010
385658
298033
487664
758427
663982
500459
421404
864977
515133
771847
740495
479426
947479
149886
662036
96633
31583
392432
786427
448497
935383
518109
150669
905629
812698
145212
51225
896274
879426
578363
796077
902738
440169
215572
923489
253942
959437
94857
914765
890999
63949
390076
602138
274713
860944
319341
289014
848180
2373
787472
353697
760480
68292
50506
601317
776892
137427
799176
142498
90715
990981
100412
640071
859340
790846
163701
163677
143237
409361
702170
720317
606187
944330
375427
33442
920001
975943
606325
478617
969578
377089
663415
357973
126684
908905
642965
624415
604131
248621
820401
589930
534607
602649
573760
13572
14780
506522
737000
854825
857340
181663
881972
494770
159459
224088
236786
821035
375790
55392
833386
915137
257040
78199
870779
12186
508763
367656
380627
654079
766472
568202
210762
890036
694371
977313
315356
436585
672533
961892
855617
571721
806735
682777
564523
436143
488593
795037
334364
911864
527508
47232
872673
990003
739482
546764
558702
73781
68688
602342
776919
209738
891164
128142
59241
634822
799561
812097
680419
914873
105997
884862
979732
791168
7219
591589
158290
880824
65961
775674
552916
169742
203112
738953
774381
526002
813627
123940
629222
747562
927919
44104
372598
598211
535126
914014
256160
513186
307895
197341
614441
954232
329045
285644
562677
871892
84250
829285
530365
284498
529633
518485
103471
860849
230109
685409
788771
222722
990824
283234
719349
530941
659628
877425
20099
190702
8296
200413
879812
912204
731552
563161
708035
68778
61796
166003
222904
135175
913978
435903
863233
975936
654250
323410
770242
388005
175719
413354
212886
343016
481045
128299
485488
547185
223099
68804
908243
441679
571207
816304
513642
154442
631992
642841
980100
401172
240940
339159
350832
984286
642758
415509
966193
261958
690939
755924
409951
466477
420794
644553
869210
702439
101174
676066
899307
919180
212945
980263
723192
613483
708966
16699
752164
465950
688627
711233
843713
131193
757985
611611
303731
739100
794290
677389
783266
723496
981574
893312
256091
319630
753354
599395
121604
834307
856958
405420
362298
16720
164960
335292
327753
112005
746746
702497
800967
514893
837893
487157
833037
316381
840185
232227
453715
476807
369714
789257
388455
542699
72896
920825
344778
930572
230475
802714
457767
490432
463713
205676
184625
646210
980574
318697
282583
593506
90743
697606
552871
648155
322659
343513
734973
455621
659366
30292
85413
940641
486267
761071
791957
824914
974173
688740
647424
346347
337778
133652
125336
735715
57045
492487
78883
859173
473342
708753
532921
682500
261584
955983
405335
247628
139071
17873
325219
164660
34396
690002
852413
101871
361727
862882
168318
598881
496464
390373
4880
423663
122930
246900
301802
574639
646092
690849
920038
55999
132148
397975
937216
460785
684026
342304
4973
366244
197519
761601
345558
443758
230737
262976
795952
306165
66356
898438
411897
295453
219086
429918
121232
757979
724862
754333
350769
942696
18426
499996
971213
192146
359285
560673
895874
18476
40169
277148
667900
771110
266566
440397
471079
89975
147959
235459
307920
458742
38861
218494
983447
290057
955914
731382
908115
890612
458764
327093
579330
262419
256661
976351
539179
279587
56051
758162
887314
325242
542480
472168
407063
913559
441688
622425
780268
766996
375426
317182
688817
375672
239038
222576
312942
54505
496057
400847
954092
379070
198672
41694
81776
142323
190351
849292
932181
154230
68772
559950
71429
163550
352100
562471
922836
855355
651705
585161
51513
637832
668648
497493
715433
657597
777019
247615
879058
823489
811663
215373
762801
79997
381244
97534
149840
764364
943260
687687
880160
276942
564090
233401
284014
931164
622617
796286
331397
474645
755422
211714
13409
622359
908251
110574
672651
213258
81080
748815
197718
288662
892928
465237
599796
648180
692677
811128
703861
94178
546737
331957
839070
480432
748331
367606
164002
309432
983458
621840
856384
726187
708665
485734
552312
348549
348815
684267
460395
821794
411242
514564
297998
3627
148351
237259
173578
575209
573024
563504
290484
779834
517634
176890
208548
782432
450730
598443
606260
513399
34292
331522
643863
148607
288832
810394
840979
146775
415737
347056
197404
344843
722115
173570
394511
169348
563009
404306
441671
568094
207424
860810
133984
422423
18691
138233
335558
948514
697899
784187
347192
375003
697283
185015
704095
909590
373478
827842
842693
705104
791949
116770
416500
493767
544505
121581
563500
32358
709497
670351
701823
696472
916505
413481
786829
437053
597927
502743
693016
768378
955939
635146
941315
393643
743874
942548
362156
712564
841823
160835
350946
349429
470911
34852
109509
148571
412479
256681
615417
990419
65948
674533
710150
945178
131807
459443
637648
671216
314275
625527
1005
81771
527300
604540
772520
717928
532262
942525
351698
45084
481247
203903
339199
435528
746626
862235
43556
395467
792841
814042
69323
983953
350238
928760
796976
241066
25094
942347
345468
522357
605739
183805
300955
550587
549892
455413
587132
62104
50211
687381
482980
419539
483994
189532
780784
398671
620875
555370
345253
985307
912907
813028
291061
209380
932339
487278
911505
663178
500675
966549
386085
904015
511090
88655
390645
951660
634582
88793
898130
553662
554092
293952
823224
988253
79685
918332
458759
817038
983950
205750
290844
27022
352314
636459
537036
732686
393678
129640
82429
29055
129032
107125
8352
292931
601389
305998
48654
993730
137646
309516
525630
548318
545974
615587
582049
536446
78163
698820
82394
747143
441534
988515
495069
749097
271496
287635
972451
261397
680995
308365
938183
180749
541579
578383
15169
853651
715983
335585
430332
556995
71616
558963
106645
310781
928692
614306
25586
915002
162615
983897
459005
105792
333328
861972
756924
234416
535019
263168
431631
882173
792744
962814
61381
32503
315775
192007
758170
382469
22797
631913
507921
424113
651072
748976
381354
728286
368156
953760
899457
334740
609383
765982
521475
644156
816055
890670
238733
935719
504278
554518
87395
407752
707151
228578
919241
481666
157848
108289
506177
943324
366747
166797
263970
401106
378723
546344
873810
857221
899040
809537
76640
649554
659926
570742
731264
131903
236328
770324
400228
66321
77885
330745
993331
820348
679308
947675
660904
597618
223050
540513
641802
806685
327981
966575
896195
27815
446299
660351
603872
469814
835828
998378
681508
402934
933945
725831
115081
551694
84247
459946
716884
836852
597652
717262
953364
258972
976149
139661
941687
412299
700809
572555
2888
113099
633654
209203
841032
678263
93982
711705
160872
81078
149261
226623
307937
961476
912898
326323
899057
52780
138744
81237
87859
501842
355087
674039
395033
423340
300572
175453
163272
799441
537418
576803
731983
257962
377643
426814
808645
570693
186527
71835
70143
714184
475167
624867
458859
379074
431975
893408
907405
398621
742718
925177
158995
801392
479843
682393
341142
816049
718870
944750
191792
791879
809151
163534
852404
582718
979327
620979
22158
461844
362386
734503
194232
407728
457886
49019
785558
249970
405978
631665
205744
591845
269918
627769
335433
663633
494083
302296
515936
335918
826358
824293
524547
503923
396446
730606
992586
754571
917607
614263
82807
472937
948587
576034
172264
814259
13501
504042
260982
521433
432849
157577
181870
705801
270667
518394
513066
818619
732450
669081
196811
931623
867249
476198
418260
557207
308506
93672
713126
419926
818455
216366
973908
279752
285087
942193
730466
89747
320113
464917
603743
550011
49343
81358
551068
631820
743930
202719
695816
254768
878902
860670
906217
933536
92730
61588
15033
431735
661799
200352
367643
677154
219587
142907
788856
336308
880288
845686
645307
357974
498989
222175
570725
731868
93273
60003
929677
163890
539167
703757
848120
939573
336435
106093
496273
896798
491527
317012
848069
98393
858042
343163
919165
110516
819486
879619
950777
495347
623204
523030
545094
465856
957350
222765
598491
409407
619793
448940
587926
97152
564397
837480
887950
997326
426251
446280
688020
926372
536650
882633
345099
413119
30533
619931
486561
290575
240028
586601
254313
244167
81502
216502
815127
830035
618256
853731
247895
802921
728029
130573
352778
467577
960537
761043
209374
602046
641843
785205
774472
225910
977591
140375
358753
694446
624574
245797
748378
835767
822515
13393
948125
141045
503362
315448
923074
541717
615902
672163
481131
218526
752431
588586
337213
870881
81943
722866
214843
843787
896032
778838
909120
481433
779524
754787
14745
775274
631767
629054
44029
391408
551765
650337
959658
546880
937924
591874
233437
628170
590598
274196
323757
215714
750013
159142
623300
86140
574042
338154
795259
342839
790213
598097
74577
83280
173347
723857
685128
590839
605574
945736
12253
235262
882807
629114
291426
524718
412376
311735
922105
474356
769273
446744
261039
280121
254202
11495
804402
655
191768
262494
15985
190151
392917
725832
87630
117471
303688
648900
697602
306328
330750
765481
665294
637030
244684
441347
141338
452737
842099
153082
183788
15705
162030
990995
601030
161574
873626
305488
62940
486685
67906
292787
554416
864574
524231
431585
833484
162634
438696
965345
333404
46099
175924
823299
163877
556971
930505
504477
998310
354174
997447
738289
637641
927484
224087
828650
571974
429934
222929
45765
656341
677546
983887
833549
441613
796450
967756
796734
889246
503510
261431
490699
881383
933610
100058
744508
93301
483986
664610
931247
527322
973417
203594
103934
58469
330593
855784
779905
255619
81749
763924
145578
709617
32059
476017
437711
588189
973429
835609
548229
572825
470150
402921
286247
13370
896482
989222
595446
662355
612830
105034
179162
593289
536326
449839
235719
691667
265037
613271
689595
934737
397407
168086
220003
612357
314707
296988
516574
32498
741692
828259
377305
864719
259102
409649
450393
379240
396734
32778
642071
246738
677139
474038
903557
263689
805784
944554
122799
573608
712515
610070
126973
662083
914511
432778
523349
205988
978614
458118
222365
5793
969531
516572
419614
42647
429347
370948
774788
327045
213571
913532
548801
659079
637941
91226
756050
277036
625252
497840
262682
723191
131975
211098
15402
792623
553643
388006
132322
960995
333416
528737
565360
268734
635253
165882
449271
901634
363864
660693
619532
391908
667702
520943
883354
730756
511624
649193
223077
744840
568238
800755
783659
953300
635486
835798
737575
704488
409397
826077
822447
107925
181358
901857
121853
134045
195696
549552
685258
137894
889601
789850
880086
942683
61721
158167
931013
751136
537041
777304
89699
450223
846842
48616
952392
651540
4106
135487
236055
999553
628402
767076
124832
594831
820043
996859
943973
924050
797294
206450
148218
769111
248610
791556
42437
662780
947568
43241
265829
636844
514771
380699
427120
380023
391628
9924
815380
402890
278673
279817
687454
409103
599781
216429
592537
96612
800835
813987
642127
532592
300468
884149
793131
751208
489216
331530
846334
541597
60993
885847
827488
958462
485523
816485
492911
173682
223271
439354
807347
908682
994359
486631
910306
662759
650836
509230
312703
334440
701083
974925
603868
356429
761030
713451
159681
664237
12126
220190
618533
765520
730254
921751
624281
729962
547987
747051
383876
132661
413776
870974
297289
2217
800830
857166
608197
513435
924353
212057
562868
479792
201045
147884
967155
494524
45031
150410
765792
529339
987520
748213
83293
701290
821020
212124
392692
55555
466777
994080
568916
885012
470283
304580
297658
509755
13612
774769
764843
340032
441009
127908
131293
221391
109239
311605
631926
153296
96860
780485
51564
694821
123307
972866
941003
615423
671855
596761
562965
539293
132392
357114
76419
610467
628572
723201
594858
888019
67396
739782
259961
808042
892455
858626
10398
629337
528965
51036
124169
868830
177257
144911
517321
435071
238946
147898
407698
133155
180363
461253
468703
970317
65989
79978
627060
116917
765382
601831
846653
961797
965963
251583
251538
624237
841513
921383
41628
551331
267585
208276
883857
65851
787282
109087
444763
553182
59625
235025
457302
400746
265459
994513
993272
352614
357939
798119
937484
313888
89614
698284
329815
503461
117700
479632
811611
414685
914681
389960
515193
289728
288881
918034
503473
721081
627611
253158
877638
212757
881412
558971
155581
856488
480300
391090
492931
792189
232950
2979
420334
53751
968696
737155
105628
559752
167731
661551
746680
631437
852700
737239
786651
908805
211929
580105
357710
977837
243783
641113
571054
773433
620280
27755
16936
901296
66746
511133
509604
983460
467218
569043
55167
918989
50184
506720
155760
973314
150236
290189
671628
517139
873558
588042
168484
241093
631035
798127
183756
897707
608667
775597
716663
790173
52232
980181
132798
79896
95073
870661
407551
331058
432140
314283
688418
860856
100290
332599
197623
135142
219139
831521
850043
294529
671531
156820
969338
40277
318685
124534
52750
614407
423579
414868
701893
663446
404600
16815
257441
645234
110628
769373
734264
507321
990055
688670
569660
333130
941417
898940
339285
62600
215341
911389
157226
283053
48798
726505
422719
833160
798594
804498
226424
559316
3787
510084
645052
387767
752908
170731
534581
182548
316681
199707
407155
96141
565607
718113
153392
597400
302850
544484
348462
577532
197853
582134
424061
142249
150388
99645
469017
532658
801774
875128
601135
187304
653743
4720
415424
336660
317961
447294
443039
34896
296914
762611
402452
836034
69136
919847
718883
236022
705041
709921
859175
391703
909592
280096
419927
303882
495217
803268
623210
971880
543654
747292
775447
872342
757514
368781
912886
760450
921330
56539
121538
402811
241412
528087
459199
400493
381223
277029
353656
771192
642586
154473
741538
292333
756129
157326
52957
818277
995993
167922
761304
493565
498669
77297
901331
460017
875297
282573
381568
869524
341067
727159
108803
696361
679586
353405
481689
679458
852783
701135
42452
393586
29728
94831
762052
104145
973819
489717
405554
422092
742512
127740
730822
329798
865095
219309
60808
833231
6072
735141
950339
532318
956633
164038
364677
463214
363762
564311
375236
663475
719148
618969
348763
927928
748328
629671
472433
980439
121581
361224
372795
569364
937337
992789
625303
488022
141816
934913
491609
3970
339987
854026
272739
42421
261343
587387
157485
798046
12534
708379
547685
861687
627811
982070
554672
875422
491063
250053
421646
307156
598520
202492
619739
265744
882297
327985
366513
74497
748165
101668
789227
734623
209589
822639
811973
114861
82273
768267
879583
66317
237491
605948
40480
322495
80151
982490
360567
111352
321550
955518
145533
903259
452514
213125
272439
120726
280884
418756
238071
927836
886513
293256
925281
103610
79843
241544
290763
853400
667684
374634
180094
272911
846061
538606
63834
57249
372364
511099
755733
208601
947956
37828
250723
481280
796398
965399
731634
882937
526062
228802
439373
402554
29696
809570
856736
182311
606177
708169
171803
947021
612714
682955
378671
745143
327719
571749
292277
262833
130246
616587
703534
30807
648107
921357
537765
338776
998753
342565
932721
291533
303978
559071
41878
782832
324151
94757
369675
754426
313075
62438
950231
902813
521785
567651
876309
846171
265383
243606
80662
816449
179658
896319
95589
787908
522552
318284
153125
244534
998653
396964
597591
599973
183085
568016
932984
460753
