830570
422735
229897
21317
316005
843720
972279
153114
999917
584779
667111
525540
559313
758630
361551
487977
17827
517336
250002
175701
876335
864579
489414
961981
303385
62527
623713
708480
817554
500555
187585
235721
324662
235102
331733
73010
192582
292828
245547
375939
499773
771556
969430
721560
865872
741510
744443
737184
264391
72978
448825
643458
543091
438539
690290
202842
103307
405307
132730
88032
98727
490272
844508
122729
935320
530500
945539
347272
746658
310186
497420
101901
493847
360804
404581
273581
635345
899650
979810
780162
476939
984804
251548
356649
426844
937201
738566
813129
33042
108832
605454
559603
937127
839924
165995
490597
81378
578692
353545
790761
700813
413432
684751
570779
749007
82576
954569
648135
152421
709342
529591
145072
64257
961300
937841
291310
728831
398648
679221
391855
663360
6900
95183
786781
285733
366857
128483
371552
729706
239012
262682
613371
751644
973577
984615
495377
378360
3500
715061
269130
479522
321822
798511
305617
700671
365156
514475
293557
859119
523684
306100
768943
419690
593785
457778
415683
280182
644133
192504
987647
249602
257254
161066
910176
310115
831137
537225
280084
563624
578427
83805
279771
532635
667591
415678
950279
140567
710297
954686
26658
388801
471865
171958
687022
353252
813876
573548
56135
484269
626380
263646
959141
652159
718415
650222
270974
908276
347781
351337
862984
421490
129859
938549
531292
837285
588316
790551
598006
929054
629687
218783
482265
55816
22460
984753
206607
501954
855656
207536
360590
850014
886721
471752
828342
145718
677603
880408
759479
948773
922744
401403
243472
650793
6406
160754
220210
288211
999778
136047
465667
561256
350082
412288
26558
370008
783664
131990
438775
393560
888091
988402
491644
35998
592136
98859
771544
76281
299621
994398
847409
859082
781246
338162
698833
970851
267144
475846
137921
170938
827675
184250
845457
668553
866493
143575
592309
690054
995673
689436
968522
687674
383119
58406
719990
760384
704357
841722
77356
536861
438363
739762
881743
784758
129563
907331
719022
373298
45007
377639
536110
637997
131085
885611
217733
653461
329262
568087
438562
932325
702140
525173
350891
541756
733385
809280
443678
93977
239324
124971
715033
41653
12295
24202
441460
523901
261972
981729
434188
1579
887006
16456
735323
479744
711355
382519
808387
187936
843415
181108
892714
267978
933724
920726
454398
566898
488781
772852
305113
886076
817586
363311
447168
352791
368814
672089
96646
98740
968940
817857
407566
40162
838904
720477
218541
317128
875946
417298
914350
807486
447932
715362
274671
935624
972605
673074
73448
827759
888223
662967
213004
966846
436778
692605
254408
241110
542803
640404
285992
117486
831783
409559
535577
551531
375906
251866
467913
56344
622300
916463
189994
368706
892835
852565
385174
42227
80036
295486
2509
759305
624706
957692
494745
515186
757065
748103
402643
13957
405948
403181
949502
60736
498442
33430
535312
2778
823071
925043
450001
928965
107479
656579
185309
988162
276046
941698
496323
446880
624979
281006
84944
415122
742075
279990
470118
817580
223121
748034
436677
427962
161195
246297
697836
103421
67736
22131
251800
60099
360117
361628
647979
565026
825247
622722
361320
975504
798210
629339
488027
214562
421072
752181
370774
116191
281422
671515
639061
643393
378952
271521
103811
434247
891493
377933
514838
246841
200021
533218
487253
687354
97702
107530
840441
782403
330550
186911
324593
182530
926339
13078
552064
636430
268447
402376
896258
529349
739071
279327
741708
396676
241266
792793
851056
177794
839214
785852
735071
469897
754565
643991
584682
28882
868919
435760
910817
474557
475234
306191
22620
797418
355285
125222
943960
689271
834690
725211
343480
662550
561617
386676
981549
466185
963793
426078
703217
509117
707145
41178
619949
223104
604269
56325
213371
981921
928748
429634
403397
18339
674790
442565
256396
169373
632763
423231
335173
192305
224319
921121
354462
159015
517962
373071
153566
450021
690987
845028
780010
553869
370044
267227
339683
941811
591568
414944
647085
651385
950473
800756
659019
460042
431623
273655
88486
45743
98555
192213
213101
952209
756569
771920
856085
89932
239212
469349
837378
931307
957379
510942
579582
474630
346121
538483
390309
353141
465458
850142
22116
977904
381010
20090
50198
156101
111368
484951
535565
257780
716183
19548
430450
441962
144276
127065
523204
627800
890299
474729
560764
644848
54301
140928
450129
643452
358965
608151
932887
932955
704984
617585
408195
731864
609546
602056
508489
642984
106541
123865
156454
851584
538900
919945
220666
566033
168501
357939
23629
538465
722045
334287
609970
841991
229694
190528
893320
588355
208451
287865
182237
25719
643973
60685
342894
131654
593206
832531
406026
994440
253242
551730
571797
765799
551797
761551
330023
992089
917759
907472
695636
168250
173172
63947
614151
817541
371625
386960
990407
415983
535865
901263
685148
598048
31293
924776
826058
958734
132506
453646
958204
55096
53427
539350
166652
889084
664575
342498
361055
921878
424886
807780
392894
733430
303718
634001
874718
798397
688418
695076
594737
262931
545177
324300
484598
818663
474116
222772
679611
231492
636537
439660
398787
383437
797405
927801
855554
566229
694903
670390
905605
141213
933919
260452
631086
137515
941909
102038
83293
543299
676269
203122
810475
550277
4072
517668
853328
559458
604127
903589
367396
212412
734169
245987
545346
267354
910139
400078
30473
98501
953375
826815
85436
345601
15549
315652
679945
541803
384453
286156
104679
559020
730639
637420
655960
972439
913706
195020
978830
402853
421073
973937
147690
301066
596988
534823
398751
416371
99666
850698
473141
241695
139195
747377
366122
744983
796244
32120
211699
881995
104636
138537
730208
256587
430667
600646
431517
518175
261987
565046
890644
53891
163038
520970
332912
31490
239079
472042
838653
144685
892836
317088
613803
83960
66385
4993
713074
107634
166760
637875
960335
883360
399356
724704
463404
658548
81830
86198
370013
611439
896534
594903
215175
513360
772299
671972
234843
406327
593949
951649
614656
394395
391415
607045
558095
921317
668003
796129
53559
403303
875390
786282
486337
760316
945866
386789
374127
497212
833506
683438
24573
218972
710088
831140
943881
531745
182234
454900
700686
596991
921124
907841
786316
86034
448207
938925
107524
62008
183734
290055
597215
401865
345881
878225
468590
29044
879210
865324
337868
478391
54789
509986
357280
724922
847485
905488
28991
595273
454545
497838
981806
718956
153406
38269
909765
341989
514478
179788
548079
693958
821710
952102
44301
518380
700221
832475
36346
102620
877472
252201
441641
256248
932370
383944
48683
223133
545209
918287
705166
611036
802932
792838
95199
587540
410288
614921
418447
618985
940122
259797
268915
66595
891119
229938
358117
999205
604207
405821
595656
770247
636911
516625
291369
737171
614094
141394
573698
60121
254143
637589
860696
902191
983429
716911
550340
548809
33790
804313
972494
680753
461462
602813
378100
186722
121628
795615
268555
805447
285169
190315
310333
138891
805853
51543
387760
545692
221755
390068
498312
213954
329493
477783
265474
738710
571210
84702
470657
290976
823148
879073
583974
898001
109094
700535
501272
57689
806426
666978
208995
968294
339785
415000
528316
426299
988332
538350
469091
270376
860511
663011
575393
570987
873085
777543
913905
596451
604039
40071
211195
730925
275581
102357
357947
453982
852431
800952
544640
720027
681133
270381
369873
543575
779451
6521
280810
183722
592032
766668
922468
420811
981182
655571
832370
5802
757308
569883
642823
49900
79486
364893
854549
299460
411446
987306
329521
459115
533460
125876
320787
933499
142681
899126
414521
136302
865737
35969
857642
337326
262335
157925
227416
197272
353626
829688
785055
744530
768725
873542
798954
974981
367861
724885
72180
916153
252635
582163
949420
324044
733433
784542
975282
111567
687713
825776
533695
893629
85305
777445
906337
241049
644299
538347
722659
873379
164089
101509
963467
629494
966030
123643
344892
254721
478895
881698
609276
846560
401712
875716
796368
74454
765251
216299
308804
413609
690955
548559
456711
67802
463950
767321
542002
31808
247113
256019
248617
56832
887134
929007
531098
249003
157673
156401
916515
311348
662384
613113
840656
150924
78072
999473
741762
22428
729588
231247
900075
154975
821337
724359
605045
309145
667277
926161
595394
963447
185533
743570
884174
563140
896014
352106
863345
255878
979371
169561
253505
173939
411645
861134
630101
662419
451065
680974
988324
248755
49554
227133
222411
243971
27024
915660
202541
234701
695225
197696
290037
10322
474731
457627
559159
651075
553291
112681
23156
649241
738456
433128
261180
372497
931737
457365
809774
426056
332021
461135
11995
572590
683553
357034
430281
583850
929267
925971
658899
210570
494038
766811
508461
64101
587670
165794
375558
420176
687067
145313
424774
892217
858099
394067
830967
432995
748872
76289
283200
216190
745009
162729
861451
717602
300323
553162
204872
370920
850568
269327
295307
187877
645736
245525
200081
753028
860228
643099
739040
439167
678274
115205
165772
247610
375810
433165
226773
2620
980814
765830
879150
547402
725680
573838
393561
998178
550430
788880
204269
390353
735313
555315
892410
72561
556788
437987
632899
468867
380855
265018
748265
699941
220994
843210
710697
596656
819783
179402
844476
255856
232112
771226
796381
698560
613304
964212
833767
783874
947094
811313
703452
338937
868243
328309
64066
116099
560764
655225
917671
49014
793396
395507
263686
187989
275617
327076
726658
475758
525062
927422
537295
414420
503153
387119
799280
361077
87243
816590
305114
836759
196301
693921
740792
465651
256466
207753
453448
356398
69255
543498
892259
986416
747966
769723
881305
327459
695010
133446
656058
498186
713093
481693
765234
417211
985685
37562
4364
71419
500398
776464
133143
557812
234377
663443
872614
788245
874705
260641
238576
694086
800278
946060
114904
425479
519707
155397
4168
42660
108937
837030
506678
608215
207303
299995
794057
416698
577825
31406
901332
464039
735077
980334
701184
557166
649421
393980
728585
693042
188566
962482
41951
920864
793327
343920
995692
234829
439117
525252
884213
661483
932443
281461
993370
171176
813967
998189
234679
712740
449048
447488
481325
308556
708659
438877
48827
67992
359261
59088
782725
78045
442915
4913
535159
866895
214485
231917
775299
735255
457561
442670
212806
467981
468955
148970
700872
346899
306402
23493
213858
610957
422782
178852
116090
171136
819934
864015
373610
815046
124222
269250
252287
362923
711933
560977
512989
565672
882764
171893
256384
53561
458946
925687
132573
96861
464397
541047
212711
913514
107140
368921
787181
234890
630999
655821
28000
121750
692392
714426
53875
145101
898162
865479
532379
9585
714279
527878
146166
988862
939353
297532
931336
680648
321038
269521
896032
60784
527094
515089
261209
276546
638840
390812
434300
779054
215336
793520
478275
869409
341846
357905
862264
128384
948928
81939
791164
975041
4391
194692
252644
314981
532414
849144
731838
139158
141183
20401
912817
603225
449625
148395
294530
928367
791428
118466
476339
68622
234804
905665
578758
41399
59243
713800
282143
889204
784361
917529
231623
707568
347135
338495
100365
317106
415874
258203
789255
273591
211674
104140
927350
233196
174458
460026
613895
191045
541610
732288
444726
788925
70975
555380
854605
341418
750509
946899
498315
423932
429491
138126
703199
427986
886836
810859
941139
186296
563750
327258
751430
748097
192227
622357
617810
69182
883549
539890
378764
795096
303087
501320
888553
825359
170574
274172
881469
851727
56990
994215
908895
778988
476577
291557
856105
85051
565066
487357
461532
474060
894704
377832
659360
617671
515742
607232
260136
315874
313479
274054
731252
323388
781974
438352
649712
338521
572964
250637
189946
312315
834819
986614
605825
454553
486327
869587
932937
79614
12676
772839
317706
150401
815907
911930
347576
623389
23886
221889
329694
582828
325371
538923
723108
425541
661029
316298
60207
47854
971269
403677
728167
413248
931232
110902
918676
848150
129274
613452
521186
564785
879912
404319
947011
617388
393475
437764
338995
561046
221496
723084
782423
401329
955069
344469
525439
446534
789086
951212
639946
537955
42037
778269
75305
580403
901560
46618
770492
505720
260076
286532
721048
678375
771576
358680
103786
256543
956692
161913
976053
341128
440672
353174
110135
1413
430673
413623
179369
309461
650246
428330
167654
35019
595961
587396
344035
872488
990481
490454
129628
118226
117524
205038
528848
671475
267449
57990
384482
160689
296091
362062
301025
220293
525578
706961
689761
770746
121276
357894
792968
812484
338273
980278
350373
460667
291476
831236
637690
789682
988525
928350
397530
136440
39219
235839
184813
616491
318831
646942
960657
301491
680859
240630
754395
77026
328826
249843
357691
522726
838593
707382
860861
147241
392499
324677
218924
54022
489546
209682
327185
193575
869201
273190
284953
451391
851023
3242
383636
11297
828445
600594
137754
750652
568217
295463
269576
956915
924787
507055
729000
511837
716964
438906
317551
962262
557183
235660
703711
885632
187680
63074
882637
236826
366784
135715
9661
692986
91307
111972
704105
733930
122824
855192
801633
598429
197527
236819
440396
145741
536378
404217
905292
62002
929898
554759
844224
935264
886026
476669
1891
776126
160536
89895
393937
691550
302016
444679
368106
241470
589835
513697
163151
704090
91700
818339
690889
180524
229211
486830
732106
577602
146067
566405
247563
105721
305110
545105
458324
504923
351896
999886
26778
139411
114360
609046
358594
9
364819
765640
743044
693534
816051
438805
243691
248005
768933
385895
942456
100412
268393
676205
314214
58278
820354
30151
86729
401607
37740
868299
193104
275035
252653
539634
66857
296019
80708
631779
478659
724013
579518
387225
887023
73967
549288
504435
210400
588351
933279
387288
913937
141794
145923
625284
773318
85263
365642
848564
629994
884719
654896
380266
674391
185716
154892
956061
821365
678291
791294
961857
273977
487711
743429
204142
838031
116420
351085
289648
448338
233756
281509
939434
89912
296625
371567
518567
545867
319504
17712
913151
92306
956934
496615
298146
303694
233082
52027
972804
867488
440294
390252
490917
253576
515315
646060
269563
414792
126193
875783
668607
827879
813488
654077
712721
421585
363134
860912
949129
263643
170173
495288
930395
187173
295647
193428
80294
273113
792449
125692
599513
53199
541345
996690
234626
870675
211262
679926
726005
360574
559307
466872
578197
321408
426191
185960
334530
848512
528604
481610
91103
753754
161961
185318
516926
777159
151566
464123
226091
702939
457308
270548
79186
968871
332375
153714
916878
3134
655442
231976
856526
164757
85477
75270
60006
129988
401100
640877
410480
933545
620255
160770
356509
467691
670121
594238
867676
334684
132136
942817
770084
643768
579937
607942
389538
631946
288861
644114
766574
689923
950278
998076
500209
818323
946996
253093
512724
958845
572559
330383
934576
275484
40603
212854
597619
666962
512707
640743
758728
408640
809865
434311
168597
196962
828376
334589
995678
540934
741557
646141
336583
51559
824020
640562
789366
774762
730887
563015
544343
546356
734801
757331
87609
714790
64409
288863
39958
770678
864570
898900
707504
572459
99255
89414
845782
369141
71884
222999
925638
99110
213983
834249
619948
481617
171477
355364
935177
723645
224898
879744
706287
809734
867640
254320
359336
630289
996352
869899
660662
240234
301991
784152
515958
300540
679023
357589
269278
193516
473703
103908
98405
517458
827925
600531
869570
299540
892239
909574
180748
845345
640553
520899
406016
888391
568776
143066
927393
62450
165909
34351
342394
272578
452110
150822
80191
153671
293686
491625
35154
778844
927725
491417
15201
546717
637722
630734
730156
699014
627396
144269
552100
944105
989632
60357
748079
314444
155589
533062
482952
843357
449883
696063
751620
925778
557042
546162
228591
249377
90383
42934
226325
991513
417121
810088
643356
773916
161202
456560
711246
311929
700345
169323
560437
693354
341836
980282
717023
651623
194162
131878
457218
544548
946390
869486
116536
599214
569176
116784
223403
551262
945406
511344
827212
582967
79112
263687
434364
473954
471073
941482
476558
978307
932849
224150
905764
662711
48080
724885
710197
935660
306324
578544
939441
605854
468171
775474
528699
237802
705220
764500
69141
483920
339848
594570
195674
54922
418662
875881
355300
676611
107372
52979
273229
431286
307122
371329
440019
796196
958672
577611
482389
108913
741807
656279
486138
354332
793277
169788
706417
675033
553658
456914
598610
262413
650096
772281
432164
36902
543743
535938
231416
380116
938326
88125
46578
606311
986814
437920
680615
606726
286992
358288
793186
969033
391943
544655
334401
753268
55216
479555
543485
118289
510142
74847
816711
932841
791226
457136
387917
303454
327511
118278
331035
431080
260515
800061
629343
865386
53210
626151
34437
985328
468053
9111
662401
464712
274144
402061
793835
492218
537641
260537
374403
256612
798995
414510
989142
709239
406058
545828
857786
205576
330417
254185
934579
165460
978264
461478
747256
296467
345610
535306
55887
465015
178914
516949
164693
87233
654141
987587
558938
356160
608490
429651
155753
27112
404414
890034
472549
505227
956165
20745
641038
3446
845459
981152
440227
552363
342456
312621
33698
26038
853393
238525
997163
459118
321275
691774
897666
92746
606307
678631
814579
968413
862457
752900
265936
69231
522371
292641
904022
663866
711374
984338
721390
417150
670655
240606
806543
262401
997511
913606
442432
90471
597813
836213
327163
143593
35109
281413
570926
754933
662678
429803
712859
198178
180890
624897
802846
255886
824102
701103
33935
111191
157577
195061
216893
562354
324794
638806
48091
624427
907913
979364
505911
706105
392504
580709
26277
862845
452451
942431
588730
128279
481818
160261
544948
523621
901903
685566
48951
396121
469226
546958
434482
28086
499259
486947
645280
300199
735687
539774
617067
572220
625603
20796
606123
777986
864799
379457
431563
892093
802361
96384
433484
580100
508274
664104
513252
575930
744414
179374
689022
629092
217877
765619
884261
847724
835046
305235
181179
677809
240875
3146
707107
963209
18680
984898
123711
643796
773997
934845
825107
10686
190635
995035
395656
29392
200931
367433
936909
57140
522250
602694
38680
440515
906921
134931
14090
549324
558800
125623
974065
593700
609899
21356
639335
338085
759212
250153
534231
670917
368424
811597
474656
948307
926910
383525
718994
438095
768305
608474
188437
969767
612183
642746
247592
690570
541547
699617
341447
663019
884669
858755
909030
841236
764553
85401
556123
699620
788708
588198
866328
990567
359570
75429
548245
223888
428405
274385
575820
878357
472736
248016
96414
56679
662986
921021
160659
624013
103774
801425
886271
407516
179439
236461
330176
409685
716937
500870
648035
954395
542691
448045
623398
699535
869616
826554
932056
341066
89300
188693
810461
48438
859764
901024
530254
199945
509350
28292
121149
81056
656200
358679
757141
284148
804396
699559
239520
745083
41969
679718
819299
184413
218349
788337
648932
133585
675910
402558
954956
343636
341216
253346
258023
684742
719920
916797
418311
415457
326831
298691
817353
788566
548203
653415
220719
123846
797175
718374
556652
719641
600387
600557
755647
967167
703174
199463
324535
510337
330711
861671
401812
211203
195676
569263
118734
971544
295833
947611
497135
839234
220586
391725
365531
950149
499148
753462
356016
721318
193941
65757
755784
77317
927044
597519
12443
329364
546675
475587
358786
872755
61545
782568
80662
712938
363212
501102
522103
428610
836211
396718
526761
956672
211738
744183
76632
720319
202287
703734
773692
856745
446281
719041
47191
940753
91704
611968
21531
108848
723895
640056
228906
722235
612222
181045
129589
970717
887156
852372
630277
763798
846082
807659
106328
45488
886467
601045
688227
173785
772951
156253
593143
355618
223703
452870
99582
121427
552162
60212
52964
688552
827542
838971
278674
501357
282715
841347
230293
62129
1241
733140
382173
138154
683914
714692
635618
574181
893673
145210
247521
28007
430025
769374
262597
150566
147331
257183
12512
680477
283656
164064
611800
687696
986517
106368
698079
282588
975108
829764
404762
332857
789310
960292
358563
846928
953102
950895
229738
748787
523601
591771
910518
442621
825482
209261
153353
283208
909202
897025
607714
358148
867884
577271
822492
90426
441974
677434
250420
757598
438396
193966
326184
199882
683303
150389
673466
674717
560467
351966
296084
47855
265854
799340
424965
990383
58139
691646
833513
940700
35335
715744
421415
450140
989139
245869
699285
266300
653567
558878
691830
46981
970312
557172
925539
213111
279705
312382
633671
404901
183581
466759
711619
807597
382964
9440
431347
770385
564419
838405
664904
497719
223718
678127
335700
290937
340993
211574
469605
526314
63220
647328
356488
163430
834348
865354
610543
91477
863446
681969
261037
552252
954159
598109
982557
860671
947000
553900
225635
176439
529797
943607
112202
11372
554995
107875
590733
831215
456441
132742
267121
858199
36248
588531
303439
844374
682860
447524
969584
533815
962853
892291
746449
897014
419471
464853
4357
323259
859020
657603
463994
324085
177252
619783
924307
172495
179955
763119
919669
789522
334144
199313
779678
942551
361902
799052
890735
652519
146316
294454
865994
389745
448519
131559
635734
13223
785215
677793
33055
788597
978742
111131
107227
34654
158181
239208
446151
840693
879721
893705
966320
865334
602587
732620
365006
282815
349501
97950
649547
798702
395919
617780
402849
317912
179586
473490
12640
343778
501828
124279
995279
636096
73530
816741
209067
641480
754892
435280
286411
3058
200857
800035
374563
657198
29387
375401
670375
968930
680198
533662
749127
748991
486842
111187
794457
189759
292056
678328
930133
40829
968738
428361
107705
426800
459354
975320
395149
738693
152860
784435
181057
251225
783304
955441
258610
929680
470423
221406
621899
169301
207183
435328
212680
135854
60369
106438
624726
849850
838288
330188
740631
516426
229212
803213
835201
865370
977436
113958
349350
752171
204443
31811
729166
682110
943097
852136
697856
232558
65985
149662
852384
354539
27867
463096
175026
420879
375704
751617
463164
850654
846507
216067
772682
209439
266807
750198
256523
652177
48387
434372
794585
551180
33419
111925
742806
447798
833456
155964
645297
901534
138383
614685
211400
86008
602606
980985
21992
312501
217043
247736
416815
929406
18927
786449
422931
480974
710648
346425
572475
130858
741908
936549
546379
685949
196401
516862
985533
598292
442417
35681
442283
764018
205763
125007
66729
19793
498253
526840
891726
451638
581253
42143
7124
492143
366239
145001
496405
922284
691360
862600
152437
793272
793170
314175
675359
927570
881296
204753
74023
573420
554369
153866
132367
808191
566561
177641
171685
704393
276347
474024
221258
466788
757171
949482
564493
774404
611519
701632
994805
45901
138550
453016
239710
932751
602049
592579
128058
237599
335598
626850
284665
536659
646243
577644
995971
138905
196399
815453
421922
783156
522492
208446
589565
617173
250913
40142
784255
41810
366996
936394
251223
585477
647165
594078
548056
834628
858917
185640
391232
105400
77005
458405
457877
874460
780315
122106
367787
249684
150191
254945
112707
252071
405908
275310
24142
387099
521043
194621
447503
598124
727393
212282
865694
48040
850808
176717
713288
984234
989763
564384
778004
798833
268466
415438
291040
537500
817198
711657
511466
130628
760358
71528
536620
507830
27336
328620
800286
250123
76108
941741
786975
55206
538026
698885
52590
5770
945708
412761
537938
393941
711517
377248
724826
15389
810145
128145
794559
482022
141790
788525
456933
241469
307544
422502
245248
418548
682651
534059
474964
220921
865681
609937
952404
188437
563123
926687
821548
542079
943644
198966
541914
914970
602938
731099
95799
897618
693917
845475
620180
469454
807538
961210
378623
320530
585545
441999
487781
250165
463889
454496
642321
707769
648230
147933
120915
406860
943361
968571
537532
371802
820814
942168
888005
151885
556763
891206
530511
998050
976684
32823
585157
482473
160939
478083
903645
444377
873340
59160
379006
550093
259631
708990
694844
120031
5327
258501
772286
325152
4567
572110
798081
344625
977412
874804
580661
394561
829190
76565
930053
157475
663376
768192
454196
81098
269903
293757
862755
54180
219575
988275
244207
50065
125496
147130
469687
227199
365391
783358
125627
950308
224826
566220
755103
426390
717060
217084
72335
120138
650494
255931
404798
103783
12558
194996
15367
277126
963169
927899
651124
716425
846716
756630
209820
297301
570352
894984
384294
272941
288236
852090
610092
2860
748972
800360
139388
30943
363983
378598
77688
545149
73223
555565
262237
225795
882538
642503
381088
283184
640869
596690
417460
719514
187791
289844
905577
370284
565467
400027
359086
4221
79272
216815
111479
885517
996083
129175
795065
58782
400044
973861
795346
231277
643174
602271
554694
2251
16423
835627
648485
976349
663455
973206
379272
117292
591862
116673
510521
35434
600190
667816
327538
226498
828040
932624
220158
655514
748946
576845
531261
606376
945182
491757
17411
257646
340637
994501
732511
442259
269578
805077
686712
72864
60820
704090
515539
895891
178419
33201
328754
177699
558684
726563
467927
888466
194639
740113
254887
226152
369230
95933
738409
382289
101096
164466
319469
897685
631859
774162
275337
958895
841431
821434
767295
566477
238023
169619
738363
718308
327819
968248
225399
802860
414265
668991
120577
725567
555075
244646
804309
637450
43689
858780
1636
343021
442127
457577
949046
444277
437929
895674
330795
476275
933330
545933
1309
910585
648381
516405
703649
308656
418754
308171
141357
477273
293850
405745
295955
302238
574374
281348
527979
941524
90665
208797
511503
552016
918423
955908
663744
925027
664837
761139
494759
133299
959807
819650
390645
431287
783288
769971
355499
316046
38236
873820
886518
495933
72578
610541
933682
776451
7805
142237
893327
673435
846674
144310
210193
742030
389955
92537
686065
580274
232714
883567
631713
253571
55073
989517
849645
603
711166
318083
207741
850833
85789
389601
626231
815020
109621
213350
817793
481219
929868
923687
884708
551218
162342
76761
127500
518906
605529
51515
255083
714870
51772
420002
91454
232118
296446
487202
742696
358842
547602
22998
875514
49549
768392
571981
482708
187
579575
216145
79397
195696
224087
801429
935821
114222
282219
408890
92516
948586
328987
801214
262100
698244
79199
381762
194785
368162
608536
461174
490313
893352
245689
155427
278599
763157
489634
808212
476849
521085
428685
991266
970049
782302
467873
844123
932336
656034
981092
969038
315006
622001
812302
399478
385039
952687
224632
230913
82863
32921
384371
14459
593078
321143
964725
924700
709255
306687
727727
323690
68658
127046
992058
418700
836985
997091
725359
336237
921520
95714
149589
396233
891518
652258
481269
462103
404928
638988
434698
768339
188364
299824
434453
659111
240402
507774
791821
863349
440991
815837
160562
939524
939963
889131
719362
571396
558387
698834
506373
574079
892081
692675
538179
701535
501319
149714
549846
288662
537482
134062
175194
760877
266523
844347
907456
376365
951617
641038
943746
807908
783602
632260
877745
482260
441137
35903
528810
592318
409424
133247
698791
236550
293719
85401
368689
361923
641533
662038
199923
249765
815955
369450
928810
794627
917184
469774
767801
246337
122023
991869
838041
766810
162789
844872
806958
685712
796470
259351
204212
184941
937399
295805
863256
163636
979718
239222
300451
557737
117509
608512
722449
282618
652606
412755
639552
128969
183072
222717
114052
232471
215720
95454
677079
286414
613339
376190
776366
163179
489903
945350
34791
426310
522378
140770
239645
225983
699938
266992
616798
40775
425219
548517
838452
713416
320623
942653
270816
64178
704479
265372
54181
731747
347048
970502
385024
351282
362297
126584
693237
937177
278593
357921
79812
546364
692205
65024
730363
700314
140751
60699
315237
15119
905242
575065
850592
573571
196426
417789
277452
309747
401120
239423
585183
985306
25163
340488
123158
135419
760290
794378
907654
621326
550350
231675
348945
964421
508549
140012
177139
539705
744305
861386
901628
681334
501359
26159
556376
857247
406066
73830
577034
546176
710408
386682
218871
901999
738165
213177
27295
320477
819195
172106
790566
512574
759867
219944
418128
4499
641909
102138
869388
796880
140140
607313
153447
375151
480037
739453
861089
174609
682957
326988
565917
274892
320186
390304
455409
775061
700362
207404
72606
428427
614312
53195
817049
499102
627053
430973
895752
253338
713890
222078
189448
942356
545444
253125
488939
271407
950753
239190
864959
477195
662398
842180
536393
476108
72347
580295
741393
379010
988142
558261
291351
459578
358284
843745
445667
715040
512262
238029
226234
499151
164912
703628
678701
270199
104701
834553
854411
264234
830854
917389
2870
531843
936489
974945
269459
38451
197390
637569
922843
894249
871685
418601
954511
741278
176011
39455
601160
108986
455532
112172
892972
25638
905538
223096
855036
231343
583515
20481
733771
314387
29497
532856
658314
15788
513138
492472
930558
29238
916088
695012
150034
277311
371763
871643
557256
467498
133066
473051
273355
242975
72577
794351
507745
355923
9597
769302
98364
370863
387362
410546
643503
38240
174237
417001
895294
942074
937341
668380
75534
122057
659516
159106
179131
7862
659548
658144
546313
30867
63213
41319
850226
423491
402219
555562
750429
253641
321732
303994
509488
643755
581686
352800
298940
280258
974935
899382
599063
608033
947374
9442
90375
963104
303359
222896
838234
634180
165157
229131
589523
529228
485911
620888
18111
808219
225037
665519
162469
468285
877819
141111
516891
334679
720572
892445
618805
443504
679370
341937
800217
423126
309610
3229
290222
760238
20581
452354
661299
342556
12848
447793
620012
999242
453741
881858
912438
517785
333450
949397
405116
443362
854279
81059
456898
970664
644054
855103
146335
640092
682523
7407
825863
194443
24723
497697
223238
581864
501200
96780
849993
710706
615906
100580
102423
922625
940754
453689
319261
886771
207624
265645
724262
415981
912012
845584
385385
223312
469545
577498
628796
312250
613102
569156
764967
873334
876046
970883
764563
656513
986663
472610
305314
615930
630879
57467
361176
844965
29931
890833
61878
334171
257258
293901
10855
479250
422061
849427
732052
771269
813530
158209
46290
91584
737254
906116
629947
825098
767551
563350
513242
636974
573196
489496
987136
196456
685964
306823
228915
881641
419547
408862
183558
627847
854739
407497
518852
421636
634959
592705
866118
283002
11147
453960
798948
547168
257767
408323
283400
265467
469386
484399
332062
995939
297059
962369
474343
483888
207115
90398
756973
303618
532423
649268
504657
415594
483241
823347
80640
725369
280853
455468
988228
261730
566049
14212
376119
302670
381398
796500
355410
514493
22228
50209
223075
451604
521489
836851
722077
736007
730882
429268
246025
395875
427730
600295
590299
215608
643471
803746
176223
145570
113316
760169
253906
559732
179905
859400
667597
976896
863447
354125
598940
933572
163647
291968
411438
844916
654586
815104
986852
244447
864019
651772
789708
624641
446497
350218
255975
444646
457129
200935
852710
546550
269472
941964
935796
205729
979469
132073
789549
976999
771405
575425
366636
352836
995056
65121
634113
177591
103489
378686
112322
940846
984548
25002
720184
848336
528855
840051
738426
650854
479962
988184
46616
867879
671915
732201
235694
450718
905067
591674
421656
147834
274908
389379
107460
57778
409036
728599
316770
3667
592203
179135
335737
994215
269463
708403
533971
451780
363097
252468
986201
653486
662472
166345
723769
700458
763308
933395
102659
126880
67709
14927
306131
241259
138410
701544
272169
37313
953461
939639
792021
628986
166651
923672
4109
174079
463890
810922
137953
40464
722827
851106
262661
854577
585622
624204
454733
606834
282757
560224
700920
126810
980201
890813
774307
339695
142040
60933
500254
307429
456016
855060
503964
566113
145142
530525
876484
655784
911479
417443
157412
992680
923344
685010
639749
104675
811496
472440
356889
84212
244058
153763
465617
392064
724177
86551
238859
485178
852365
62956
503145
208850
503746
578946
737725
764475
239711
230306
172384
722391
293548
587955
662370
120770
760460
965462
385947
609720
25314
684190
824864
75492
86544
43503
742930
309446
925723
775474
942544
713599
804970
491890
326988
936892
715693
467734
237179
612285
524763
100539
886246
810625
276627
358701
759710
641168
405028
955139
408524
941028
841448
790996
823846
384629
511435
651801
501694
231072
183274
270497
541749
39731
873430
133995
344396
306967
935991
648995
511195
811803
641997
964476
749914
904345
770642
683366
603612
835335
263548
78701
811996
21020
753630
950766
258672
476508
974446
229750
145754
434882
885857
250296
397502
69450
246322
781099
462253
719576
56514
12094
446303
477320
983450
141305
461120
951955
513740
23409
533409
921370
376247
931239
707087
859218
429032
423935
69313
632077
896606
348056
463210
45409
836454
309324
930223
242615
8869
552005
287411
197426
407156
699962
607885
492025
849189
724165
625435
984163
947620
682211
884464
198270
715833
89927
103208
649532
15722
36123
369437
684219
367806
623124
127346
656623
912860
416880
420300
637743
267217
208143
344929
334616
292016
818027
749672
185698
262995
578742
317040
706621
805056
370127
475533
335463
605480
241760
953325
101453
310345
950871
696904
978075
830194
681790
752694
653410
919206
150969
3226
858277
73562
499612
286908
154432
929689
546150
757045
369398
762696
418718
614595
989142
504259
546057
252796
516744
390309
696261
896800
197945
553639
76038
536263
395745
607136
492074
666297
333229
540394
939322
659612
160526
115941
858303
219272
10014
735701
304191
86071
494762
750375
85459
461592
698976
255441
473574
257538
115030
391638
697932
638278
703604
922665
649468
207901
605440
830249
383532
554240
857220
36235
42503
203543
434270
470486
605070
404681
779172
329159
647624
636338
301105
398996
969959
148978
430673
39630
86265
70626
803269
565663
25543
475490
485043
781683
974670
643662
989485
891892
884567
470543
739868
809581
929717
11085
490441
471184
634779
181506
651143
528722
922455
832106
38081
569844
24559
704023
63644
136157
887767
613345
228872
830435
587403
946746
196008
531625
917519
561823
215004
197602
314753
721322
946087
73908
560216
583620
397698
609399
955
742585
272892
7388
297344
875620
659788
351787
949631
705225
830773
685924
922643
621249
542548
744455
139949
241808
258377
799984
422164
495826
418048
960346
95997
980500
781595
100548
541058
367680
348094
263472
560066
97328
807478
387528
587734
855907
176198
62300
617195
134285
116624
352390
585729
598280
457949
304495
485951
601641
658825
163882
951472
673326
161230
294717
14942
829843
554219
114433
59657
991363
702448
196447
966340
377259
580905
609210
744621
997035
394277
321259
473287
654118
217633
207655
633142
803641
329238
578686
443222
63304
557724
246268
815864
298036
906681
320242
975289
661353
995787
383951
241729
691859
630221
498343
660821
906672
961161
640662
429658
794561
849114
168254
759015
858522
995421
526955
449989
104473
628660
975192
227526
161011
681014
377995
943038
198250
295223
113691
799459
324122
873199
442962
931197
675891
249225
878317
341769
67649
407498
560128
58672
742375
575708
769014
677663
496939
877623
259190
970691
665066
925675
829794
507874
972332
171467
51257
85145
329106
489913
154140
134638
231660
974539
859758
150225
638567
523351
270548
429300
348452
268257
816348
447875
882339
685213
583609
478594
187230
719138
275052
568579
377970
913262
629055
974144
636920
575760
4332
466842
223283
711350
617050
113839
697313
218963
752647
726482
731508
627436
822721
331498
382491
650816
507598
542952
173241
167378
640107
840038
5431
109012
840241
820121
288245
190514
68756
126131
253083
258232
97670
321752
680974
451808
710137
481082
697471
657980
917889
437011
303837
4732
296343
417342
974442
138205
355706
554611
969963
79215
368111
332189
694329
505024
931690
434650
890421
870378
813317
476814
116057
630326
239533
902500
957353
881132
694748
242659
960968
51449
508032
286632
379878
891515
653435
176646
215063
577835
84164
889590
354687
861735
890602
48381
167274
264859
778873
542361
549432
780171
410613
944359
464949
643200
717443
379156
222023
735245
596199
266173
355456
982141
518824
499174
556884
181468
251280
570452
99492
167838
974864
390024
611000
624687
941056
283864
114444
570391
633667
533355
532609
454537
38601
821840
538676
161418
30126
662203
548652
207097
181375
20126
632685
832447
244765
28769
672169
560979
674491
182909
619798
99178
25154
302842
615451
108410
853331
611587
2468
183146
863404
320355
845525
851992
923684
288542
656922
83462
59856
728366
13085
574945
880008
261273
52497
463152
961476
653163
177708
598678
44319
949141
73585
44419
636350
172002
822955
901117
915210
260306
111093
707335
756120
734229
678902
798507
74538
15333
61035
376041
908815
289216
1501
898492
587685
797121
365745
688965
256575
816026
545758
589527
645153
233649
101561
685918
320808
395348
6124
111276
572679
987801
414149
520546
165356
696022
77610
605623
589568
926073
230891
855208
395982
864518
45296
550460
59707
614444
963345
5171
456563
985858
767492
804106
897445
419299
555633
639726
136676
769698
882786
615547
801646
289132
530262
342831
801738
619897
737077
997359
894282
438638
674269
750454
250736
427283
866010
685206
925037
311852
678581
561964
669508
600374
300899
623269
229582
10367
194078
804454
526742
86114
850258
212765
428516
1887
648685
440738
396823
76243
87193
662601
35947
829272
930566
760902
646875
355451
946976
608189
970976
767574
75680
324518
119959
756426
242495
881754
296192
82651
494660
203964
401315
778792
476990
647814
101837
344581
328654
920687
546424
685687
438236
632630
842760
207371
726890
181902
237106
759059
315013
49766
531575
13182
424343
644244
354382
903635
882906
744349
480928
247626
974695
222307
108845
722247
362605
632748
663756
868404
371965
206347
942543
207865
930625
833197
205701
548187
799437
40066
44312
957422
914253
372549
48663
22392
709598
466730
385999
669092
518970
791012
392850
643552
47307
783440
715993
402259
75424
32129
787013
194942
85437
89000
186689
442862
63052
814560
192196
819611
834546
494932
402355
619233
91901
134030
318371
607704
713145
303708
710140
300242
100642
536417
98233
211696
417331
54005
77323
267809
40157
496570
815518
281721
34835
543676
24499
811050
24450
303236
831532
715937
107742
503802
335398
52671
708824
746292
910272
781170
293548
488863
193595
336944
650774
191176
764218
679376
980708
509128
312552
136644
921319
162378
132088
506423
254083
438394
259847
229247
55270
931724
633951
871231
209749
916710
372309
223836
362082
229355
755666
157594
607098
197669
899886
672786
134171
955598
135992
697298
198114
423164
40722
134673
22210
413862
984505
697165
978641
590935
475811
730691
710716
659117
879617
294154
503195
252814
734180
892493
814047
676073
875772
821859
592936
718372
174075
910989
870580
940647
458519
265483
233713
886980
407471
74523
695987
64578
453189
948751
801472
365893
984170
701450
506121
951451
575863
831447
182644
906917
120439
57893
886292
941472
860834
369507
849786
970639
827012
305780
560485
170503
35581
313487
241108
217495
614497
596855
190524
281105
942591
548497
222358
939385
581759
24167
627792
234698
249701
205688
65315
102815
351730
325689
174532
880133
874665
280620
776948
209946
513711
769436
887538
695969
494987
954738
94289
311974
980494
234487
603492
311304
683404
40871
816021
620392
986312
870958
960597
460333
343214
81730
370669
244081
996921
813852
162931
389771
508213
950612
270425
659513
145758
13848
86624
789482
11240
124104
749418
460006
700504
10354
238508
20507
274831
918053
760898
356101
693607
240116
566556
492600
960566
387273
877846
978957
889584
332515
192166
388391
125865
668781
388974
229857
497847
855868
735730
767318
267062
144293
535267
583884
38629
121785
457050
585021
335789
998367
888608
392004
866946
240076
160042
641057
283298
982241
6562
662697
210363
586464
826848
244813
60777
672012
771511
100484
11869
10013
833580
860696
921433
773597
74498
420298
186455
289442
127665
189795
163466
946984
577717
566937
778748
182602
517634
563866
690070
164061
759508
632119
393406
880490
560357
77360
302938
662597
573496
938264
115252
208462
813651
295845
234742
796932
584521
679510
202004
381889
472821
850689
369992
386390
880771
599352
186361
743363
172008
152855
191861
521747
686322
746797
598685
520338
468089
22277
519904
401196
507509
592400
769567
677604
294889
324848
331248
385645
940030
629475
934527
450089
898602
495626
239054
247227
266703
721109
809052
95243
302112
887438
55268
560470
545534
291518
41084
363694
100001
337600
570270
312981
435505
713504
180548
974578
507189
498158
520556
131438
984290
526629
193339
488494
483669
79155
897086
159853
145565
753445
771915
43636
809263
268401
159494
256697
118908
210783
369024
713938
419680
444052
382521
521748
97969
45500
25798
245772
846008
371539
190990
849049
118460
249617
738990
958885
771193
596144
237116
569918
172144
981403
536489
618133
458712
524340
541440
383825
658354
639170
834443
618641
400954
481270
875668
609789
976505
994456
425673
714503
905528
36435
441849
20356
237775
34393
165627
753377
638299
808756
755309
25475
553933
954091
929114
698879
501471
45133
256245
186611
550626
149277
643138
674367
252788
539417
532692
125859
580749
419305
46321
786871
542840
19361
156753
523585
363998
928627
572997
822070
246461
872564
492981
475536
883256
665161
106946
648392
518217
989934
458634
826097
549202
106210
514697
105393
785360
602355
761052
917020
581296
863009
782370
157870
682300
488370
332219
938533
75694
60050
482482
207161
324133
545124
505783
838265
359285
77353
72645
298180
5081
236683
636194
885920
740292
994375
906437
995898
306325
617142
324241
692218
785192
129526
120832
182850
856584
312185
912731
784068
798275
362474
771685
774397
563031
6263
372952
227794
566920
92671
159431
137029
632467
891674
128866
838420
592380
269055
512344
730670
272708
726038
462295
827987
892023
177307
150063
281927
200481
524523
299284
168114
244704
762927
238594
900055
510165
31906
266427
672687
580148
382976
130220
305057
49531
656973
447533
702945
190848
990974
844263
7522
440291
722952
246865
85753
190690
195076
668179
380816
148682
124732
880779
468035
715979
859157
602541
724442
410021
975832
543685
721956
720383
535390
632664
691308
656022
921432
166248
343835
719634
273081
669847
221738
284980
476160
945379
342337
455020
928741
485584
744369
971848
603743
304291
423499
166726
345680
298250
8091
575178
457807
416793
411908
90219
639887
882735
967929
239911
415216
711671
149909
833655
26658
500042
226008
339902
353458
783282
944639
427227
870451
310602
519487
663837
67978
702785
677981
581526
708181
124925
5421
707080
925048
628827
669605
729468
773446
122453
597084
549682
816841
758845
805
572595
3311
900646
724034
353538
417361
199010
913991
303985
535264
345573
317901
52751
408686
661704
347215
534591
535639
655722
359332
327012
985482
722865
142553
193784
860983
240750
421610
928636
440087
975134
229277
34634
234387
402445
745276
978054
622738
300822
421869
392115
149026
367941
508335
361249
618306
208413
938163
641924
2697
534965
144085
59105
901751
769277
752437
944865
785687
430110
130295
654920
160845
854143
641427
977087
282626
686373
433241
82445
431656
561650
951749
381348
489260
201678
515834
859864
217656
926051
876703
229547
133282
568450
830995
56259
151348
267363
936718
39357
654104
744713
823253
474394
554656
446852
180057
471319
145968
432656
431277
177627
750793
650395
346786
106826
71858
59236
895874
584055
215684
704703
287717
279734
201747
734197
951474
245390
434932
472584
999798
916749
598064
727060
902874
839222
404996
633680
678660
222934
751569
928628
451085
48117
933222
337717
576346
961383
458088
241132
768473
693314
212764
67924
482010
658730
817169
790066
133831
330055
718061
832719
86658
420568
796754
583265
712026
273889
709676
359176
95017
495296
520217
242420
85900
881182
4662
283555
741184
444736
972803
771464
190613
148733
134642
136583
179282
687882
726929
481693
935526
997937
499088
464093
782406
180193
133745
296021
399719
545054
57997
891279
933530
312793
422845
253427
642879
635290
437739
251978
895591
231641
92021
907421
823242
294253
44538
135356
823457
865436
852485
412698
918370
336657
783444
89558
14166
447979
812548
867988
952280
828017
251290
912394
277996
685668
205552
830423
383673
906029
346938
691405
140900
827894
561844
35663
987531
207317
422378
118294
797595
29858
848227
769934
133647
650665
931243
729117
899013
427835
417788
921091
66430
226079
999880
831260
235122
565542
623078
121155
718798
580380
2646
356625
470540
425178
899314
959043
630188
273337
332852
204345
149396
157473
154142
841819
817473
871999
825738
688790
345193
59093
255054
942596
253295
450027
510603
377578
701058
920611
775379
702170
261139
955754
249524
681721
919153
663883
428389
537499
547202
693085
897100
417482
732640
503517
891690
38886
365261
757654
653476
720358
762901
840892
652719
985212
620799
588889
732502
737559
473263
541535
452651
323778
898651
65627
505608
776554
397864
241931
861377
301053
582048
246598
587816
749357
310162
508313
286203
445779
810759
909747
685166
740977
44700
464694
58769
366800
886977
138925
780511
233864
136332
319837
132514
319006
177147
633460
502213
108743
415365
817118
350072
351563
631387
375543
893370
179397
589120
79579
965190
973575
257154
451480
700956
76506
910228
585413
132330
987618
300617
254700
148119
899296
456687
420514
469293
385682
767686
102392
473761
358261
1499
755466
500607
720235
527110
554804
903478
884727
832252
894565
266814
658020
525330
460491
801953
166597
716751
433390
597485
450968
14828
62169
614389
78532
805930
927154
919102
352642
662288
293227
284621
408472
418560
787537
54219
144703
823989
47938
100370
120102
819676
339964
424278
910927
721483
254224
833459
22424
215778
950517
575438
964884
531453
808312
939947
54424
256595
701393
307979
319058
36014
752657
5888
91538
107783
961720
270095
72941
332861
788324
104191
476982
223154
922595
276740
982893
891074
269161
874307
917236
546593
447069
228034
530876
82064
589134
610158
506111
255612
427459
248391
908710
321011
664367
298348
37578
38019
407363
268479
766615
722929
