356766
336500
590605
108883
605280
823419
346464
272011
308444
756168
476736
790304
521067
814203
266547
948986
267037
563505
187933
806650
772939
688102
250210
332468
835912
343493
598306
609738
492982
330575
663971
189734
535732
761891
95373
270995
424181
787887
839694
85113
965100
485428
34973
277171
759971
155887
211484
951823
613739
901737
276631
779233
185582
503645
621226
253700
477408
515329
750526
510254
310676
773171
129587
904815
731115
842049
995546
530054
867815
123669
181081
276640
348254
956667
128434
938094
90441
869713
168925
677793
707964
519818
586513
406597
420784
742494
400418
640439
408828
632914
779780
836869
490211
747359
176237
818464
781318
18882
898713
574848
923066
915551
277607
477973
17652
921555
131745
442085
328673
171669
481625
492038
813394
750343
871150
615994
90645
295391
68910
702498
477343
51820
911125
327841
372005
161032
508212
374990
986697
762905
566445
605653
177201
353027
904154
950059
188468
249326
286286
763435
58670
382127
425267
193618
125875
993173
443986
711251
107232
799123
552178
251800
664909
656453
981719
541143
477086
492768
922284
97420
460921
346939
876795
684312
874322
386868
594264
934326
144417
24448
805022
632982
580277
873043
85137
516888
164387
294120
499939
953190
402134
936750
127826
731566
144266
723983
380654
690107
401364
147741
259064
372143
382553
603291
71270
238623
962399
170406
582148
380811
470208
321407
664564
419064
185146
428085
170454
343980
285988
876147
690498
394182
736444
484644
190130
591735
188699
852670
514237
877793
974153
868530
966718
979082
954093
759087
446355
789885
872733
151245
276161
370173
975956
365725
728181
892583
567873
12234
475494
599139
491708
750443
399830
545158
819731
724265
96822
680136
481155
147336
603945
439197
324674
589843
862241
462065
163129
516712
296806
481925
544720
751453
848949
363873
408225
470222
588741
872693
597774
758085
696612
952272
290990
665540
274368
911228
741474
182513
741826
398132
179014
371103
493461
198530
180099
315445
54149
924601
996226
147005
401602
153420
248443
992523
391747
828106
787627
743047
840711
756599
62308
41498
412406
237064
308030
619953
2471
392442
71211
606001
857403
35535
574441
1463
304742
350694
169680
20746
350158
116790
291403
82272
565451
277095
201635
996234
152655
38732
245623
505532
490335
28097
385608
290301
517887
129246
208305
294631
798508
906005
525876
427420
9539
706478
863214
285317
103167
806875
844077
28552
538848
13050
461592
300038
350118
23976
951756
495693
306364
325372
324360
161697
794866
3047
900414
751522
625571
474022
7242
532570
104310
520801
822206
302309
740991
144420
541852
485757
797253
647991
20893
443170
574559
615579
118318
690274
926711
998308
519738
738634
905968
12846
259362
195817
305380
168061
382538
606141
535046
37173
378957
705533
576807
715250
292560
170626
571092
352837
429556
356755
210972
911436
107045
541324
603566
150509
370127
566185
888865
842799
857905
368180
268110
703668
823370
588937
273240
272471
851311
460611
734860
774494
445246
160645
743971
631132
424173
101287
914276
343974
351164
195130
906982
649199
649225
639674
442548
300483
537602
674831
415817
351004
618612
761280
540218
356005
54914
363445
776499
882696
952690
734950
842073
524918
852066
972326
946959
581555
292632
334470
567956
700570
346806
604071
920842
770229
730380
115360
865618
953841
59464
514824
232850
933697
524488
181088
864600
186322
162512
612000
726296
722598
222807
976668
623185
352784
973436
388563
15950
456778
16918
786772
21001
996726
575273
932046
507754
572400
274164
674226
925421
768204
364327
990343
19745
206833
311025
648650
462988
851153
182776
138175
593196
156100
999586
391384
985432
633920
853776
582529
585029
835127
912427
819526
815205
852429
907606
776098
833002
738613
129987
484645
435625
636199
900833
404928
165657
868095
139955
915952
965114
420853
461308
32389
464466
775925
469527
528206
65810
888987
244963
935011
336984
122573
698267
790095
276430
232756
436419
291352
347887
309911
516990
428204
552874
900182
649789
406057
710367
244097
68626
641928
239494
214227
240354
826855
435759
618254
75129
501939
676004
942388
996280
334767
690922
364703
82409
931747
782374
217214
838963
81251
403677
769900
346729
634234
134612
698030
696572
589620
958998
995337
55569
415109
821076
876094
134637
232985
653862
581604
508429
984505
943152
599520
440979
846167
1568
440194
753946
663670
916371
791743
237674
214136
100119
73479
806663
425541
98251
763587
416356
153302
603235
589933
923957
684891
873800
250315
779362
876047
857372
438921
97879
184150
273819
362162
553976
943823
364893
90187
687794
516988
543352
398284
169197
500427
561282
721467
855069
220929
941747
70759
686904
242562
548713
33215
508418
735679
782726
626573
719236
30524
84788
53906
650523
12093
579209
113150
851436
245324
124741
878220
52725
589034
484408
88760
763455
347088
125825
394014
591216
45152
912689
866865
648764
280109
248909
169876
661628
504227
764722
717208
116823
450837
135251
190547
236572
982241
692767
224729
381618
65666
149310
724442
268326
162674
466361
985688
482148
807290
95417
531778
791681
512023
404199
33266
107509
504331
196147
791040
895206
890813
657776
975105
603807
751821
974685
10528
625503
36729
147135
832406
908558
149669
423081
115657
697995
690378
700031
452832
338174
717709
992253
550871
186011
319482
351616
836198
974863
82622
510103
494853
11712
147109
190683
984289
753753
796469
614796
370217
202614
659854
336266
383237
677032
696045
856941
72614
655909
356618
768257
42296
557583
178402
268321
505908
194975
277647
581038
618003
401582
438674
632813
753437
363744
686259
462651
630047
409837
994815
985581
706235
690765
363953
649544
960410
478080
30123
335577
968508
637239
911971
268659
927407
937826
540443
585731
67614
639639
206408
22673
705409
277212
457428
508693
31154
511889
404031
284340
113376
763645
276320
678230
131676
825907
878090
772772
819281
940384
468298
39139
532432
828852
502604
234856
372553
334891
528797
177271
464791
574327
841483
698940
954162
866060
427496
327653
195272
107207
190062
749082
629989
972668
782332
109722
638734
967898
572542
951667
46190
609725
986476
938718
777192
732561
182313
634100
553611
520093
778699
468561
598371
529715
161914
732740
922860
110835
286641
881584
658018
944183
700834
707650
143156
329118
251382
80654
789462
584312
576626
225993
870198
227211
182517
191709
124294
307712
560542
561005
121208
547181
27594
375141
708872
25088
601274
825020
614579
330180
201748
803849
826757
897427
158784
462975
252496
797785
774195
246727
894008
477760
178184
78520
927980
133693
698954
677046
968175
355319
4046
94180
196052
23759
156093
543879
468168
491792
292912
219704
700489
736181
884212
192005
766773
832401
522797
194918
398461
681951
974294
85335
451384
680870
350054
24022
299860
273865
284750
849979
69223
198057
728031
335599
767075
930743
270729
640266
884584
415129
992959
963213
869172
422456
833526
290169
243638
977252
320971
209738
209728
708261
395652
517331
307162
858847
54126
167543
156914
116704
786982
11073
935666
274058
485876
727329
939882
633560
988562
194500
501484
756622
684554
167694
206967
557761
898045
70967
396427
686912
600064
919615
637211
272350
348640
252815
106401
510493
450374
251758
760971
12089
650742
796636
452499
961166
984817
289359
908140
539494
410747
428039
441880
496611
794423
438032
122263
501125
763950
262676
790521
701017
373678
228634
878165
587071
217743
693983
234578
676822
654545
288079
363106
659974
316257
567008
630095
249577
449274
880076
167725
463127
814312
606249
975471
169804
927144
335270
882582
802360
245036
439460
232068
826788
187131
616110
505135
991484
521908
562007
249969
800957
982578
513327
134908
368571
255051
630753
599850
808463
8243
312428
643122
572509
902078
887868
539255
939390
22467
134628
662906
444238
369884
876923
831216
984915
795529
659088
803247
227848
338548
597323
320385
226438
710991
544609
965531
941454
321561
784947
49640
704757
197632
361924
56574
76140
803489
798677
607602
533291
317739
423711
141383
584506
949729
568876
408769
942044
762302
186771
508568
297624
316658
402190
85960
912229
356683
794361
677061
935409
678383
658666
37132
548622
639493
375591
503829
523386
666292
71176
368741
915209
700675
126122
286143
441457
492768
623885
635258
111922
916220
906827
558574
252768
798867
101942
428168
589902
54473
534540
269181
965465
749552
503385
373723
3662
999719
543850
880187
329337
97244
690217
734355
752395
63473
848922
944232
810150
821180
45041
898976
690313
16297
663629
341813
696851
434491
854165
861126
268341
257839
449902
33096
929721
2177
655766
124697
43945
89928
871456
774773
847709
513788
755596
319105
36453
916440
590082
334213
624079
714458
569387
69943
923989
373288
717421
476018
156070
287053
307393
214662
696975
119136
95154
531241
797702
370565
963699
261770
928595
666061
844061
182406
217244
926521
34245
491636
82635
421212
900599
210075
82077
386270
955985
476483
549962
260828
40957
20008
94669
145389
489484
906955
45711
323840
873900
191524
704052
574113
499206
628082
282945
534682
728438
585586
821543
116278
427496
624430
133105
363361
726731
26924
533255
242347
202805
614215
983261
537899
735187
279452
898363
198400
932939
188827
190569
989811
52272
669245
736566
397816
587425
793940
701029
676115
601023
919486
424309
791064
546184
317043
436812
995531
837717
163518
763647
988261
212268
296585
125888
289848
946051
464656
502181
847978
942482
199608
666961
922461
228947
209080
447809
611823
220569
290421
291125
224349
10122
423404
918008
653954
749883
269129
351566
205502
900902
244692
524538
279857
451018
341579
473385
131687
383968
523978
371838
114510
517813
190887
679611
98466
258089
36378
642825
108329
755266
897241
586020
594586
817389
375235
362405
770969
679507
290354
373677
652893
175060
4275
593323
429235
25635
281746
260811
948187
795390
345614
227644
435280
385928
594539
812827
21734
275844
454183
341377
291979
929456
563204
232806
304047
771068
97924
989360
529792
901222
796595
804252
263502
269363
149790
494279
784206
817995
675809
520794
910714
618802
520542
121936
186261
721311
611466
346470
144397
48955
100385
434526
269369
326199
93498
400239
456769
225802
12469
595596
447516
11014
475728
244943
143220
585942
480217
170114
228711
356694
796414
566538
283687
141839
22912
226353
596801
426637
677318
723214
225467
975967
41422
646547
612182
509867
855102
194547
52466
463403
413848
869038
340305
268808
54156
861178
235123
279057
711208
993296
611425
9752
82987
452304
122246
97577
516983
521681
805943
748520
63396
523401
918036
508678
797169
674838
501190
641952
699989
694695
344936
840052
679028
586761
472898
758656
520365
311314
657776
479609
331344
146404
622369
717157
839917
826142
824955
88981
581511
583077
442460
257539
256424
336458
999804
513604
816846
53401
574702
834665
619011
512445
57221
501752
361418
295571
684499
529410
194485
25033
74125
970849
518676
276850
401482
528336
699848
825514
348778
674535
880821
882337
215699
810481
473493
460037
28375
733547
918826
227024
445298
886044
351947
971883
580911
279052
168352
798782
781929
875938
124073
213077
774319
580381
604664
553328
529793
359343
979455
267047
475319
961905
482244
152824
95553
327815
472241
946671
737993
640146
599687
447152
953717
301899
375411
264676
679368
862594
177849
223742
523624
535412
227789
62697
919930
703234
114752
94736
497833
907796
669527
944585
706630
797385
505784
304159
503242
971609
496190
190714
17654
353802
856236
198573
836315
248332
846909
773852
76982
994417
200025
248392
354547
860619
477860
827961
273170
828644
839985
735431
811367
820244
284820
705028
630523
397955
920149
268745
542160
785852
31681
117532
924994
954601
876762
127675
253577
176625
926766
438727
3291
5483
665221
555728
731951
719037
732340
524025
316443
296021
550670
32136
705182
49987
511738
632461
497210
258994
220064
12523
370362
188162
216317
592840
248850
442371
696215
821645
993827
509519
990794
92122
237597
401668
238528
898250
202047
139996
540735
516253
275130
603692
159324
352456
977843
885558
35917
559126
749096
792042
668188
575673
449578
342144
993592
434289
944072
505963
818726
285464
54348
901754
704468
67655
526687
697872
993742
743145
100231
236670
148490
196954
883537
914106
492957
41531
369098
784127
265744
4821
180135
369024
32782
15911
452228
962889
951732
446990
311241
908981
673227
622671
152425
561990
184082
648516
568452
365988
215603
854497
904109
490613
89304
655075
315717
13717
645463
670292
672710
326514
301193
221117
211868
612871
242808
545256
757549
3123
392374
773840
368762
815541
167242
930279
359069
730759
790470
237252
303218
96404
859572
161896
275474
82198
296431
335403
212283
534736
939341
492680
810187
911717
602362
984129
668203
996500
218656
118448
311369
707089
181570
237100
166077
118017
524712
11924
80909
670737
42421
563259
803660
42546
574484
115120
304157
328885
350865
174376
806677
762368
271300
788235
156286
187499
34151
426712
666872
171834
940425
600373
787579
159542
183452
863959
609399
737514
574824
141642
164764
780343
842530
898717
988790
895317
964503
488750
891759
973158
346627
856206
310968
507704
165311
544464
792707
56984
192406
299059
107752
352461
822648
901481
15143
555320
25287
501443
810317
959046
684623
293052
284975
768719
659219
959391
354771
620430
283138
992981
788207
774525
278473
898447
786633
180557
922114
89996
78973
199295
393609
752391
663389
615650
261167
273985
641394
62121
576008
680742
946913
706728
233823
771999
551529
921323
21194
199411
176969
731315
981016
399770
833599
238606
628454
406944
307562
829842
698193
387635
151505
388214
76869
838473
464508
872460
2804
477936
838848
985631
527203
407347
164121
337317
445982
478118
851887
459617
33484
856335
598011
453848
620317
24241
820163
748397
376799
725622
124417
965659
164848
343608
641762
873935
934862
761132
189610
920736
719883
657131
404916
233516
851100
815070
437527
406480
859984
922694
479013
507715
173213
971942
219789
910288
224725
623309
592224
447086
826105
206596
572144
447037
874724
358480
969749
759071
293544
294564
980361
839153
825782
633958
617715
408805
811958
745884
443713
953405
379895
489907
845934
55014
139648
967084
97827
31535
897925
747683
831674
294116
300789
293373
76957
857035
12208
828846
693069
692474
318934
855525
113919
725779
44411
783252
903008
104030
370807
128223
139321
209089
194073
872608
617326
107550
402235
839445
755937
652105
877616
929319
303476
552677
110810
371544
259307
721498
269529
923400
45807
688116
472670
324067
566446
294043
286109
939562
257248
595819
110881
346525
405157
953776
207225
784194
960330
835327
417360
398997
119595
817075
21594
354956
597362
352323
423339
383494
234429
117053
819298
178959
565662
294497
278274
518162
915324
67932
663009
850716
128918
649056
105464
860169
307816
618204
243611
361357
499814
941085
994052
28257
338789
657281
984072
407815
813209
781139
980459
596156
74297
90056
830991
567098
747391
241941
270791
933223
485387
598123
876233
115741
761639
910800
724674
330007
811877
99419
992132
777524
138149
377868
263003
160107
660403
541894
987581
146316
931917
922218
626719
329007
787266
13840
985764
831675
948021
603940
937008
521045
931969
859099
709851
316258
257207
930129
999106
510651
429762
934849
944567
710701
481324
386144
376280
116905
222777
930070
801469
716366
457009
485082
199051
671569
106299
691496
149669
100743
220261
789218
159171
864463
486208
52737
413018
403295
518632
480310
791611
199401
34722
60129
271928
276713
515102
494188
777664
667150
219931
754694
701516
20802
676330
995896
193842
710232
729482
527781
496151
30994
495794
695010
649282
875083
800686
494768
254283
924743
847713
343378
140402
754709
62441
957903
177612
431327
149151
125446
236375
106958
667837
185065
668847
584028
998235
837336
894490
842679
885458
315738
852349
644815
49601
592954
599474
788605
744750
620284
284209
89999
520708
331642
926634
383860
810362
390368
541493
33985
233237
299968
386017
444637
991300
339923
151721
92047
169513
559821
308805
438114
383863
92444
363868
601779
928630
627132
544982
781335
447331
6713
499088
995371
18549
935107
484393
185
158331
490087
720697
537027
604897
910128
608674
11952
598418
444825
33918
382416
953335
911597
756216
683214
408925
740285
30518
260849
694196
273662
123060
851598
773107
934077
49452
719374
38937
656767
313137
136920
936015
565369
26844
16411
641898
541352
875165
891065
955532
874446
551539
469331
107178
721931
140918
773869
379816
42900
946065
144318
965215
634450
44494
355031
882625
446361
366026
193261
490004
941123
667143
110469
678938
133097
458080
860603
133586
997949
897751
121006
518934
122887
547210
338763
951589
52218
809413
743605
521467
486642
474353
741518
889629
790605
281193
223013
36465
146403
944941
876028
4233
241507
116591
723956
449536
666123
976779
735575
885949
759491
820756
785218
265173
338775
705418
196973
173517
971280
766951
154137
436732
582125
645784
616148
998415
120835
244361
867692
770791
812014
886873
655598
983005
295091
534701
220185
661285
633524
140128
724324
612880
142286
158232
813225
980011
977683
445364
750701
769541
827487
903521
4364
585230
382233
843020
402438
340635
65032
917106
835552
218823
261967
226259
587192
841267
536711
703684
127721
967853
222711
760036
677078
881262
424114
334950
212439
178685
797326
442126
162750
125554
596028
349815
887045
534613
36553
452304
203029
452005
205680
141159
114869
65332
108633
981725
439629
4847
524146
215930
585302
57212
419817
366873
932257
505788
739459
376324
595840
817520
839260
288986
137365
850808
624891
326381
396597
183925
58641
91432
195832
349776
154191
341677
642655
32596
211425
931197
915299
304119
247498
412241
977622
608886
124765
284293
986488
63006
356245
750708
910873
120486
269714
755359
328165
199353
586800
286278
300945
922899
531590
901465
224353
681281
428024
791688
465491
901258
598650
689975
357931
22188
868257
844237
853212
58047
722727
958828
698896
109815
657659
975099
693141
746181
305027
669534
130596
696796
248111
387399
997198
50769
739003
415078
178757
833371
747201
445436
681604
677114
926648
480781
35932
921205
728013
544884
997084
653563
722972
384208
509853
201067
119947
627932
390503
389871
734595
913373
927747
485251
443660
807348
182303
680084
505348
423251
745943
424451
419708
245964
4134
325512
87216
690437
815400
406836
466720
470344
40203
708430
305039
813175
965074
644319
60695
837853
793733
922186
822759
139935
786105
644691
901275
904337
774839
481792
543478
357
433996
593884
15487
67006
556589
37208
705141
151202
637636
56397
796143
266318
740059
176861
932309
564004
384996
890167
186869
146880
504866
962872
226435
406824
441144
526831
755888
253345
149900
366265
125989
462174
129176
641291
96604
998292
289485
61838
914843
692393
771876
448677
350159
493130
961602
456458
356545
49116
937606
306902
978743
169674
930355
794975
611817
179645
830965
901883
946014
462890
559698
521955
51171
580421
280110
626740
366824
363283
243642
236367
961719
449373
258043
259295
353746
436928
682098
967994
689831
512865
725742
41697
520754
888831
926378
910306
548464
251169
468835
503389
234427
899758
867259
324579
579975
599387
65475
673657
910071
629374
787497
433981
17181
344706
320957
625056
721677
765172
663649
25681
481948
958713
245133
167995
972026
99106
936253
862628
422569
448856
716600
131190
143897
161650
465852
669339
183906
541797
385099
265345
586653
436059
315532
191613
916511
875740
392800
904652
492243
735529
796802
386932
217971
171112
471386
664712
581923
4025
329054
588619
693034
774438
27813
21676
582542
555897
609610
657328
198538
963944
252793
276910
780014
31916
822617
872371
626772
237872
41622
642950
239738
314468
497354
707077
821313
57584
284999
420014
345281
928710
583171
298170
715782
397264
59041
776163
737068
678921
733656
254023
738898
254760
332738
517156
752190
927670
37571
424835
55757
492609
606228
349874
821973
267497
356011
59113
740505
20119
427209
681359
653608
734158
736479
152596
263698
79705
169118
556542
786440
132580
316250
687490
69519
547687
171930
489544
251681
343613
334526
160914
591008
653075
188045
613685
590199
257211
259483
489221
361552
744864
957395
530127
135019
445844
328615
512191
745633
841861
466449
355426
850742
726799
795844
884102
883540
758251
412660
81342
730026
938500
785279
777730
77985
945130
382070
414387
352310
912992
764428
990139
585784
341264
659546
835219
490144
805790
413645
553438
121032
640089
531693
49907
211402
949902
866634
225720
840246
456439
635653
53609
490671
332817
989432
136440
397474
338763
815747
869647
478308
712282
590004
92081
733288
30313
917586
714878
516761
849646
130246
939221
931866
317528
302951
529812
832024
343460
410785
180858
462600
544655
895809
492078
766658
848102
914719
30361
96634
804153
975976
664493
111895
644206
617990
969609
62769
247665
507055
830325
515948
211017
891335
825992
95596
503046
669043
544169
634227
79447
841851
839090
554846
352248
208731
993456
796025
138760
744038
128263
619258
870712
295000
782707
524321
455839
789494
904425
747817
66923
19172
383835
83179
967155
549443
891227
750032
331239
643524
171223
492337
121769
503118
868482
816589
404789
213512
263572
760614
974522
471043
874279
393464
812685
557127
150914
672471
713523
280313
493043
789732
750364
619494
981333
182827
342703
730606
795954
924637
78144
828559
555713
113893
426591
91597
310864
846120
544522
466171
647165
853406
431746
731369
530270
263880
301243
597035
904513
382861
61292
605569
661325
1205
521735
791784
905095
542208
307651
176700
602161
780068
585300
845064
655244
606306
276092
6124
283775
667268
921787
327594
356944
627509
169954
251597
756558
264893
3270
253494
566289
609047
679887
682884
874842
926576
15536
161759
61652
394430
66033
707233
657980
92411
697639
634466
901084
282173
232774
753823
102002
900212
690445
318599
666992
440959
313439
533857
916893
509483
744754
614684
494041
445769
426528
661301
672445
218474
882971
626175
692640
122553
20606
124178
339639
338358
391614
275794
188180
379659
96383
960539
240399
423116
639683
265734
518018
764944
705533
772635
143789
615334
169924
584339
626427
249206
306083
159688
912028
147254
656141
208955
277201
638085
562861
867074
908358
90472
531612
543564
910425
407070
30444
596242
683577
390305
529825
397852
276265
973372
316992
327341
357028
730179
801471
190413
948763
317748
557595
467121
339482
952361
154441
542792
262728
111734
789956
611172
674957
398949
153093
79107
874190
337099
756817
98746
731347
610438
750060
200701
584138
708438
608811
590605
526181
545366
760039
730942
936926
875094
908685
505572
320794
712021
280019
175898
790955
118368
661445
968686
181296
548865
504829
269996
511831
523366
821745
163334
158339
281232
425447
640541
397193
949556
16451
863278
337235
941362
303040
629724
557671
64815
805053
270933
995458
800145
806383
602340
95774
519766
501173
714835
820243
352978
585161
226555
235098
433923
28050
750826
149484
18770
584214
727535
14728
821801
872140
43396
37844
588779
571791
710937
763419
730900
964463
552697
527605
665327
490658
437659
20292
728878
455320
731464
407066
689193
404652
531875
55800
656118
291638
990490
367666
955937
388797
513576
296750
205832
801418
936324
268427
214038
59863
85481
641566
595290
36647
681027
745751
811523
793455
899827
950914
809978
811954
762879
705706
704412
357226
990809
633816
653010
827682
137866
150073
422863
459873
750011
423581
792998
917504
313440
170011
238790
387869
488962
25555
450323
169448
3431
945676
68129
242522
468191
321595
378575
825798
569134
422821
681278
572424
217873
272219
725741
728410
9199
804004
761907
264133
692381
874554
687192
711923
108366
216298
280207
832163
747733
662366
617364
33719
807065
81912
447262
214696
298708
953364
853569
208281
760711
58608
604004
154120
224126
405160
956378
223393
470779
613145
339102
980589
917890
400296
935536
677544
878081
67739
796102
996463
762009
390820
354929
368920
683213
540606
552078
518236
817158
94832
156325
868079
612416
905263
419809
753201
842965
352993
611436
494972
888548
394235
944870
528733
224478
115979
925955
405856
852524
51730
172671
851845
969856
7113
212862
405711
624823
399108
277955
589690
617704
650804
918605
218828
591372
222343
835913
26692
89482
119210
623992
176175
83549
829614
136479
624282
804260
784392
458853
736802
347206
632115
120588
985063
877311
494000
139791
358303
180684
750573
777300
974790
441327
242692
497165
671923
184351
657882
73777
979911
973200
552744
150931
756606
829402
735702
355292
316903
302344
638211
5801
899184
117120
53858
186691
51739
716554
420862
667447
277453
342654
933533
135442
325765
106767
358915
850043
245546
668142
395470
995373
162364
662620
970302
947151
317997
790223
172759
985777
751753
633664
261279
158693
670928
688143
977027
351992
535972
457620
256470
848268
5917
907779
891897
761107
878906
390523
435221
605034
424179
15723
383557
153999
295722
37729
627729
560193
112319
549617
555989
705651
831234
234238
270721
364012
660740
146088
769593
647166
747526
13586
983453
171744
945491
606158
988963
102443
670570
892072
959583
251502
585299
876300
872484
798894
592018
790548
716805
760061
985913
145522
509813
745077
35160
168567
312780
782161
995152
288766
273194
854377
510982
413751
912886
848521
377459
350867
304704
495852
978711
429897
441605
779098
29389
11268
648208
288027
281914
331881
662013
691351
613471
401800
239833
535116
239246
507934
990309
464618
610618
333828
325818
193870
706919
72185
316934
458777
274496
541063
583284
373101
921095
259220
537322
570627
871463
967559
410220
3756
604261
566228
910045
940450
643445
158118
164326
618058
142953
146600
620335
41673
114500
440560
528523
129600
439661
442505
490544
99173
51519
487132
983971
84863
213629
500410
38514
160062
372387
206921
911579
513140
71127
185480
182795
645172
136959
584000
579776
110534
761068
437961
759759
375172
505843
820150
579778
774100
573404
931550
885913
279617
677172
667016
514993
49848
667133
290994
402946
891869
517254
309054
243139
427336
226837
863482
510504
166624
787328
325770
69579
297681
910171
556020
273705
205485
177611
143560
108547
118045
894905
199274
708708
318594
985891
777533
983363
134828
327884
599278
632766
281973
229780
310554
330822
374843
649762
256797
826522
770809
662013
933880
946796
780098
824250
520222
590240
181721
680592
21531
656754
669743
160903
4962
750582
684537
219791
780401
751547
745774
291181
892387
922761
312730
801040
503250
740618
222882
964482
37158
891269
708949
561658
508671
440069
399018
830606
167611
399640
853468
252421
814884
258611
788511
739403
119545
585331
541437
673021
743255
337150
117202
805860
884164
944200
44000
856127
917401
434994
896272
63993
795529
196044
85510
417914
561106
397243
550751
475034
821054
187190
758346
657327
516950
907690
329856
135687
333284
354174
887649
278513
609956
655921
541549
888310
686535
898526
27419
84198
813347
65953
993497
924044
330682
745108
412385
373763
222756
764851
344756
903522
68316
628766
791223
307346
900901
947900
180774
177601
333335
659963
997049
650031
347658
173174
535122
776486
909917
304752
69471
539142
727204
154109
967570
13054
358444
719488
16186
353559
703467
552591
667326
144170
590025
819955
571126
145202
353669
123275
976038
52860
872902
919695
257176
550267
892351
182194
976789
507896
814269
73057
863168
154598
590416
222633
456910
875923
670867
247989
164389
831931
869338
606388
56208
482103
614840
433369
416861
775955
327594
100732
770004
358461
646756
858654
924180
945048
183733
409290
928523
174064
958233
697622
903121
927689
50523
882633
24418
797072
199717
314646
528246
576051
748262
899143
997183
930828
907166
644085
58687
942072
642185
749747
824003
780102
105509
946507
307455
352779
802338
392992
650695
880723
120934
768371
720168
153586
538746
906113
235873
121016
431764
806088
782785
586754
155777
466538
64286
763885
545583
950571
507759
730918
305492
215125
316551
620189
845439
909627
256622
845400
728697
91802
913694
868132
983511
216411
79255
426918
316767
701300
244639
135823
277461
924271
641690
45742
764833
540419
867521
593887
4894
345502
210690
609313
152897
426564
398069
341382
518820
897937
627254
377283
286510
815130
987939
886183
83297
198514
300659
759401
721280
742856
748401
228569
938587
444782
94676
977977
615993
778164
458685
446437
192416
447475
329165
641453
587267
786854
906784
769411
319817
499058
114345
634832
207862
317382
446570
147873
782456
878813
642577
268094
805968
567968
452202
923803
967643
20393
334469
789352
751420
140579
610085
512259
689768
237325
304674
148365
103822
845917
494556
533466
925473
988737
999132
344834
267971
764288
646536
53908
803600
235071
774339
725163
181251
982048
870815
775768
489737
264773
115200
683070
805664
447539
289742
443261
981612
951569
581014
936262
465430
669839
28350
747598
143073
428579
747299
38110
591051
411438
989649
44742
99996
343933
376414
31090
833230
961132
572003
725396
165272
365094
251352
369537
556697
967687
722059
548824
955294
96802
95549
515485
531792
130334
270809
995108
267325
65467
585938
853672
656513
507891
927447
740091
776400
108987
798326
483992
689443
894696
922634
245652
635261
605615
450018
622259
48217
751301
677680
797655
256626
6757
346475
921043
869870
889200
418242
521246
470952
512878
866492
183715
263705
526450
647921
558709
540706
500508
679838
619552
869496
263544
726633
337179
354604
707588
381810
741721
704918
578960
185298
654462
47389
69373
876019
941999
403750
917671
885004
147138
159831
652127
890103
391829
360519
684433
55088
338234
493636
852485
408044
814352
558592
305281
685908
508525
391640
760011
601436
250807
920898
38923
538053
689490
37203
463823
264235
50547
41963
129001
912587
522835
361534
479027
198805
921088
732415
78515
495850
755406
514666
926041
472307
427114
369710
114853
982045
541262
1206
384933
576116
79952
673747
638556
787291
506518
433480
214719
924262
674532
115313
447832
974164
3478
856400
605070
583852
442665
588021
822652
230642
328115
535050
226365
877126
186995
746937
216329
615578
592515
811130
944568
178126
369386
160828
822438
465514
992782
682095
560048
153463
653318
373932
738074
3834
864590
433218
671314
141646
427028
554206
636559
520541
250543
858006
635092
779899
119791
119058
569745
767903
344015
233175
662824
350590
375559
428529
828301
280326
403710
609789
185350
789812
135197
409296
454994
904978
787647
698120
900454
726673
173892
502317
535378
203454
195653
915074
518211
702948
786593
349038
16481
567935
259638
454722
625112
8472
543724
991015
867893
102978
155115
357285
902438
91439
527341
922898
155812
883311
455853
393621
626988
641351
330175
267542
35304
723242
48889
487876
894701
578006
544015
966466
708766
750606
20285
105839
659885
276335
455773
958288
890945
378866
613720
746844
547188
450365
436345
132452
447091
542694
67357
754526
514633
435461
866695
813901
231477
131572
641936
431438
80695
273766
18747
892096
945002
334561
67238
670609
811019
26713
173149
219170
961495
348970
947977
891478
354579
649522
759430
377596
45349
354698
958674
472086
71968
942495
59233
161542
71709
189872
770509
830228
230852
374118
185450
749150
538282
577227
159352
992093
462996
9960
356913
584527
348122
209600
42627
271303
618215
437602
668120
412173
888925
825519
596496
498803
986133
811113
313872
759669
51524
280499
826676
721164
969721
726891
273440
699407
525314
563552
267636
874374
187759
95410
266525
370957
193838
501317
538952
567906
245333
261665
160818
896011
428479
585706
679708
206759
238413
822582
643866
817999
908814
548816
715209
667560
403961
955849
982368
866056
892183
974005
385568
556226
727998
842377
117541
690000
769079
83343
324319
835036
145345
219459
704090
122347
256175
177230
675192
706726
554220
252380
958081
338566
354271
756380
351761
383708
257257
710483
239280
379451
254987
35294
578686
536579
604005
764226
670861
14282
565977
689969
631049
688936
997518
234908
344722
846623
658769
730671
333034
618917
85909
534126
419210
236880
383195
332330
412367
857565
738925
264607
362770
460573
8260
199405
629781
951485
569545
53105
377112
867440
746808
137856
715404
573371
335841
969664
812383
867293
378569
372450
799030
422744
913645
804159
129913
98016
426854
364814
697479
327839
280488
16256
441482
447523
297444
874552
308902
688421
429646
768810
589067
52599
499129
180751
662251
626057
562077
343362
838341
838807
781947
489466
92126
290931
909911
362917
535889
120170
765092
45341
878142
439062
809726
721929
897694
154048
688081
498899
722615
535727
419991
717249
910954
808401
843198
884275
508202
299653
759655
371704
686791
156739
333835
240140
211880
600745
225848
631410
444312
111395
680377
634922
529655
87541
376340
148496
683473
40296
462829
600785
869835
716559
333768
564106
583097
470900
182572
197182
719373
191716
370338
129588
33067
689556
799901
955563
127191
733359
821107
795579
406352
190141
356746
366794
390774
92465
511310
8487
629222
617487
713310
750790
276902
810808
210118
317977
3452
710163
921447
591751
569369
570714
220787
32075
701619
582526
499989
237996
329648
230200
484717
76564
166014
506286
134649
452688
263231
459774
290703
214947
941154
279273
92486
500295
224781
610591
384501
532353
349878
240035
825171
900640
577553
849370
960958
658641
456547
326518
158423
949474
431670
172025
513930
205201
440357
764072
896235
476624
71383
471183
584124
583192
367496
916075
198347
630119
637251
847351
904440
746264
724844
488150
833045
124765
43769
688665
303334
509723
299073
898926
191111
414113
67629
849574
335021
973382
413195
216481
839236
277791
692993
980441
138424
655898
29982
341639
814352
483771
77580
950645
536116
290928
982626
353569
777807
470354
192406
343499
673999
175739
432016
882076
818441
59582
585049
787763
618554
473287
298546
330700
413993
417168
884737
403919
329704
171325
858662
437171
683064
545366
438892
547725
456460
204254
562588
375609
426598
520532
249387
377379
566430
52869
534995
843059
513
690508
457023
897939
696342
413480
846495
703006
132732
551480
913436
951142
619759
974997
724709
402018
169257
200268
95848
994802
85157
158519
488605
22993
494015
374455
677564
200534
568759
20367
739343
370919
616404
233760
386594
179899
662181
286397
853398
866761
476578
325482
412821
33298
393394
639926
758303
943944
841734
60530
815427
779930
634850
914125
407274
394205
976636
600845
959502
558808
348477
886636
560904
924332
145636
148365
263174
421150
839690
834713
65434
513347
289280
687931
978736
75207
238548
661108
717336
608665
140851
636571
841601
859446
317608
721141
275911
940049
426946
126380
440547
166108
343316
91184
918081
624054
430166
692839
778223
380529
581097
16274
151921
606206
719608
889405
695537
759992
836218
645986
90259
696137
833939
573660
866045
171482
345027
507576
211873
65078
324008
653889
934807
89441
109934
42367
601146
553039
537027
860258
165288
753255
431418
522909
744304
68720
223943
211613
742617
711431
693654
413270
185293
523724
38408
252664
799457
157789
556491
929409
664706
280890
814100
869420
349693
26888
18300
153991
93738
281201
100532
769122
510774
136360
372774
700195
680332
833354
903466
197047
25056
528608
770018
510947
343640
624513
964403
713848
523351
845781
631072
616229
322534
137396
622148
26470
341761
73132
790316
382874
746748
10529
752015
558643
639120
960847
148139
179783
343046
72236
970365
670531
473279
411497
755355
729214
698141
678806
669874
896875
293906
753573
960024
472041
662019
584646
696461
341301
887320
608498
820947
454719
594723
373124
800487
649498
602282
4161
411355
135180
145171
935608
15825
871941
126699
578565
455126
444589
305426
239791
47064
200022
578247
956337
507397
752209
743884
191318
462274
945628
590582
360509
668101
818617
633171
444924
700304
254106
851255
629473
249931
710263
795429
67028
550780
4162
812951
682840
864933
114802
899627
159664
25530
31804
937258
219934
25597
882593
595445
717574
925176
69088
958862
503858
886998
212747
851008
903023
277087
558903
544364
966036
927823
734733
814386
200994
378833
455165
260792
434503
333341
122067
306842
796669
509035
538017
649198
532624
51730
637596
389874
107516
490818
801795
210325
306484
829530
449594
589854
365055
454759
529717
179837
129597
574266
381967
201581
567432
778405
856635
198210
378870
462482
59601
188180
726074
331647
731594
848648
998698
597018
582471
360248
290203
333940
917195
676222
442216
823397
90186
495266
776402
585277
572633
32861
355521
338466
863940
577546
8361
850379
720958
465000
989832
488280
457971
82126
435275
523915
956410
86124
162896
813223
70758
444921
498375
385571
176892
899198
300465
348939
625278
762111
365002
344884
497830
335169
433604
392218
486766
706045
934120
322136
914764
12447
435041
784002
372924
808187
777556
49186
721205
755853
892967
90510
244349
249451
330339
516707
408344
744329
642356
726560
872604
906473
709389
585889
11872
840861
375720
267573
292371
425786
893675
288159
96360
499227
107495
490598
380335
686223
155257
464473
481919
944224
947731
328547
752208
158081
845909
143942
384677
75411
475925
154679
135782
27924
792574
918486
192843
971236
417876
787721
544437
347893
180693
439732
55127
709007
796155
623191
981713
502590
977951
567811
663325
211801
652343
639034
471714
310831
921856
260514
411942
672911
990327
807334
644705
853044
750912
600938
108396
542091
836842
620328
316824
93667
373834
427436
563868
564272
335555
886120
933158
357372
555688
355701
694482
214251
938936
541607
366904
311913
125064
725771
431072
586354
709118
831359
855696
465533
92473
774254
187718
455558
970382
973159
893570
232695
880110
934746
100411
609010
600099
480494
435825
421949
528889
999745
799842
420363
781881
271037
414742
640227
263440
980052
310933
244719
506319
854168
353273
654052
577676
939832
285470
7112
731941
493915
304053
826661
641381
80658
49464
858696
173566
522174
315256
701558
282358
715134
255122
440044
31135
996050
635584
340242
167102
116113
878091
484923
586830
358403
258846
110171
602141
265244
663158
640774
583635
763286
186102
575393
647698
17065
773720
249959
363321
99434
447741
584282
117955
582909
464228
129284
803725
214840
708025
29416
434741
343254
915653
887370
682462
116245
724676
596888
241807
263789
982612
835828
232635
959533
653449
183071
162843
691635
681565
39299
177144
777543
306373
198813
123973
296789
402847
239685
77096
513157
655239
571547
992025
226233
415176
513232
695971
72354
287599
581710
251208
105983
315004
958085
720450
632628
720050
712211
789411
67075
229454
572559
488157
873833
688724
74995
770462
765655
981188
812259
938708
884619
730156
550302
196942
414987
536023
916096
691523
573886
53283
774897
789419
402919
96560
660910
39371
231678
532532
190514
180686
760621
339116
650624
351695
114276
15149
162192
201268
255065
257049
730259
4788
191583
208620
506789
11896
632802
563062
71695
751391
696317
60387
615925
550108
236024
165238
381602
50618
62049
708564
819950
173824
270725
167677
331274
157424
93260
972245
634088
186601
868078
953568
787337
11692
926614
930445
911908
566139
122577
990057
131056
597341
981747
958900
795919
684671
946118
227729
289431
53557
191984
97814
275197
988061
140320
586948
196448
966116
598516
530704
534960
772322
532395
23520
725433
158177
278018
846545
386384
39675
318829
535989
509976
692705
76787
31898
983025
547704
266982
792965
845375
754717
723518
387198
702418
942346
609170
204933
604727
583568
157490
922786
179674
269636
843171
354778
75414
907702
881528
248574
753691
388444
592265
450589
867323
690894
462803
851609
361745
751915
767276
248535
813518
18713
882081
972112
741985
656233
784558
645573
892866
368216
161432
994191
558684
712561
830379
587732
451093
737873
941452
939222
693499
201667
638330
72933
386956
102985
922213
958773
695330
594428
87914
272778
433209
371786
150251
926671
316959
253855
268360
632326
562551
710495
14716
901082
686057
237583
261718
106577
293161
284499
587025
699485
842467
106130
389267
744657
366720
991606
293375
463729
751192
276175
455095
324386
944756
418071
671153
756288
929150
149264
786100
519311
997960
409418
378224
410441
828597
996480
739256
11733
484744
400098
951069
82137
979207
851694
733672
590694
889035
949303
798003
801618
733031
9032
21476
663907
439411
328610
146951
863719
688244
220384
821447
175329
554089
106428
601481
832990
383668
925930
815270
946021
867811
672418
65603
116620
74843
74555
596046
458407
471520
906995
689878
23772
625027
752523
32071
289234
866665
406607
523329
215688
397555
727859
252693
60738
724943
34713
536284
43101
252571
50288
934515
287492
696625
824694
61526
791099
107603
610909
856536
338713
413684
325004
90556
465235
510049
616252
236532
853938
947595
692739
685427
272038
307441
877230
929265
395573
198830
472966
153531
392908
895324
608437
10163
679670
541092
543235
603499
896874
448676
102841
245146
945598
770811
828646
433785
595642
250868
728383
642493
793928
859980
515873
972465
533703
958049
838579
250223
553214
444474
514599
57915
968109
299245
360991
113595
575615
996337
703084
530775
199005
822785
23793
461673
261276
794984
481126
325857
377046
276207
188089
64376
142614
116897
796430
638415
934957
755128
893159
297252
708833
765990
861535
773103
705285
210689
558033
928671
374116
907595
602774
929452
2007
709213
61674
753753
207030
134128
664496
334792
27115
82632
196620
13241
587106
413310
164334
615009
305437
988008
324911
355171
517155
274215
678739
408429
628888
215180
152623
352562
314984
950375
499044
312575
9053
768494
954249
818748
345105
981831
663335
809922
34557
423027
174237
767635
860079
469910
796900
835258
741850
260519
733293
52352
626759
941360
309799
63368
171754
597058
642140
246600
835663
660537
634299
649892
510835
709543
616752
65641
157232
501536
176623
113954
932752
210914
408592
916314
307266
557534
202133
277552
467689
716903
443847
823248
838162
539318
536893
260691
262462
47512
220798
399093
654238
819637
662142
701679
966045
796925
336261
331569
837847
652464
565037
238270
358311
595018
434250
49251
241565
920714
74788
86613
118991
197022
758303
539878
902214
46829
865340
921188
430810
250240
592696
154510
477272
839246
16594
522356
362463
282210
578410
794858
213002
773547
189957
125032
449607
716960
329197
371457
989126
750990
745013
833278
99854
350079
433243
465431
511337
620168
156294
563277
163776
602928
383470
221927
754177
951480
163034
817223
2364
246540
475333
924455
723021
118148
840730
594550
915764
704599
709791
46857
271105
320989
536238
14656
233194
899646
514653
376822
578239
450941
963903
880676
959476
12571
408708
149843
670877
398505
309179
632507
68537
694317
442296
658557
850981
244912
253649
44858
511026
832163
708098
334158
244688
472043
362800
111341
579369
96144
753867
976664
27594
671037
540748
577659
337276
244853
24606
12966
91889
10003
965081
571494
516506
927291
959209
586943
745749
130467
268237
920073
597828
366968
98619
616293
363449
811630
720482
303258
550029
287911
26567
506895
424272
111999
194897
229543
774810
314674
819040
216309
839808
165163
577623
572890
845475
522601
448122
846146
905314
752720
558899
271095
795119
615626
440111
156448
896959
813400
236901
389723
124443
32569
816823
168178
212628
693301
315249
655484
503059
528838
286766
60307
406862
175332
850521
797037
228183
754732
733841
501977
243983
559532
585638
601432
35511
656845
301376
133206
851495
45277
360096
270019
393751
523193
540670
93779
177882
214100
3216
29070
293739
988134
459500
874196
454816
149299
687876
812721
454075
170486
862161
710297
448800
531882
891211
870784
256736
306422
698388
565784
935539
849203
25204
660904
724037
874907
130943
939910
518567
61327
281491
435825
522982
806980
971070
975821
263289
599372
503100
22651
198675
960701
755933
881492
236185
975808
846277
300099
50990
703415
321038
452988
959081
247052
812168
858269
247336
373459
912608
703519
722814
452059
614814
70392
260040
628950
110152
134289
482781
209954
373412
487647
655331
34035
810523
943329
766974
843423
740985
268980
883172
193926
134737
834966
892172
520220
277758
284789
422405
35157
190276
320051
23011
239404
458772
11449
181332
121487
308078
826357
836112
281514
206881
375025
9519
403854
810734
803729
576148
586494
95627
498217
816071
286998
418819
454201
128353
277017
262266
16326
988832
579733
126222
972309
137947
474677
931290
87239
895055
86627
548820
708236
608215
722583
787734
707589
275514
793537
819834
428282
13790
735311
30302
390069
353499
908123
336391
502841
603563
677365
174305
61602
990909
263624
846948
695642
11560
663915
766867
802485
287357
34566
763102
586794
633397
397023
703400
998447
426569
103936
455459
856048
880609
10119
337302
686379
594148
724874
653568
838443
603566
432740
479191
333214
547680
60769
454697
628821
551760
813378
393508
421337
533793
20397
286052
940142
437556
829690
22915
403808
353984
392332
157126
960223
510681
514392
669984
183269
351893
604628
351458
296046
741404
550975
626639
438028
383700
522241
77595
718679
685741
390512
464517
295873
296522
999855
13070
56903
914570
17841
861780
934979
261427
29851
132304
295070
20155
49864
683944
575076
46258
95846
317490
598384
737231
760765
806919
301126
923221
205200
322047
514879
681761
519900
558734
550175
777299
388221
4666
426370
889431
437808
892344
231925
813071
772019
470819
842722
1566
701193
873944
543907
282196
767834
319536
606583
553713
928694
715931
4754
642840
772218
105813
619342
612498
204107
53128
118912
868411
911232
869758
382630
51981
156124
305537
46972
631750
923192
199250
777709
28729
443711
568642
424359
299823
461971
220399
588807
934263
914062
640158
472371
440849
687267
418162
112711
580659
962850
537031
734951
559414
226586
434542
851252
513632
206488
570821
960858
176206
261582
588529
919045
975166
510992
883195
181939
82295
767351
221444
376549
228757
281704
400934
867375
319989
756975
990633
9839
72633
845316
641119
422746
881016
324784
577629
95922
250053
123849
107030
160404
672282
228569
319381
57965
604770
588893
156950
859853
405088
717097
422466
771347
99903
943017
717766
883272
388278
633858
570191
949000
388567
403286
190820
446427
625525
368103
339103
89891
764848
356755
221129
447725
680799
795773
622225
25833
600344
970508
836329
45623
535710
48845
951550
479959
230312
840500
579666
874691
720266
580800
874231
492185
152323
496060
224873
344879
432034
840737
150345
548427
853781
979673
351026
157419
174735
882526
159162
662270
215893
544641
355399
910070
201766
967431
210507
65077
928709
286830
791453
28900
180260
460621
322101
680163
708527
283481
817092
795610
716529
392196
337774
651502
589991
610623
543589
821648
56864
483808
913123
941679
563021
647071
527043
298829
274859
53499
494077
359087
514825
667578
338749
508974
556920
503245
481182
264043
50447
534417
181512
434784
286872
311986
100194
616785
344347
981610
720374
874017
768452
963048
302753
163520
455667
745355
768307
298114
592033
739725
437289
827979
472618
347517
84548
539367
529019
396068
838533
642550
667672
992521
227912
22404
449866
279313
472634
322615
706660
518142
694905
388769
273009
408216
755399
621110
372604
19113
385385
369367
427644
834849
738466
561805
382169
555034
415303
430417
687839
504758
672639
410375
506366
704613
851673
596363
835899
776771
632970
101412
762167
898590
43073
538646
745562
636437
120297
915924
76380
257499
274555
925457
266288
131675
644988
633527
750733
822966
767642
94321
259930
64424
799775
161315
620405
857288
