232820
657948
145851
286360
633730
804482
248268
730021
615721
283682
297134
102222
581441
457099
880498
89588
467600
348426
990965
535746
904820
755089
310687
216359
290856
91060
496437
858142
131766
595596
1564
212776
509114
430654
177835
20699
748238
983894
131819
427732
382615
273421
681454
352137
215339
118825
70793
459961
172254
413251
837487
448836
412776
838628
740523
318551
720436
694025
159161
343999
353863
773766
263426
828511
312331
102599
892787
986237
61368
982961
163385
95414
244190
510822
482523
725970
710033
447272
693363
898482
319793
411285
571914
336294
48916
211984
519567
988827
242514
687233
335988
281777
425326
14834
432678
823147
168284
657498
324198
765760
593779
253815
233673
314638
79217
376852
362440
686
24997
188842
732549
776866
170365
378659
308571
31147
860396
638265
494688
414328
164472
869757
893562
400568
764893
941236
718235
146512
374881
677404
586970
316968
799285
93900
345519
803360
856965
684793
991371
119521
443613
920597
963282
263822
18487
963153
294518
527960
791141
492483
985585
832753
213783
877604
922974
357400
740490
376624
826613
190355
609038
110832
78881
697403
281202
380436
59968
934897
114125
21433
414326
430254
253548
394123
281262
610617
246099
863812
593519
6833
708786
407187
448726
526410
513574
352151
481462
270293
457960
371146
311177
184951
308822
211771
922449
182715
725404
628083
784271
871428
286143
596474
894111
432155
337478
899698
764910
577831
662021
606688
717786
219770
551943
275723
984932
138183
963351
134909
877396
401970
880107
143718
811498
705920
507246
809632
414780
709422
439080
791502
610929
981533
569356
570909
848344
897322
899615
549164
818470
875932
876544
424328
302154
850423
790552
126032
301615
371373
374302
485112
887565
186996
952455
788136
88172
418611
146953
848196
717815
488981
524427
842055
613113
192384
252011
409992
393462
788128
749739
62751
661352
328797
995129
275169
856853
458219
653721
933830
969609
946047
42481
36204
386934
605791
92016
928884
365988
677970
977372
320906
203734
495415
690744
56707
174779
502066
59726
617055
950094
777985
723038
441901
382283
149164
249123
130190
431885
108443
539838
339025
552905
422913
658306
324222
492449
189494
748187
493615
439846
784227
547227
795287
811821
346263
636067
695526
744460
550454
388074
73669
488114
953744
977581
80636
627104
806224
560051
752308
909064
972235
743228
654358
131072
152888
941381
858833
217443
888063
744891
49787
605380
512298
99642
13583
773072
802360
165312
744213
656447
964688
65971
760671
767671
121427
623819
508207
563965
972426
975517
422902
754712
63486
526597
842679
661892
355815
873264
831690
378448
732732
211203
225277
385045
944169
177068
468053
731795
595551
361603
143346
859305
992133
104284
536464
736240
908044
199020
726890
31221
775008
587732
997561
785554
174586
633935
400921
703976
710418
492021
498253
274235
263602
874985
791257
144298
411494
547046
117901
784009
875216
363296
566306
228125
31832
909850
845245
954355
270528
793860
442704
282845
381461
741902
974368
75146
687425
508941
532833
561345
909886
317448
131517
2810
202533
846881
51059
790681
322916
419547
531804
847432
400974
423116
716618
751407
715085
419296
966153
177363
415218
318279
342215
916552
504173
825340
440464
644564
197720
855795
810161
173538
990317
338079
969342
1568
923864
250973
218352
108278
716072
468800
688422
46370
452319
376762
526796
883444
302760
312739
577881
933155
157160
739625
615090
562955
820781
797397
383980
424452
563651
258293
704367
74848
526693
145196
446262
290816
268561
960274
421426
978835
498100
15881
784270
330093
773
459037
589198
156864
631726
81879
158544
288633
689956
329247
268021
692025
150168
783755
80473
583086
186053
788488
443261
419214
438186
628643
967942
522224
476306
113461
213150
369095
443534
761065
503353
655163
500869
78507
357554
960677
894370
177967
406675
546727
180971
241115
422772
115174
576882
411539
681210
478630
680228
706399
803585
205056
922622
270586
192148
534402
108192
154681
772441
139363
527866
997077
490378
983009
9059
841560
998750
291065
934536
79584
46534
746627
293441
288211
85459
120999
494719
274208
490420
461056
459170
18413
326621
598475
418535
131875
597636
360587
87358
883538
996933
134653
371322
339393
220326
96179
921442
116758
309620
373328
441956
825822
367116
996447
762857
665402
899958
372048
402500
555495
346283
978127
995844
159464
887991
776514
565544
723794
526841
227104
599410
250164
417992
646121
116436
100960
489840
7813
490375
332250
473306
420093
48635
83741
367497
609104
605929
386436
241728
886195
168068
848540
239938
883881
611341
148355
592369
581370
806790
284988
836632
389459
176190
807635
425156
540601
768651
569511
984845
58987
574358
264409
978738
293396
938192
99472
315746
652394
481923
602022
910231
779046
626243
585010
554589
534816
491139
703346
153201
14790
473347
329301
284484
188153
221095
7587
345631
858564
166948
445642
757408
576569
486931
477794
688554
324456
216299
848763
753217
301052
279186
96351
156349
63238
175774
26273
703049
998312
961706
146394
125178
543397
49745
359202
680485
685041
891545
767803
498395
803041
216188
909646
317059
693314
671893
740173
803666
926661
309092
485687
799657
370775
983742
497466
120266
100431
761556
873778
179064
541889
577757
134543
865707
850672
705955
814358
688301
20448
854375
366974
565332
721544
655666
252282
372828
253222
406650
996886
432801
797549
687597
231291
380853
756442
834717
223885
540132
333797
675143
454003
289538
996882
941249
599734
501740
418598
606144
293442
807268
998455
188995
811595
479683
948573
779360
424969
380698
718980
540009
865123
224681
148067
79611
978474
706491
761607
914722
754812
518812
536201
95340
864457
457593
712158
355977
975794
349010
276429
268763
75981
864798
771451
801312
204421
44027
256034
891769
285599
323727
623200
527895
857943
717889
139436
370433
131560
198670
171747
270532
751083
361928
582657
667191
907671
292593
717163
691561
776551
413936
466472
564202
849945
404910
118960
91955
251346
138896
683293
635762
499743
471825
872702
630966
246422
541563
475595
585716
995995
596097
937778
49460
466494
504316
258576
640987
486402
238720
352955
609941
921657
717531
500604
36190
219594
490921
651418
975534
317973
861079
296401
137087
111661
948274
52130
305404
55684
941675
126532
114248
323428
181609
753784
611495
950489
324875
536250
264973
458861
654969
134803
232321
191115
364837
909771
850414
239621
182244
131900
811974
181169
355811
639298
567827
700974
16839
313679
552220
93252
472805
270235
108720
655914
522011
590904
260882
267681
369609
668931
664129
892029
519344
620855
348130
779267
454565
857243
759308
37550
681841
723036
246448
282828
542536
69749
452387
488198
896676
594762
32330
882364
80894
881877
642785
374542
462057
576375
567911
221304
593867
105968
201578
193237
80824
446954
646186
526532
930476
877552
210413
109608
288613
286460
961375
162249
599963
107373
712547
673112
395933
454487
140154
660303
155274
607028
529742
481783
467240
312377
179356
479043
881956
840004
580797
672538
70119
367537
389775
734258
207568
966604
52676
704856
955028
287328
467847
874380
697520
862638
102214
558472
458694
754426
941088
445217
102491
602239
577389
637319
318828
540034
284516
71975
167720
673348
77613
695919
374543
979024
146628
239089
256357
542773
353606
751969
584274
136910
776412
488569
715033
347133
832193
4667
112371
343734
2097
37142
987528
372215
177456
411234
575945
824981
602612
41158
865196
752882
931247
876857
369797
416587
511869
488677
11006
693742
265319
488743
645235
656585
976466
187635
463532
832092
35591
669717
877496
752080
20768
87506
467874
992610
76491
725293
455315
489976
927678
261125
253060
507796
897847
669404
617757
315174
402223
295154
621103
163515
99547
150608
749003
398164
858525
512864
574141
317138
5006
965753
381736
272460
543712
102841
474879
747651
997684
609676
994397
118125
325623
574537
267266
535725
544825
934203
123051
678500
179660
818876
576333
239649
353429
296445
223085
249140
928754
496739
822687
203872
721288
964364
116185
84526
221799
98735
671603
251486
215196
631458
83133
303161
725268
489268
829245
244546
544168
775226
217283
463242
960777
66407
223851
380643
944265
95317
712559
345196
819204
105120
573350
857675
154089
502065
428573
316858
867305
155289
978064
500728
208378
638547
779078
3039
808712
604908
935110
24342
288313
512958
354873
685660
370075
69720
158557
776261
493165
544825
931
620482
704775
534459
305191
792600
370342
5709
946186
535283
498840
975641
618285
828948
686720
528196
523851
977061
746631
379667
829491
76909
570399
346539
922081
694366
799093
259505
907960
549900
301299
905104
119583
377720
148591
302104
545141
646347
447219
328708
431922
784606
24681
574932
652955
308726
211043
76249
610273
22541
716549
881423
424023
291787
972624
668708
186575
932820
76747
872535
104400
344826
211536
548092
611509
299859
405040
191643
563749
941862
94916
594616
939242
23679
240913
325166
386736
604706
570967
176501
67165
778652
749686
911875
414919
976053
417085
37006
580310
417025
874449
618542
821047
814101
875255
251361
18234
194135
602174
474985
477386
24559
149324
666000
47430
532122
624579
712267
490112
274205
954831
493628
311185
198998
393487
762002
547094
885357
842973
412236
253772
186602
391612
864794
558788
749089
290077
129252
553730
530504
479886
538532
884280
818857
839936
587950
781274
324850
154227
350928
348702
904362
777792
820564
216338
656766
219074
628066
446553
625082
529890
856962
865411
922003
128766
80192
782408
144352
226422
204776
1505
130729
909330
269745
201348
760344
764115
558774
62010
538252
860053
777055
127134
376717
687901
685918
917812
718618
595333
855126
377315
65309
227393
181142
642448
116864
686349
280706
624025
64664
55797
618834
864107
913471
66240
266036
436737
96321
251066
555213
38906
177005
885085
47069
158484
386571
975643
535041
451723
649260
856971
775697
468488
413340
734445
498729
807688
867444
618396
250693
201226
219468
271695
800326
154036
110158
320075
934865
950595
714791
13929
870359
755885
28758
374079
16687
982870
442598
965230
455454
390826
904889
706504
696057
669661
914490
801435
116962
630525
249908
599327
281902
938928
986625
575736
404391
920720
438746
293415
899821
494943
21710
446291
306103
764201
775950
644528
426551
646197
382884
391114
763356
87207
971780
10224
804721
921717
595963
612927
565538
327620
798340
325514
721055
767582
627258
140067
793305
484306
558951
604489
134378
110953
248570
886701
310993
135552
373591
996067
798171
327943
724041
207202
167197
427285
193747
311735
32349
990565
253476
11213
762256
300337
956136
795345
387966
547113
949883
271493
121986
921872
740088
878051
565165
109108
291888
560299
805322
421256
624182
89419
5885
549215
526744
930347
890437
808263
330280
837586
801120
967232
546360
202488
802190
992920
406115
611496
416685
563428
67528
964433
998851
162332
810386
857643
919259
652052
81139
324929
304454
266579
887791
447390
142787
775250
610708
965592
724217
528786
332488
573300
307296
430874
41083
465460
595904
603788
628731
792516
32594
185251
251302
273853
849410
366476
966073
237139
426518
903965
380487
257890
409256
298166
218182
205264
193487
663603
286084
753118
137308
433739
620791
962320
693248
310856
173937
48247
451339
162851
822642
639320
105359
11771
295191
995259
306147
46514
247473
724497
315011
651813
635313
432706
594773
601221
954239
787027
419079
59606
499689
674929
832339
940548
613112
577244
236324
993501
998623
747571
21075
683952
831373
496536
219594
925887
977314
779135
686665
307235
358525
275736
677831
42173
252532
601943
620720
240852
737437
445468
548941
801040
366857
619716
293890
450450
983761
446668
394480
415342
918408
159901
742331
716038
588943
183224
972325
278532
32392
36094
210713
310323
284131
979357
132996
371707
23828
37331
501854
85751
115429
244448
684743
204661
216231
274764
782860
461385
845764
452434
934152
48206
203184
33128
158695
165690
833214
220332
369926
272925
286095
211052
658294
572854
185509
241810
305696
378738
335509
759594
2050
676034
957211
323282
11287
263831
20167
206845
388117
163965
343766
186275
816784
968913
392988
871945
120124
354849
174684
760232
902800
898142
202490
397181
217605
227328
929863
492589
685373
137527
619388
56402
720961
811657
487106
119654
735907
142477
756334
604746
459010
255426
235786
524020
814764
526476
100878
578356
995486
317197
982062
443809
170470
997212
142413
318884
970282
312101
192399
804832
239745
2717
524876
644733
638975
184991
130336
390992
318350
445544
703967
261736
160567
589484
689318
626488
755200
355539
702285
476700
279728
976915
754104
214346
798894
949930
67661
105494
435656
925241
512767
35553
403663
91064
881161
350303
287454
766682
10103
259780
994620
105918
769438
285067
344151
305806
229804
141603
493105
987320
809242
661238
17367
984327
13886
189782
293707
941149
374332
48454
752323
925135
858461
168803
373962
780637
896952
849646
442693
784716
190860
959223
976848
113250
66608
594470
24455
115518
838049
865897
643233
512465
245563
375414
300470
884861
950979
557179
185697
974600
237408
534762
369664
527229
855210
21850
779160
845407
601243
380188
281622
842315
154851
635547
979824
441001
140951
467822
786410
910
650953
25470
394165
684786
806899
746383
66610
526665
69708
460141
824788
726912
84477
447539
56546
382101
909869
376315
557020
90963
488952
62045
257461
694441
926719
883366
5311
782694
932121
39319
249381
783764
458344
147158
179153
462446
358214
969462
422254
834238
389085
326686
171911
859735
547990
390040
256462
615084
902185
570424
788729
494796
22035
704167
822663
228539
464102
272267
387617
871918
314874
328468
297755
911650
672321
451046
880153
891929
10488
266078
233423
108146
328698
320899
337504
688420
513967
245963
276200
863575
932577
581639
290005
76639
753711
222188
420848
940373
343450
122814
96954
193300
25596
672538
146801
727309
609049
284129
339570
11208
824142
4221
339896
985079
629926
685969
797762
563512
296396
79553
468115
145064
89754
472282
544339
44447
308175
958880
195219
744907
966560
371891
754990
924396
487333
657117
527754
988713
275764
755195
117758
612046
271563
494277
971278
760483
348646
211003
612241
870442
195505
953773
500660
853684
176216
292839
458583
768544
48826
198072
645845
798641
160443
105694
588065
490571
634872
31888
126411
643274
502934
280040
263906
537855
742708
816554
302964
273416
14079
40181
868273
643915
377955
506500
302382
136527
166174
28129
427973
96823
954801
613864
519769
9819
428721
600308
896375
997956
703738
608168
788120
179780
999874
327900
12547
226224
678987
36769
213967
931964
793714
154739
806598
767793
42789
379386
94181
104141
843378
804925
805249
916343
898618
266148
872003
690909
432836
160744
977172
377516
724910
592601
976276
489195
788222
78219
9795
401460
364694
838750
151938
522897
857094
328105
461236
822383
327548
117315
996927
813249
883926
240557
581103
572340
452248
662239
137337
415306
608441
951213
727452
145558
859544
451670
350051
884947
107916
860394
818056
462752
764952
28757
781810
841756
647549
910475
562335
858
729066
273362
309085
338369
635343
602023
436019
468227
676047
881166
307612
885496
175124
74809
53491
620630
726844
179668
210090
181135
602929
954795
663028
55047
152022
555129
643523
558129
999965
929934
985963
738501
100917
467995
294310
615648
79009
942557
199665
170167
952484
149604
54419
619897
183192
709824
992573
691457
539230
646535
128845
799413
593968
78660
746605
270142
614611
301439
691480
319588
133800
375845
917821
829317
132832
686484
704443
22769
332239
179525
1805
143589
188250
545879
539007
102114
888395
331956
641566
426794
910531
767394
703599
613655
49167
913128
900181
612248
904595
394970
744982
188936
328610
766084
47543
255468
955824
46895
263427
51209
72095
666130
347115
830752
741045
122904
36807
297928
778159
189386
346746
367142
242542
333722
304820
627082
641744
217035
352914
528361
264858
386815
369440
320115
187409
994655
575038
569489
876456
388065
402976
878077
629651
122681
946927
105533
67578
773662
412685
20221
376713
863735
118710
174728
497188
117154
201921
550691
22008
949153
291334
252166
12781
881890
733978
934712
759
848682
665654
472966
491532
66525
508214
932191
489648
578028
474877
422095
612587
384795
861749
308822
701724
371310
824884
769124
448936
667631
266106
148724
790795
526239
952151
696386
104846
458807
703594
20778
149657
936601
651971
398943
513696
900440
316970
359748
878841
186912
14073
373482
549902
700036
853732
592871
983470
30115
737945
566415
741054
318773
148738
420050
941964
122231
153576
76914
391492
686833
169329
848607
190907
671265
880650
774448
657321
60870
861727
516928
923252
606538
428167
427747
84647
151628
571837
253636
100929
867146
665609
589532
618346
502056
905982
677393
202560
521503
745372
748905
16592
465413
449493
692457
432225
729652
626029
450254
908266
757210
630650
878439
214243
183645
620171
139405
221944
819816
940709
264192
215002
726039
18089
133088
783856
686459
582609
913413
325676
78666
595545
676539
441784
166438
863482
951005
189838
51144
263249
614541
664615
353609
754911
456653
41611
602701
839082
956669
31367
196812
599808
386161
569597
882302
5979
881134
30165
45155
856544
450177
633809
683372
397634
598397
517311
393417
89219
924687
52167
246992
410011
939199
65060
214151
284273
87621
35504
671630
233990
504006
475991
824108
531313
639530
169710
973364
259461
63067
994652
9299
609870
555355
743862
380729
563706
793794
759465
59746
13333
828243
826000
711872
327853
275450
737318
11719
652501
744037
958997
725268
776132
107644
155437
636155
149789
362238
463856
854444
996169
578809
42186
254528
527872
792742
830046
996710
487015
257311
674555
273188
979412
787197
972397
983116
4653
483986
315952
281982
714670
845888
393152
748116
461128
567476
548107
144686
562727
895683
452552
834649
675788
31327
566113
770782
591834
143285
199244
321061
243180
179943
354872
833797
914531
324257
274146
383785
685949
912538
216710
473760
810784
885481
89075
311040
395511
819073
363639
329400
645683
958091
284794
708081
236019
440990
122343
750369
148926
703838
338885
909676
340909
518318
474020
472630
951974
829651
894834
364361
283715
426214
376493
179104
81168
180981
245171
449294
614387
325752
231029
951054
451815
160171
862346
295976
749857
220109
112543
108412
908563
894771
309965
928110
780430
386889
70595
638510
899522
266662
767586
193698
717601
117963
569960
827059
775458
9721
836931
67057
397858
877100
496967
989156
886948
626871
833915
267504
664249
894717
849486
919651
966779
343433
128935
65503
710515
407371
443802
541919
203930
501360
859062
799527
2813
22748
306235
655244
264313
641095
35433
185181
638694
52145
39731
502061
653649
277763
48083
889854
492769
472068
40695
775052
273434
243764
912985
38707
909568
11977
124844
812349
760979
612803
697714
958220
532089
642670
302250
661473
12026
461812
96615
682758
388645
88988
964348
742494
107983
828003
174100
671431
155067
686197
785054
185577
545685
875400
112293
585054
348953
56726
378493
831038
156305
311093
326361
666821
777275
377684
372666
153315
317256
418964
757506
529057
357889
832
862375
433835
738117
317099
421698
803518
123181
470949
856903
389423
853200
729753
989328
627093
31330
617478
140178
226196
948023
786840
35376
315271
897574
218210
641710
506633
596424
555451
750398
280352
109472
33074
665526
47111
555604
390959
657699
142231
247322
500391
633911
271825
838958
632059
87005
507722
976639
899822
156205
10931
118506
119425
487483
139012
283741
957805
589834
358533
755358
895933
242206
812409
690532
432197
285935
238759
272035
628098
72570
825414
35685
185616
796081
73860
324372
535810
74706
102963
999444
815329
108565
432721
247821
116676
139518
308274
878150
118665
742419
591052
136301
392429
424488
703391
23923
424909
948374
27455
741204
651834
662026
76991
482932
287987
955961
213820
66341
764097
485041
299459
52165
351540
622731
916512
856324
458613
55805
461252
45252
848136
454924
683858
716697
155041
963230
754310
154864
639903
923565
876994
153931
704873
938456
613559
287274
857956
870675
512044
218758
119566
410239
800558
425078
444794
580181
268436
272693
429224
502139
775854
87099
109824
660217
439434
719815
422187
213765
290722
807038
190799
789946
550949
178285
526245
261159
623968
812459
241272
487044
946569
625818
663291
23872
133608
995852
228552
830262
391395
481793
599473
931389
1700
440078
845701
294110
528233
509850
201505
164641
183719
277379
718063
129216
95388
688926
337792
978173
481968
307547
90626
823247
328583
721670
493086
62199
116646
819497
784560
337586
326655
785423
680100
782407
612442
516707
818346
199424
889954
480631
519445
212021
423242
672994
59413
397507
855002
990913
387727
735964
966426
806173
346582
592377
508697
778221
805193
228970
42650
284210
171401
597965
356380
377472
678484
637853
754821
130525
555011
93794
987498
65282
668572
277510
992445
421374
846485
1416
100948
665338
283622
84361
829074
512535
674889
851844
921268
275636
177425
879963
257786
91275
86692
457164
752303
477243
356119
260738
965207
566048
455460
695880
433397
935710
769226
978520
457910
639101
377154
713170
463165
876718
849753
602184
157260
670636
487535
976438
888460
170046
946378
343567
973561
833561
806680
910770
330604
246370
892031
310012
650182
362640
321763
719095
403510
192240
910643
370991
148328
388290
250608
807013
236043
785857
224828
997981
731388
436608
322074
271698
33428
636784
93512
357578
538379
914430
563254
110660
940359
649433
879522
680141
269189
161681
378897
670897
488611
226715
737259
777359
147143
595313
408884
338502
423152
940822
484067
247819
726423
299703
902817
231069
485953
357997
774367
142031
779492
901727
910932
352580
856307
294405
12498
872570
346632
169543
422980
937852
300525
255620
901894
408891
808263
20782
777633
341239
459104
871506
83426
511960
179152
22709
396757
80537
844358
736730
389347
268132
568
483809
563973
401144
621541
118665
686884
442118
636995
912790
591119
258012
32523
748686
611288
851256
249245
310045
993227
133823
997520
949720
311820
735750
126554
65630
514892
868940
250009
589979
781288
483339
951548
697126
929118
730531
729105
571210
226220
187831
733867
412962
291591
897299
225199
240093
38517
795402
138619
578594
147335
511519
147188
616397
852919
545753
248299
979734
291930
878458
348908
931731
523649
365256
388706
690452
886450
37194
818922
156780
924222
673487
668466
169935
108479
180519
68366
67863
180592
435445
656919
725153
552425
466396
774336
357972
714677
764695
245751
481089
580561
613477
784115
38758
688324
964385
286880
505933
233174
217328
680933
378066
424110
623379
533838
179329
546508
406236
875739
201502
811871
889853
137380
50750
171907
472059
383911
17170
555867
188930
757808
847300
871304
109651
124323
704505
867587
275672
478377
586103
211997
230809
708149
203360
300432
647750
98546
758493
135872
920052
513867
841238
686420
126117
880342
736285
456748
133312
485214
336618
314942
115551
13259
411969
761488
690503
323248
841136
93908
731635
9457
108404
931355
750025
803087
350524
363191
359854
995090
177605
377266
669877
200082
974692
901604
425074
261793
756898
879413
982189
20184
869569
366704
1202
85373
94941
717119
240454
33422
622510
530249
877108
890797
784042
124965
727877
185063
30983
426105
175501
316066
328286
145012
886882
476707
541611
92388
832360
335738
811441
841588
220680
341450
90746
497670
935935
654073
899452
65641
827282
581616
589784
574583
745439
630927
615164
483086
881487
36401
91815
600937
216808
268695
262732
832282
797503
815923
399440
106982
731275
443283
983086
893692
799124
703976
456058
827476
281481
115635
477763
732513
808305
700555
748881
185842
932666
647309
181773
806762
480622
631264
683264
572314
251267
335203
959668
438072
428433
302774
569910
193087
337374
570274
382333
197346
350101
273766
80677
65326
444694
101855
598292
692347
318695
954962
146942
173134
562439
329561
658051
635662
535459
885161
611765
464033
767714
909820
189752
494371
828187
850719
900930
83715
830822
973274
324931
332345
712720
715575
816926
712487
626088
346737
295700
680204
308918
923899
407938
706399
792331
176553
652737
797006
354484
223551
898283
169490
120328
507029
91453
386031
159649
658851
173016
109957
410471
874223
753826
928342
828744
330384
114057
116181
409220
962653
406120
166503
349860
593783
329026
724921
661834
520240
484586
846333
18084
518295
54853
757250
809530
864674
330024
478126
463911
103542
359387
115227
952997
358037
999807
993868
745473
157412
663371
18571
455981
514968
621810
10336
19764
991357
821601
665391
801864
192547
994468
11119
124151
794149
370216
791683
765500
232791
934235
701430
295090
355403
912368
625368
208228
149568
851582
717231
55871
724008
825224
826332
108137
669653
127191
441804
156970
961919
494852
538775
551368
491572
308882
960824
514802
388636
44471
859562
317650
877416
167164
396315
771717
561495
883322
591311
919655
331876
513604
382996
961799
661968
357731
989789
382202
959495
205244
173694
80011
801970
616718
777667
615312
927320
394840
628845
307800
78193
332823
946314
715776
482697
721901
65712
721124
589326
323613
2070
128307
878454
775219
793038
996508
553487
476417
618979
99493
705060
876227
842187
222554
520777
553828
530569
900834
332164
278746
860898
392749
10520
54700
371065
689993
637167
336852
582729
822164
917859
584511
521215
852748
453801
165680
254130
311746
741658
666501
529408
344109
537888
990418
191366
637595
374585
752361
144891
960194
750827
572988
984490
584821
217668
46553
316618
725874
218317
801363
529339
971736
606667
28929
26399
952438
733617
771424
619155
813438
559909
277076
720969
925272
562093
934924
357828
145427
95158
165186
645934
226358
662401
19362
917401
955829
288171
12738
336464
829311
926743
282832
251353
518836
830329
994954
237771
334516
26050
522853
378502
861971
787619
449681
770194
814760
732672
761812
160727
154629
325555
219923
920950
691840
596346
987376
131844
757424
750718
254668
809569
392116
653185
625901
397304
689709
138147
236603
53205
409355
157840
659749
805085
533637
524681
345121
41199
105058
159630
446672
328406
610485
364710
102463
768359
478310
884298
342218
928702
456234
100532
994267
601103
194516
60543
71248
591851
11333
631931
100027
685010
373183
818127
666178
731311
734104
161419
122919
359028
262730
275978
437666
697746
263591
53824
744939
815573
300393
453030
849364
443547
426536
955519
346770
991087
24740
933381
652124
920134
344258
869109
627883
856277
157716
879732
449442
150733
520209
316508
768072
18037
98724
513320
531248
513634
967776
389816
161850
818324
885648
720512
563314
733808
140396
404179
985941
423446
239272
291464
304820
637854
364711
847430
46322
896820
821326
210802
857703
680589
626611
419313
637735
801733
452147
96028
972957
86679
363618
960448
261712
50616
190622
500430
974984
565008
760637
516006
524042
941206
587364
205370
558782
437575
303225
584162
532978
833346
25456
751357
23415
783619
847938
678462
404265
723194
558268
473818
237709
67399
460468
942988
752146
919573
703894
75203
404858
925328
2332
527274
904338
958468
557980
474257
777117
6163
550779
195133
883919
444627
17983
760073
78133
301698
560387
243894
201842
391398
711747
552791
296803
13253
218519
473618
356964
540094
930749
244755
56684
141123
880783
123923
770003
365684
794771
456640
820149
327768
939697
829898
76078
212794
185471
358666
78660
330526
549752
304206
136740
967327
32332
172421
851845
768358
94801
162116
675753
370889
448471
445682
186114
786173
989657
497943
67569
710073
615246
214267
965033
121322
506527
845118
81459
788684
46964
50292
951754
308012
77032
795706
484838
876791
558491
224410
120790
972541
843941
911894
937222
104648
339495
42389
256928
577427
920318
402727
273935
323817
212433
358071
313823
827356
929674
932172
158593
967774
333025
215419
2986
992767
185044
981357
899930
629379
476211
403017
139962
834015
60823
270846
780574
939728
900851
525102
852459
678937
694978
596410
439698
690903
731808
756262
39354
729346
867253
581097
428476
918530
120780
999956
542280
205355
758978
903068
629413
165207
643033
466438
520085
711263
781804
800110
479702
524213
444029
428915
287173
992289
53610
735106
659806
532822
226942
395454
54174
271537
518756
851593
313289
182989
956087
180850
73607
877893
860660
958587
257130
53063
698193
874949
881803
344081
409575
391898
646354
575820
436554
257815
457107
273473
140217
523316
942293
649276
941361
973106
582703
798716
152348
480352
357708
864339
999015
973001
503245
382752
234993
319037
133453
667303
598815
776570
32640
926538
245644
507128
474228
879846
857886
900814
743290
236237
944756
510468
569758
223003
371003
420982
25617
688695
692448
909921
913000
906856
770911
264589
43005
267729
122810
732695
136307
118027
127750
885850
437912
280029
182943
9273
912995
544730
871228
281996
931996
96344
758877
595557
342555
36232
783713
963710
858280
808631
403764
686592
105602
759072
761253
310066
582971
590443
860373
5885
668480
225414
827467
710168
982135
933663
685925
787220
350529
799163
931689
953606
377310
69622
936378
112524
732976
380183
486630
75646
755992
782287
151964
485491
315645
612943
832315
367917
693803
306371
138117
772002
83991
312750
487346
767271
958977
304739
349025
621499
708722
334237
144937
759534
860389
147388
536654
172780
888450
359837
452496
201770
302341
359124
80925
348076
292798
993544
352806
763376
131249
739756
13326
133883
703581
880086
24319
503165
319002
172093
193559
676003
694683
736212
840192
154426
691027
989181
272862
6715
258293
277292
341025
566199
858963
267289
644602
899680
363816
826657
645674
895921
68337
493690
294645
12539
390069
711057
367862
815693
178662
445762
673804
847552
301984
46067
230194
11420
956878
641933
55661
693163
422316
508504
264734
522712
502054
815603
342903
230402
793760
20396
648522
220771
764367
606594
549693
787479
582020
376692
254682
180364
685193
549637
290691
257285
467300
860623
154690
471050
531320
663873
580031
887856
477579
942263
531595
313025
800163
77557
328536
886855
173513
910271
19019
626106
830767
533399
804650
290563
501741
139668
93168
996332
462887
165851
463744
920039
173323
44093
656182
56760
130871
271085
573080
259967
241463
363484
66731
432486
946156
595379
299618
847395
542728
316396
289393
333354
646325
922189
259393
509683
854293
222851
704828
952867
546085
690263
559687
333529
961787
530255
541072
504536
360174
856100
732093
542092
496532
947802
843651
468923
763174
444098
779608
288073
924608
849672
982272
127783
271173
182841
432964
129626
439200
478294
553730
615972
311781
820749
597533
983889
507221
120602
707668
88095
643008
881978
192752
935498
535365
249543
27223
385396
228277
37685
68543
783022
726934
379175
422780
628518
444739
851119
226489
848173
612913
485921
983749
100899
480716
601874
692101
934528
182591
536626
74056
109122
108179
795587
171256
834479
230831
653813
479019
406918
157502
942368
97945
681094
973166
846621
864808
437914
278676
326530
776164
947615
951404
569016
845706
350356
118078
438841
75907
815005
489437
369963
625646
268596
459530
865428
718358
102188
406325
936442
203331
834723
88483
981080
669612
596804
850731
13118
862602
297654
804826
274822
896647
190565
181750
75886
197717
113067
539168
149591
924892
762394
643410
286681
775179
399400
768136
326081
549200
665592
764156
255336
508386
948161
193673
246961
238331
430365
285617
330974
440164
124208
799930
18703
929000
520243
91827
741849
846378
528028
959956
437119
795219
958892
507971
129424
613475
883797
732275
94364
115881
47429
113895
282388
108238
252371
907477
891645
372811
18373
88869
2513
538682
51003
563480
527794
728074
986940
29126
801036
961165
278300
340031
916294
798508
442054
552659
790052
87098
79340
375918
373884
690405
831752
609819
217746
972553
493453
198441
920723
211486
960751
325611
811114
261778
317260
390553
396803
923634
511669
795923
47706
595073
481309
133958
142655
355435
642078
773991
561896
681235
880610
247709
602354
75913
1076
321019
944630
600727
404963
424555
698564
916666
914832
157862
655615
398766
712597
481439
971989
517154
908690
297087
359960
696715
632341
620555
999486
302229
159013
189987
582642
767860
223980
444004
999892
40856
723454
810604
99220
592958
156490
866301
460326
319779
98396
844474
177058
98579
417356
29903
916796
72480
679815
584238
944027
94063
153719
140596
799447
542829
168914
682858
371284
73567
826300
779558
263862
250646
494810
596626
313792
612928
180724
424580
598732
15899
808902
927437
285033
632389
751524
780942
442124
307568
714759
521731
204469
420593
742456
75939
613664
955831
200727
448032
488419
976216
350280
684169
93610
922247
829307
491280
276813
549346
88151
898277
310859
100328
635331
379072
227302
12552
933840
865278
492122
280084
567046
398051
302267
13077
61962
508158
831722
912503
58473
758634
192499
241381
222019
279664
698247
525296
141462
919946
515345
781672
574694
393987
215926
870797
653511
517370
460910
798367
716807
488901
561914
490450
734074
257137
273409
817182
428450
233064
563595
664050
917947
499820
284825
522184
456993
150143
617950
689812
790751
151205
510750
481174
802517
962561
653218
204431
346757
333148
713749
921680
999162
284869
19903
62381
578133
109714
384411
199313
743285
3780
559894
594667
732226
273289
434151
11526
654551
390682
175493
95031
801609
924933
536714
499823
773784
786053
114530
900336
26354
650765
716783
855901
928734
298148
996605
357226
55371
733737
564701
733554
354614
31608
170272
56423
877106
467877
206386
210531
870039
251173
594128
695646
680521
24077
830567
974393
824740
75122
193227
147894
879233
249710
192144
615563
819240
469188
327113
116747
347346
551067
559578
58372
426585
748135
238396
488168
392766
834917
24845
882083
818967
509572
843794
863755
522963
662753
454218
805814
432875
491
249583
993381
679015
74470
577292
968477
688266
717835
511030
72406
587932
576908
643688
512205
427154
341492
2367
599924
628891
447917
868302
702346
926089
120155
88287
253765
152026
563302
488391
919146
242531
883926
690853
448639
477080
150551
808823
478425
60154
591387
824152
632143
590941
798302
55066
936911
770645
102917
513468
390350
420605
363232
448648
901147
543011
460367
860748
328269
997843
71680
916466
45979
403583
906902
738686
565386
506056
556069
554916
793153
324651
62042
865860
419192
607691
756216
989699
260111
127959
900285
994951
164283
700567
919779
544590
796571
690584
369026
454572
377961
106802
576274
972447
123915
95859
660559
7504
151561
612394
34101
376617
213850
7633
757675
741901
535575
699736
458556
898424
729041
760714
592768
235509
965118
609182
935961
782262
736654
453469
299481
362771
300636
826154
514113
498658
185791
882995
17124
472111
2369
803251
111531
403160
91687
499489
440113
748296
546799
559800
143950
729870
923288
686564
539761
439129
909147
491910
447527
251730
418935
834084
747768
547222
906922
102064
33328
283919
480443
702963
457083
828014
675252
453270
440426
870726
407726
662861
367698
625224
674884
882465
212947
443031
902698
188568
50934
625991
65558
139970
408048
439607
715228
291427
344771
789064
919703
583864
471940
25913
632259
302504
332279
691937
426728
494856
260374
273352
245297
28875
970737
410145
908827
346565
591727
178472
232265
221146
381490
907988
591220
558407
864921
383098
194367
641164
641631
254526
565672
661877
296672
692278
836059
242820
872188
64221
78689
301053
789012
311856
929397
225550
345842
213736
643511
16536
295941
535637
978682
290910
733961
380692
509240
690121
97989
434477
280997
353173
108206
690955
697056
925916
858089
603992
737926
283773
707886
376693
981153
650025
446088
873171
574910
60106
514104
242225
785116
388175
296250
927026
165632
586904
837919
439002
225958
249019
299097
534437
177745
79537
406549
903684
799812
8289
285635
721269
867721
921094
270001
737021
166126
284031
71125
3909
269136
382515
694377
193486
352271
918750
812913
783763
782497
520317
307288
94778
626306
214802
665208
514102
227209
998228
681209
797692
270358
880183
519121
266207
77672
785747
991785
562314
303563
948
680288
267162
146798
21181
144168
285078
576402
619769
650446
125451
571935
742528
968024
234504
554769
763906
32455
749299
651791
34419
739004
118343
127836
597971
480119
195115
761574
229016
967930
121775
528316
503803
511180
642597
681117
48924
81049
368602
79596
617747
59447
563184
83455
441812
120003
526105
743894
633150
956458
32818
315112
381120
311044
985850
125721
724904
608730
745965
465609
704330
65672
952257
520134
652041
25086
293436
834657
88389
138976
512496
904478
875745
285645
699540
825989
987567
351037
102273
579349
534011
784516
798918
665048
799345
138803
416232
200850
111532
762269
449977
763411
851163
230007
19347
905580
19858
549977
844018
328126
464107
35937
187499
203374
784790
449911
412685
719156
631172
932266
892947
541459
966892
206777
311106
861859
217593
593391
185061
740042
24464
61093
767395
588169
892033
372011
463930
43826
823561
593538
655066
383415
393986
162048
535008
746782
46888
213590
504749
774354
390856
634863
865123
738003
536967
831982
38652
538892
823436
602522
775814
864005
764683
678102
154687
214511
764271
549385
963465
454493
221411
666140
478729
100946
92862
829921
74594
640181
748041
676689
332425
427361
476845
579054
330053
760665
768126
144071
414598
650264
741854
823258
89247
463431
183247
575379
206880
344584
499481
82931
162388
276527
400724
806540
562260
213137
751955
59944
690630
827444
788269
675850
769142
166182
416873
118924
92366
600041
385797
581479
946037
663691
623907
377169
139266
88853
6673
86401
264028
745817
821427
965262
331696
820078
586511
617525
393101
21241
44853
478777
796447
253537
181513
864229
502278
228644
271023
792237
862802
818888
516113
415539
673181
127721
665551
380325
255109
370673
321348
379971
92805
58279
122418
852606
999536
149406
870089
36988
598281
191949
58457
269113
6529
395583
934545
445895
439950
275105
579635
626165
767588
914745
935702
849678
333522
231286
758807
231929
590140
129442
605981
96766
581297
88307
76360
668968
843688
209729
312054
586245
616028
835475
685041
232650
986241
485906
893880
921043
740257
95
237033
638857
252248
777280
786888
885021
136424
639541
40366
403440
136954
983593
86608
507861
443506
239044
532203
891502
38701
599581
610505
255667
554394
796237
824819
838929
547954
939935
335220
453038
950101
104611
745477
762315
696515
498530
630938
792323
497523
354731
350536
666224
114515
778252
90577
525741
420701
590748
691214
480949
864915
756277
298359
612842
756695
708672
794898
969138
251753
90537
291958
599100
446333
50737
394939
248545
162040
179745
810113
932069
965319
402396
344345
336028
861596
864334
723091
204585
74246
954497
531940
362466
870252
852302
604020
835471
103014
10928
352514
129425
56313
192628
175285
859040
273900
817164
659584
627821
531083
58436
304368
344422
238392
477196
29333
341528
102248
845875
59083
576686
526209
157429
486308
198679
646735
202923
488307
515846
436765
978400
990071
359187
23414
570692
813219
940479
417144
567866
781702
764692
712593
279180
544028
909355
145881
930430
86320
891463
586764
46848
624940
559903
758754
785020
363391
647737
676109
155792
17705
422770
858127
780566
909862
543450
105333
134686
519605
423868
951731
550589
859779
753531
853725
304767
815225
407447
816704
233527
67807
482191
300891
27960
911915
37729
894013
122204
40682
880877
921020
655297
175498
551416
495375
623060
590722
518347
855049
555205
745566
627643
531635
417946
673066
977220
938884
618271
425082
183567
459199
815931
248533
889363
468777
339295
212092
624855
130854
616919
435738
101333
870832
288899
41929
581563
790258
265887
746942
31627
480967
708925
760915
807778
403914
236181
559344
70805
943257
51
106836
645815
649643
215438
549893
147191
91467
224825
936978
670758
465905
928050
114498
937239
849339
459160
117915
591071
130445
339450
264656
979900
530114
463179
368968
204626
693133
753009
512839
15568
53745
30268
602939
432754
133081
348212
502053
413727
279124
628171
709602
301618
202289
692017
376214
606934
842548
37767
312116
824906
61426
389547
530475
533636
79374
534578
585904
227954
180880
673267
302628
138075
699103
878912
69859
801444
492763
960432
828969
856431
184217
633880
168160
700254
209916
677528
844234
121781
424812
177937
489799
555869
878198
171124
704900
506181
587904
235830
517056
169123
871271
553376
811196
657881
229239
510658
79103
330930
521222
101511
522051
423755
179373
824420
765183
653326
6180
691690
566098
875866
950329
27068
554249
582655
698285
867226
35149
192293
577707
943771
99628
469708
51558
958329
7938
303725
534542
922502
407235
264768
9006
491517
987688
87959
119845
327412
860020
9511
555518
70509
554082
946151
130415
761291
286189
303250
496299
393185
465595
836230
720676
259366
493287
968206
753184
172101
430250
863933
601783
828945
585637
169009
882215
779350
879629
137463
465107
942090
454003
633869
823966
110051
449519
459394
457888
873090
101288
458362
619844
625997
353027
634766
524862
954330
984358
317648
511723
399494
463080
256236
624518
52902
657495
196521
594180
662421
907109
195151
772494
54125
55407
756835
216089
794577
627563
800334
566307
264486
565678
868444
201547
333409
930456
337055
558029
707835
858013
315892
76314
423298
642416
728029
664528
240265
531022
764878
964059
511552
131620
933379
246183
884382
219805
139534
636097
981690
778572
723119
789129
756793
378611
906139
601494
962786
424814
412127
786790
499022
463935
341406
581504
203835
110071
379830
573417
116671
317885
291521
687806
791961
533758
580343
592820
656867
736561
378993
914986
688227
60741
238600
882664
758786
80426
511388
778487
580628
439545
845937
289500
822293
119169
865267
505074
450165
223215
368218
210531
937098
620697
309800
943235
505829
486951
475984
350729
133311
556126
