709617
675918
498822
346638
654424
296083
890742
783294
200730
493168
90110
853316
208896
508898
733024
529833
381493
857981
27239
255612
529729
874709
954548
584531
472543
710035
659494
391727
157052
305191
622885
221949
114127
103196
996236
736889
83599
51527
383793
956205
565206
884249
383569
895127
426256
98388
215005
845289
334687
189658
910363
808426
925647
856417
256507
239546
270961
676675
708471
584434
157910
403762
977253
917482
493546
487689
506268
184404
389994
801149
624193
665541
132483
465266
240557
507476
193417
344682
466940
625627
326992
624984
138357
602459
223851
817875
409937
68796
853183
825638
472874
672113
526018
336068
817985
512954
266645
480025
504044
16579
457276
973819
512026
43754
518070
907263
613380
530846
560253
63656
225459
942626
826716
761531
837928
492209
857576
699310
687339
84668
921052
78398
632243
834191
14485
55584
695406
675281
736614
786319
131119
347498
46489
359236
52146
147391
394371
854852
352908
341657
16259
373459
172979
655843
613911
716806
665127
184466
105306
163254
869245
301727
243294
874705
60550
189040
614946
755594
731552
826389
719664
423024
27544
841133
455190
568413
717243
785065
956286
224965
96312
77288
356076
285166
775795
31362
980116
416254
614952
872225
867094
747824
583546
802440
584663
656801
169112
431031
949053
723207
781322
475623
911430
186112
427102
331312
424710
733448
973417
740043
622011
57285
209724
120625
610702
870077
232997
674274
987753
613671
324767
112641
102063
966687
612823
715612
2845
652338
658971
48970
596539
804441
993633
867630
216638
658179
166322
876760
612221
90315
448433
456330
488846
501577
207500
134999
211325
39812
23358
843751
949224
836805
286334
723544
741242
940935
231623
849343
607746
436170
718917
998540
494127
803974
423193
752907
202090
946237
956681
221959
245520
448105
229767
570313
187723
389397
710044
227838
153420
837640
595761
147254
227303
967259
969914
695049
294282
43052
93504
236692
623131
463787
83913
505185
852782
783378
74981
539237
709152
22833
956120
889314
636946
541287
1567
938605
812869
328237
910945
762826
295375
760844
592180
35571
157112
196527
471432
766903
735284
458323
697076
950336
459708
645274
375643
739245
335115
712255
384890
533085
426034
281508
701841
29965
102040
752072
533420
511449
282898
510868
33613
431583
337243
757844
214200
775105
93168
165379
6299
86344
860490
921855
820055
182758
541497
923611
532399
137876
110874
279507
263884
45530
135925
244634
342442
291437
253685
166736
138851
767730
358788
14416
231830
712225
835907
190949
671156
57476
388707
512092
442663
302751
147107
176820
499615
111786
209062
599154
873913
82874
9072
893969
545614
39102
539389
805719
747670
189220
413566
34755
616440
864731
576945
781923
676015
750964
416731
343041
255450
249890
918309
538621
197664
971744
796561
222774
144253
162481
794263
403746
255534
774339
901024
812478
481205
802669
523678
303967
753994
364375
202886
176358
415390
865849
773739
28241
403532
114236
988920
20719
434079
250108
787530
867372
656762
748911
729832
383306
28456
374495
869983
353712
439105
976595
539774
522716
572085
3724
817003
649653
484024
279659
766753
596668
381834
846576
525127
459232
903778
447517
739117
348528
698166
851384
363813
117803
923369
474736
120060
902131
467922
780247
56916
123552
520485
829134
303391
769841
548097
317758
377146
85534
285397
481538
792292
597321
893103
365859
792217
431634
16355
37371
997903
783562
330580
424570
10764
89983
156962
49159
589794
71094
926640
921278
103433
394742
475664
209688
492759
805185
200014
984104
132318
678942
547286
653570
29602
741841
311107
979254
383797
246381
982277
116666
531697
615488
898861
430309
365714
615148
241496
582872
814701
337557
222774
728247
522513
659830
959734
31509
664057
762382
226512
357102
103530
868152
914350
719309
220911
704025
405431
986638
592111
546099
422714
883710
158504
654230
280692
313822
65930
200629
395135
985415
340978
394646
797207
153575
887297
34339
93641
92777
803161
804638
550010
965491
813812
804850
665745
416457
918112
871972
259074
803471
711003
264296
372664
970219
690951
755920
381982
778825
469066
439903
339211
764600
776516
316284
368328
233137
298158
942210
922046
474680
181900
850356
679681
18076
627982
718158
556979
240664
322953
580407
947670
632028
276364
744146
693106
754021
301282
183667
773023
313224
756836
798766
277680
811791
712120
642380
845692
638970
442986
358103
604234
393511
23525
102613
347096
417612
215757
976657
408584
376928
433852
353364
734056
559961
607192
859891
734300
669649
279054
257538
180778
322882
614701
970406
370402
718640
532833
959752
597224
922662
927114
988646
14496
117784
300984
124291
385268
220967
592581
819135
510469
647812
215376
422337
134443
605996
36241
275152
214059
134737
47262
839361
768436
706457
713017
319179
245846
308607
959315
14966
360832
766104
98338
396082
271796
306672
958874
298820
847625
672915
832843
266971
871196
253031
656086
254785
918165
643894
506701
318317
379857
317706
603878
557685
852849
299953
280540
729760
713278
183584
930275
355610
607672
79540
76166
93569
129850
576979
104670
189404
788619
522673
197296
574443
217539
173039
718244
743641
462679
855326
407518
864014
418628
325024
901691
449313
958292
664239
577514
610411
194256
223672
764004
823606
549827
532127
988745
197333
616614
229798
205401
963725
316973
626664
63691
540529
518829
298559
888462
21643
623912
479237
676633
413430
52279
98936
973681
341001
595538
193207
879351
916078
935359
429097
144619
773200
566933
668157
315905
370610
344876
885579
384414
37277
375972
252249
689839
678770
483598
740474
809510
420317
896442
475666
142867
697066
126174
29108
931291
33266
573471
179372
778135
514925
711295
519064
387403
526507
760868
488497
760001
906206
876033
827944
978305
396623
247331
20523
230832
379441
711834
865670
258371
504723
638082
780390
201118
894574
56301
45818
453517
838814
519662
585650
707293
901742
407365
905449
45208
586444
27490
297567
860
649883
689560
543327
324759
206696
716703
713600
883041
962484
983045
964166
721782
736495
453491
245096
209871
893382
498328
41516
18075
955795
835380
389039
587871
640307
190403
5185
761255
636278
641988
204844
396775
513327
950948
649237
875955
836394
577228
270012
922520
977469
356548
223966
89109
827127
871106
684730
254713
262518
326291
290288
8922
483093
441317
950596
214319
21825
460975
345730
979339
682093
328573
637180
406071
827932
205467
985647
379370
946203
729310
513796
935591
721361
218250
337202
687988
105070
531939
257536
470642
167105
218707
32168
762078
532070
925044
218967
474467
648540
910395
492881
933145
47285
40002
989298
699998
706406
837681
513231
31311
895998
167496
38971
754532
774388
8842
348582
757413
154841
57225
756063
893901
30764
299595
735226
873337
849548
995542
698572
531021
200712
293597
320723
427556
124434
606983
605235
799985
441427
554904
440155
83383
149464
981822
991238
192993
335465
102430
361727
371834
689577
878010
905309
556923
608943
457096
26050
471818
306751
931206
968066
932553
921288
103914
931776
717577
450239
94178
471620
813989
669125
704758
552501
64108
762614
390601
617331
608438
397646
62846
291091
370903
514871
342646
39608
210610
275251
949688
982666
53413
137250
676906
997206
96802
867953
952124
497154
854429
456799
911844
257451
824353
304749
588675
253021
194238
666914
834855
30254
824349
248312
150698
206647
826996
810470
987063
484400
862932
550219
150764
612711
128799
406260
575515
367069
152
768330
66795
921405
672659
690011
727196
86650
947147
404803
718568
481476
430482
692151
423876
146982
608867
819373
986438
968383
71443
654059
806112
461466
379686
480107
131274
149933
48830
29416
56574
77739
954607
493257
274653
319302
645293
329190
603759
605253
390823
244731
714632
572477
201325
160488
254085
663599
724108
782370
600694
174974
218426
109754
743254
748619
568876
922888
978613
485871
301062
676276
729911
216788
441450
217760
448948
325296
494641
24757
449920
34207
234104
195593
227718
492764
413074
573930
362638
583324
671963
788810
34334
239176
465324
576710
686716
83925
876138
202069
841297
659905
184697
769481
24552
51179
7631
597445
240150
317071
928995
803132
832884
427870
83139
994849
106888
469942
99013
869425
790850
87811
868053
963161
537122
387761
505006
460292
85750
292237
569892
237125
138497
254903
705885
500126
726584
822534
603680
206315
628966
238328
67845
616046
479855
231380
638348
750200
471921
528543
225226
339056
384774
80823
513662
757123
557734
517135
112002
678696
706794
195975
576285
630734
512747
767334
278581
503013
412489
667447
523234
984774
756103
377087
591773
243392
659220
754839
880087
64
916261
28073
140198
368476
845821
178827
38298
488764
750606
587955
677102
237413
689593
248214
869274
814372
169522
686754
423750
31763
166975
953748
751384
243403
737887
808630
777070
938598
830727
207993
487
474415
582215
271915
311900
644201
936780
923028
338349
988216
3071
842739
628405
90096
96074
531792
994143
667065
90810
33406
947090
924635
712639
578287
12744
866220
529681
310323
58813
394835
561197
357391
986818
428600
399293
569142
159600
538890
166806
954663
520954
248364
766747
13410
735388
936445
308222
931656
564400
192514
315431
285070
794975
390323
373165
164317
97524
233247
938689
908362
60428
486460
323690
809453
532778
128463
194794
621920
624103
122100
821120
411734
862214
567627
474631
933589
168614
19071
402364
189585
604688
87604
799005
533095
872560
198924
382956
802163
50849
858902
717266
314638
733473
265877
464097
595879
117668
457512
451186
274620
381764
61595
84141
289014
950485
959369
327847
591775
671383
661163
405158
66753
187205
500098
955136
191196
507402
692893
128417
205827
58323
102535
125738
675411
833087
833745
51191
123345
217267
675383
452089
326879
313291
568370
703554
405019
11307
471642
69984
105621
807155
933941
42336
486762
332369
95968
390708
933441
424304
137752
604847
863842
645774
274662
157484
144686
503659
915557
541263
105407
395165
298353
591395
159324
518209
199534
420771
12121
672139
126386
712852
620745
351615
999504
271055
237473
13689
734146
675229
505131
267558
474546
903098
573347
640661
749925
364348
573170
298280
213444
97293
309636
976740
131145
456532
168520
714920
901122
105843
464580
752123
350725
151721
130642
342270
648881
886742
620602
132544
196188
336991
508141
699824
863006
395496
1116
414957
377657
213502
348979
792058
144228
951639
770614
956429
839026
787440
302006
153734
98084
756886
398895
295421
707592
862785
704769
658228
868299
913562
758218
695276
261730
409630
895644
113811
593745
886106
725920
955098
546327
946518
641350
563813
254582
743374
850856
781980
285666
13467
467962
817375
187718
556785
619248
629590
889517
941057
768557
904677
280531
553023
265250
574655
2377
721854
473995
338834
307519
74743
111618
598944
963825
231528
763391
804334
538801
448217
702189
44948
894925
698681
561321
199861
243804
245352
462553
765641
979050
89678
111719
114966
549053
399848
29849
761086
355972
253923
663055
378417
263387
887200
825112
246978
575293
572312
166768
293016
851911
930265
673178
211707
745701
728623
913558
470990
313499
261342
319552
241372
717618
596810
497541
502666
559165
732346
523266
845356
402951
655537
165563
338996
586906
668284
119604
560646
262190
673994
842864
1063
872557
824693
18883
842451
592607
209247
711766
539309
572087
552759
700919
822737
393849
845723
65882
835014
758150
553688
570417
507471
537542
895884
91171
258848
763440
175661
762732
282094
711609
532962
872208
63071
128534
238479
105725
203553
364976
656366
423164
115158
168612
157016
877651
615789
191283
550820
788091
405388
43469
740390
199033
73513
628469
558745
695196
128120
176913
83671
246354
24703
354256
836228
511206
375173
924920
265739
951386
367913
879115
962688
287005
672206
216789
965733
648233
651124
704597
206728
264699
790690
522565
458057
47600
242111
787080
237050
317305
423553
762864
91743
608507
86908
217960
281236
812677
626972
531076
157582
710767
839470
94308
589946
132043
310936
189375
775745
680075
813481
947921
779693
476911
913419
689891
586213
590248
911637
575924
186964
869518
154429
674241
738984
602427
834923
300790
172407
267330
796520
623089
535483
464271
83957
614767
87678
908573
651448
777941
73809
363278
662098
564381
964854
946282
633932
475547
475805
698423
464431
177579
917899
942384
4978
708666
143511
379622
559694
147117
323663
142576
209902
115889
161079
50256
969346
153568
837105
480612
562803
254220
493048
402182
177969
913260
398406
913600
516583
292897
264854
954095
798928
683811
172868
558579
635171
166669
62416
683536
935466
270337
303105
678756
63857
636345
651366
134405
406873
889707
23544
550902
438028
362264
68507
788422
950923
391090
239427
246086
707810
408744
977715
587173
335165
279567
295713
28330
332693
438702
909174
811980
952579
33254
16369
950001
447605
353340
364779
290561
123774
107269
448373
558631
240263
483245
197149
544484
162787
179427
739280
527311
889985
312485
117081
7853
735482
30947
439624
419561
921419
153938
379117
286384
870108
989584
115780
295083
893118
194095
749035
932954
734708
342177
536845
30090
159976
592702
815203
914163
173887
775604
376913
359088
478022
891467
105004
701531
565899
568019
744283
97156
151881
828909
810331
289806
773563
134068
199132
249383
842833
639494
310793
161762
944896
811058
152741
385715
108724
359616
796304
258118
225761
237591
687402
231612
277303
121679
314766
267715
705396
404308
837951
491408
602963
823219
538145
164604
54306
97348
416030
465080
292977
3764
498025
427375
600998
249582
190623
428983
176814
456166
214153
879986
394382
473474
336254
220039
933399
80997
271910
468665
695864
634777
275481
837473
229101
147927
854245
358732
10390
863926
798447
426803
641762
842223
335025
271507
841002
196425
327777
513705
960218
238245
597042
655692
561482
597864
919667
732966
326763
994112
511510
709456
839964
754133
333964
660361
451420
613710
639243
235475
467226
787709
966129
377515
327657
327016
322946
239843
477391
39541
684557
7645
14909
956785
661358
978854
701784
234813
363372
989228
242869
18261
153666
174942
723300
304574
711611
263647
730851
897100
599862
528038
774388
745101
170698
621621
352393
685526
707458
420595
159195
508071
193481
532648
467865
823485
69665
509397
155646
731061
112845
710126
118139
642392
586191
849077
852
356423
518860
480052
365063
782980
983371
526743
181990
3930
681884
136419
201606
606763
946517
605527
701904
639124
615096
304862
304564
770878
635056
401773
217598
923332
503866
376447
348737
278076
930913
191147
124079
556580
950689
811294
120203
5035
609197
427451
266165
197209
447053
913612
944548
873947
94303
142307
130867
379503
556925
931345
976658
903272
517375
172866
775709
528543
859031
831731
838665
980214
486363
694354
750522
107978
407776
444273
635507
197045
345089
27046
864933
758012
543807
674561
215080
285212
868930
991082
474311
825836
975678
725015
940853
707439
865713
565864
554270
88056
150152
901279
463577
424890
568546
617663
224889
414955
913324
656512
244483
376725
769643
867563
161274
615801
618456
864664
208213
316832
54565
210754
237138
197759
715230
894212
681507
986886
34539
602867
767047
953093
99185
742935
2804
369851
295385
83654
128176
979773
691304
32543
470847
154880
861133
472672
531319
582787
19450
988773
205103
689051
750826
394750
107990
736924
625984
963179
180768
6817
697040
117110
530458
405945
263287
475245
823583
986606
285604
800571
963683
644915
196986
585890
973740
346281
421774
320216
834081
936334
720459
62203
48187
543619
793077
954737
928856
502584
7434
387296
676206
362678
983044
22983
334492
724232
394876
275767
902684
158791
752233
313906
878357
955713
956037
724702
134989
953029
495568
972518
721020
175054
683694
246190
693820
138378
118123
837488
734428
478533
246559
882872
127635
92087
514157
934840
338961
962726
596517
920265
927281
135801
543241
202303
37387
417819
19437
606631
128359
967880
939831
106272
517964
36343
45574
337299
682358
571812
784432
56976
217509
642041
910243
147910
807890
994008
143340
654431
80317
227272
521878
210294
569697
152697
125867
835702
517769
842293
514390
821008
212604
451942
604776
954904
610516
524094
997369
408573
103981
540998
905063
757731
264184
925895
870010
617567
86447
158607
362792
941710
101923
470048
855155
841682
677873
889019
870896
175914
404179
200004
811044
976621
793938
661266
634055
232291
303706
459477
135338
49920
678182
645860
300532
60734
718810
880803
848072
126934
984175
802446
481667
186970
994888
940452
97
259506
417700
926578
960511
74033
305709
883770
916027
133139
424877
833345
307959
567061
381344
812978
538557
14961
649124
759538
482620
826101
414988
525249
126513
706623
790101
150857
570209
333655
264240
222727
465730
823145
749310
78867
497977
93917
173018
126989
383678
621781
507087
408038
72989
803778
459754
141256
799893
630627
376427
846947
390819
427228
920021
281237
612377
187567
900261
789173
42919
218841
252831
183933
428987
23243
142659
72273
724549
316163
19999
313648
68563
160583
283454
6518
146780
396478
590270
805259
137496
998763
774527
947564
492428
147399
930872
933972
98596
487673
947491
544774
655288
680756
825176
672186
543089
525101
954104
262434
987269
315320
364096
797655
715805
424318
795773
491813
211288
54621
205150
325872
688361
542236
734885
573697
602588
365833
481720
520817
299062
707698
957076
641776
459705
502204
494561
674290
373766
263971
878752
702392
781277
921358
185600
809782
974465
458062
484496
74790
230391
612211
279568
4457
784300
826699
789216
207573
35254
719032
770330
982559
177651
908973
793339
615462
240334
317253
539004
609178
564896
752319
482047
16967
575730
187098
540197
259458
895905
381897
688700
985390
937498
600275
837014
99179
762821
628747
912181
861085
604927
51558
312354
194900
51391
667646
762908
15709
587034
124898
364270
80740
311841
118871
970649
923268
230568
819760
690481
689581
109922
586437
402564
418225
767720
977107
121716
815275
538392
992304
630502
119884
795802
891177
649043
56580
856766
278074
378108
59465
670273
315049
953850
864582
851631
745151
944435
459299
98786
654948
858025
60781
649384
637718
448428
330851
590850
143621
212592
498268
28745
818831
918713
701079
814380
713427
513714
728801
288276
928948
375134
431965
785896
465004
500582
805107
293548
117450
904144
211544
268612
562058
141585
688693
387223
221967
291897
65463
372559
149183
271500
895858
792508
478459
237809
175154
973016
181497
453508
414944
165541
266945
310598
389838
633587
33792
739700
881119
597374
407116
805557
930518
589299
6581
375980
76089
605587
348804
338926
437729
120049
535379
651277
786273
201749
151176
458643
70673
728003
175536
844490
938742
90901
63924
961912
398479
299781
212538
365417
312575
761223
102746
754852
563538
189651
527483
738879
381677
308160
881738
907663
936471
272268
501078
736183
93534
727736
927307
411873
594151
179408
411722
525579
248278
270153
337057
822393
300246
556035
352556
567177
188677
189741
468807
783203
224511
878279
322414
363662
234694
984771
556020
133216
103051
825541
672732
125774
918235
761610
285208
773601
928937
225444
138204
793098
300212
754595
441693
851148
853396
247376
516779
427415
718887
820947
539816
409717
64594
971188
231652
20317
186166
668222
774743
547174
407153
485503
679609
518485
571598
966509
328258
126615
436682
113187
715129
366986
739012
748104
133499
317685
899968
545168
27147
661016
587031
851676
940944
21983
981759
517437
895279
965936
604083
90582
761477
590051
334975
939999
850625
938641
943274
360838
333661
840965
84991
709232
944503
848464
119930
433629
734160
450361
224524
839017
717088
830737
732107
836142
211475
241187
878394
82951
825444
346890
107120
968176
171029
863902
908391
772745
650696
695878
454179
802169
576893
613809
679548
650351
513065
149344
894282
766596
102831
146843
787117
460476
598205
904323
912054
735916
471046
621191
208758
638069
488343
156145
409569
353326
991321
736088
31005
981600
885858
171640
277677
136874
533367
377630
936885
665029
668642
347389
709545
853154
292908
488415
65366
529456
330168
771253
596109
990202
203196
652303
41767
297580
530204
389415
868346
827382
223525
683223
716119
6793
739
338091
243900
946622
290335
802321
681757
356758
813304
95085
315146
262620
563612
349001
58172
599719
555748
166570
607426
406715
120074
229821
413635
550031
914887
142000
310383
564266
696717
600734
43463
559975
726558
587746
365253
313431
336008
263757
565032
60101
591613
872690
652256
859348
913363
709918
758291
525189
973652
907173
741450
138261
889731
910935
195836
274115
558316
969874
45748
751663
915494
140017
710433
865118
756073
328226
175866
697946
107974
242710
873484
772983
281223
860113
869409
797744
164195
749217
573967
576303
440030
666027
36442
578027
911867
185440
867399
375148
619807
158735
710206
13546
42116
723797
599514
602131
867158
371375
659537
319916
369773
870128
729275
96335
96808
554958
783745
742354
953506
924182
604963
195400
127892
26112
470693
595297
727239
953053
122647
77805
675764
257324
842560
641278
107834
589069
554662
974890
975226
54797
926205
815407
863122
320991
28522
700914
894453
140204
137266
447328
727780
442881
711044
682037
813323
555943
410015
886107
835258
432784
965025
969770
33918
551405
742382
662542
613468
697565
141177
351174
150633
223167
58674
134601
788297
256424
704140
899587
822082
565360
298729
44605
323516
343335
140517
321114
768663
648486
449212
697021
883625
507839
218137
54472
897235
802006
997116
431424
940926
66249
130886
445260
179383
941963
675172
945244
560165
343310
244118
714087
755875
730078
825947
44300
386622
667403
983931
571738
618956
963391
422064
434923
266151
404462
842994
718251
315525
342570
387678
474550
317493
834518
970818
268639
441656
423795
145799
629518
908730
142294
17724
530881
813548
642874
859259
723699
379007
471218
933114
215257
452542
501815
485168
395209
805192
159135
319649
59446
339561
538479
914376
825686
394837
71559
944481
590692
849984
883387
73872
302913
255325
105987
889841
218806
490096
937032
506237
163028
136210
930334
989269
884157
345857
415377
239470
728827
129697
132312
835034
713677
511955
89127
717679
230851
929841
516640
832982
422207
687011
572457
882098
655451
367905
429208
94186
901225
517573
459723
992149
153493
168843
666965
770753
779047
142377
349587
892960
76773
686917
696028
920720
590101
76888
77910
119302
129312
563805
59558
334166
303187
19253
96063
630945
357054
390106
140252
911003
706303
830974
349128
768951
203033
325759
204634
220850
119357
645769
586815
42809
476139
31497
752
445944
391282
42954
93698
107200
250387
285229
121308
850772
31748
363273
523330
72657
677712
534941
913360
152695
557339
94638
374083
455448
28804
70210
743026
202651
363875
34487
207386
498669
351857
682816
399766
675014
305671
383101
387629
810067
822591
990967
611398
651077
582839
25973
746934
839350
155444
348477
573178
937587
522978
145450
56064
703274
114682
986918
380384
304625
550524
755973
984808
209072
361756
259711
469140
32813
352889
636743
650461
964787
431304
18380
47016
849501
115215
762699
800479
801348
152014
860175
285
173507
305592
669511
955587
894051
173726
229186
335976
853416
536813
158665
429933
196279
196494
667096
168877
451042
868907
230715
406995
504210
554194
586562
667079
243344
70129
429601
64897
272176
299841
48486
114238
427610
995200
442775
642831
795062
708374
935271
554702
104627
843161
923733
438444
594228
494444
141730
632358
520665
258498
522541
482006
523429
647041
12332
28262
2193
390977
666377
243423
671212
254899
62294
774047
22381
772254
903279
28905
947991
90053
68459
213655
288007
266085
463550
185386
276701
900762
735406
580610
610629
240417
758768
501481
817313
5432
835295
373897
762517
834658
409752
709246
614766
177287
273972
690758
968815
294200
91107
668757
663354
638415
906274
807045
699800
225076
21784
41259
523173
953981
755411
750405
858203
7021
592090
112527
861945
595101
332142
288628
927759
502009
953698
843746
981161
164961
702740
904630
642134
351023
534407
39191
133523
121880
371614
453215
165849
846635
674807
284211
725824
535031
609698
725171
674638
262154
611645
722253
916385
690835
358253
191340
988084
198313
971195
623502
404241
447845
8008
176308
712915
400809
503151
853938
216855
454020
463989
329062
166335
331054
681903
866501
232354
594733
576625
485393
442580
755227
432110
210023
502925
451326
545841
630196
594680
790871
951927
936264
224538
469686
663718
426243
467933
857930
176238
223019
242297
713143
49019
908320
200446
892832
605972
911655
713600
639940
495763
525346
925022
177220
665153
551136
974961
949762
927502
866897
457486
782182
634217
211090
319801
148538
506434
186215
386406
712181
659994
881862
132268
874069
329795
778192
845385
631013
299386
200475
666956
203806
932317
172970
316963
422058
678602
635902
561473
427780
850902
361157
677355
298426
336551
359217
7648
672148
980783
451940
877027
318799
534469
781063
964262
797698
578401
194426
604373
5858
242100
649381
764732
369057
713570
894317
394133
955185
525405
131
433714
586918
286175
864534
352579
489785
348740
898281
213125
439272
340417
194943
982984
715643
54917
811314
268955
514530
581994
763811
416277
81915
744920
515979
148994
79151
906231
382896
435241
416700
274766
979956
732151
685197
587965
610696
168906
149829
189971
485373
773787
954138
513613
177403
280456
947742
77292
274506
963261
831386
381746
414157
405183
508243
341496
80592
440532
535150
747567
149942
143187
168175
513073
85
197380
605789
388547
49629
34995
393922
410154
568051
558742
415886
826278
8028
581592
435355
991759
71764
372737
519500
177291
459007
389700
715982
209002
349367
498086
994944
984734
350532
19654
884719
632538
482601
146829
698106
174533
63835
512050
425877
709083
509581
529002
326568
553121
886438
380011
512919
961986
88596
888924
956637
73099
368058
50459
369425
777536
455365
702378
978315
684249
561564
477047
959904
485852
274741
637190
558280
961944
375621
641725
461729
213371
832144
324363
179661
228113
653982
682550
266230
205145
264270
265089
415985
924934
763140
890038
550784
237391
146621
859605
521522
802483
377348
567321
792421
632333
762622
521699
327340
425935
436383
502790
774475
5790
287103
758894
199839
266762
631175
518125
704027
897832
538181
95972
743660
609998
570848
916490
649406
365867
553957
498908
772312
4289
473407
513569
147235
48191
503941
529625
601736
488639
376174
296897
183350
812376
239456
679430
261379
445793
81701
865540
195114
900675
284223
805113
584883
299066
786258
439435
17392
186536
398591
50930
183523
13718
455186
596867
267645
977351
964881
338714
508737
616379
533365
97700
474759
974653
846645
928902
243357
47465
528445
160302
690824
879934
105790
397940
613224
283099
105886
269612
296953
948058
675728
707786
432630
245574
76863
140210
545496
599226
906789
284316
975932
91351
528248
612705
6114
997857
388035
58212
47121
508471
277842
351200
860185
764141
864070
271497
857584
638343
73609
998305
63230
33557
130780
745883
70708
165286
408588
200548
7703
484202
746244
316178
551131
607144
949435
608492
372138
482392
519566
175636
214084
668062
730856
503181
748800
277603
805341
142765
868720
60370
514070
549408
171554
993324
662503
562838
864643
602569
792061
841546
779167
800684
695731
722736
416387
707905
518787
479483
737732
82229
228121
610184
493208
488050
320515
400938
95713
129078
536005
164435
147018
634703
28106
458523
289354
671605
296756
46448
286982
22339
293588
179867
943763
728084
230517
684842
534169
682166
352787
251136
651539
362894
162025
32629
623282
921096
883240
698795
108577
342712
612996
126574
279012
933010
873767
424711
197914
940354
727433
853982
797153
265769
331031
914057
832664
850294
917904
466165
889535
685852
349615
922927
722299
686389
530435
554000
162999
734515
624026
620355
733284
211454
883803
780340
916896
372912
327603
458455
860533
428969
624232
859986
721272
568719
830921
306824
227090
9829
154438
982083
929883
868999
476444
114942
546978
930304
542377
830796
274185
31432
900957
720807
708941
7197
638097
378393
950436
387004
366130
433088
646079
991804
605717
579842
472367
762888
272047
2766
53795
756919
618332
972554
166095
280714
862301
635998
567081
364673
414687
402397
781773
80282
767094
617227
790273
149863
247337
239247
489170
110218
958374
650678
867997
40848
717590
729121
787434
74472
481227
234061
315122
775615
146198
135229
742337
130681
143990
904454
823926
748557
337835
231415
637864
5181
200872
330594
435235
198641
779494
462923
102416
72623
162261
844077
962354
747001
256109
856803
853965
654596
897315
90554
126241
839440
939448
280784
363476
476072
133931
545256
478573
100728
43343
992590
48060
751942
126583
79457
627352
883919
683533
866754
804161
926911
635842
742488
530403
492043
96736
16189
969660
870767
136443
497928
117780
358527
613253
932151
772907
781356
969985
683065
263410
271830
747344
401110
165423
816840
188775
234364
97859
346901
703714
425319
779400
566860
246705
942379
405716
770970
753456
411553
575259
68477
541845
292972
200369
743713
58819
109479
810028
223641
711099
633645
731111
125243
441010
969348
864931
381848
734973
142182
329737
485334
27177
963246
437131
345900
416359
472732
233000
763258
74148
409541
787854
708291
2231
588698
309017
107400
697268
846418
632570
34434
160221
422135
435251
970363
262776
704906
503806
49097
683132
692948
830733
441512
661349
835787
237485
653939
46439
149277
6084
452607
117567
199259
856377
587540
623908
589381
58482
683273
514141
506606
714808
37883
682092
699596
875576
219049
864616
171678
442211
178031
819432
723898
671924
294493
11931
894962
616593
208756
827061
975906
535819
866557
568260
431577
601216
757637
965793
342626
313056
451960
1857
315118
232652
192729
19371
421023
858586
712731
958212
204787
935349
240031
275142
584267
909730
312843
723407
992536
463581
993091
963478
80353
524322
799175
45688
88882
259655
591401
833840
392293
667334
198121
399142
173766
871769
428847
299870
503397
269950
305379
528145
759613
785946
644908
368409
184444
208058
960644
589317
637743
48116
69813
382988
468108
471020
817139
755039
686875
315442
611412
801879
237633
808713
191728
773006
273130
473539
356689
944009
147090
65991
600791
101074
545521
368117
297451
461605
140481
860256
431326
921280
257261
434682
42781
811101
957783
668686
585363
64956
321286
283238
402971
775513
954923
954380
202656
946750
792206
620398
820372
763377
235418
709723
462089
518413
310017
509737
527727
379822
370253
462137
418411
373318
642629
576339
297680
393357
869304
194795
25084
557781
13929
928133
739026
733371
429078
973812
819343
335929
656423
608062
389067
123033
364848
505819
642830
183236
776803
99036
686029
714105
784981
533865
479488
708569
999915
182627
503009
88286
377185
280296
340546
875884
387318
407348
371467
60480
747768
167524
937232
983173
187047
709974
659339
516933
404297
667565
739387
392444
848714
98737
242392
267593
14157
825619
571697
86718
88723
332366
243876
187798
231110
706408
910841
73222
122275
494167
583452
444524
852675
214977
649398
82724
808964
541212
430375
370618
750488
348149
781282
724921
948202
447948
485348
353698
160424
474011
278546
293816
610609
409655
46766
608696
978077
775056
337781
279335
293155
11475
760921
593155
673387
876846
306966
220187
329713
34739
657459
355131
596050
534742
495640
384127
106359
528209
176198
753544
71515
456743
561078
394701
523322
686660
53458
729865
133592
627459
104202
352210
937002
961994
790549
317962
616549
219280
334533
101998
597026
66175
56324
633868
311915
678005
889456
80337
156773
844324
384273
943680
674841
767192
749427
909567
284321
844057
955109
582348
403499
136358
773836
359948
82093
998946
542308
439492
570341
592523
509717
967393
276683
239972
642350
914993
38679
831541
407872
579892
743336
171241
245017
597517
345496
985365
705884
994899
856601
40152
608186
552389
822155
179101
317967
51290
428638
331773
596699
222453
682463
360450
703387
973751
74273
840454
535107
855023
679689
10427
475675
48812
400181
235844
931763
357044
304201
85119
32132
403277
225560
499430
557733
470072
326764
66123
467302
605885
972531
103105
89293
919393
718854
573785
214827
264437
462806
780746
410329
620809
684853
59690
33044
96125
445567
191833
484915
231095
48675
55997
29761
709168
743570
584359
595323
145513
895234
768532
223335
955196
830303
749840
283599
40781
97807
74101
83929
624479
952352
363730
341124
449859
301585
192807
487233
807787
431546
851532
854827
911068
363992
794032
188581
182786
756665
870271
707983
839709
603840
235677
362212
317721
556182
253712
261235
635452
151981
57850
932920
720633
349170
655363
31895
369057
34703
138261
174836
316793
923930
808897
900209
713190
751901
872575
977285
413573
836930
834322
159926
182935
699355
158986
647155
370266
111308
925027
856784
199347
451350
489419
366878
831174
458752
826625
990566
362664
540771
792601
756354
363884
321683
384860
534809
791066
86310
385868
96501
130814
649826
900356
965251
478748
525575
727678
967974
502721
194229
526831
742648
339892
354043
490573
838366
421708
941886
820400
380934
666011
378563
645078
604992
427144
621081
816705
280566
621946
622310
966971
66889
773872
427212
163258
846282
553646
660535
347102
189138
388754
968838
997654
660479
905157
265299
546211
587211
432717
516513
150517
427786
155646
63137
159729
29632
293137
539425
982356
550812
763277
649617
682225
828693
775905
75316
436502
746400
410579
260960
930701
572107
541907
506417
416574
900729
286889
379024
366386
11707
93006
763547
665970
83911
668950
943346
863630
688279
876810
99869
623417
790880
752148
146717
518289
512813
982739
437454
44605
312152
428111
584693
474736
160933
122182
108780
181322
863355
900901
290983
852061
245760
444882
892962
676236
119056
34662
611881
7056
188505
770360
772035
750292
897813
438548
464956
523712
419557
432395
708046
938772
315399
879780
851179
337450
454708
826160
443626
912349
932057
259579
676363
749833
487599
715359
564777
74472
954425
32882
877115
831707
394714
106271
942918
62410
981136
298002
111459
830498
554449
237069
837864
877565
626496
31832
665462
899104
912460
93013
946527
890077
364261
90929
126385
57561
632540
111671
637604
560168
598999
33279
816539
410836
471469
698371
812762
968765
304612
308817
980229
330202
404420
211293
319505
192413
160215
528430
394698
181173
843008
197817
616895
28781
945590
696907
598349
439090
690011
881055
521159
735793
618813
660879
104575
162847
117288
915304
850164
656274
248933
259670
616663
360845
787412
217022
349627
454617
307297
871595
493722
428174
578214
758879
80574
122033
921693
390987
704595
520695
406528
278491
456326
524904
855231
362088
643993
969503
18141
446481
90374
274797
775528
621796
191885
950238
360595
287605
756956
276243
789682
672273
299482
393934
416721
746829
530065
206541
367536
11511
418678
131213
254687
249646
301077
980591
143474
841678
118877
804088
491426
735043
411078
169971
42112
367871
765211
553777
332822
337862
85031
496177
713948
414374
872640
681690
112724
711493
833259
295653
932163
161426
718570
907543
595404
668957
923817
95276
682026
785539
367553
611344
833289
721538
265830
716358
486658
257387
772788
479467
221234
202101
179089
983701
786805
735213
209918
82966
455364
125003
199679
67740
184425
909345
65317
392890
238874
129389
939061
320961
49466
774541
62583
115592
438183
869074
813212
165708
514049
781292
418828
94832
361145
389061
574860
441701
892305
957291
52681
904868
327733
393637
949827
506008
719734
347814
884121
533082
80671
450847
83245
156244
774070
229423
374259
11463
40017
564598
85403
644583
716561
827847
776665
917283
976448
968572
842445
631171
831107
718243
852
230763
569084
51285
194859
9532
736958
998439
946298
567514
718317
609466
580037
443784
583538
415982
261290
886574
725529
56371
938008
232509
82567
203967
694285
937321
3291
691484
666697
726165
774303
499289
321172
234765
669483
72608
848297
488428
572566
590568
73790
801822
208410
869185
916849
799936
756547
513996
359440
624932
618324
963789
170117
25968
451638
296025
475100
210726
376157
470250
78899
122750
108218
473873
511741
364207
718614
818762
417266
766732
155858
817643
875351
971403
157048
497719
258021
107682
507261
262799
46425
640394
269718
