535393
701059
162607
102003
659334
832520
105868
356190
291600
713487
172975
217947
669197
444526
966938
833500
379345
377779
931765
382361
516319
987974
971462
17540
779825
257322
188751
632532
663653
454754
358532
940990
561092
270960
570663
743875
871407
456888
839298
887906
104808
618628
124096
846701
984442
770273
708329
348345
374790
945702
993529
36655
432748
471380
593179
736383
462546
261913
735879
451829
592596
165423
256885
296099
107080
899874
759356
248766
672428
787374
932940
309253
839343
185926
290500
29148
223640
583473
663537
277111
720023
617231
184740
438961
181223
979898
494255
917373
586460
483080
384252
875379
664270
98348
360137
168460
651234
152316
88580
657001
826802
96653
67262
557645
32920
58042
469903
986412
426844
681732
778887
440283
178103
39763
147852
162726
188996
101915
7637
705024
342402
766298
951682
562005
537992
963197
986837
751804
343814
969570
413329
86344
773235
831993
582637
494974
658392
464131
934517
256608
603385
434364
712254
867944
823195
769686
484228
262800
348407
414106
414626
919950
838201
38067
362348
501214
541365
739142
775596
726583
664167
421433
214264
411935
423141
677141
597613
821786
496419
810566
667530
26686
954723
497599
684843
939234
122743
521786
993695
884405
530356
502685
234537
78058
309045
804793
80912
622609
307849
341675
313251
656769
72954
856037
868813
305138
370235
648263
163600
604263
164589
203303
950113
905800
104014
770352
997600
759373
598654
524134
154483
330839
216367
536775
36158
213593
953321
905165
898881
135987
906424
15377
814925
397023
408627
607817
288292
118404
834921
449394
295916
828776
551721
800329
393616
783939
237742
692146
568564
745006
521893
14588
643858
521082
318109
357756
120374
215134
560906
996245
102482
409352
41654
841626
565119
709908
508357
423690
244625
579994
889059
861946
714197
20194
719308
383184
420393
132082
705015
945131
971320
610632
669728
97504
582801
4260
533745
538976
273636
547197
832332
260341
927384
93971
843959
554027
410699
507940
860645
29131
30375
400120
317405
295618
139038
887767
979209
85601
869698
453019
12574
367422
76162
850784
18274
323831
403141
913047
440799
543191
39772
935738
359586
878288
362216
369114
213936
534184
113032
174868
515078
863409
324732
621538
922956
504176
814363
132877
405781
628640
757869
140992
342869
270543
806822
721400
661216
729509
307904
892184
674907
268612
899123
988314
526721
690827
689876
335711
756884
951669
686599
544486
572830
20127
425506
365211
338146
946279
906144
186247
720484
712944
327103
492006
435154
517249
238263
815062
16654
433741
550359
965931
132505
241741
515069
712735
875869
77322
155633
529703
238679
633399
564063
925985
967007
324218
138031
297
927125
762123
937539
557962
480106
48309
281228
606609
505992
552506
522633
939198
292831
728276
44638
347924
586445
198805
404237
552144
458473
637039
529619
747830
631853
691664
878625
433990
274685
581542
546421
931214
579416
362432
256981
862233
121114
925909
179240
959685
500075
96733
672625
686258
889160
824669
507624
320790
547564
830336
641399
285870
651930
120481
443278
247823
297482
718054
892963
685275
753389
30342
474441
5262
561951
731370
771628
160632
889385
460529
663015
895429
380463
275854
460418
888632
827196
576204
932427
25462
637288
848946
537103
315903
445092
868930
201974
908215
593762
866843
159928
381922
540067
867198
279680
504623
393310
276397
681051
110891
527946
826415
195613
691222
232777
511729
337552
151059
247729
210631
396890
640376
271607
285647
866346
113478
254586
380150
724382
344306
234858
438868
378869
293858
976403
654707
820972
693491
710922
875693
861815
499575
497266
326643
215517
193852
572331
882090
503088
235079
454169
717423
399912
666592
757964
76668
906460
756935
111889
153378
56156
205764
494676
354870
820205
513372
678384
58376
857250
47712
611413
152398
899475
965855
790037
292576
899581
861115
236299
11933
927286
200857
923944
631403
434699
53746
736219
878811
222264
760519
897564
209514
912258
175665
709974
612963
60085
756182
117743
177827
554230
425080
16629
70325
156996
174567
860262
784155
112975
506583
544220
179694
425460
204812
997011
536284
155221
915569
548889
691665
227730
543496
77073
956017
989798
183868
661091
766401
766944
836371
78467
109093
357115
532607
610909
632580
72349
631315
663194
865544
65961
417043
658002
340417
367233
636388
917902
899177
230555
118946
955448
224706
364094
575761
869282
563484
47898
543851
702959
672882
347202
220567
43426
68532
618311
269051
673217
287200
394418
12264
227813
387273
353885
558644
628513
396410
370542
976037
587597
239476
243377
331721
710510
5842
701649
745507
785731
915854
921587
49152
257390
878620
512048
723303
423357
878644
976685
815342
964181
755821
327960
70569
987322
507269
376960
868286
92605
384893
532945
377876
185283
981537
439851
140266
133229
300261
543519
337988
896937
392427
851782
927871
539285
404770
768765
314310
395851
335624
524544
731101
187853
347343
904290
606555
995022
751070
823142
470197
173083
815022
327550
38964
48997
707157
843805
978632
860715
221664
551227
818103
338632
288920
36709
724078
774934
390631
931261
99704
775998
618709
758869
249996
279454
531115
842788
498176
930901
680120
563491
494108
192622
118129
389063
744202
295334
673587
320411
741929
723483
719205
355897
675008
381524
553977
728357
619023
556135
302737
358917
833345
824075
450430
222145
450367
464059
995107
736243
278878
26306
681016
479819
916728
329001
600171
480834
812312
312507
84192
4153
113167
223154
691417
76782
37859
35328
197425
419545
548455
620987
517059
410857
634790
437733
847720
607318
820921
10455
479964
79843
292088
328394
846466
868338
390349
796866
507390
999171
537572
992472
722752
643595
541631
230306
975841
488941
935333
471041
948581
92375
857850
417670
467105
530428
302826
699457
172982
872489
636287
788648
712507
238470
876755
300897
9913
128428
643807
872685
659599
429725
228849
189232
824054
310436
130940
186465
80095
138
260873
591946
200761
106354
204684
447740
550670
996050
253841
939347
161549
852430
596821
104289
467938
94131
194930
215610
806465
511052
903282
413532
680322
471972
64516
596088
275431
25370
466059
42593
559737
276890
414420
4624
591375
82493
96736
555922
667888
367679
506720
571407
281808
977945
990847
656887
698807
893307
992281
11018
436543
381224
303689
833540
278204
697517
159135
332708
119990
780927
931761
283480
399185
745136
133512
360711
900942
976142
30268
384954
648746
665048
488794
59624
718884
943006
990337
36572
472540
578228
33356
941637
455831
311186
934377
992410
576223
163915
478728
820328
776327
964776
68144
41465
359565
125601
968171
392994
136728
113079
362338
195178
599328
659761
241155
526738
43820
897969
469022
50310
361271
219953
502479
498270
718892
687648
228246
541585
106641
758547
222531
915831
658048
212714
188684
975928
362319
7296
75969
224151
320849
996110
782998
143509
235638
284701
346911
41859
924557
205029
535707
782887
672938
811463
112103
864266
898147
862308
632340
215197
853748
367192
478482
432069
575170
47639
231563
78602
486909
324898
948300
304407
142878
911397
907166
83759
619792
935280
36787
34413
718635
203408
942844
970997
36571
802825
45975
28221
156511
587507
523750
513266
217069
321711
920059
818952
306420
529988
873519
342753
226297
841561
685778
654553
120675
436113
178940
538924
981906
175423
337794
452357
107689
438660
890181
13987
959660
578124
675172
850922
879045
60577
439697
976836
316705
770538
489409
779826
149623
759557
680765
358195
585449
731836
557654
770575
756547
262182
699381
678464
297184
851741
817488
530366
901099
999831
638265
428518
288771
387043
756113
501318
558264
384130
585625
208199
186418
583008
703593
466871
610290
257965
267705
188403
888560
457437
594012
382702
234338
823224
915789
336736
432350
194206
83874
106061
463190
288027
869853
809072
831555
858467
139810
134148
705757
922474
43010
450352
112646
921762
169141
226253
486534
784274
878247
238869
814833
357584
592809
679849
399269
303003
848904
232638
825264
325015
233723
905958
571214
958245
606453
814135
790799
295774
577563
518362
531927
721133
451408
656817
959360
250886
948651
889574
190298
31239
876810
440269
371922
532201
545216
101045
474928
898018
469034
1488
341434
172187
638303
634172
537142
161801
676549
690925
65549
874283
168704
5305
488523
338846
677638
342720
802371
463072
135694
967926
432208
205663
858151
324751
352630
825213
24869
43206
579366
559715
839030
173385
408992
275007
579410
998148
342003
478363
902481
145928
978720
169435
708566
800536
161053
546451
573673
57040
771509
540611
150947
686579
593676
522096
568770
482447
343744
296927
479069
5071
814828
860017
308081
800285
879622
157718
320921
184305
746600
312111
675484
15611
904492
136196
260256
575401
638448
183519
270717
636117
882105
753667
344749
660623
978995
547916
898079
460162
734486
116644
483882
294661
803749
918239
792479
996864
422672
980596
997943
721657
734906
879385
798443
603066
125973
706618
626659
996705
36392
816469
398470
78340
74354
457781
739120
960318
336425
559880
746562
876763
277083
42463
417554
140188
732982
387
983299
293607
841443
693870
843376
278990
352076
45997
396674
298490
952382
198352
78945
596147
14250
358218
553159
167375
111174
395948
657968
980918
742929
137593
996398
660622
65203
288613
581465
331783
811586
16303
346723
805572
955361
567128
977353
817316
71363
854142
769381
29101
739469
563354
887200
394325
158234
783634
429126
200236
847448
83580
496754
473257
78031
801137
293672
889295
129922
12681
255745
233979
302254
787320
633025
697037
175407
254276
788804
224945
555650
29794
54423
829385
202149
996589
205668
478968
645595
610306
460805
78350
743308
181690
798585
542347
57544
434693
383988
300306
551660
92255
169744
976172
515357
826226
178210
978165
325298
619528
945320
791463
686254
950763
833758
306176
859306
901276
243759
435859
291409
991468
30153
339945
781509
51065
51529
257681
372768
688904
423189
920523
928021
652284
423497
333965
729460
207857
263369
146608
221324
713400
60534
713402
764330
209711
355964
740424
607296
828603
275335
988696
523554
254117
988245
653553
628841
261966
243303
715183
226042
201936
710673
301231
70177
332787
405809
370259
139862
919305
717628
546674
818082
411623
957108
340703
397787
154176
862966
51092
811147
577759
351983
204220
93103
754944
167471
834586
750683
604940
686229
678169
69883
315632
946858
904496
55156
241881
450762
316273
766312
46030
29757
769647
145561
204073
103589
3914
495397
472499
115599
912089
786095
401243
501739
840882
745630
894035
815449
61400
671487
351496
985113
768066
258822
61308
331493
127940
892210
230913
236123
630557
872398
757715
317841
26396
942931
777427
32397
98543
528171
273116
245389
214985
149648
337796
82752
197359
660627
413681
117656
392416
286521
852373
471607
685087
904832
156999
833286
931742
610495
338559
305701
814281
376811
97326
225852
724651
952886
649720
611568
782849
316177
726095
968690
233818
531282
134253
7921
235431
884529
789549
837999
868261
737773
771207
585265
913251
30988
823399
751312
136754
444479
589736
751853
469929
678179
151666
260034
534930
461732
565932
650451
318325
664380
681696
290563
70270
701722
844075
869762
39181
466461
521437
851876
333211
857471
982835
335565
102532
575887
611246
251529
324853
506070
767247
734520
501810
537179
90546
888678
530308
532739
978180
457273
572670
523920
851171
727619
317291
92554
400337
641912
195734
522171
836499
248121
554230
273875
779948
194255
255475
147244
400241
71155
344985
423656
348937
415113
658072
372215
907587
212525
429301
387125
319636
697958
296273
904304
448235
733176
552148
251783
577971
477078
479606
647853
939237
486963
764970
986573
391558
519609
721767
593544
89284
838419
68628
49626
737705
890469
730895
612378
676794
463963
814490
60064
395759
657759
848610
860097
974542
190436
498862
526197
636134
532576
876832
778522
706661
643222
318059
54993
842518
443729
513618
841222
392827
789101
587416
683854
107971
607054
901962
980329
445353
946036
134117
237030
922089
385895
345317
326630
367710
428108
987371
359544
611453
925018
945418
200036
250344
509286
566126
370883
59440
324442
298281
98955
263146
516676
725595
783913
610412
448202
524094
316103
158565
218492
934156
717997
793814
144898
673421
899395
744305
434868
712896
719413
742348
163529
97317
103791
54466
397798
818405
511304
834023
627544
809503
229371
98597
504797
994640
158543
291255
661341
950046
200025
253698
985270
36865
741848
534603
873780
509007
11518
283353
14496
177570
754382
831656
97647
700392
942240
529799
869532
271366
191938
483727
824592
903401
36921
865216
504060
960812
262309
755385
360137
601247
927234
671508
130919
466170
840522
862748
857794
137630
538552
861419
270675
399556
932712
518309
670803
938372
647195
496523
62858
204228
702806
984316
335493
582331
304937
69710
880421
375009
457165
478597
186772
828981
986983
216558
229523
123306
487977
534683
895663
244463
834072
475388
901650
418906
927656
356501
410486
687024
583555
599329
497460
893779
526056
767043
388539
114121
134384
743909
906012
780965
244397
27184
294401
499156
991659
171686
13246
536326
958744
691359
287872
154358
159872
998558
308193
505496
631472
320271
723998
533854
143804
880287
930592
146920
452509
340536
474294
602950
515442
215192
119716
983850
594279
377613
809877
689647
692339
843023
215275
32832
268731
161849
191607
878118
612372
142693
158596
261810
301606
566500
578062
428483
881707
506007
203920
68853
880279
289902
651515
204647
331602
855674
982978
350054
180705
12720
198418
823803
796898
359164
274271
117389
587254
622655
378522
190453
312825
687975
668863
682525
286508
688746
984010
862099
705012
201631
241033
579824
514043
486073
577741
244575
531189
133728
736186
614540
811645
314222
206654
236651
521821
335491
511326
435682
953325
197893
842796
30484
191826
17015
823573
337867
981736
294901
186967
128513
352634
486281
355663
3979
828142
123309
261104
528995
116926
644254
419472
872208
633761
117274
413276
791732
783048
923446
135724
132658
593987
78685
295666
352186
135748
433129
795595
30130
914748
814039
275064
343234
800034
549931
906790
472188
995730
646815
85865
591719
499154
539401
708551
174951
532847
528648
136049
381578
800390
77802
272269
960945
161374
903582
26606
879129
433139
200912
953637
894085
831054
503207
74417
831562
883663
800919
68241
946038
385549
344995
75515
970718
52628
741811
914981
280003
988301
554125
462784
544224
759227
274291
235652
881363
793825
772633
585574
792805
844674
887426
421479
552312
137984
872694
333318
856460
402662
218402
75990
441326
753665
831820
429610
583549
586025
238192
88876
520346
476253
858684
311629
865259
787660
961573
859094
250188
841008
957092
995421
292564
424021
458385
741396
296191
800760
376666
224892
715453
570442
859104
138999
454486
806612
291950
749114
616376
949620
573654
645793
277343
712261
303210
975068
528607
121757
430868
619079
498513
896751
726419
621848
89112
896849
191314
605617
707343
498073
718503
655318
628240
230944
554533
598840
621219
590312
99614
535472
380994
555674
393656
834439
189894
769704
293866
46066
718255
102609
550740
199899
561876
750595
67129
638938
835045
758042
311002
790083
853786
328070
159855
890520
575099
39243
827908
981791
479946
217699
102127
58063
365328
167806
833898
695844
802307
776105
260817
246162
70609
779724
592505
501461
122123
457742
191914
119527
907185
606931
376507
992715
475606
224805
58889
21127
409648
988592
616019
234286
49214
873063
375285
201051
637462
988613
212543
124986
563146
485166
433266
864640
592246
346228
764182
21499
697641
196917
685883
753859
642286
37217
553994
455760
581814
474137
961286
196838
307939
156531
530917
301803
444531
220506
159749
842137
443143
467218
348365
194958
328207
106586
423713
838016
464789
664042
736961
66575
29474
632156
926719
774835
55376
248551
26651
41684
749294
391046
855036
150009
171785
26359
926541
923800
374557
507359
622130
276107
705880
52234
468646
99940
920135
848081
846899
55063
995040
268053
749388
566422
799466
291431
462090
798970
749837
343626
708673
445980
734834
30992
428927
586756
237590
994976
250465
288441
611313
718873
476945
555831
720509
599249
808415
975167
68261
813303
911483
916616
837771
845782
900301
520851
160630
252986
922609
521116
22679
797869
325266
92460
174774
291610
658338
899980
606718
325267
873523
837972
437857
264366
818805
361697
200297
141962
897548
270308
208861
30191
628173
408343
363788
97940
306902
115404
50488
495674
114055
390302
645218
32885
149537
387464
343023
335882
747577
102740
693940
382964
433496
548331
906467
296385
331826
886603
1169
415962
859330
516184
567523
900639
278014
591817
431445
787056
647804
534979
414758
426185
390433
459459
224483
260613
72705
336436
284111
921987
399513
665312
917548
801702
591268
261315
721449
44982
323741
700347
846632
746148
527698
579484
363563
231530
595234
26785
74522
36177
505811
348093
148595
619340
624530
347087
338126
914882
880264
584819
70028
185449
88917
605300
242140
30670
235627
523680
965161
301361
908298
629557
566308
170444
575955
859895
583977
752500
308364
95395
273424
331993
997551
621821
948179
833384
779439
823750
701015
288271
443208
108746
497497
197152
950529
932373
642934
581519
231361
962438
219734
949333
724939
133371
851511
894455
366040
73324
461202
116961
683344
355732
675435
778028
333668
640073
847162
558463
888267
994157
203441
854481
951702
428157
843626
489996
867058
346054
939119
337741
968826
199800
244581
966280
708663
80211
171605
433353
841973
781310
971352
4309
621122
731894
202079
568623
633158
319843
277917
487286
954938
685831
268433
181548
194630
84175
94707
492241
557435
804492
287098
596014
554922
820667
49608
766253
913503
765568
11187
280933
823741
637362
650737
156340
724535
217039
252703
262021
635561
230800
170478
2610
197777
851608
309611
661379
848877
959046
586217
282323
381361
862633
788044
424723
354597
265299
877045
750952
902553
585606
431557
102384
51014
895820
334736
900386
239811
896611
278816
627091
150944
829204
739811
939733
443107
662372
893682
215674
781788
409380
926654
250358
725863
365027
722649
48803
461182
421700
160734
817309
642552
115306
822207
454221
274466
539535
149545
351940
679929
582644
405590
936317
473153
746099
630894
78405
600004
228080
487131
916278
330666
856430
70952
695582
911922
875326
834772
453631
746187
45073
459449
654704
30417
711599
525652
60641
195047
219136
106161
842364
322605
735560
522228
283366
498142
387952
882949
746212
481289
394559
38361
967451
726250
542504
194074
265072
428389
976764
209587
335374
805214
458752
720505
220805
891639
586457
299449
198799
254631
811108
332762
771375
193907
382562
772335
797875
321932
558864
767836
733144
123910
684949
915105
184332
944176
358869
845000
262990
555156
891107
266023
48370
738060
467731
164563
883136
577919
52140
357217
993340
405431
885565
974746
972033
573664
421639
611258
499271
961888
231703
735013
317635
906509
931383
389863
382381
53263
225338
835494
931933
248212
321398
958183
219087
668329
619087
435321
444934
134780
876653
410369
917964
181739
80271
53283
598614
19208
20281
812491
884294
655724
118793
557717
538379
362612
855080
415199
66788
155293
574043
925608
55745
544760
293049
345765
389834
966410
224055
821344
902137
937602
654751
936013
722594
750423
998816
736811
559699
263742
138174
393875
317078
316549
711658
840417
708435
13007
16556
398012
778130
337964
515708
596803
919967
713876
22513
955221
943494
15745
145233
324541
764542
995750
641991
118521
887714
812815
662194
472933
376026
829270
406233
107337
571160
402111
87613
276540
462526
57265
648839
296371
574494
121234
979297
883433
273625
378173
849697
189805
312744
9506
894495
768067
813753
208763
87975
795256
798641
452647
706570
467846
747088
801573
482447
815711
625011
103598
897991
816537
759218
633518
279038
264375
235241
400481
501453
161040
583252
831943
394189
301407
731924
610691
979686
234534
686926
257942
130757
977855
767091
769970
232556
575232
797210
934206
280419
400394
773000
817830
345228
586223
834514
322907
363732
972413
568538
530222
87430
378539
706485
428420
448185
993055
142573
577207
529322
609050
701090
966346
543268
279553
641867
559238
113243
81737
259290
529013
740121
621501
277310
586170
86864
682735
593986
254987
163662
704377
375122
224781
689102
927086
406942
163531
289450
648611
157975
930258
198766
838099
634071
777835
204425
81587
110237
257013
626717
836499
723573
834975
405941
25197
15159
169664
932182
204430
407270
6867
599534
450398
293816
213970
721769
920142
419509
746989
796387
578652
115960
505959
903480
391366
713298
769934
291446
23881
843150
352085
227188
309972
856784
550607
95996
640014
601559
156298
112931
642049
988257
972486
379834
260193
427182
232081
296157
12093
677020
451648
721512
958977
354225
435788
735626
955749
528504
203974
713201
267510
749378
228728
673317
931391
169933
648474
247921
367508
441987
286254
281275
183674
63193
721848
109749
755446
77848
147421
325676
693489
603705
417496
545022
301636
443112
722835
322217
652454
185003
158120
395582
532399
949596
243443
131636
453640
789202
819603
617560
678258
358686
129406
565474
152047
640817
183230
155748
739280
264987
523276
512411
641180
151790
152135
806888
102234
640897
132433
719448
747900
831824
664967
644383
423144
466945
463770
866084
629476
677378
403535
359798
420445
81485
111631
901852
872019
103117
364395
7625
128293
187931
319409
593902
28724
453921
165796
149866
921655
404639
80474
297629
240539
495820
964727
941978
530068
735636
993409
641018
169861
505536
676641
174861
999176
894004
377013
359084
899290
316369
864084
879850
269094
731579
959583
534057
440748
538868
188352
710216
840270
509095
65026
325818
876087
290625
262989
821490
400168
538618
959420
906554
275297
942578
305949
255011
537576
46262
482500
869591
450361
726305
955212
843082
257290
657311
539628
491215
35001
761165
455473
252039
215764
770236
964829
899892
653125
382549
571356
625708
636120
567062
765599
213736
932907
398778
644888
263996
88497
388087
863056
757025
742818
310049
523752
162286
575555
482860
48682
566822
119053
843087
740299
329194
748029
925891
266623
439503
306167
782250
503609
892554
479639
827149
229950
150408
41238
481534
194533
665946
762582
187164
809133
801678
85899
61237
899450
99609
217797
14982
534766
76528
294814
48797
839776
863797
76604
88288
420988
757390
148291
573222
350967
592594
522906
930306
184557
350301
562457
741601
775960
603395
808844
298697
534767
618337
881382
880961
738457
636431
197830
22032
832588
20145
984990
101661
806535
497581
939910
190197
414440
246647
825820
318892
465706
91207
740821
550874
959551
310253
953189
66119
64326
92027
258759
454305
274345
539360
309353
452841
601558
947604
413304
755567
431896
394159
690883
939378
249873
359829
481486
330025
51798
280588
759606
906527
825767
799278
363899
701817
165962
313337
8303
74707
735939
215492
424762
288073
84465
228429
506055
491218
329607
827565
57679
768454
64678
382956
403200
539328
702420
444657
667081
397918
487516
57618
622277
602469
587586
613962
72001
955842
42528
225544
532396
515179
878945
800484
511322
259812
641753
381292
328501
620638
401984
999453
772992
359993
210890
458030
973129
32682
186724
535685
717931
535416
336460
691405
214653
609569
787213
146079
250715
706585
101398
267549
522319
596914
278646
346590
15003
988439
647671
255299
741989
432242
641300
728936
899711
833902
257624
643318
505619
78038
363860
190998
818408
39644
229884
869952
410835
286902
29662
123121
379260
506019
559808
339899
79307
487372
188438
665334
367920
711493
261981
56980
212621
785906
999255
902803
951040
121671
445987
368395
712912
432615
234808
308199
159987
68334
787326
636080
240825
740874
679369
95237
350233
892868
979442
192487
799447
680861
655252
675889
723022
605715
757664
321957
108255
321987
525214
863201
151606
415016
151297
356976
388406
103105
587365
266108
841345
273041
582759
155041
368869
791168
202401
316830
888166
297247
946496
147429
475492
981385
265220
393618
48169
652004
139092
152888
398801
88007
128508
772054
815062
712758
885572
168680
193591
563272
930414
999386
235589
586026
43019
989079
94858
209980
42490
512896
30742
83481
410366
764345
793383
455860
894779
75293
427444
975901
334477
802577
652374
505763
294533
149366
622548
762324
535233
357880
179785
296480
657383
878724
951988
713308
856830
875478
555228
336098
452585
722864
512606
923861
259264
960934
791061
870594
12812
622550
507748
117986
96863
860406
232674
904316
241742
523462
838179
882983
973
605924
590239
274157
148005
844094
944706
101515
767060
626017
708559
962262
56449
545520
891698
925047
907290
625009
697504
712599
857420
76610
316141
910614
348574
554985
602922
327988
999723
189705
490808
314514
942010
568559
397038
726483
746427
925324
732386
61853
906273
980862
971608
499260
234966
977798
480069
667173
700191
132766
795710
177815
261838
371236
608002
670109
717854
209199
118432
524720
895470
81155
845638
833146
406173
729439
118376
947126
128574
466675
633929
47731
482808
2094
25577
223991
307901
203702
566284
381120
201765
423921
986018
162406
289574
275072
200408
544348
584370
458636
893050
693077
91566
362168
391171
991043
211530
968822
305219
841146
349633
804150
696875
991412
75567
585208
305528
960877
89418
911682
893242
587567
495166
15790
857024
319080
35049
428699
705506
626743
218800
975236
317739
278789
754556
970413
181409
524944
50325
491193
955505
441539
91481
163161
674684
245249
730264
248607
758136
945345
559183
13104
976644
874195
234048
378008
554957
567425
200746
185528
863574
356433
78442
954330
5863
177126
536878
947237
144340
453766
958930
147948
983272
816118
426713
780000
114863
614657
115337
335398
249885
284184
103459
569028
646174
69267
708605
958772
160635
701973
487038
31067
177957
70414
582454
688659
456034
435739
656279
265508
712977
345352
895636
537234
615323
844917
168149
87056
528696
610134
610132
878738
596443
885396
773655
405504
427324
651473
726858
506310
701376
323465
562296
322376
698758
809171
559462
324019
174352
330631
157964
413103
488076
755834
847985
15217
940926
838885
512930
474668
737229
143844
870990
264999
438695
50330
114881
551658
211345
39793
929083
41874
383054
129471
460140
507780
173803
888708
207503
316350
448805
524368
872352
924809
190712
772737
400763
517195
709190
676266
75859
404152
684384
961616
780555
207657
158195
149774
593716
948037
635026
537880
15588
513499
359003
782940
7919
281234
701193
144324
726341
939640
550358
982936
490152
735286
646539
828801
349896
126628
475685
682153
733692
973561
491749
552189
973087
453595
90229
282452
916101
265173
846706
772905
276825
781159
653658
689156
231381
700598
912659
6200
396700
11620
266070
556613
980215
480442
543542
168605
907818
715650
931345
960324
891378
605682
980498
406352
193950
865538
907104
631952
657031
639583
498470
174473
716718
733624
819264
546844
790576
142453
462271
181315
397288
317447
179033
835834
928481
554458
803248
356986
791222
137256
998845
180832
591945
188775
918617
524397
235100
589730
135528
806055
198607
3622
575522
497052
314806
638610
485695
480646
744790
835282
242174
683530
585085
54949
731283
572955
317819
664281
45547
185531
965696
70745
693021
140002
15635
921309
767982
887927
770157
795967
458689
292731
332720
849134
902681
964229
430663
755451
839565
693032
126683
712849
838279
470000
497070
625026
811512
477131
778008
656124
379548
522757
789084
353434
716069
710764
757287
60374
91335
794450
634660
888413
152415
996657
466430
3195
135232
292969
379827
17525
480092
115812
616530
264182
614860
7514
184401
829153
413180
58736
662157
290373
222646
464252
328094
31022
849481
343396
107414
439512
491798
443748
71319
190655
207926
826989
263054
354002
812427
503211
635664
657094
40738
646495
58383
769158
653570
797995
496952
993799
752020
297837
175021
870266
314798
622722
557274
443291
564414
760364
562486
243047
277711
968782
969496
395882
686779
365652
885939
719670
346286
476655
719088
899887
965586
769790
141735
47044
870428
932040
69497
534648
166515
362214
327756
688158
375480
619902
633124
348579
945142
136170
338907
229701
594599
816502
553341
196962
278753
652296
841474
503659
720220
882651
99752
856823
757152
247587
957805
8884
274639
568917
692838
251512
379660
214847
395519
390966
21255
103890
665040
247115
249191
183872
83479
81912
700690
991424
998744
747051
993820
17071
293966
107574
122953
336912
497676
198049
542465
939380
74165
370010
52559
510005
66452
357387
929237
270940
201497
294020
227920
713634
626801
710423
878660
46740
620289
269827
356740
100047
531646
12680
573408
415595
528811
32474
63339
829237
549168
573168
175975
880468
582100
519227
407952
600588
321623
492916
155586
329953
518255
352462
471495
405331
535965
811467
439169
161992
894058
8299
875760
807112
971523
630334
617505
524322
822126
770267
649396
645675
807784
650281
431816
203174
276765
515418
933061
192383
860675
24056
808837
687986
99284
309975
642719
627849
519078
208043
759058
962370
15336
244914
90827
609038
239867
400785
882003
207286
556779
998077
864600
749017
822152
450256
961815
217744
483045
502460
481250
179698
130220
521371
533779
910707
991388
890596
927821
187111
464929
294202
963499
517093
854991
257374
146313
51910
928314
737861
291883
194189
712180
882821
779469
268192
868964
848873
728391
336245
857599
473571
505053
318344
96038
711841
235809
950152
960924
167864
77253
665170
112674
808701
894401
977940
805937
249203
174493
168532
21076
107806
124636
777033
18719
786870
956613
93159
828239
308791
203215
705208
189440
519381
281320
699942
201029
775821
160994
274901
553704
526103
157050
528237
858814
838520
846855
481077
159589
38451
279228
392731
520412
619295
876825
587280
133120
600276
274740
382480
230111
910207
557088
164927
594939
556245
281655
123439
541149
214628
340874
311422
464978
282693
557345
600092
770119
17774
422449
17515
100476
326500
954073
274495
95592
22285
849944
489668
347626
375972
364368
209087
411174
931461
164655
433837
391236
923816
880896
974855
844545
932458
463949
578663
961328
935175
65262
864709
995281
252517
731827
883226
315596
994441
709353
90597
569483
341164
968461
523851
352817
755048
527883
216857
326010
793741
518577
521446
200560
946513
80053
553300
512071
274467
784863
486645
63574
873120
809428
732361
317106
91871
393985
973989
156521
463207
650016
223344
10392
884032
637290
864584
83305
15142
205913
382658
50029
137498
40281
980813
380114
880596
698122
3319
133953
573523
721908
893706
814295
558228
72648
347535
587069
108705
139535
12722
514342
146688
942322
16581
112484
17101
27684
960543
133416
7010
58864
207453
355732
197554
169370
356872
552063
923253
62005
980951
231364
456893
394113
811403
306375
423912
525246
582328
333126
508398
341521
72484
763735
870490
969682
399816
246851
700758
337136
724403
124927
746910
431234
529230
980291
277207
996779
990650
491786
541881
648936
122326
990500
628902
846649
802652
410619
210399
973737
686123
733536
649036
150204
97375
321745
63544
508149
956892
219402
790752
379585
705322
259268
315424
980163
895802
97358
70094
660221
921223
247047
218210
710679
729624
58038
609746
248527
141986
584518
215549
817598
137098
247585
371453
555395
686407
792039
686431
656462
697382
764811
682799
764107
476199
305418
928428
882984
944965
218569
597402
152581
241683
353803
774263
366584
63362
41676
721349
196857
152703
863740
366726
152177
150009
194075
142598
954650
457024
305645
547026
138578
919689
747291
107846
436610
3342
706854
314500
816549
311826
560904
378369
474360
101890
544553
498681
678397
80951
6650
676547
607851
208024
712754
659327
96053
869469
855907
655915
296181
540782
865400
21
491573
129705
999309
434283
162842
583747
804075
395310
842606
674310
778335
445061
813512
518072
938869
724078
710298
748892
997462
866255
616279
458194
763835
514475
633727
186777
114189
565168
694920
207733
952283
157676
978858
181996
997943
924576
505224
510058
881838
527149
548598
195012
544865
779755
356779
894617
661060
400985
21636
605013
784499
249966
676146
286991
480620
954318
846274
242258
673837
838808
976136
721081
70059
360540
35943
378419
113772
113322
159230
8807
560898
241669
349234
166641
83620
374583
742868
901769
136234
90110
661231
639621
635877
42340
989937
428789
873560
729196
42867
681964
138839
182376
855719
706078
584507
512232
441501
305637
181055
205133
332658
167966
14459
482363
305109
53808
547322
615660
728887
516460
519162
853090
725199
328592
601599
225141
818951
782310
943700
713354
280262
469066
809823
983332
531675
683784
500960
59732
857475
211811
189510
914060
791
490611
398318
823890
938581
738406
410233
675024
237001
902695
95880
77895
154711
370907
986454
698660
573160
499400
243763
768875
913967
835152
814937
3792
330519
864348
503725
583013
741643
475028
264659
453676
589985
921546
654766
736206
181155
161334
547955
423269
425020
520476
203625
333556
260796
807050
851583
94966
134984
156029
716617
910867
857505
662307
446681
497583
346639
425276
580982
317597
80169
290778
802492
935986
700676
663559
628303
733427
252726
69701
459517
670128
973702
492528
509040
963306
619890
194688
639372
99823
224219
747371
585643
391815
938769
161703
381106
75207
38455
16525
166288
868226
525331
771289
278227
953695
160692
303118
907942
698310
606912
872950
660971
605620
848921
781319
945
386927
885740
132514
277970
763475
800662
765108
38828
668938
611634
532031
455802
509466
948355
332339
996366
855448
804155
878390
405613
956858
85286
725699
46727
509706
4470
924590
672209
954679
927723
525766
694209
592454
135583
455827
539941
993061
56939
98814
30177
192608
503033
561616
526467
739949
764968
942611
67268
786017
48597
735508
355870
943685
365581
438666
56900
361988
940235
396497
724355
750587
968431
769999
662643
722611
296190
714871
331481
230123
965392
535916
293085
561421
478810
144957
267810
948995
90968
92879
692359
823523
945687
289560
229050
462086
131036
683783
184180
387446
845301
807746
478613
534469
510042
933575
652188
432379
260798
808564
137666
244327
898808
536674
405620
178198
610441
193899
471276
156642
4169
861964
175019
684705
194739
868326
264917
729151
574921
859167
572136
970662
577317
851685
145562
526425
664734
863059
121231
923040
831187
482732
78132
563230
354263
91395
329403
592766
431609
914173
65075
50572
291438
190127
550466
148576
399005
924193
822594
773940
819207
279924
74870
849495
136978
524703
386984
255419
192497
984789
893920
681960
834289
369283
955267
730835
652705
983477
706053
862026
291871
672792
336716
753286
90363
330266
556771
495011
748043
484078
838103
83755
142475
764587
57906
457102
319790
684052
265297
677166
566981
326450
44388
284375
900427
987998
429186
358796
872459
69275
241703
211260
967470
616351
8651
791572
72933
686002
642271
686958
585455
491376
279590
822758
214535
76585
831022
501517
495918
96679
459179
718071
356176
188879
171950
64431
612309
223840
381447
268043
78599
832985
496244
98266
238427
782071
32772
584953
716830
491036
71372
900357
251005
468555
596805
37738
243121
609744
487553
302618
227205
629693
461384
339866
561605
301134
227347
331894
250245
832302
660260
939413
498827
605523
466304
644135
951706
606916
688970
587387
824412
940794
681214
314028
422571
169892
4742
919867
29180
26949
55484
883001
790248
964537
140861
481243
206936
331477
697254
810928
326349
354859
79854
793070
864394
91117
801888
885096
370782
896745
435251
980636
907281
165362
769415
345384
601643
358623
925055
86301
65051
77421
826101
299884
242315
321984
221662
618301
917822
692294
503356
820767
296738
29756
899450
587609
632120
910731
267687
38175
11292
644490
512850
471841
753139
105639
50942
884477
131377
737759
647170
401428
959493
883498
190656
214585
524129
743541
577087
103878
881961
602823
579816
64009
62711
825477
523674
935388
116745
551313
223594
973458
861192
373772
433722
191821
243765
328892
262388
366317
972658
874505
630820
268899
421931
438754
589168
703011
203615
449085
571444
707448
604175
831355
328830
607729
617217
175209
519075
519289
210033
364579
546108
151108
537941
266131
510464
115814
969740
616727
868095
998142
365538
892801
191801
77775
57218
993847
287385
369135
60281
201851
118929
770392
623458
342405
689171
152091
545716
513868
597353
974773
239140
324453
954481
928506
862904
330050
432121
748462
63594
41499
413683
923059
797749
675817
181973
54044
203263
751823
658319
601375
892322
200596
306474
274409
57752
557963
951994
328268
508803
516116
267519
826196
797271
997563
195998
717687
274661
419005
398775
167722
313348
429611
432355
702160
858590
640360
568843
168141
742676
418444
964904
779129
197071
142635
831826
976241
594341
523696
451271
800199
291811
71522
454779
735577
680893
690633
283158
512895
790351
742250
622159
365726
494479
117037
31331
987737
432594
217440
558449
160424
212023
996564
163573
909633
655924
617829
260319
292018
307963
205591
256207
10128
254408
960732
402800
707529
995466
778227
73646
817494
707819
126506
130325
530317
47678
738884
998343
613075
778564
388405
68762
459119
466843
533642
954252
345785
714628
771557
358499
411441
310095
175206
418150
629868
667301
817830
830129
221096
73394
338205
320441
908289
888493
450275
709405
590845
844229
278484
686372
487809
333930
796428
811801
281639
324148
564241
40576
999719
229684
298640
697396
128882
971222
941696
121374
590429
841391
826403
631636
154234
273065
804011
97420
564611
781064
279993
280251
573808
944344
568768
353038
779048
84341
528008
660868
46611
499063
440271
381798
990158
144696
222602
169124
937016
261699
639753
839310
46313
751578
538296
637867
766019
622820
539137
727801
454944
91313
547983
444866
902635
377707
667630
212824
832651
527772
502542
110125
583737
649750
519719
73169
883634
167427
489526
903944
673864
698313
946085
107207
689236
616537
105928
984843
471494
117077
912068
539031
700893
578268
563082
820552
990961
335219
620161
493014
60141
720209
884738
633769
170715
265543
661373
538133
820440
58570
732792
617012
144934
991198
220984
5919
578272
103969
571896
541769
510728
569970
162582
702263
549629
496508
95757
641952
132872
30115
643933
300573
500373
981257
170503
39436
688126
950781
447220
257799
201731
855809
564982
322876
684310
812790
492902
523753
868499
713830
23083
465527
155789
88430
546524
800175
60164
811974
116029
183517
850162
872174
635750
878272
765060
615927
942850
204842
248550
911596
423410
387067
941239
193243
942545
930612
207196
587267
668115
982266
474288
499611
383814
329450
648409
939261
10299
479379
643382
416749
285758
417172
856692
893066
101440
671763
757184
845392
39638
390423
943639
478664
970778
620611
532857
719629
410479
788464
652347
49211
452579
856485
729212
869493
491757
731702
191920
264595
692885
478326
903320
215463
554675
392282
225042
353962
537935
334955
256908
204872
587560
902503
516372
447365
644880
10933
329995
383050
197748
592772
563129
920848
178746
240831
817082
340008
394627
706862
739285
60516
88399
576300
979373
79846
412672
465281
490384
669699
558519
513627
698604
117779
866203
299758
151266
650135
760056
840037
673523
461575
545539
115587
411288
31480
631996
95003
395822
689703
413292
453608
253645
520421
938062
917898
91641
322078
925706
284318
923953
678727
535772
632760
397157
133220
587411
950208
189765
535539
828534
541286
518901
427640
271809
41859
59356
398886
560013
200973
345308
163431
327565
414647
281308
641544
266356
454819
685312
487236
780789
525445
423610
418924
602146
847637
998074
594479
455670
680560
545345
692108
858030
740300
722579
558417
797585
912726
678347
589390
920145
899946
322504
691099
942858
221806
611717
712579
146599
17868
196423
82764
598244
416522
443183
478116
4717
64071
311471
552618
111078
808788
429338
313493
889924
764268
82323
863557
278744
276497
444327
523556
940524
540421
309751
379065
746822
829859
602702
97161
257865
120728
383953
790570
900219
979968
506196
752357
850274
220513
820809
758215
967815
138238
325523
575685
461340
721241
102201
726217
232249
429385
17333
109597
919170
189875
552108
310323
463205
228072
141753
251278
876992
459355
446818
903569
797407
644989
372844
844322
819043
377655
157259
120251
886142
400387
275441
20941
791450
211368
609607
508624
202457
847568
668345
322412
771447
24839
69612
904765
146636
242386
788939
781831
505327
12330
27327
473782
168500
29588
275005
836751
105237
815198
281529
21113
190830
208183
896120
821090
440738
477292
933443
158351
19996
241723
606839
593988
413616
566358
329657
202700
174623
849909
72200
510182
668921
385880
64939
5004
786781
92056
673673
124257
6108
936105
82263
935222
6780
908975
290283
47545
596376
186489
516080
975354
584357
721118
636275
133083
247567
561138
206873
224788
329537
231205
866163
158625
451588
792569
634602
438792
841343
484959
247957
816394
25244
949100
616490
871078
104588
948029
74512
755268
379616
685476
668242
765253
140952
227341
395696
170724
677881
126322
5008
542665
777815
171382
603218
107242
783155
791010
471872
201374
307325
115067
792036
486528
820602
38524
315700
829500
383424
647989
299881
269689
877407
500416
659566
87971
212698
946779
380211
906068
533843
736167
831712
769374
139140
813436
371879
708279
682601
561127
31666
962114
907004
749185
409084
622774
85016
861485
415740
856365
929279
466221
137723
58635
934391
531618
853959
121545
477007
541790
162048
57949
687295
694375
453583
482504
322029
727691
461879
121851
197900
489499
364611
34663
789087
498885
645855
908384
689692
336146
319619
144237
710507
217144
294346
388974
479821
239709
442273
490474
682842
844265
906842
633140
444642
677254
987744
714298
645621
882551
829253
839978
391935
355666
298104
973313
831563
900187
277074
138802
956392
953535
504271
408367
914153
256106
772633
215446
967685
9349
507200
513019
258463
884239
926983
202190
232801
278871
237208
743657
146113
800531
844631
150201
672294
763104
663891
295686
630051
101079
95897
33568
480033
798728
105507
148072
788764
595542
846254
76216
253636
341103
234537
321840
246659
413606
177353
391966
993886
365422
215609
618633
620341
197365
608687
673050
297956
622106
183194
335208
691468
382349
66743
684895
243500
448386
948803
182475
644328
982674
348043
900487
265004
318958
38431
625596
479722
666752
755429
467544
357503
660512
766665
882701
919412
420847
583506
649795
968223
491796
398352
899804
247786
400721
124466
868385
184747
421057
225588
620686
587635
7600
818165
404598
42211
4119
669478
762132
147319
230770
278366
98096
717990
139648
601931
482475
946786
627478
111236
42407
366522
941345
360122
347797
209695
765302
532108
474076
605188
242199
164409
622691
87710
558469
672111
138555
958795
424573
433027
719660
22351
54480
878906
146715
729529
73890
720708
42708
455460
922367
895816
383802
590233
188565
812442
149896
936594
819986
983114
381379
514010
29275
282198
561982
923856
823397
522815
833609
58121
556340
775865
736951
210517
148782
12859
258699
516890
817307
764599
610175
418781
269628
888356
87472
19040
306756
583798
253929
532005
275511
495
388938
264720
371422
728527
462548
578218
672164
457191
400276
856130
64017
434060
773418
845294
876768
303654
342966
754991
956158
401384
510110
363890
235234
906650
958333
298227
290692
57809
902955
824509
531131
760321
39333
742092
147446
660905
386649
814739
617366
237868
998481
777112
673255
80000
787129
953789
418810
911039
499086
784219
5664
512731
926246
762439
533061
50799
64854
531574
76390
235952
485059
586685
329584
244866
145864
808624
122039
164007
580609
251692
606287
302738
52466
702705
694987
981530
784600
333415
409168
707914
190281
790785
17556
476629
724234
220415
566905
976870
943213
138253
452736
559382
542181
406857
101675
689271
567016
654242
480308
265357
22335
767772
843171
493469
723373
506736
919952
545821
613114
435919
649461
595786
992859
924743
866031
155545
580415
823359
997713
679237
613688
501084
443237
675719
974148
151686
742272
906916
297464
536325
205953
44000
308616
189189
573030
32784
228469
768696
730378
71565
622931
778586
575423
693764
526198
515728
182852
77419
608697
411498
52067
65550
830954
213384
612330
415879
401749
728728
945091
490060
741355
553789
750578
123043
846031
457483
215979
394224
716158
473071
196430
771439
555672
42668
702400
986300
861071
226368
748839
871439
38059
814053
208705
7686
342839
600819
743714
977499
659596
858082
1608
176629
720375
484461
710172
516826
996106
78355
692040
806209
503996
821880
677231
519237
204477
502760
954958
491638
853787
787067
854637
249482
257354
562515
175361
316145
252179
390914
508641
56774
997084
209417
740515
902945
925712
434491
243667
247497
458666
338625
965647
681287
323427
680246
119234
318229
463862
692466
360763
372662
246093
668452
183273
275039
427082
144857
792693
994195
870771
141209
571644
219596
409146
548080
833192
310037
326824
452938
916906
701749
544038
647608
649814
712389
476584
488015
179290
75939
20534
466415
693980
19391
272664
884257
662000
792274
40222
156954
614067
611695
225481
331420
39046
351922
158746
83068
723370
837781
638580
376638
903157
985889
363312
934044
607983
796161
385342
804390
692236
132849
950258
265859
450245
492118
485298
601045
286869
77160
886523
543995
543245
827850
605515
148848
410324
800379
912815
569360
602687
599652
261545
869179
543625
373905
743933
618386
452015
237757
732312
482143
381419
901317
570142
264273
320202
230527
666447
41892
498348
34276
96661
190047
984408
936
180076
3191
970361
43051
618990
481297
265145
616391
796986
363109
780857
753865
96064
771454
972458
200957
346924
762269
881035
520035
968045
651134
380159
796414
959457
164210
464266
328266
622559
597611
246312
692237
591776
218262
4682
534150
897674
874915
170990
281218
936923
523296
370393
683662
553326
332099
177524
505159
683437
161734
681281
422477
81748
442861
879416
496854
924638
468003
946498
381087
150414
529794
844305
446268
365723
936754
70042
627921
305721
33896
389488
347481
510656
417296
194238
510499
64315
962182
68129
634973
756624
248957
607328
953609
775367
366530
359177
688140
8248
290843
558633
402021
31637
611657
23783
79675
549073
267309
637053
741839
82732
542855
103956
598800
422685
206873
639995
67021
209435
927850
636101
31301
309639
597926
450044
64090
334713
238051
41093
731236
871909
618814
607378
283490
711914
861476
246909
926284
715319
997485
591944
984580
154522
307746
191918
976234
648999
710047
532773
816718
452161
265300
16691
242177
733896
244517
32426
758404
835999
380401
809026
693410
69528
416880
357649
947866
531007
377398
933481
812852
362560
196180
855630
23284
750005
69021
720338
969708
255568
706310
427087
706796
213729
809319
380609
707925
155717
321438
944125
882124
573740
150803
427730
381258
166405
442517
332347
625487
700552
274147
550589
605430
963935
349256
149347
513700
242546
632989
581396
884698
860750
923058
189902
19371
316849
55368
111169
536903
176884
679029
744394
597685
525525
991594
289354
374623
722208
644177
3107
616391
423674
324176
538191
35480
993802
351915
8412
220567
539333
759430
526984
922232
119892
601671
427317
733901
736483
982554
492041
301081
880072
619278
767716
552131
941390
426525
429567
940966
585310
493961
679262
917829
905161
397921
99825
63900
704180
517923
909837
119121
793313
251067
892801
166858
817366
163050
464024
51480
236012
62978
909035
338576
939125
197453
946912
478651
741131
326030
71491
179555
181810
807007
656959
786446
954409
543097
763832
8455
680722
961938
131720
317655
114107
215649
590357
355219
333640
616317
937484
881295
826815
330083
398972
206832
26928
604246
657169
744799
330559
921697
922923
202714
599567
789432
984730
878820
315405
895805
842425
692765
828822
580446
759204
444844
85126
915419
919383
3544
588958
517925
428516
939894
145937
567970
228944
962877
328107
148237
773771
14389
415007
122427
1355
259470
85163
795000
685444
581389
883818
681616
693958
907745
73846
824042
807730
727316
796023
403662
164506
348445
270861
641222
902836
459794
559062
657827
953467
692346
767580
220759
38179
790657
9758
743295
761335
379908
950329
793988
45648
984140
840435
179287
301300
829209
877028
2905
205448
662803
681346
781341
816115
228389
113159
680069
25489
281958
763329
947209
854865
349228
507446
991894
703212
73093
316913
323538
684226
445568
727790
361470
681427
207206
900637
643637
718806
329671
210774
514449
383534
423578
44589
320758
131318
687682
761028
286223
270198
533703
776440
443302
877079
479853
539823
584699
895559
217420
439000
686658
231494
449148
18059
416928
691358
898460
223759
868098
213616
637055
87797
866266
33448
80629
781217
324920
346450
731121
858793
95873
11334
649052
609621
307342
575551
286325
129542
261411
912650
309410
636404
573130
874330
557720
286288
808587
357752
904932
324040
71627
797911
394260
335977
463359
352006
794052
810910
382923
602366
370184
634646
177339
320923
732851
740996
991452
748392
682114
539392
681464
547219
979945
378443
143789
410175
328951
132143
932969
280632
393576
58629
65860
481090
201607
972112
82170
337226
754430
256199
387140
940094
529020
112752
313105
616504
371713
220392
322150
211221
747145
20607
564175
989924
990354
996224
509888
189434
154700
893326
500174
261987
645853
566953
686851
625075
424846
235216
76769
115322
263829
8065
717046
588821
136831
230428
485464
514657
246650
190501
212030
917259
387260
206568
77563
407107
29588
201591
449944
296015
753355
919695
100044
370108
530806
808217
584474
393071
475867
979980
113096
758745
506366
73263
725047
429449
550471
455164
438692
262875
378641
24993
330682
573646
293137
753184
311313
869876
75489
737622
38983
392578
113000
438808
224889
831047
746664
543993
543647
547066
220772
557928
191105
925292
899500
996150
973850
624284
260870
948598
921352
75113
485051
394813
417004
310306
843963
445321
90788
589625
880685
425470
318498
635543
974872
682699
6761
949385
567463
440044
834212
488919
909276
264456
42403
511029
735188
482362
679794
703763
396210
993453
30424
622287
868587
200736
778537
339402
985134
936265
70152
842072
397230
349397
141373
401681
598925
854222
829359
930948
600678
68822
749566
391884
792439
642640
998015
444410
852714
646046
103957
433777
312702
32836
235560
975505
64279
754219
563013
732748
534366
617490
681364
423958
85311
253740
117173
36989
321924
941919
153087
886362
514844
141249
608411
163625
352932
715307
43262
601377
8006
469333
590972
211039
808993
890701
769652
371824
922629
733268
575338
880064
528282
11733
440818
29082
453024
839235
512711
40858
974608
45838
787835
687159
717218
593217
521225
120487
866920
407739
676486
285806
51991
374855
969590
742343
598054
523931
688891
244077
653583
167210
818600
722566
230707
496998
311156
326317
246618
398294
268490
190554
33368
465039
552510
972656
709387
592082
834201
233828
694272
450114
825109
515589
80949
833600
845348
58027
256825
65637
336042
946432
136624
42907
26124
658598
405747
1560
450656
928132
201108
155256
281476
526705
474239
158262
616970
692731
818043
951495
659345
421139
531856
937620
964399
455769
147779
644306
187210
463616
718397
338559
809414
654110
703754
446842
786392
743187
480188
845056
9274
817939
257328
153343
740791
919441
744808
380504
736422
712521
857368
68982
690739
792426
396988
136710
361688
14367
671590
517906
293484
549177
718038
584253
630802
467515
687425
652829
952594
574657
64436
528560
684676
899405
95826
491901
276328
72239
320377
670025
89939
52753
347843
51378
76484
184348
101096
438827
727957
898059
226561
537364
208525
760202
131431
604277
28114
473034
886586
75031
680251
193572
847678
611007
872132
382951
34399
735176
497243
516992
906901
859
246423
693573
697698
189070
893960
568542
903737
689623
268777
88528
598073
725355
531058
543207
510486
68600
987402
565312
349913
22459
710170
988400
831741
54014
601021
980180
612859
365234
87315
923895
516192
777253
352629
847257
278105
135327
290371
762722
343505
922911
556312
285091
815217
108781
3103
546244
682438
955100
77759
282256
440065
578526
932850
62298
841687
169411
745075
804682
639561
86288
322902
886215
736958
411832
964977
212675
624523
663354
292024
983262
183893
19158
898791
702583
999630
309357
457816
99798
997467
894644
176436
237999
829590
249364
747270
24852
342383
165986
921131
662523
794349
976950
951526
19878
779987
294762
201552
600501
48157
964913
860652
635140
797673
448593
818457
319170
386931
663742
711456
563280
737721
6997
901421
634001
326909
737202
701147
663188
178985
651758
694312
565467
758668
657400
787400
890760
817283
928399
341653
769123
726387
43033
840483
655946
19058
644515
288626
963062
902853
418806
101692
788389
207556
962450
9647
433513
19482
580618
441909
234253
74345
768187
20782
19423
516554
722730
471359
485727
546289
322105
843652
402370
268719
228038
381281
770211
270866
141089
464758
914567
526439
227495
68145
899019
370720
436159
371837
614189
894224
821745
818327
956595
886802
279902
866114
150075
502922
609440
496785
896929
531715
134334
424865
428742
278072
238604
801193
977667
937454
857693
43818
347050
306046
14182
928320
416949
685105
533489
494747
469582
644292
474938
423687
672378
435594
878122
224742
603747
439089
989741
432640
968064
354204
493106
847153
966115
452976
333439
631233
82655
430891
500590
862929
734163
449838
558856
48624
409752
549851
928188
201805
603267
18521
218619
838663
774295
759604
406900
700576
703690
179106
821031
314385
833778
922145
145512
411703
26188
554299
40690
942955
228521
372075
725606
962799
95990
683546
287263
923331
180710
400962
455218
213976
390078
840884
274119
635868
753660
172660
623182
5044
414309
47106
988577
362824
773866
655732
834676
126839
491574
912894
527035
145196
54935
595924
483545
406792
727814
780838
427072
452415
464597
33738
30889
921727
711732
572600
442289
698570
431647
203118
657679
598052
109864
832628
283246
805416
542364
350522
809515
486902
238165
997981
930029
96711
409244
722440
930395
146529
284152
197431
369982
192741
100055
312087
543989
638982
577816
60618
457935
850132
491571
199174
329673
50166
569350
211549
743523
25527
978748
396887
758177
120375
13788
297531
944603
720578
66284
617261
651073
545021
345407
910513
367151
357180
207842
849933
910697
15473
119263
796045
436595
117760
112556
498336
228048
842030
873972
275936
947029
265079
577663
129903
776168
950974
76608
357501
791066
967199
198459
803621
480671
495392
823441
976375
463270
754375
878377
530449
165913
865669
852733
391654
671859
19536
740734
164512
129912
623374
916325
620322
149974
785965
857111
633254
274518
613519
8052
165766
986303
730019
108989
345558
541127
197135
849759
580782
665846
443721
430560
931973
365530
672453
899237
536632
426913
871305
256158
838315
185430
7388
426638
889734
343419
454044
266938
26401
922623
480879
736430
596794
12828
11730
911654
682531
908111
11597
920864
585529
934901
363719
598140
624462
361599
638197
440972
203112
174738
567790
597374
89571
440254
922779
28963
14961
771928
847306
732251
852930
563829
592865
382239
331838
143878
821167
891947
353519
976971
975006
271494
855164
440565
191877
189231
823568
904797
214362
99686
813594
897946
514373
781716
883053
124162
723215
814423
327815
172801
270265
802542
468526
165711
934569
248766
741750
911633
510015
814719
836064
106062
456135
276102
79901
59340
628935
869615
78768
136134
309303
716774
176497
641037
451344
899603
709933
277305
214205
526176
396331
124873
292526
566567
301194
95902
780172
987197
212613
84305
552775
396886
78553
730220
373386
12819
25853
236364
430992
902831
606544
987729
974608
760577
866257
736767
912468
602670
570823
658996
692072
712367
158209
634246
775341
525755
372728
177912
320781
652305
564816
155545
152072
792036
278269
366074
40173
699042
699715
439178
480421
785123
788437
874704
155178
429739
306143
833987
190485
951452
304416
961417
416724
392699
486766
731467
677050
684316
561629
392625
874096
285485
849531
186111
319945
174685
319986
603851
249588
511527
875345
42906
859402
615167
797796
812503
564999
736599
459135
501487
740694
175118
316762
305867
260037
372854
793494
305643
157208
761408
676318
908828
443513
904710
689576
863510
882573
369141
943963
474676
791137
245398
116555
970448
642115
227831
842335
858042
561261
770298
90708
182357
255005
117817
878170
174735
42752
974421
710300
113531
779724
587290
171677
824845
728237
87248
546750
495665
732055
610721
123548
804360
755834
553890
743574
535168
271316
30015
84460
910862
562400
5320
156035
691659
174060
753682
147781
331689
243208
896331
357413
796624
498330
425310
323072
592025
548239
279423
17183
287973
714220
220755
557721
393627
887810
445247
517717
522238
842880
182284
177389
452583
595298
757044
791791
162723
771720
970188
118589
955563
394593
40845
945684
171324
355526
804928
945577
763795
818339
993478
634927
939911
763472
61121
20406
282946
593470
811299
80429
766813
818124
900817
446344
64600
902777
748147
399676
373235
193972
616411
708391
246123
690512
921999
357006
690644
414803
502581
54334
459279
773613
502554
572755
688553
412038
353502
275671
229328
448112
696832
979714
676531
931516
235970
685535
851381
451304
142136
916304
167117
651958
74355
901992
14589
409880
104004
666678
368300
308231
131695
749985
538018
776626
422766
883887
508128
389651
278174
235232
882202
621726
764170
836471
832594
591572
807635
632920
707410
309684
883961
11276
674438
536720
193288
522978
974963
484733
640353
356465
103256
148132
945956
201848
521952
990453
924215
706342
789184
950460
388470
812661
73139
507916
335031
327152
84240
444439
115320
577110
522436
731743
958696
667863
143474
622663
296206
507707
438372
534531
640986
985954
884908
570478
637254
699558
810267
51771
763689
491868
271901
94147
386520
568954
386416
435516
111225
626450
721791
12426
321381
60284
615903
593647
408249
561043
636197
225439
483898
325205
642785
814447
258402
391086
882364
978859
445003
671630
576105
60678
429943
648438
360907
423084
583866
374931
294371
550644
152517
280769
561332
429809
27215
745968
691446
698728
233441
269092
688754
546651
978431
866582
714688
760964
769134
537208
28827
50973
162022
158038
923422
635996
594326
207320
759646
83005
468623
930404
991843
232375
369806
959968
657027
220880
588009
480917
504221
240716
152212
544175
482543
325825
895056
578465
422741
33222
237682
284837
293855
445706
549900
962273
209357
352704
288442
485477
904489
372408
728586
914641
57025
809673
824521
607188
55872
273387
387750
907407
564649
265313
759558
89431
914863
711891
406371
537
308659
439098
144993
293592
646938
772724
585519
126611
855690
81335
223638
674434
783810
115362
864546
928190
33427
583023
26985
630464
853055
723397
685500
720577
5933
355562
412778
558593
696517
605462
949356
998052
93742
971490
534000
936950
61793
115487
666117
537807
515114
840324
902943
489874
73147
925055
455752
935183
420013
441644
106404
910665
133140
264483
872863
672401
37053
21228
583861
676561
316295
926286
759261
496549
364507
827460
348627
740707
826441
562065
63744
503163
373760
935851
521993
198650
40874
525074
466545
144169
196898
556484
914412
720402
531987
524937
884481
57186
43182
639017
453530
771818
581447
645822
897323
362495
115725
406756
577277
381314
312228
576780
436374
907962
357601
810864
400775
288285
966177
281569
492562
454830
112070
701500
32949
590080
651791
163643
954327
976408
206163
482343
37838
240496
959642
32427
801547
786136
507160
293188
655203
306039
532295
477781
39354
277872
344288
985368
818830
415776
164021
760430
244317
597955
52718
265175
650293
699382
325790
484924
943254
634135
452289
138409
360197
258760
562324
243417
618736
293907
26769
731754
704057
233128
806150
820848
993505
906369
926033
222245
512082
515238
973370
658878
68488
521164
275693
792217
406813
954265
441746
92178
208561
862723
756619
792820
868531
910486
445897
227852
641358
812116
351243
637658
63026
888246
17461
209249
737213
501585
14409
431518
409606
766612
97668
114901
895878
49646
526359
764550
690660
203852
745921
740351
463068
711808
225541
254347
283403
726781
972557
747272
525657
327487
645723
133782
9987
588231
141480
624299
116931
930884
643355
185668
32031
657805
712359
5558
488716
14667
147393
298019
706940
757300
787581
227207
78091
202162
764804
814514
174913
928226
972596
387024
647301
566264
11796
456548
872351
544767
234866
731028
498152
255934
65052
940701
227985
907894
924663
525030
500172
886025
108671
758259
62234
909749
713179
352624
957682
273661
845916
912749
101387
693416
129874
685545
205574
368290
309259
488327
426043
146177
793257
122782
194655
479971
494943
482732
474063
967411
582152
784234
349563
323210
928995
259578
286130
219186
299183
14780
922181
218245
374367
570945
731547
646580
37947
639767
916049
465187
871443
240003
455243
730226
54879
991885
885532
298135
698680
14901
127310
994151
433581
657475
975182
681459
100675
370428
188215
472271
736461
374385
532217
986862
205283
280753
855526
855145
897602
393886
549913
567966
816320
861981
829187
433141
57450
902759
154259
232958
744572
953469
659457
660790
573116
814200
755640
436521
791475
930814
603038
753905
718729
123089
520129
399644
760892
529473
117727
497324
146685
853314
996370
211575
349287
539928
59862
725871
837340
343918
826232
387388
499838
847879
778270
248709
236807
801547
472365
178766
663878
527235
748506
754812
315255
336288
112785
648307
295421
680566
187579
72352
502398
900230
688048
556051
308891
566136
442169
666819
767562
931495
683072
197430
455891
624471
210518
410104
980579
344706
858849
878856
971728
563215
677920
215571
49514
397412
445469
832600
163706
303442
815662
797098
419546
50671
65831
879188
958961
262914
322143
136150
456265
907990
557149
638798
650254
888753
724896
118194
596005
312543
609288
755450
676070
921959
443556
477850
794808
539295
448921
821677
351688
79899
66091
512621
739237
745921
341291
25823
638139
983480
653310
139404
12971
808895
351941
596713
950211
936858
849262
932888
989343
737510
235607
512583
452827
839054
484698
917367
490291
6102
729337
404247
10618
225237
146855
358862
459188
569088
429361
32280
237584
63008
360967
125384
130053
326437
377195
526187
563911
472725
925941
970893
732966
213405
89536
80981
105220
785544
981941
706059
26801
250573
19634
541626
649538
350998
312113
210841
645039
15083
707427
888898
814462
609073
922414
662762
472014
642627
340857
651565
550822
665128
674934
645454
634822
298489
278087
449780
561050
697578
103164
436740
202760
492854
778747
724252
822952
563051
588729
152424
802003
437775
552420
94693
474580
580718
74403
606256
837628
917377
625013
909386
642834
716221
58486
978667
379878
128117
357568
639807
495366
586028
657262
449985
286666
326715
758076
859059
675466
909019
493386
725431
112752
94800
277311
971277
711016
357427
475147
309546
705076
846106
74180
188209
380827
671845
109362
182545
481793
898920
706470
282554
212946
406704
740997
641276
279448
450420
924194
621311
69869
389850
421001
925145
615690
728162
983385
515727
14205
344755
657161
348075
254137
183680
226187
986742
522503
540759
505293
276883
982107
460358
235612
739128
636674
270442
94883
41737
16630
608021
749522
379667
760148
338331
917658
147170
833765
779770
942356
985087
232152
182243
607681
18761
585809
733673
904428
561262
141978
784261
324844
251783
468983
349827
433990
54606
940056
24845
220143
374588
939880
702163
314222
460739
602947
761363
26016
737317
185860
916938
230613
169136
506299
232375
657432
460950
360894
921800
951629
942637
395479
141604
397362
107775
764443
411028
247240
587215
869530
122254
813323
173225
39858
774496
276444
774692
476478
374838
944448
248312
967084
920904
221953
487862
735852
488482
831154
14312
253637
327889
257552
20741
577985
149735
902980
473681
247625
450028
456581
333135
368011
777569
402779
490788
576215
462706
196734
601162
779530
203767
101469
497965
836001
65702
968058
818981
508591
839641
336306
71825
569769
81720
528155
470796
787487
1091
160710
766031
843333
128703
12643
368611
183024
772218
706820
721025
578204
930683
285498
349640
376297
875019
576603
719705
387111
311002
273958
150162
592838
878416
546237
718758
581488
250097
766928
877910
847474
899500
764699
958926
130261
699648
837061
569438
292427
868108
62889
232659
416773
758961
86386
709106
186722
344485
838432
965520
132161
632471
693927
124817
379575
778171
539766
997563
124956
891569
144853
703542
869760
368598
810471
477218
212603
527526
964495
415061
602146
933131
127471
729520
895638
537223
902860
543196
353462
898619
927181
215718
181172
617042
836835
249077
820293
745933
167938
180772
267570
233195
484428
737600
944716
672820
436623
85663
580540
33634
315941
520987
788537
709357
196090
522282
511954
737201
258795
821787
858155
139455
856393
290159
815940
163005
461116
475986
380405
348602
226244
931445
983030
482258
615963
686793
700762
961978
103671
450457
799516
197993
263403
321220
634770
194660
663213
813398
785022
705892
684018
200003
361476
80485
73590
237375
116085
961358
911896
98045
521097
676344
88609
340801
183596
276380
446053
536036
344111
659230
573890
245796
672031
295344
727749
446309
159027
863268
233069
122568
140126
168082
952135
699047
492485
905890
525560
205034
222859
49271
994905
918857
98631
150393
930492
853406
243799
801276
316557
78821
502350
121682
79252
285652
744585
541482
715095
284113
203999
721763
204957
496469
958518
652977
28813
583515
165555
291562
331700
304644
942921
210222
898213
765834
841139
782513
511866
200351
659324
867047
108473
933217
162747
897226
902931
396796
803485
809995
804614
719837
269146
949267
58529
87951
600778
560948
152232
660660
575504
807729
94669
859488
571636
446246
328734
700245
742863
78870
967551
442007
837599
430095
152652
334380
512507
384828
403616
218930
617696
4615
42164
993372
902377
307688
499103
872330
661725
605327
140347
939653
187618
399722
786408
163156
572688
198739
49386
248189
601313
813785
673774
862171
219780
910058
787306
223385
612112
509274
584226
615240
350422
18322
883462
834019
236367
456280
966456
216796
747764
828918
601388
680098
242349
81162
787817
686706
477217
739498
631020
99991
824684
127793
638443
742848
632559
337898
820471
596220
585088
832088
136122
788052
21506
21024
477664
712517
149712
363285
989203
717720
289555
642717
116446
767840
483828
123524
889331
731024
122922
793949
768520
477686
996660
750288
934939
506776
127971
626053
704663
952873
804367
225964
896911
808680
736682
242790
486
272342
540017
811219
486289
760274
106046
759481
227189
480018
174139
843661
674090
44160
47281
269218
550049
552687
195134
709995
725026
322360
929125
859054
452973
686453
333439
403592
398210
368729
549392
856727
327741
911019
221813
711815
561241
411357
840312
829372
297557
577421
494918
534873
698483
949271
867896
828844
453981
753556
35597
686390
259875
76340
700409
353370
751007
506996
43990
977312
310650
11003
860537
775655
307463
671511
936416
932837
563661
67535
212167
806940
409506
884196
718361
995932
22578
823081
686148
990574
331679
869244
468453
201764
953858
194400
825507
705019
588240
805304
373847
536682
913433
549154
647017
842762
307049
120110
84726
352801
741585
789114
207981
700044
452864
514987
151097
170953
185098
601290
59736
521759
19851
944312
882763
134122
534565
993040
206118
606406
307236
51480
375879
642392
977475
966946
228195
190772
908040
567109
343036
107438
128394
101811
407407
886592
249235
687543
978281
805461
430176
281678
416762
4976
422405
518687
349441
939900
200173
748567
421319
232688
688639
649829
309097
739998
320285
440847
279404
60505
326854
790319
747061
933249
569627
321038
410832
296877
484479
248156
331502
311411
345943
323337
587756
603158
869041
143042
687246
746573
820353
748299
989386
168428
650245
828469
553409
767985
512778
522109
317960
271598
532233
199489
11813
735502
468009
827423
887382
908997
60776
684460
256906
132056
369364
461838
877363
962246
812531
107895
766323
606034
726274
869566
924851
165422
301979
952604
164691
424005
970415
278655
83387
250725
572275
889102
352400
769672
86616
126586
141891
331902
355378
367421
358083
832120
121146
682163
541395
927795
286383
709969
569141
748670
929687
232134
496134
859050
647651
872492
975523
707214
679920
80107
390153
613876
114538
66667
89723
14628
152011
984051
335132
315978
800833
313379
404572
622406
123246
829578
934351
301008
832009
19685
972633
383750
610977
640053
663942
184980
740738
793212
663286
216895
630448
506131
260149
757070
613968
532907
691689
675605
531878
56990
739364
383967
953657
626225
131482
675127
830099
25449
127724
441427
120869
702278
738659
467806
872775
580576
236600
401569
839772
48285
233103
47309
76564
218061
560389
164647
759307
504738
632030
911632
147215
150159
196193
873072
884478
8699
455680
808255
75150
270050
518894
425392
915303
470857
905557
150138
762539
299932
869664
812611
115861
427813
886387
602348
407551
601003
985851
144243
645437
359333
651935
627337
959015
870553
511637
515633
893109
470166
334034
542353
863810
203146
41625
18457
920563
11329
740853
571853
240561
279547
553538
481328
392529
508584
402341
457359
430293
787458
482139
213927
27980
884487
388335
70964
353044
357202
537157
980055
355776
521749
201748
977378
418196
633333
334449
203587
459181
22914
578694
407436
155326
43858
43489
259163
274165
375161
839656
526315
160380
935078
562347
465077
918299
835613
405010
882308
788410
540492
384117
48404
86596
84301
889227
41958
797224
708791
59705
621411
389369
665121
800204
759850
876853
335860
294018
256760
470307
506476
365635
923315
59477
434987
31021
642835
678989
64442
41293
561326
105852
894877
95273
623454
478374
14545
184441
78992
604961
922212
533303
886380
943867
349233
665868
183708
421051
304119
