668412
512895
956916
378029
617660
656606
664406
844943
604890
355895
363009
674487
183606
418721
84624
990164
410901
233428
626417
967389
559105
68065
165973
412063
392398
662546
467776
206756
142647
756830
461696
558914
911590
319305
427514
265789
44754
512534
147935
337882
410243
320234
514686
764865
662257
957631
748340
675661
248074
236673
750654
233652
947923
167688
251055
520270
447718
161395
293053
862916
581081
712989
675701
733974
232383
344511
970063
510408
98248
18658
476892
832426
522820
363199
478875
721795
588485
762997
415916
880921
143969
828197
282780
65184
894422
539629
732958
652093
542409
322816
653979
972149
314215
813087
300576
296055
260908
782774
863478
417282
604866
530389
268943
757620
622913
666377
175580
852849
657237
905495
80700
472492
288317
440596
43790
621205
585328
667876
937383
302879
573338
79949
851167
48044
632644
825783
90118
898840
144465
147330
292021
827167
473700
341444
239678
636332
338399
645662
982853
576191
905351
126905
774056
248057
330947
12130
640026
968135
842307
524672
694925
378473
259838
433262
281677
132318
318739
184569
915562
377326
285457
159543
205774
675219
887762
863426
626733
984261
760962
870160
964761
326177
655805
353456
730677
535925
234390
381603
422210
165226
864117
252821
294485
939663
185112
414775
885161
188286
421178
961658
259665
408749
424016
761385
526278
460371
934064
177443
460766
175220
775181
732660
781854
62923
754205
725776
679590
323604
767259
259243
758666
876723
114664
443768
997826
849220
44685
256507
921399
936512
905179
843853
191037
867848
814068
221996
341024
497681
668770
26620
693655
14509
818404
907806
444182
193074
839306
796076
100799
886217
85878
515406
135608
343573
680578
374652
889815
677821
287744
733904
330490
521624
978780
597510
854900
36532
227742
883924
828642
499267
169932
278752
853403
540195
166060
110883
492101
159945
840359
823704
189381
205641
825866
627040
957134
332612
225637
521013
904283
349038
481878
648073
424439
654010
131296
84538
378681
278949
602292
388980
820110
872796
992594
731748
294639
950731
516937
578901
954225
797699
475802
270632
170747
340423
543611
343860
655953
543412
545527
250488
701903
624970
521650
352185
259506
968219
658507
87613
32401
283534
613466
511074
574313
577488
95128
905563
139349
564249
38494
401352
118684
969366
560518
715442
421477
971960
987822
995936
52869
894489
752155
504728
691001
880006
44217
645621
143727
19757
122049
882657
163647
221412
629747
181232
58807
501459
266051
307738
813203
263936
326608
991506
761420
419830
830799
98055
908615
483216
139206
668150
641454
365287
411125
145962
867676
617110
303247
32402
21426
851430
426341
38781
740167
308251
371044
439732
26684
396570
923957
5555
173996
680757
890754
989126
89666
945365
479769
481085
918182
697347
825512
401612
376208
684819
857832
644609
315197
272237
119063
896418
411134
230777
313373
998178
19885
544102
784720
580416
729467
14487
934291
188157
817445
476716
775641
271032
593413
261800
210504
880295
102149
214276
490232
294644
65774
994319
532122
595057
620830
375744
868853
106362
704152
489754
475020
818086
57462
660474
175132
385641
713529
571328
766529
747849
975105
365464
518968
425787
742872
123812
679487
324250
363688
309064
438553
565315
236941
938321
426158
56143
337477
969218
4047
406638
16516
551869
50518
659997
305572
310795
517803
775427
801594
544328
348068
40686
491524
168046
82116
238117
12158
790012
228836
401321
544531
395522
786032
128013
21937
246092
583560
39919
846389
215785
673158
917842
467014
561558
774175
186201
372862
468108
576162
841570
321282
313443
480542
444221
73394
769505
116961
251912
167228
92004
74266
68584
303435
280551
564384
33446
196381
741492
679052
537699
846451
978406
257344
227002
459553
86554
24587
376560
7429
582514
202917
648794
773460
102277
632724
414668
938064
848999
787378
826617
141654
463696
945349
915372
574739
238443
817422
4450
495255
712381
198429
661697
244546
460848
142241
718201
842522
53308
458686
997878
851455
429489
378583
871807
394806
182179
361259
373934
832161
772401
279707
206796
365967
960116
952585
205065
538160
908609
821405
802516
792097
322908
182689
193117
639782
398393
886156
9317
170613
706351
129052
329982
159727
685244
16412
846565
258282
473775
362693
710520
933225
676662
96833
601429
364717
334596
4875
338833
619620
144094
73521
108370
974464
999811
441659
827594
659747
794870
428326
916560
261878
300713
87945
675228
936473
774728
922713
777567
457140
444383
382280
446781
88748
36776
845000
309096
323442
105461
486509
679386
101429
134454
594096
880431
100856
83624
626127
925212
406974
594971
471506
368528
955361
400030
638121
542949
617858
315848
621682
522883
121178
788389
139606
85458
487279
202492
836947
885593
276195
33914
968212
731256
828903
864957
676796
580158
417420
133758
507841
245288
953658
33691
806517
586423
549497
195136
841441
100973
41964
483506
753866
535203
418399
985271
627349
220682
634229
737766
704134
775676
975556
336711
112292
648382
428220
497318
919865
555157
590722
47545
150709
865601
135899
986475
647602
246490
506499
108228
837779
949254
931742
937143
306437
668053
807174
124233
8615
164729
792451
279001
956102
987237
637912
81104
709953
712704
489914
570405
672652
609286
185820
153293
453391
537340
76069
734846
655022
39437
837507
999263
938084
382598
796249
20942
547912
334251
920980
573773
207538
371956
145755
261450
352695
360423
51108
961737
298255
41939
41572
926256
763160
763238
523935
248110
870516
126380
37405
445321
870349
48548
171965
847236
945976
786177
795811
691049
794679
45882
121868
434232
811033
591054
558019
517228
772476
682968
41005
161702
523699
784714
855358
783097
673602
332937
720014
126097
701510
686501
326854
612864
757234
622899
703988
778983
188083
389321
509119
231805
136693
208406
137460
933375
16639
971100
957118
872308
475770
47626
234996
660956
85455
577594
528397
272052
546029
67587
583535
404137
394538
939068
759076
439639
252993
618318
110382
121916
969146
21301
115185
51838
740263
812627
915726
376021
891530
124849
765393
33366
282132
572178
668096
661597
745352
456758
816212
218967
439742
154600
731908
34281
967108
417348
488828
956289
409311
969929
378349
542647
121391
388886
91709
883615
626352
831749
726815
749293
324765
145825
634814
55365
724207
648965
751380
813343
630083
547922
935255
873556
196761
767820
985362
982919
605304
148114
986257
13107
527408
763256
801077
405772
913271
388610
295592
513812
313397
712512
606571
398270
610843
419137
130571
549943
17902
367669
664755
203029
83810
759971
536730
400031
297441
966275
137949
596535
569003
350713
380583
882912
947735
120558
137740
767600
699639
809997
912693
884435
648217
891543
406838
579257
824618
131364
104892
925469
558006
206007
334114
111603
616778
609660
518690
380462
487675
201632
330152
199659
988287
189773
946690
315581
137912
487617
523124
877462
349521
106186
502313
404622
337921
889440
56643
894163
343853
312542
699155
949678
