489561
447660
281370
6220
506103
185552
589825
746418
112790
915466
881337
332503
486045
730821
916230
239836
48254
101120
936128
41311
304040
801905
599175
113333
866576
147654
860964
71157
512280
874694
293437
775281
103577
210071
560884
194432
360914
403864
447902
110839
76460
453294
995163
307190
205609
296093
125143
937246
704233
334860
336028
118176
399641
586219
864209
97585
143736
151664
251027
143833
944007
997628
503214
834219
750157
473309
535095
282703
924356
57452
970250
241723
274467
351255
599004
664704
286921
270393
246780
183233
84099
599525
262827
127486
588922
581826
574996
299662
368700
119888
770473
566571
91365
146697
225308
412263
95274
421218
357431
469757
90369
695792
357721
827523
574192
21352
972494
908795
240433
660287
778761
778632
522943
647280
95488
914557
687361
580892
669157
16849
213199
883531
15676
774255
130789
58704
459293
515946
535075
33355
947144
333134
896446
189577
868384
661073
654855
396166
90822
533289
681878
172626
967827
337079
773395
304400
343601
347360
44512
9563
631639
924477
452710
432452
588319
312680
402427
926775
120965
112951
567341
832956
831934
301701
749998
265369
794802
456299
388827
859604
159768
168462
469739
324629
332589
476306
651953
110186
288337
278317
524173
175013
620158
165462
773237
663712
353893
561116
99163
182369
834599
715858
693756
499416
51949
313256
404997
187909
980324
744149
931041
928566
29656
766192
802979
686126
575532
197086
858125
436578
195956
365862
654779
851165
386095
422689
935087
948163
999076
750093
335866
953330
821847
704320
143875
701572
638056
784569
398007
299185
191049
942418
389133
492754
818714
500305
890036
701440
920419
198558
329564
339739
885293
464912
946590
75750
52797
552544
577609
995280
22254
630719
209866
881293
86954
840067
744375
631971
667845
988540
5560
541633
510454
439397
718034
805385
448050
509495
512658
643439
708134
864855
802706
245177
351441
7919
411819
900518
493117
972377
897271
986987
735512
406520
496385
582424
378483
905889
609996
245594
961302
260151
922556
838105
40637
949525
195301
646529
640756
100707
677359
310751
417930
155404
778595
724577
743413
52934
833300
901824
276930
936144
646572
526073
954487
898554
15058
467510
349255
119198
463413
846732
739760
289388
880248
135838
626229
366499
186298
590174
610611
147932
808896
759027
143331
813696
406786
295479
463403
158746
621647
611671
217888
433159
326429
886302
281437
874954
180465
303499
943737
153212
711399
733150
506279
628513
887135
176370
983023
855701
392004
509316
84101
918757
318778
709969
199107
283514
578211
894430
456520
476079
969999
29265
842988
327876
248446
528061
625247
581036
478482
552635
565405
350977
797078
286515
954704
220888
507557
315002
169410
895022
517496
766549
528380
227137
781200
576156
313728
107131
485180
405690
851040
182217
564551
830993
75834
868043
823362
432058
765584
146404
388266
387626
471560
226864
243061
22000
420285
791317
763198
327835
658751
685810
292234
930104
228910
915829
131190
163640
116398
932873
939391
347056
625607
197100
207150
79163
842716
270366
653982
214906
186694
930997
99243
582524
915405
481038
807161
731320
457090
159838
523230
588471
689148
897766
394669
338895
56685
214085
241248
23049
947936
488295
673441
676644
45201
628379
411893
883891
310632
256323
468741
62753
373588
878948
641035
661397
450177
334110
106965
937776
538741
867957
550073
748659
599692
333005
441238
258430
52430
359604
200066
314931
97066
293530
302229
593273
934738
14300
848401
956189
597170
632765
277997
963154
992334
909493
906493
661081
111351
21924
742527
477436
722409
440927
66500
886708
574916
956779
167096
205866
765797
644808
355280
36186
844193
242148
333264
654036
459805
393649
791799
368925
661389
273616
789191
656882
16391
21356
87668
380652
760899
963364
757097
523135
50610
217184
298481
996316
826679
749253
187593
414967
895174
792771
156415
629923
414232
373131
353222
205592
228680
559070
582874
208983
601165
244481
240970
953380
89876
761229
874087
212274
597050
539234
275847
22045
916259
944636
382774
590353
249658
989342
565946
535624
649797
110314
147394
472752
318691
608466
714346
714410
130405
719209
898733
51759
615175
746579
398056
380621
516746
725851
678407
844303
153135
707683
900878
739579
551057
944118
923206
161397
932512
425018
896258
956929
961526
68865
857357
810918
443287
165502
397106
541550
265226
246100
549990
228745
469454
785354
866966
551441
421499
911835
657097
643880
134903
197994
349618
135101
124305
490643
493461
44654
560893
195805
676371
881159
837164
662475
291988
410345
688328
902226
954447
838406
774601
994916
735609
982857
497783
109355
703304
798866
503100
229905
78626
395423
975845
410108
235047
393030
383285
761815
952087
850206
970470
805259
712418
374142
142205
128206
872203
466205
256520
820946
566904
599577
83703
545437
628056
351443
204757
292024
339889
240503
509473
252417
199237
718617
681933
990620
122016
802107
420434
585798
507777
781291
781102
845641
813218
330057
525115
541772
391590
350311
493549
86658
113887
803977
723368
81283
95993
35147
886332
730935
257414
981090
305214
125294
420838
325946
296260
179917
372562
642879
465724
658340
178629
391096
795498
576347
65417
412621
191292
193801
453914
330601
23243
138407
486648
582266
15472
223577
142798
863637
787649
757228
459578
776823
561767
811358
309305
476071
783901
672278
587440
70519
838535
592052
1689
807336
126188
32515
333064
845293
399314
874059
27481
710216
690229
766275
401081
701457
723299
920612
998989
828950
925495
564377
239810
772443
687984
399955
91122
201346
405869
861560
869360
603974
408391
500155
603760
944417
759947
274823
756182
628814
806866
903573
283353
677033
477055
444893
288660
363250
245205
873704
963177
297456
768179
828932
203410
798194
801388
297041
945029
862000
676807
599865
747843
283409
698832
765309
136958
601606
144857
234858
702693
673171
924497
140138
262989
318062
163390
952694
399805
417664
609754
469993
380566
44168
129096
183280
130333
223199
423473
481566
739303
409046
164607
760028
409440
662907
49206
22782
862967
65147
665770
283440
104874
971361
582561
182671
666217
697148
25093
345812
403626
374047
628613
800491
435400
694594
564874
282274
93400
819654
313810
60540
564043
908438
939178
925542
40505
536873
837836
648833
265552
629092
946194
263710
118360
942299
407894
548936
17698
679288
660905
250426
134669
860084
850924
636017
368372
988931
823694
754588
319031
634381
831970
537585
225444
806678
830428
818905
991683
854526
861224
626955
877179
554660
267494
312566
812836
11750
313670
84824
19114
785540
891709
378924
901466
812771
28257
455680
253260
741229
830887
846052
466926
551061
667190
282047
149545
72120
884455
275643
153073
819039
192860
337568
339566
79137
232762
630527
250690
296998
548036
830660
214455
212806
499989
462639
974790
182799
28218
498652
649478
784421
241066
300542
554160
212676
514082
227946
986315
495970
596257
636623
471224
338288
230781
660164
538076
216126
548001
588986
433829
464126
723236
570001
841019
80416
133062
957446
55941
305501
291337
966601
650325
159376
527530
998252
265521
118270
501627
740792
335807
221814
340638
104282
291276
143892
741087
646075
708409
638047
433519
720493
154818
787154
854457
384512
477164
194424
373539
2421
957451
817904
573091
955082
970669
158992
703611
380596
908263
243430
215379
812331
658297
180122
645041
935391
422688
98351
573847
405576
198905
480808
381561
562779
879693
928839
509977
440408
941181
38705
391809
314880
845579
307757
876380
797220
946690
132683
966834
534361
432964
155233
923902
325064
208366
169520
948014
179490
768489
883046
858615
114672
270544
518141
929682
385800
306169
210753
840214
715548
986915
800110
700339
240364
15354
861495
538312
136347
411529
276707
491362
127904
386236
199954
365714
644691
185681
777630
10282
286567
972443
678109
905044
654455
487155
421634
133198
837945
698811
768547
783493
925391
152400
234901
137165
739004
874572
24051
638267
182003
97460
505022
208672
39307
962245
767006
289506
413136
40534
948679
98872
194995
917162
837623
550401
951905
594260
874075
347714
377136
154311
261905
699771
422326
470649
856649
205924
624948
460340
461380
43913
891120
463033
404094
252863
222112
600529
76585
38530
505986
767153
456079
823852
288713
887305
73048
728532
469617
569897
670380
481793
653811
323600
691696
952138
391957
366163
645293
357643
160409
550119
649295
131334
848917
915915
849993
812435
844771
584532
912725
371909
223214
998934
87193
944347
900077
485612
82918
2080
266156
745829
220889
174176
227846
998667
131556
759687
375599
315473
12263
80023
353710
436120
330424
306629
944167
591518
480514
614001
151318
735492
174409
330113
807832
640506
536843
500121
616547
697673
207106
767096
401559
322748
107655
826674
139244
123500
755984
801926
638794
856935
737690
379419
710071
261500
415714
652572
293226
880166
509452
975980
628479
525267
77735
886408
968900
621839
594760
690424
616688
840338
945618
519026
749939
701154
10392
725131
427241
767846
946393
996442
415080
684681
810858
168428
202744
823687
490545
376733
56546
640855
944973
879769
861281
898997
790611
93423
281525
836363
205300
594767
391767
495355
665466
176608
157255
206220
70961
885248
405057
361582
210018
707993
414030
189931
13819
849948
566070
331949
125130
319261
307731
647206
404840
578187
146048
967648
849330
466634
820145
652065
592179
830255
980316
6522
590302
950807
169685
948460
791030
19173
464824
120824
529616
614486
786303
53762
120816
35778
939700
788705
44241
360241
507648
589189
597377
835863
890017
377669
746024
26478
374458
155653
804521
345198
522884
798529
363680
500588
460002
725560
302860
776012
605459
22071
271302
455332
352961
319936
291823
363567
220278
939544
519465
370347
383918
19626
268475
576080
670215
66907
977880
897516
964053
355243
909689
116576
813394
259332
640359
855729
824562
60003
107861
5003
392597
33504
679785
338585
128278
2843
434715
866553
927809
912389
496886
479328
964513
692936
781628
257674
209782
213972
267239
147995
131909
697863
156489
820247
817866
124089
538645
691899
460041
147041
835446
423414
837698
476071
258781
643015
852099
110086
506840
88820
615959
327261
489438
469540
565788
848659
745767
691098
850035
122917
628984
768206
791312
94542
72572
84906
575281
291793
153486
536286
778091
618342
822484
692640
545695
92671
124357
315459
652172
912757
556298
687923
797054
644244
499010
970955
771109
18048
308832
421011
554432
203266
739631
176665
949752
645747
663030
104298
549449
594435
94135
711021
434331
85158
778449
899037
879919
632669
596293
344865
232373
819677
317077
750346
607226
949341
670536
264872
76478
160961
884683
162505
440995
885342
604658
577679
568002
423465
92252
833197
428440
613313
886323
592702
993374
529878
820242
90114
813814
824372
24002
566197
289025
179184
125661
627022
273677
560301
812308
889105
461356
325836
29388
385617
650400
761774
945762
232262
165362
953638
401552
705159
342306
317056
980775
322276
324536
26153
461884
535586
348985
313785
137888
706451
805941
783012
613511
481682
387517
939512
426249
400921
462963
738067
463431
208191
455097
500773
500838
96784
43723
336990
226423
221450
44713
975732
593527
216562
437357
209298
104689
625554
685435
344160
766082
211471
741077
68779
564405
359274
44110
74034
793740
843347
888342
346060
981664
215013
155060
116409
527520
924035
486739
423043
935093
578125
963827
635024
217990
81086
793088
689735
900567
9892
761920
114397
494860
347581
395685
671739
351436
999915
207234
31886
767617
434644
448154
181226
705403
421785
600085
461595
154036
182961
316172
655242
511982
393185
831555
964617
485177
388058
408822
602235
181201
825711
744716
780131
694435
116721
338600
126087
440752
558441
489823
534528
136074
993841
995524
920929
124156
583599
662238
496322
449991
891759
972411
616424
698950
242972
502174
281106
499443
192155
986643
196323
678594
747781
337443
100967
70187
250174
13028
948227
285637
716662
60392
254654
529230
7676
268373
618214
963143
491642
204053
909408
926204
916817
115683
565520
299682
298642
545542
781601
267672
976853
835419
595185
409616
479866
457546
279452
62919
375546
800347
385956
25712
152169
162273
581114
577455
15370
622356
569067
389504
705614
29565
482794
689080
603243
104266
740022
454436
451733
898881
984551
505870
303964
784913
334107
253789
748898
348293
897143
643740
902583
250066
869724
125523
785363
595023
76456
481553
20335
365380
477286
77004
470592
880154
776659
991327
224081
509746
166030
496177
925372
260434
446683
957430
746564
441595
394451
744143
92882
926614
173228
88781
245771
381260
456865
949075
30218
808629
499710
416473
383231
566376
273226
544013
651363
929585
8016
986260
55447
25632
266764
613549
760088
286974
236207
252343
206881
887707
886351
67657
249758
213635
607663
181247
347528
150159
683558
44821
306913
574359
907310
314155
578446
432965
582987
317288
654988
193029
864597
394811
139536
445720
364196
840509
530559
206152
453208
81842
99335
754742
645186
213359
758232
935631
659443
229781
858307
374749
24223
79163
492781
653945
417388
963562
562735
647007
884189
499841
567054
533402
995862
343417
993682
970398
44555
271043
289797
396212
218889
626574
787722
256527
607585
493540
741335
593214
678572
128628
231760
341883
340416
447722
151489
594464
986798
38906
909176
850809
541108
550141
563581
130740
275782
565554
268911
615413
547764
986085
195197
478662
679288
685740
403901
47660
486750
950990
385580
413525
840464
299519
411395
2221
708221
371591
249586
37903
367846
863296
585980
25816
683013
14462
765550
385368
488025
388617
772797
46690
242770
336325
41915
149379
863382
510707
469686
8847
390830
819216
955693
156182
46609
28187
14064
233206
496778
834868
553171
189130
594120
682336
82382
505601
674434
405161
689204
963977
135749
568098
343694
321385
839387
937225
281876
169838
719194
921349
449287
21117
511686
417742
282926
769544
566052
166251
588586
173532
210844
490839
642744
602326
162377
156797
466819
463093
912289
162915
171684
665035
641084
227235
736439
120398
136963
889107
48219
129483
873462
610502
490501
536122
436569
936876
592706
966124
773948
456660
240391
756449
486374
827666
26422
387446
194461
881596
86512
450363
149525
666766
572305
976163
832755
905581
777676
566996
993212
356617
214436
786463
151071
247515
63749
586249
13851
722958
740477
615624
696334
544634
527514
634698
13660
884491
838624
120686
778936
476672
970407
445334
694674
295440
638479
934484
594461
549543
499937
791617
829883
405965
328132
146796
719944
220840
502425
721648
227200
2136
532147
57119
972110
30400
591798
951450
548082
194340
251595
76866
423565
900398
422589
983753
588876
183627
425267
613538
30319
611826
610762
180887
842229
390853
677583
703673
93798
212432
793942
805297
721916
588270
772857
810613
268399
920010
45105
953815
299356
244739
825226
362039
491281
818537
384454
699993
273272
349669
199696
593041
660253
674613
489627
921883
810717
988628
232919
898823
793069
378487
173968
767697
372420
447604
400355
11535
596774
19838
286941
386947
506510
230539
249585
720848
459576
999510
889238
567562
553992
616320
464123
408038
616090
632594
323688
165200
518439
105245
687410
227676
700176
976450
232987
768660
338379
829326
928452
957167
501095
663741
766415
410595
293245
291744
345877
793169
483509
961432
448833
515743
188338
935618
62471
431844
449371
432429
967557
483260
385223
848710
307956
631994
687428
402133
564426
155197
358212
285600
942384
794267
727973
31085
969947
550971
807132
494501
41865
529151
331197
612756
853082
164190
317609
441421
176585
901903
423508
790315
909189
496481
609329
51186
49200
856424
455613
320275
55923
473681
916773
192078
387900
220503
187093
633906
157077
305870
24734
911552
671138
86237
721027
79278
417719
31753
808545
938759
634387
314028
868600
15023
828990
794692
42202
212421
829690
772391
96174
721569
303912
278100
166753
27068
879547
39654
41323
525743
887441
432290
938681
380436
599667
917295
933244
524745
841002
863269
153998
539091
493692
861437
20604
390814
977602
379241
636212
573602
620711
149565
413132
425954
991487
410826
240621
994574
417153
18060
439514
614217
361251
43897
894305
779397
790673
660857
306908
772297
796425
332469
184100
412244
356053
405704
472212
567708
917990
112915
560053
579823
795274
747501
354123
192251
422282
79479
283579
660713
23395
692941
862743
178915
936479
685336
726472
177270
147726
935040
592983
788691
617766
993663
336664
488048
734261
394385
624435
413516
700670
141511
436176
472975
577208
567419
815646
110543
664799
53470
942465
803183
273204
96429
309462
74786
524952
150978
660451
272141
861569
384519
643744
34763
981846
995077
319836
856394
855533
761499
168142
683922
17694
643337
180473
855014
397572
260652
106490
215363
721936
460420
26609
699269
358729
104433
414218
591785
648804
84285
431207
383853
437051
984018
441964
162324
454701
557324
654118
247814
100115
905513
115352
892691
44506
779293
480356
701784
383874
762627
40083
865274
310962
833069
591937
750800
915317
28252
405288
450973
892181
165003
264839
218938
240146
340134
531822
544594
453695
860696
351913
434503
39098
133826
860487
967219
424070
872775
456837
961673
658503
567172
495708
277849
734105
207005
295140
129394
964813
765619
577635
5921
464256
782641
398583
993176
790490
988038
658779
251179
400096
985005
247513
391731
878711
21223
275021
816789
455222
208394
383249
186589
802662
677299
896074
380100
843225
919832
589326
438544
619876
514616
121137
613274
771962
428595
110123
620907
606694
882742
7399
274816
542308
872718
79082
928749
601949
398366
413854
104414
259774
256748
620667
100600
645876
843477
702801
814301
513350
108321
706100
101647
323854
243249
398724
175916
973205
58197
350871
65751
633674
336186
33669
202680
453215
860992
770129
432921
582081
770602
26159
833265
382769
387183
544566
266302
188292
896621
410020
775627
824755
292541
511816
577553
466144
107425
30736
338938
56166
171418
626927
758080
804507
50775
797163
623092
845349
655239
815808
697819
795382
686927
488628
718451
691621
941207
269944
656147
913962
754111
392376
456112
237558
625264
568512
73148
951341
722701
592714
858216
480833
379847
261992
755658
282412
278608
567562
623963
994761
969703
999533
282775
505744
735506
379681
857031
257452
924714
400373
386907
655163
651344
898304
869488
344033
326461
232527
632498
692937
769976
472230
654491
313914
594208
228085
3738
222801
913641
381977
281358
384609
27812
181707
472753
646628
391222
345257
732434
568028
93546
928351
777338
913098
111715
865010
249649
293322
783082
761577
821145
511753
36710
371864
7351
409637
345321
456330
658450
215455
742246
294858
468724
670015
762241
320654
900493
576773
489791
416257
968055
690183
461661
774059
634389
696940
462268
878719
280916
663043
186745
41282
172499
442561
308443
552979
467423
567573
143846
199195
705879
279466
724812
127761
41775
150072
358403
245546
540047
49607
135666
872284
382555
345602
882500
991758
862606
270196
636831
374878
549119
101409
65647
418254
327494
641667
597724
111180
392120
187296
6170
225628
62669
87364
370334
977124
794979
659233
79406
14355
977051
621823
556625
589743
859745
223521
471206
483771
236682
546230
688337
16321
759062
834489
641808
505473
805524
375654
805099
57974
199589
161688
920970
361985
874200
160260
43936
156469
473589
31244
819973
56510
181206
210241
588386
67054
487470
984760
132742
545638
46253
809351
392405
991261
41980
976669
147935
126928
566755
872699
168463
950470
148107
907347
96378
636927
39581
808507
79959
831224
328328
786254
941838
998686
842914
571487
524137
836109
994726
822811
930855
820739
420188
52346
109167
743974
676566
189922
100450
332654
722070
156952
209865
229168
611661
313507
147821
772104
672574
559743
631750
218787
954561
619387
485259
562726
244836
995376
594088
485439
39532
683550
497550
569734
941369
188644
801764
657999
899975
211675
884955
873167
550737
196432
437983
234599
586640
377117
33769
891282
469216
816099
908785
932136
477892
465318
14849
891980
828416
888389
777253
200441
696932
270932
865151
931235
555433
364568
214967
368269
583348
633374
781519
489575
436791
262904
998996
350305
760119
207381
350384
575248
429608
580540
248605
855995
638708
397029
874228
302596
262618
603572
759587
882606
797747
449683
338877
980943
220945
662570
824940
345875
997312
129406
884161
401450
923822
212835
632172
341007
489127
134687
472199
487990
420984
314269
830796
682898
190453
133259
107687
979584
527767
546065
355175
204051
114621
48429
242958
134845
304467
937263
883719
111766
409296
387662
492855
290252
590361
307366
90220
817128
79875
254415
600754
963128
840246
797851
938372
465439
196845
314731
274336
130549
246873
655854
361203
339164
686245
92536
674548
579808
266133
911611
718477
304842
385287
490468
785267
964162
331100
437012
315287
378142
174192
689593
44788
194315
339780
352329
795785
442902
159165
970843
445601
535128
868549
198882
457741
