562464
41288
919955
724882
737390
702121
472850
618992
937081
299317
889903
381644
733761
534808
789403
523980
459890
441032
993760
297228
109770
694846
109266
385443
475281
942482
543588
747405
800199
348466
411415
813690
52508
97726
136460
753266
269209
81923
477115
984803
201628
57235
66172
214089
91968
507389
382531
92984
163291
454319
108265
244233
375649
354660
219557
197727
701669
614475
290457
784212
3392
160182
101833
531653
720842
704507
495526
599671
533957
447851
619016
419173
611802
220460
610747
974119
516731
888438
936560
910016
80935
769062
325269
249540
12428
272834
774655
506212
28294
548298
754690
933720
486918
920375
209763
654888
230222
250003
429285
451734
647128
286132
96959
954667
703830
588438
471023
399773
680597
373076
525544
559065
613115
548355
6631
159219
41455
368043
341988
45992
443863
623331
984803
111180
516156
367432
501225
297364
945931
620378
645772
587266
335477
25651
886244
411305
848245
36260
916830
774364
583985
815085
82479
748919
409914
783449
324068
975049
503790
871028
493976
428509
166717
830250
234880
14436
217224
528702
383392
490048
100133
690211
740512
474735
25343
457978
183225
961362
188251
185641
348234
527577
999477
778452
60551
216141
380041
885627
822992
273338
305645
326512
765984
310839
191003
262707
687644
324756
254285
7980
395467
453406
727809
676548
926053
269457
880668
661984
247108
564059
745515
410938
820279
311433
464772
287134
607350
60752
178635
274047
785903
439418
113360
970612
13631
887532
198230
347666
569148
900624
606319
793062
148847
304355
527426
588751
235743
316508
892271
429558
740936
757240
958473
405676
830251
358367
147906
802270
673727
518068
170597
635959
195653
648958
588796
62034
107513
446830
863441
376347
560420
993740
570706
678017
392974
70274
460493
123545
845457
500293
145755
744978
182793
606364
388058
986001
658344
863246
424659
463017
668326
359468
356538
666552
818389
214008
608851
137825
92690
667697
75825
724769
568024
876220
219097
918096
144942
653809
890310
845175
320513
666239
107974
412552
249036
43196
757826
356542
101683
33036
328219
554834
301488
565805
872367
62935
49892
355742
407162
739250
38415
948522
168409
989370
373339
137173
276330
852200
363027
424865
328784
588731
947825
823741
994003
90731
704084
459915
841380
293063
859856
774861
63869
208685
589280
146091
771623
317862
783478
14883
314389
866012
483443
607437
447726
681400
91698
325066
320808
176220
167615
894217
853264
599546
58662
35701
701734
539919
182245
78463
69732
140352
633923
502659
10399
909455
726778
326937
61319
931130
492239
801403
159049
743984
87939
983502
765267
516272
895778
743119
407927
478273
122424
596059
33321
764936
985699
376730
859683
276745
177860
124362
469608
308669
393295
549540
270180
104459
827138
240108
955122
969767
12723
563674
12216
59652
233793
507616
872557
581815
326828
590488
596731
130473
644865
437708
43904
229177
363502
290529
860654
376620
240308
710368
419793
167185
486905
345890
705968
202934
209789
627992
863693
300608
412133
318900
429256
540779
995059
59832
301664
101471
59479
740121
317848
540715
378590
709199
353848
2720
194121
499580
139434
264524
540857
204470
156677
141650
824133
425203
42728
191971
521710
465424
602364
367899
40618
515582
617179
101882
442332
394506
160143
272637
934245
444167
710066
826392
178836
690841
568053
569107
158009
568737
305533
170430
62615
627840
581480
987026
900023
457290
325358
127078
858777
566729
786914
643275
216134
624555
615382
754180
349953
368201
738846
52773
992668
676052
700078
266375
674406
855262
230557
871653
788162
864514
585354
442134
515155
569842
914781
264359
406611
109211
703079
690132
818307
756279
642915
489955
578044
996654
754846
662110
786213
137322
197682
955243
67582
687542
698030
273033
311640
183761
977490
716073
824167
488405
119413
137191
231984
714751
38281
312739
721244
155610
791735
171008
420847
311693
774244
346489
655058
179773
392341
317147
40972
707552
64239
407395
572239
464096
421783
462644
105839
528103
520120
912628
945837
991437
536291
988613
982002
754716
814672
974555
464663
194748
9922
549311
61281
134080
443273
775647
422026
789963
177825
989007
985338
485728
163192
667424
746453
362502
336973
442075
227501
152020
526836
958107
654040
840734
930678
486148
796509
561596
447573
495716
870664
548532
42092
901668
878237
707267
293877
218410
750953
521805
178597
294159
703348
634462
522098
656312
166994
417884
291188
563027
426841
801804
818857
39088
80172
471101
20051
109305
390070
163284
884988
466576
258227
702837
595610
941827
956584
71499
651533
776622
752755
163765
602052
459950
170173
945550
577152
413949
616907
94614
731249
941615
776756
440258
399484
771272
491885
604956
385310
897976
433408
495256
360938
454196
446043
931829
964654
500785
595397
331404
684468
635327
13227
236473
309796
255105
38809
548835
518855
503045
349892
608489
147302
59972
123267
509738
993296
514807
563934
255409
210171
756563
1919
891196
784386
355171
73286
77031
789965
492545
474424
629370
109199
513777
268823
701388
930344
132186
571404
41745
741418
488162
582785
627399
969208
789797
501579
342202
189962
621905
959749
350511
137230
808289
778104
930611
429865
276275
928182
412288
174491
852616
173446
940616
920641
756120
943929
96161
246835
938320
809883
134158
562893
911593
964869
190438
885964
423078
226896
196452
712462
547882
710820
720522
753595
123251
11374
607282
926339
684727
280943
630770
380413
511193
753649
144363
986735
418056
677014
485678
765099
34101
596873
968652
532694
278958
824341
841977
970244
346780
885460
278876
838975
123413
357759
510134
578727
725599
813541
593068
966003
988162
93687
532338
594645
339081
175552
687766
798460
58581
610161
774375
7667
268189
32154
185024
944423
574341
162677
565940
291397
273754
582109
38551
302018
75752
791068
600871
100084
974456
15457
600534
925789
613162
300112
251189
628553
579243
262580
107710
437197
978642
700176
670718
406383
458204
779411
562077
583268
334210
687785
33164
333556
764789
55342
347721
472058
645750
598845
458450
507207
158547
941095
644708
208807
349953
413120
700206
104379
702035
919443
759831
377349
713941
891189
725545
600835
792711
226743
338264
449778
185465
46005
903667
836787
12544
499851
54758
469323
584658
819879
859497
957253
980931
357242
18121
433074
162973
816649
39249
772113
942293
477920
111061
957257
360176
727077
891738
139154
543282
111946
240421
398068
942270
445724
703647
508776
760015
871033
291681
43739
181329
916254
141346
244624
708381
693470
132282
791140
365712
770991
941906
764013
63879
362847
501035
972796
348664
759972
706823
264514
475632
805328
125943
266767
199717
61603
561154
192245
251959
249787
252271
899403
185544
184038
363888
878158
341684
921368
523371
904161
712367
553272
304422
365109
355130
271060
434317
266307
858178
562101
29603
940470
276501
769870
267651
244519
969921
928526
130962
321152
320843
820117
241092
852609
179977
56450
412743
915233
319773
900267
855183
748748
919182
23974
720383
786763
949892
154180
210673
791042
742560
853854
817954
92818
392182
97159
899261
924447
847656
968993
378114
316268
185632
390667
94995
270881
77225
753912
14491
588975
793834
669659
890075
627338
939073
681470
979347
488917
248632
812466
733321
56476
709031
882337
460665
541242
333734
671615
821785
978715
153004
542943
387143
949404
672521
398242
973649
509071
254780
146698
791329
855898
984306
822572
620675
629566
378524
560836
880276
989046
214187
292515
524426
696310
299691
399811
797594
565714
779385
475899
205130
522048
636258
261837
291603
836342
795674
102429
424434
593773
11286
833661
646027
671240
493382
727523
853242
718925
53298
333244
356344
768849
316656
797913
983975
450035
836288
729095
46715
875262
823492
975550
97796
709810
192542
645295
582107
192733
694504
745856
430825
741282
177099
178836
153615
184731
347580
478595
853685
343131
621017
602473
659827
987788
771164
403738
954005
136375
488313
108723
386766
433507
891866
193868
968253
345172
105973
591049
952916
653300
447302
291088
153387
418192
948014
916949
381472
696761
348648
145040
477928
506251
32420
402000
211191
457866
457474
963881
813640
72999
435180
641417
610313
915491
385424
349673
117926
884363
819897
785567
206897
674145
241417
253967
170603
490267
389653
233154
199794
953220
187229
552783
12102
11713
895974
954613
991929
974319
681526
658699
10291
553511
602667
358798
301599
923171
408441
152602
27766
385594
622206
378932
84582
227271
387076
564548
928670
12072
197714
411680
889657
233442
544751
692483
784516
167074
177524
116252
797806
678622
553421
186435
187083
287066
944396
471174
666565
832199
741481
210338
60063
757958
602010
436877
151591
398346
269515
459056
658424
555803
710651
24114
404969
423990
180083
463280
552854
77905
460451
82376
708809
39037
207322
274837
582916
699045
395681
798965
822253
913715
997045
60677
159254
182930
325152
435054
257320
923854
562995
595673
82989
278999
949282
137534
866615
623908
167932
977690
761263
403443
410053
196799
746557
667247
186865
222085
577809
455979
823360
291102
705677
603787
954481
315527
358927
639619
781092
883291
241310
115126
899471
907010
978096
433344
621404
996870
743189
448399
154718
947462
539972
832172
765743
637507
584896
817944
639783
757911
674407
720721
131643
790470
605591
466100
979503
462445
320509
118972
179449
893975
570620
525544
831860
938031
72182
645051
87933
857935
133113
282205
569966
401655
894921
855647
184629
172249
349830
822620
194384
483088
363130
17403
847591
337265
666561
916752
753797
229050
710869
588898
370741
658408
28661
233543
768309
306212
864562
669036
261337
163869
864150
649649
633151
34737
352497
327665
933035
274756
283329
10079
612543
563700
103357
153675
444376
268451
983230
642308
605575
121331
448075
1176
247594
56592
753279
319735
102951
130790
685273
816566
981956
486708
792416
246959
87142
534072
310641
936133
592933
761674
136743
724677
124552
101893
188261
909352
627810
822431
346754
67381
568456
590234
498642
49283
672045
338515
38861
410780
383069
616952
672991
987518
359314
296023
624459
378683
825206
308497
132476
198656
67254
888237
689706
282226
154943
663305
45797
913140
713496
474411
483330
293445
8604
274037
444831
582471
899666
520631
422292
351962
221803
158175
125431
827047
558615
845515
618700
154489
244612
359807
593480
599749
952948
964658
900544
958218
533945
964611
684979
900243
130768
489545
814064
21786
594648
901703
538021
705351
627885
141247
402118
626389
698214
495389
153366
388758
35879
115604
908053
155469
944739
38982
620231
735417
990897
751389
600412
11825
747082
397623
865729
961834
49949
494206
903170
235094
770447
304725
169306
951975
377618
861934
23321
804785
437473
394296
125360
569454
316373
194102
22044
664603
733543
396267
735533
435839
138307
153073
564210
258571
154053
484586
544835
789853
456530
781389
943851
608479
86998
540898
178991
308940
629909
427849
742463
160147
760176
575731
645049
501332
58167
261940
30100
13895
880421
350577
409583
26236
365116
462452
798198
998908
663998
300830
980078
462735
963141
765052
670879
162775
520831
708338
230491
214874
746826
474067
413166
960157
28136
320787
671972
650347
757087
631444
531505
77429
808240
648988
84801
565843
974769
968360
982365
691689
510857
861338
45046
546596
101128
586829
572498
934692
135201
773321
892304
408948
131013
625426
650073
342708
477532
688731
658597
453784
769506
677080
233831
619465
351901
514737
557655
708713
681718
760850
482330
918132
288891
278431
431055
868162
219120
871685
496312
634536
825870
88364
784387
239422
234905
991432
894900
869180
379361
664399
896306
598590
976533
465925
181803
501031
586878
19890
132260
542625
795040
638774
32352
541634
317224
661363
314476
635850
24721
635944
907333
157257
762522
538590
596135
370270
161436
471034
795572
726233
523722
951091
295805
969730
635210
796958
803567
774259
257002
826405
32861
435360
60672
378007
569637
256183
650083
74457
9282
199906
602368
827897
121774
728234
12889
796579
488882
496885
859680
903404
672971
507248
580460
856460
56378
526728
452886
841961
123753
857233
157747
4686
686197
571658
93421
102138
125276
683448
317952
818901
601348
997166
107022
86206
774758
222510
378848
172799
435413
329066
199418
126690
562415
191331
914458
627677
56991
497395
979405
260648
983244
890917
118765
769583
131937
883074
49338
497443
931898
54695
959700
773099
51624
912849
32146
98169
165665
249595
833475
672631
493063
615774
124287
686559
113811
767383
630120
494058
168926
532455
444482
368352
301836
627540
589100
326606
433813
86764
371515
581270
587953
277865
456690
474912
797407
147120
989983
110383
353747
928052
235476
34510
432058
502584
429121
714344
582891
859505
103211
60855
486507
46537
690891
326997
151389
788480
690821
570158
153412
829741
678147
347415
406006
622179
539630
975031
789792
465966
164233
104675
615024
745789
546474
556424
330147
963609
837909
742401
361003
291795
741878
541321
283132
618173
872955
937674
355507
182542
875340
441044
341027
229481
403880
997609
399422
369655
430109
170613
29213
734832
791395
708187
714860
855417
38230
387178
6133
886248
385807
721774
465159
360163
300446
758179
852675
59814
283557
292997
30530
261027
113556
103299
40102
101763
936252
500945
322236
469707
971218
40860
20811
411418
249091
56153
992764
291790
773806
606007
1445
877575
520003
173299
984884
239747
873334
950665
272436
448744
560927
161864
489535
335073
623281
845695
923201
166624
989076
255763
896484
324161
178402
460978
342365
615567
205755
552354
746514
690015
144070
766963
818855
272602
988292
730323
136484
550297
376338
998144
953348
24233
827707
717656
734813
262509
777655
188108
859815
294371
634437
112179
223530
797375
828448
140091
550280
674675
893665
131322
493924
860240
325296
166242
160174
635270
544616
43795
274125
442695
806151
220363
980903
882058
373326
966136
666192
829676
289211
843374
1228
827824
440801
915316
670275
683815
632225
399161
583680
566315
926983
156580
952165
961029
46851
188745
584623
239279
860546
529911
377506
39667
438184
274158
472273
567986
235948
549486
74060
151808
287505
302250
607910
944621
687997
23644
102881
688159
118520
40178
186424
934490
243138
631334
960137
915042
927120
828523
519006
329080
253733
414723
110807
299519
351690
175853
626037
17666
229610
700988
152005
153935
123340
724803
615975
513979
949933
249901
529978
895561
428665
891817
827238
35814
40166
332610
602053
521419
152237
223052
204910
458821
655014
203066
325536
168657
344128
642125
689992
330081
452698
124903
408623
619387
517504
102078
11587
91649
590661
260780
511616
819851
658745
544482
957883
677552
968199
872317
757707
843172
173998
492209
128532
611451
392474
346337
585585
222540
656478
818193
268734
501872
372432
26995
66239
351530
50562
109725
558896
343905
13720
595420
206633
843784
530827
859938
449326
183710
702457
132698
337617
95057
652454
976605
740356
330366
665107
949052
267007
726227
185913
324477
516618
798998
547298
521188
277032
804990
800933
813670
139680
642431
53756
881027
440489
400739
357059
539500
816881
771220
221327
595999
526602
486326
548521
780628
173809
794737
415206
125199
32829
372684
829540
428950
56033
801845
252515
252285
87709
26333
3901
453277
126407
88256
474243
281763
25970
352258
587510
434116
976184
921461
694879
630286
581418
14903
493964
362010
835536
129401
308583
360670
431646
218650
995380
348639
944566
473201
96294
329411
894548
318954
826207
141956
301595
190215
189251
693825
137081
721480
298040
76527
598841
325414
849532
120428
767653
249144
147874
262580
445589
403705
178922
558188
969368
716513
277116
546012
269374
350639
22785
24570
810497
380936
63454
710689
777870
456121
74958
624737
386739
40665
745563
824495
220902
144266
492217
55229
817967
479262
961343
885541
465587
348565
30915
88318
592159
878341
1744
507345
306797
892563
469318
265574
555350
167133
18511
338167
497044
154810
407098
335174
375891
734489
281589
775178
500083
458118
92459
976069
398780
339979
379576
93809
395039
49907
540229
490264
355109
117673
718981
326659
374583
915968
648715
861386
192584
60684
368133
938314
697187
56301
469913
115957
142668
437548
914906
257860
422038
481085
458535
348999
778177
31780
484896
175004
586445
72885
595910
793214
953055
125363
530862
575413
569487
573402
633058
136299
905612
514041
661525
785375
56813
761078
372800
343923
435796
347637
683485
614175
328321
931796
536959
347400
985905
719053
528140
627499
895856
78847
306905
291251
789954
70342
264992
396011
393706
68806
627936
616654
620693
835911
676305
830969
192614
491130
907651
738369
371679
676762
257298
622113
220456
333806
691592
525388
527423
657643
417295
443937
172349
160502
665489
585981
590273
285382
37038
109994
750331
814440
15449
773556
120215
931356
569936
422236
350659
535517
97526
396390
562911
425342
219534
76685
656769
209776
138774
901783
139105
15648
159934
150403
909992
349693
27651
631774
999888
597911
107821
370164
664119
359395
907809
752740
649798
285915
437603
64781
32888
641346
433196
865252
983306
901317
676836
112488
474366
885437
509245
967532
810059
423634
615724
310355
26148
294329
832132
303451
147235
891101
776816
409168
985746
824604
149580
709472
884950
837480
985697
586703
202617
542926
186555
640833
369746
111507
64297
682932
300115
769082
886225
38289
34415
218083
398957
816919
704166
107917
685478
228215
292078
244604
923083
381055
403135
945910
863214
548846
809788
157607
128091
994598
39801
919972
960950
284863
262445
636236
115952
199607
527029
913803
2981
595848
461058
316152
443990
68178
107681
904606
522238
558264
401829
658392
582611
86727
756403
819862
796058
336528
765994
455164
410599
599830
242605
43049
703920
739299
876366
154197
808013
426421
824920
931347
498319
458390
388281
914486
687994
159753
93898
441424
811040
393184
815485
101525
787547
21291
274338
94047
341478
631242
603158
340363
129304
836772
747912
815360
636735
873968
218601
417872
205973
952112
698224
959798
266145
874174
492359
753919
96493
698751
667669
995078
737696
306548
802409
431448
311031
739887
114496
441910
746980
905954
64755
91000
858819
416723
678016
501774
97269
845803
233138
101218
415259
15662
767408
499225
412017
607558
917408
208249
708100
700408
499958
444069
917841
973240
757789
219971
804732
512727
726720
998462
61866
956186
988085
515559
190779
624743
189894
370550
168871
462425
322398
457647
403060
295602
842829
431968
722001
719536
697272
4294
407571
818680
736160
356432
184713
286511
260237
482491
743869
782248
200150
15068
304586
880695
929168
834876
849557
984868
387153
538653
353385
520827
569120
719451
923699
601281
754874
231022
771222
536833
473283
151564
397932
299780
417864
446315
291995
222942
798765
764836
797647
909477
237432
24179
304217
565629
765112
258779
632676
551887
814419
598951
997455
117720
178411
111306
380588
77085
682221
32936
610133
766461
544054
568622
368230
80351
30945
68891
273562
680777
878257
682402
458117
853330
726872
223144
277995
191984
303202
32232
466812
55147
399937
163574
246637
385907
358517
964961
595508
726860
79768
251633
574112
668007
727491
468111
745874
445069
216160
436932
201948
935348
147150
235162
708916
524660
941802
851615
82964
311955
703936
78343
66482
217980
46030
574705
269143
300431
519857
153666
325151
33042
457519
638510
539980
51268
522144
824021
226374
345234
704185
6537
54643
780451
99830
124014
887023
942414
272484
238971
236392
366827
943496
241693
610201
380103
216815
466106
556449
779953
43604
725906
390655
314225
628327
334402
953005
749849
629824
695715
904021
374899
380448
970063
11828
574233
219487
875715
486282
358884
650616
427104
577595
871868
188269
677580
888518
779279
944856
139253
846367
955997
590544
989686
685226
693807
584564
949586
751766
469159
261207
117853
196308
760819
992648
565369
894643
552796
630268
452798
899226
539899
473690
12275
698529
977354
110691
63609
698444
234072
613053
659400
737444
221078
692058
18128
860148
872463
614729
537537
63517
979573
770009
232614
787542
108054
20774
394156
34884
662766
837057
573953
806322
883285
189248
333400
48493
729305
633503
735176
611647
387750
508305
831636
507590
895650
365031
834566
692656
995349
598044
596724
346453
782086
619194
184036
366192
675745
738861
974860
703483
465363
327395
715634
699751
921208
509788
657394
225845
608236
713427
159646
341876
869630
183113
929599
395095
772035
394410
953530
393842
741382
702494
162382
138961
217245
643055
156538
995893
826775
406546
984507
486764
690257
810068
111539
603660
562664
156770
514726
74635
931144
357045
40093
715070
82979
556248
206061
214700
113662
737815
52178
820431
23589
482886
599284
935654
817663
124971
44748
182073
556668
234121
702432
868651
279146
864906
564138
634613
687143
686216
97431
837445
466097
872311
986667
656946
295897
854067
254273
534170
727511
81442
612080
339162
558710
611270
229770
637673
267312
752802
529150
572241
680020
215749
979421
80779
209955
745591
737721
118263
478459
72319
872745
145845
328299
254159
366570
234211
5925
839950
85792
538739
910097
485312
560634
562343
367998
425619
146419
515308
120755
742792
586804
966353
645220
546875
55894
191266
163584
913809
747142
317285
207847
111038
128386
746928
637817
289392
558143
229605
476810
753564
59053
423372
819505
212515
915538
56139
696320
12768
212819
424772
449294
553681
989650
248267
908591
811679
389168
592194
3973
438987
228083
715540
626416
810615
315203
707722
73248
893775
416271
803277
549004
636370
622541
152761
466235
131457
527006
181657
993280
338530
863439
857413
508675
573105
205180
307157
34937
623908
329743
594945
715189
547610
637606
626071
421336
438559
321491
166359
507173
37598
272700
720686
818543
399652
745187
618317
548339
334796
208577
712550
567362
715853
124299
857539
72087
426908
801046
880003
841159
201279
773974
907889
988310
489072
199746
93698
215973
71914
28308
979371
602953
1555
500524
536029
828024
631621
808532
130206
774557
782330
482014
199877
14667
901908
334634
223634
464589
907911
252036
769575
651804
295140
149418
803687
363434
616514
917866
735914
568347
418443
312810
784922
624147
188384
129922
989357
207722
826922
88003
437183
195260
611518
776219
80779
738910
951468
122064
94534
746475
815013
734634
499864
310268
151814
409262
718007
537845
300549
362884
911074
742460
526647
267194
191096
943621
748475
642529
293810
992329
740743
761365
532419
923285
151821
207515
436299
729663
346377
595107
884402
950899
607978
323948
994151
73003
698394
908486
857973
614845
992556
364723
275839
699982
832097
480103
700248
477860
793943
202607
571137
691610
616271
506286
372672
927980
992217
748545
140185
497266
299550
305540
439148
633962
841738
759982
43370
906542
341972
223704
823797
165892
88171
126811
186260
544660
510846
951894
274768
820980
459368
99535
824494
569376
732983
10609
546952
702789
654424
625715
689546
135164
236960
428121
188806
962708
481785
485460
248053
700232
509671
789317
920011
651663
136566
792864
520821
670739
299970
523307
737010
624057
903843
594404
961419
741791
148403
751618
760432
973348
31868
425364
648497
735136
650371
95686
972310
17460
417323
769347
12187
169213
736712
189940
152843
656418
71937
658725
732663
200589
494369
134217
261587
321335
290490
625108
805038
967643
826102
557190
300557
762764
754491
526600
35299
250082
480890
115118
825518
664784
920917
781789
199984
418385
77035
523846
146120
448577
52417
614480
454573
904328
992462
850516
152776
650801
707299
202946
802603
225241
924469
435937
383793
79170
901064
824627
387890
775111
455034
256950
539747
259242
436714
525831
40777
549449
963843
102562
710616
969072
674025
166212
300460
212423
969086
884593
746979
776364
32721
798546
656853
530332
86179
320054
772017
927754
186392
617209
896821
341586
853495
442178
52745
719559
471774
785957
180473
994344
458117
607018
233805
47794
726636
557221
670535
161231
629988
351236
149369
47788
742583
386599
72960
442536
175862
397289
14817
879656
848861
814334
59966
515015
363236
470005
708276
629803
143013
31516
366676
826355
979748
161602
886589
47820
70272
148759
269331
660451
142581
500784
546526
67892
596364
28967
460993
394561
731040
486432
346964
547103
143693
474534
855585
538602
813238
191859
315448
100505
729139
304270
862127
895724
812182
348431
970554
352194
275416
834814
143779
497287
484773
655002
836902
495626
395585
18485
884779
291692
279509
485564
179104
582708
987482
435477
306354
895104
830049
226337
527593
105751
714684
380961
524510
877529
671437
41396
696665
565911
63529
101950
983179
727935
149927
136549
386340
287216
588875
110197
900882
221484
271882
282083
890776
134059
724794
402031
627142
283532
704024
22306
635355
227367
133365
665271
614579
78653
114045
311254
104494
305745
511589
254011
357472
805776
155441
548342
36014
927915
851039
378699
480459
564550
625843
800889
471375
658952
46048
677656
280113
948755
430096
593755
613921
326029
207312
773046
623493
320541
329499
634137
347469
992690
926018
863641
217397
580541
972852
784880
333527
847103
25136
515739
468394
764604
107588
514337
692379
908495
412992
157044
129926
171223
926524
