861113
419519
119558
349022
255215
850502
169219
896879
800423
953725
150539
114864
127984
38842
884391
573016
268478
305952
880269
643351
478235
869378
239442
815944
878059
673183
663821
551875
133658
349963
566922
248976
233380
362415
509288
550454
632896
909031
483152
308401
182058
961609
145554
727489
566668
626821
983517
467359
220872
175336
207003
914763
711524
695611
502951
959872
478675
541320
23916
201929
25372
234876
627867
852334
886953
888104
213512
315334
355951
976866
305698
316016
845556
577288
451661
677149
621506
302884
642910
287876
486694
824555
247282
175929
541093
721312
343467
479960
651453
209430
684360
547675
417235
377618
231584
980619
351806
700942
856059
509972
222958
312858
326541
629937
489338
745694
914256
543558
802246
220794
705277
427212
228813
919566
211686
305190
762001
252117
886579
90963
959068
215660
824631
709437
439345
858417
654318
453614
355028
137735
765206
900386
640179
491829
431462
54007
655280
404334
745775
736576
415692
314603
981326
789818
707185
608692
944523
970134
638940
306623
880978
63605
56997
546031
223051
182770
551724
365565
990872
89240
721634
99188
725803
185908
574769
984598
948417
880262
259849
219740
750782
822417
501448
880091
469030
827026
564677
40386
133493
387981
566778
211712
882717
874754
505547
400386
126170
789055
50551
784410
851635
113871
706330
171195
340111
503568
321948
818529
496304
459106
380666
236622
918801
370556
922415
835694
542168
986968
709118
876316
515320
591182
572575
829181
847655
133055
355396
127498
546102
919592
305734
467564
834386
669078
86769
899776
837269
923064
762536
191226
432970
105168
785591
83429
799676
743044
541171
855688
595257
1041
500688
279973
786472
38175
571327
122779
161348
965871
764801
816427
218228
658416
118797
150167
486921
345970
302234
510566
713491
59698
975429
193312
211475
364403
803207
991954
306414
485706
986637
788572
748736
666350
351553
477145
729346
659407
742076
560777
583574
455737
573384
503208
714973
139137
931903
44461
234213
608522
396434
17116
96128
297652
366374
939208
52144
688547
626392
832041
200446
762663
430433
118741
926313
454221
136469
497630
570044
351041
495814
977161
566776
103582
938501
236774
751857
204372
551240
10705
711221
990837
631399
915331
987494
547164
2113
452373
473257
571578
852539
549203
464119
665598
261544
687545
228433
384161
432965
197005
787856
532363
358427
434136
134682
114789
504455
301826
489713
190012
46550
226249
517093
511118
154570
356702
42666
434485
938874
371740
690500
659565
288469
882981
751135
145220
565575
198171
431739
918173
918644
610552
695044
907552
816993
154443
70975
403522
191346
17488
723553
946732
905678
166186
151482
413386
914974
629823
172494
522611
190581
288240
393220
87600
599114
453876
886264
556395
773664
747792
507755
177974
298118
121397
825370
64436
267706
303734
343404
909096
690729
668708
599876
616152
955218
725063
137975
179869
366280
305211
30551
281674
999510
987878
667822
133559
992764
727250
978567
203625
352792
331243
957861
516959
384032
925334
448791
999483
850892
524651
799139
243212
82257
499985
772511
583284
738247
714677
995936
796090
307948
367655
271817
465839
89345
166673
965957
905269
73746
116052
989903
394096
626515
542912
824750
237453
813670
328112
205823
876714
172026
944512
939370
594337
135821
816941
499127
291124
795281
398279
661625
64854
527213
19221
383720
849748
387738
810245
604621
672095
545838
742158
213142
256502
984310
55140
475017
64244
19067
394967
276373
180595
10343
202185
900484
49308
720897
904842
322125
790029
721109
286674
67719
31077
434671
672730
889847
491503
574661
45271
729290
66408
828404
918292
787422
67438
286755
909290
927418
345160
930820
981663
380831
102860
44281
170585
481782
917361
999507
316605
435496
469362
288373
807209
623052
520922
435287
230346
707771
420594
969446
524762
776256
929477
712585
125049
639468
245453
528511
387111
501318
458876
386340
888860
733855
839656
400979
345540
896130
922323
660964
781531
86986
589334
248918
849120
497935
242730
645832
519929
592120
754259
661858
932387
430708
190762
93713
773907
912900
16197
795247
727470
10800
982469
820864
208674
863130
606267
288024
544735
501743
750071
940251
450806
986361
158639
685533
698124
227921
2249
125736
918394
855666
820550
563611
86021
116713
260810
743791
498037
790889
163468
511061
168660
311676
790
695611
114692
897171
562169
900206
76797
773246
594961
194522
959971
526967
899696
204972
814656
541400
577770
290840
263651
953645
62653
736630
833300
466596
457562
643847
261810
486689
451348
332694
959980
877806
757348
528826
295128
619984
970007
55672
769523
901044
577877
779589
697334
849864
76046
1513
452305
636455
62402
742462
371782
764332
597101
59992
389797
707752
978958
323647
383648
398574
99539
497751
444170
148555
963363
376545
542001
674643
297607
459930
17300
368342
548790
419137
889346
688562
603579
310838
185298
616130
997061
508286
359161
249204
585931
173603
403787
774137
359898
728568
926609
498069
511548
688890
560067
69078
284807
334482
754530
853857
972159
182904
204020
836327
891752
521073
375581
187127
827693
283513
825239
954734
356134
84091
602510
743945
33802
407740
718363
557211
155377
290072
551386
78810
507011
450149
932458
238227
200195
940596
229376
604862
593778
410998
530728
72428
132641
306746
331482
884444
35223
183380
50677
926318
905626
821914
438490
178095
627998
793096
187176
77779
879047
261699
704335
411648
257821
602874
316755
314694
389195
147817
332383
170349
382996
314104
865923
408744
483923
403648
484492
737253
959340
70957
654847
744070
413973
733502
632050
540009
970683
122089
507654
248227
684306
389468
751556
505676
891900
566623
147219
645236
41045
230165
424468
878324
989529
122210
902490
537886
937459
996262
925129
276630
659491
811750
375434
694586
137226
607500
871720
976125
723221
188805
591498
973905
497028
396872
448013
226434
571862
941303
538109
922208
693779
193629
267121
584341
116725
480472
304576
224533
32692
113360
411427
835954
8749
922405
375209
786831
320430
476519
229905
913517
724512
982078
567111
8417
792721
189802
352702
872870
921182
830757
224870
677647
509626
604069
583946
328085
925533
948478
873674
707214
754635
120611
653872
846911
752447
454349
271984
559496
809844
979700
584705
751357
54097
508154
770258
951830
694511
490535
644267
373116
376200
362191
605409
904771
81213
567056
618165
462455
803203
614456
861258
342863
172652
964099
159106
272383
847182
133505
401204
821289
295826
558806
941323
444851
552923
246363
752190
649972
362704
577187
268199
710087
336584
626904
656003
417922
59473
928515
329797
742273
460573
148010
594967
647259
143626
390227
603182
140086
534604
406695
46088
98679
117497
517106
813125
854289
288881
38151
439519
703935
672488
517633
66248
64013
307026
202403
914591
725455
24938
725409
719630
238325
746910
255224
702274
159991
821338
47352
247240
565930
310063
456674
933121
49269
149024
911788
985922
306717
349193
674529
795210
347963
732269
508901
786464
152080
771994
95830
953161
353647
533563
922639
145699
145624
924154
121350
935137
352485
99408
80149
268260
557981
462506
542102
695090
902759
378489
858215
760149
53528
322839
113100
467795
921197
559313
194676
395589
866772
159829
334164
237654
134501
856889
785520
766554
613230
142373
804920
886472
98923
507615
573007
714006
146645
443825
691686
115823
612817
502969
635015
125332
875273
913613
484718
686988
322264
177800
120977
919241
529567
958134
393985
640473
748341
92952
538473
107845
788411
825556
70386
595018
419148
460028
969801
987505
909908
554745
886776
277069
905720
634452
684657
510545
582387
824992
573098
918603
894209
423240
620897
68097
861555
853105
859777
307814
557347
291659
241053
75833
529538
324025
139481
172859
653645
956506
277288
792203
275742
329332
532719
552479
941791
120061
447561
303649
728537
291973
51364
896676
390378
587523
837512
875521
831061
249082
856376
114194
915892
16327
950193
323147
718856
862730
462863
223216
975921
217775
990159
541238
284985
621592
902319
569146
651594
440424
91698
495576
89088
237551
446271
931242
436057
253997
241257
88477
472905
99461
742666
988145
353578
952384
518024
316173
178577
821562
959545
313596
853308
643053
21731
38088
516903
554200
417116
270961
874238
804107
10320
675146
515692
370514
637345
946161
391185
554939
736425
602601
133715
150534
63067
406870
882252
854121
708615
401876
513889
475069
498620
304627
714354
283016
454407
843347
507949
169319
319002
211161
915709
140312
829640
632587
425184
64482
501933
988814
839639
651745
713067
683257
270646
111154
727567
663957
397723
669431
982993
92595
166843
253511
175802
87082
662744
151669
393888
429228
947663
359804
245069
397637
778509
951172
86526
150063
213666
956243
448007
339028
479598
441299
818836
132641
192503
71803
129418
306050
434397
904477
537675
703104
77029
626828
734168
919861
495921
988136
479634
700072
720592
953416
676441
687561
262258
496898
899797
564426
821236
612761
289107
573527
575066
132228
578119
857332
190746
529367
713392
22450
498261
682705
175001
918222
683937
608065
616187
365478
90369
439125
629888
137049
823478
273664
323042
414650
964526
324167
507762
66031
705563
113705
457973
393132
841183
112745
698409
800136
711011
14137
612517
376633
72903
658245
165342
113
209076
683481
356165
506388
640653
76847
893902
890644
513987
657433
833292
598443
858311
676423
54072
540852
482459
55478
464209
692903
890690
41205
354781
305071
12630
871573
382541
801386
851064
329325
620990
573308
90465
492935
538588
373264
846871
484779
473313
882860
530940
63685
923387
673648
482305
698357
756172
926635
877175
987124
788747
493146
663238
777310
579848
846654
188790
162656
543244
821401
188267
82174
894622
984005
49710
355201
64162
359792
341413
48060
981533
53431
866213
606266
380564
965022
707806
620422
583697
850730
989877
398551
22343
211483
801391
85077
82765
192330
805512
751692
897350
375962
134820
889644
325922
237086
278749
125306
79869
561991
227643
328088
806885
484936
91777
628715
2297
231368
405860
24942
90540
978179
839127
428051
342761
599550
107585
45649
755473
412837
835856
865551
41823
696131
304359
256683
176301
638236
422707
864103
569552
554986
145307
788912
131997
606515
950998
801293
827727
791555
403606
321185
691457
59723
121442
318364
883157
700630
464129
503492
91639
325732
245650
3867
754876
569445
222649
984046
780964
203091
969844
290810
673918
94316
545995
395259
736811
440011
792486
661906
403130
752354
791800
236626
321267
624662
314265
977575
824687
792055
670642
411747
776484
368603
325393
353382
124415
126422
94685
433578
470826
98519
568419
113193
252845
221986
626126
725867
777968
342949
366326
793711
241503
498170
972495
902709
440486
569848
544066
353958
896667
512054
424408
374497
222012
225566
255443
742563
741517
629033
52055
324306
744484
720124
299717
624358
595328
878815
241065
827637
515347
277590
913801
799449
897952
53662
639646
120320
841791
713669
183391
850255
666366
455014
218168
120884
691362
563328
835610
525511
544139
715571
785900
382939
46517
220118
714463
660839
855386
790711
123935
715916
335093
576816
684901
526915
722850
322722
369065
154341
