312165
215570
756106
768947
564615
725907
456046
40496
741567
812514
346312
677172
653618
784464
188737
882363
195738
732919
465202
587569
752804
290328
865810
151577
146919
352963
327673
871185
845568
66095
172304
265836
82702
609450
283672
998271
556743
668458
244563
325432
457589
646849
789714
353767
785361
613807
933276
584161
416506
364625
387448
603385
752530
137336
734360
734959
321398
855573
638690
413093
383895
672847
738907
523596
14138
770423
393586
639262
432968
474579
746663
616516
434770
415319
13782
84247
591526
393138
823588
611203
211782
225859
116933
644040
88587
204076
953063
449754
157654
963071
444990
513577
822510
957782
233325
731387
238331
423935
724174
832500
727902
547411
756830
987319
186667
11816
178760
606759
437124
404636
914956
947143
301075
576530
496396
189247
897315
466169
600115
287616
457564
82824
183682
753214
541145
190470
65849
763740
255208
660741
464606
573734
77277
90799
175916
206839
620243
768824
121371
199227
338368
385459
88584
628367
370740
144961
27778
132357
736814
113955
484849
827075
130011
981553
922210
767755
142700
969252
104434
996245
810258
400013
82967
863640
584985
702184
835078
560616
491102
311883
738180
559225
987695
760057
530189
400449
720125
257108
839002
242748
526848
278382
532691
90633
954344
268928
458065
269361
976251
706163
930318
826696
224976
750940
388908
623981
349606
954373
135391
433964
299617
911526
462583
369346
50147
878579
456269
343232
100739
29519
765066
520264
675757
871390
725903
158772
106582
569656
448452
624279
351385
21561
793984
323227
249075
276277
646930
671049
16152
158921
466986
621160
559088
590860
806183
420732
923889
454117
58814
173679
595290
622582
154436
772174
332425
838582
374616
642474
575737
2013
89711
506719
891356
692152
144125
748145
882001
317916
253181
651730
905538
863671
509277
749568
570205
730626
288137
101963
412333
6034
312147
262644
787860
975758
11772
343793
537831
173563
878242
527118
793830
312179
859397
560109
446742
443317
471415
855918
716221
126293
201248
585897
816442
917460
245291
560536
18494
913546
232657
347986
89323
404032
383744
714930
777735
348378
29479
777302
370845
599281
980705
227715
574256
380415
710011
167270
827805
843892
12708
321590
733452
19109
660528
142517
208658
687204
471561
658068
627111
233450
536242
470774
543231
549105
488953
97869
66119
48095
955577
787745
477245
239964
417929
113647
394668
383044
456197
195246
999235
528888
835446
41452
622673
892943
474401
103831
804128
522026
374953
212376
116267
941798
819425
417306
732348
671594
316978
331305
868263
579359
301350
683573
174748
312895
928335
244725
537261
679111
515478
300008
577245
557382
331555
694966
551073
247832
672870
792182
340534
304364
186817
712969
636254
9920
966482
458339
800952
537199
835360
160682
716731
594016
450721
555318
843151
810784
917221
478649
344648
581770
842467
820280
338111
549283
58846
80823
973135
113794
905012
874227
357033
600940
485827
414985
703317
963262
147768
304500
941254
499011
280181
922355
973719
98406
494942
327049
504936
883841
836993
920606
463952
723539
216608
682179
996349
957264
540956
583443
925359
359507
369535
742261
197965
613295
349221
63997
412899
762147
164616
620466
846841
973867
975719
695786
183569
495283
567123
706770
658300
467175
672214
195210
788249
306277
886912
311213
994347
633940
800335
609838
195606
582798
279610
821982
336118
146425
930714
797706
253852
823731
309558
482816
983078
568491
823465
329714
301626
464013
967474
32308
686175
255061
787672
478816
837176
395973
792248
202265
110685
83250
947884
124204
690647
252472
662298
908306
142904
278861
141526
711634
134613
639539
483701
686915
194274
244423
104239
986031
279656
159223
75824
819924
648485
920529
750459
968644
671360
298486
818491
398828
563559
425325
472936
22065
129287
915603
790354
976694
330919
247088
372558
150778
108450
632294
443898
128287
480639
714499
15086
877765
43950
567861
669312
855573
166753
67357
547764
563226
442245
267516
180287
113865
285724
110986
138934
765665
286521
336037
497688
408045
908823
835175
934132
214311
728917
412112
725304
934903
112018
198242
519256
41113
862689
479052
158167
505244
528425
107262
844085
463302
959388
358939
61685
325333
439826
284301
965002
760800
694081
436722
447326
787228
808603
658611
791614
953531
620740
951862
210085
92207
9519
539625
800163
399693
877076
932479
514089
986188
47056
705976
85108
565804
762328
231832
290196
546035
490779
411129
944024
994898
408372
918524
962904
664231
959753
273499
116703
750172
746307
580122
855154
47980
333098
134684
675585
862854
897820
697810
698473
373578
125865
703566
575588
647472
889806
383286
426318
404616
904077
170195
232148
965596
136677
486665
779963
725425
133939
310753
298123
453356
273125
344258
98774
97362
500566
770559
66792
585384
554699
494282
332300
633465
929993
701765
534713
923318
440977
526137
984600
531703
662778
413920
140211
837856
45225
884444
262651
58271
171183
919307
22710
598801
685950
805554
942531
296772
732681
725334
944267
875735
325944
45097
284102
809406
474693
478370
92775
427426
546550
786021
717350
355301
632439
555298
178343
473347
343763
534586
605644
309780
9231
619867
430356
517486
565283
171756
646766
321511
127766
197540
746590
749303
535157
322933
81355
268092
675055
134054
618146
670488
517456
74047
833643
874293
391896
442781
124518
459433
2935
824357
50529
356660
512680
663893
404761
428454
512423
763574
134090
590622
295120
741742
890390
581165
901014
310130
174542
131352
778972
66264
181791
185084
338035
795146
797339
184588
493745
144855
506019
755702
928042
743587
472943
37
203406
672319
258170
904735
773599
949395
522700
15310
452557
288504
720741
952923
963311
433634
508291
701750
990560
708218
253969
896754
532980
699338
256620
787150
929046
353426
875922
340111
618431
970232
114985
524680
856149
746779
748138
454204
141470
864904
851432
432858
566367
752197
905473
49958
283797
318411
559648
656313
666127
62290
54827
735647
764326
617732
839952
746782
316059
500691
953447
694678
283275
890598
590276
446340
250129
893294
357469
859104
228664
986456
934610
245863
20827
288603
47901
416307
39708
862768
68951
135749
445885
416738
169891
172069
671390
276027
632636
51040
613331
109278
820951
101488
24737
583475
34292
960058
465686
598332
938887
114161
862082
750983
924989
197912
813781
558588
579949
449252
104662
697558
786908
634495
892798
503982
721325
58025
186031
541811
617891
336249
524116
437622
755860
163778
928470
157154
592749
674705
886007
939337
171932
705106
234767
833433
973790
256466
765409
674285
259237
996830
711578
803776
397925
917067
387301
842236
902203
712783
992749
716657
667706
428109
621360
678753
668308
39214
188796
148471
571618
532138
613066
913048
286480
420391
564084
405330
664232
344760
769427
634994
142777
727750
864569
612146
943267
506316
372552
806094
66562
994300
365997
811063
596341
53183
516861
519713
206410
610842
239338
725687
761672
528940
72289
43567
762008
601427
605572
247095
378640
501039
443007
478286
197341
858942
751113
777456
485901
361511
77561
593065
84343
483858
315842
315147
214535
561204
718285
319803
983594
624936
336561
469733
71826
73721
711314
332112
31846
311548
254867
808779
700682
468570
48057
371783
157510
400812
256029
304063
726101
95615
172621
919057
866573
754679
947329
435825
930022
654735
144821
133107
408168
446398
632424
410245
435125
146997
174895
264511
424816
943493
390838
961043
522249
712990
164052
969183
151207
112946
737354
91425
342384
316985
418969
929930
639096
688333
291709
960555
930499
678709
232585
768076
183992
781054
281696
189020
180133
194757
737421
611330
530089
843730
708672
792658
250882
772319
83174
190619
121972
559286
256867
52829
283218
157432
767087
521880
255724
391481
253258
875007
814805
80841
313117
724107
446095
335630
5679
478253
518357
661069
146176
89499
184965
342599
572166
229068
369001
230528
87809
234558
953313
324699
458045
784948
431214
212129
383844
812478
939805
644064
995261
803504
322894
653936
483525
746932
952928
157201
625192
42556
366266
934256
624092
143631
49401
252232
659739
17605
799345
827557
868603
595790
906146
814660
676651
425068
440121
313047
710028
987841
934399
13220
539689
588930
161186
628941
200661
679243
11678
779498
148064
990349
217928
834002
28533
327202
156279
770297
113299
17409
367503
774643
857574
184141
725611
830807
535234
346568
624167
779647
381307
849509
678983
465963
740643
211770
697799
517189
563169
446484
460223
630463
793194
185381
966707
446616
424287
385176
211957
433278
128003
503173
37943
271502
120023
547392
159089
566071
155796
107468
151019
306876
728645
253805
829352
33112
20542
946715
334895
770683
637692
272466
833078
697587
987355
429383
679470
148390
910702
518261
741734
377467
397694
224532
116316
65305
357730
743979
463719
506503
85304
335357
927354
944883
560381
120095
771349
684558
381967
662185
365390
256980
538364
226379
551288
389097
978438
706743
967021
362655
412085
636028
501949
714901
550297
413875
323379
891385
242011
189074
4992
719981
773951
316317
82375
716039
621881
560445
108612
608627
829416
553641
957722
454004
34099
319744
943479
816455
225215
265721
78118
603048
656842
86002
318769
217006
504295
66148
900592
341265
472534
699512
328498
437132
668159
905779
45831
323677
853195
832908
513321
219114
968608
438046
461445
73917
458231
385720
676393
658224
501659
179922
785931
152356
570816
626331
62771
80491
717053
265197
907462
579718
715047
544802
159217
215368
889036
823232
773038
981785
611721
579727
100022
115478
433928
416716
971715
276118
80538
286326
467520
928904
810477
328069
449040
543928
539242
488890
697400
968240
386925
167634
197738
169019
134050
180628
37487
297029
140025
654410
466288
787358
503557
889164
195168
254365
722358
746487
312714
440097
297969
607677
338034
943603
429449
403094
799467
293127
403037
136917
332405
230561
96270
549589
70992
62357
902490
472082
366177
485223
69210
270036
959616
311824
467284
446021
80668
976162
175678
464804
665483
978371
320464
330322
82418
540501
832388
143306
486990
267830
323693
145774
449244
852387
408241
76412
504939
769847
273701
115743
480060
828241
377156
919330
247123
735124
982794
316479
584093
406409
950899
255830
516605
127519
191819
471225
278389
629970
677490
240036
834157
923432
611438
810954
98787
548120
708269
135242
161264
693702
146709
67840
773555
756265
477514
321848
511132
35342
114300
559998
322775
195893
557225
37777
931154
393753
691190
119094
29869
419726
768422
16424
249469
595138
127668
297453
721917
582437
293651
227011
972179
603301
128384
622201
752570
26642
321408
368667
842960
917217
129339
606342
147390
923020
381237
889369
630143
460246
667749
637580
701199
450285
468340
619162
14770
720168
781459
32730
491487
353199
93369
633900
951431
410233
252472
977934
661061
670512
258235
272846
947171
698098
984670
877914
723078
547441
974826
115763
196024
199930
321388
32896
417104
437267
635696
144895
116352
149948
182111
190102
277179
53144
439794
613512
553345
403366
966546
587715
97096
231655
60238
9110
152904
965476
355448
824383
408163
42312
651485
620898
860656
633704
171294
103766
652003
793188
594735
599706
966618
261413
738604
448421
164422
675462
346707
639579
903476
300239
455714
930395
40119
424924
81614
973877
212468
675612
949533
522745
688650
397941
263584
550123
257820
575877
264913
304850
905212
439748
464261
473135
234869
256389
529549
195019
530805
65435
28527
980074
413781
954712
136124
900699
129351
185009
32334
581681
570523
441981
594016
755084
943022
418524
967882
559376
176431
708660
427607
745336
47247
914071
651909
112579
954181
227393
972888
619404
643835
315965
507611
191031
851160
750118
583348
335815
91755
618443
272035
630989
387825
10092
894295
266236
828227
472033
204717
67223
23583
245786
654597
999115
301072
765441
673987
32345
802813
960572
495007
766571
397964
241870
593578
849672
790513
1501
16094
708131
68311
345934
365792
344782
872041
660492
698068
786572
348797
836968
952861
937219
608413
155994
288880
631888
312692
566118
75411
252021
727122
439642
287032
866606
187420
198068
270832
366753
972115
788640
763854
176883
573503
649822
643609
991223
690167
347202
295404
430913
161616
133077
779822
241241
152160
393881
628842
859979
438445
892522
806026
20443
673591
119680
125941
754710
558559
460177
523522
423748
657971
216403
355287
453114
771351
659039
923683
80972
393681
411505
678452
215391
563824
316236
847669
485852
168090
174267
903624
475136
539889
887794
598908
889104
47906
901906
413675
534826
357770
850891
601395
38327
696260
40476
910671
154365
999123
306486
821137
981073
990697
449406
700734
597609
134610
790001
1734
272464
18560
384739
194526
31858
60787
762016
739644
916439
963012
296563
986734
686509
528079
608645
239448
287357
297339
785820
933064
358208
574888
676741
253239
269003
694387
623629
779743
971237
641896
48617
782131
133113
923717
394549
207808
169895
546279
808409
33822
574388
697876
515720
954450
644322
270500
403938
220356
592795
419724
714170
592855
998343
270984
871473
399274
535997
589477
325505
466411
765653
21160
403990
263443
636508
549214
518038
960833
682913
993217
553410
67383
334892
363460
492532
693291
238734
148412
663368
956107
148756
285867
284247
156305
688469
136745
519903
471358
316075
89457
765054
525173
598142
749957
309533
653687
669691
594623
488874
385015
853156
675382
226493
534362
442306
263049
895836
771725
995061
262347
361434
445122
525932
704139
911962
809352
323311
85246
3185
423557
497049
860939
198377
979027
318564
163763
218914
623349
669853
477212
974356
776693
950518
218104
880239
570075
849402
525206
234723
612875
359323
14981
316283
183164
286375
324384
870500
527313
558361
600379
258444
955606
406284
440617
795814
83416
786442
200231
107082
622624
253763
951016
133240
648462
415833
631421
542717
53583
921048
431073
827630
153147
429315
979230
404177
966093
357385
797792
810524
601472
99479
404180
133205
905858
796679
352061
663768
748759
409718
633811
460791
797901
993587
919383
762683
108312
855763
756152
758473
915593
621601
79707
246944
107823
449074
676683
212479
679114
964823
903037
485668
433576
838509
630014
162862
487903
89166
980539
343780
473574
63082
222445
898702
863760
655728
601055
357889
893925
172837
21341
259961
899294
280664
486139
340702
879805
259500
720767
742185
428807
63892
962284
196256
601695
896862
537772
55165
465473
482726
267800
14317
726231
186219
279207
875444
639611
808062
406066
957101
516554
474390
98272
543919
326625
966465
795443
180748
911799
675893
706733
320051
210711
689093
354272
791157
324792
835247
251281
793956
138298
288210
877448
300632
222847
130812
705079
433483
607268
635490
197893
252132
223579
116649
963957
159953
415591
699233
896824
457165
263410
788945
884619
338241
403342
638125
251854
453255
904326
292
357859
998985
135457
678742
147583
656520
235571
432739
61136
588025
485983
542110
232715
451529
809004
76769
795793
191489
504899
723130
441149
962693
697090
545475
775245
7351
281409
911440
391210
559417
826207
841089
758997
577935
699527
663926
801456
837794
829701
751266
807527
210656
828414
961721
452217
572801
406161
427331
373799
128805
313289
36434
487415
425305
407228
932496
987429
453305
322755
296434
196327
324079
290709
460745
736027
576025
261890
931575
707024
111177
65802
86270
392558
996966
830296
954932
100675
872815
644702
106067
601450
901728
622542
78381
3610
914413
709041
342908
945544
540203
148968
962007
869754
451918
206526
105153
783274
539853
345318
913244
230995
293282
163349
309627
345051
129133
997502
465557
532060
707256
142631
853461
763024
689941
609637
576141
382041
758756
468728
577227
334635
644593
128901
361284
289559
639546
390764
435821
819700
595150
986629
331753
739884
786640
80316
523677
733152
826267
961414
10783
857785
44607
42495
478284
317772
605546
471778
195640
423529
292643
526116
510592
972225
999087
197613
13884
487025
86294
102260
158161
390063
653247
774070
841699
695568
347704
668754
570343
691827
138770
380612
350742
915278
990953
751804
611133
365203
473346
184218
639921
819710
244685
727753
363105
397694
954697
887285
629060
348797
337671
715434
982897
891726
716998
535562
668301
217970
688381
631851
432734
153287
212216
827339
689982
913678
289434
243952
916716
745303
967041
649056
747581
71499
602054
985210
282608
855638
550883
377328
788254
899759
105200
825570
491984
921797
897158
641687
921003
471175
620228
540634
852806
907728
213488
243951
923740
14830
961333
145137
408605
195406
39370
460489
6047
905669
757492
41933
334578
94909
265954
887282
92432
810362
967989
978288
206835
871944
495523
345073
807297
451267
352305
815668
808803
670787
661021
965893
219891
75042
19934
349073
477459
272810
28291
511976
385051
676640
458872
199892
902570
398119
526120
703376
744926
99155
17980
863143
175518
839755
798529
898027
103060
532186
749927
153934
627000
964946
646245
798304
809224
740381
482618
835941
119828
784993
122511
219858
330229
717327
427065
689380
979422
524937
780442
835294
951882
379886
419623
451549
213205
787779
872195
92121
490407
896959
426954
273530
534987
589427
746539
626452
45981
800852
331821
568193
527586
469222
470354
621594
462450
126151
678232
162129
934416
983958
948892
921070
627418
852862
913242
860452
210651
888290
747407
59664
635710
374119
668159
463309
881950
518488
862099
112502
774840
381754
94362
172345
616322
114350
680688
90452
339157
699324
743356
114992
105797
989442
436307
245846
145297
488056
167418
996818
546870
213854
410312
111587
618782
94085
799594
639643
218741
610231
842433
893401
288285
844869
369638
83169
143287
546475
32589
408469
666722
70369
814215
633171
254784
393793
937697
426986
264499
272591
656810
411513
504424
97258
764818
255462
167625
387214
323630
273528
528598
907332
938648
381458
237582
494119
492532
506573
117127
89490
397197
4912
894941
576683
499165
449550
139271
886663
842155
925629
617669
231737
323599
613870
952437
869946
981969
200878
728006
730742
920240
988344
415747
330033
627134
131444
68753
670932
145192
393936
313524
693272
999124
905850
680779
947790
989027
388983
654684
424520
460822
995683
406154
997927
313420
301318
934115
688067
625193
724814
240470
839280
376467
799023
961026
764851
160918
614164
928489
457857
652584
235136
278851
667568
955462
12742
995887
40765
152893
30561
774404
90361
337092
557361
108870
636944
527622
344019
972916
318775
358654
779099
948415
836914
767676
701744
339157
676351
41476
301829
644122
353634
645141
183152
79992
181646
941767
124840
423501
462765
756622
885664
991939
281996
413595
508154
397758
87526
119201
37418
446766
432395
333365
637736
684675
991085
116046
225169
750208
114631
283628
545435
526377
589227
470614
742643
836502
657062
799163
512629
131818
822481
964090
212231
497245
68855
666941
474707
648820
276382
870464
528030
1043
920244
640048
335370
352681
560792
751790
561124
727177
180481
502770
698539
475097
317199
907596
241054
933539
57004
817478
529408
4041
286943
124646
312108
83733
73581
213712
485774
110702
362988
612488
285125
95015
234661
988820
851284
853426
370085
798783
9663
979762
402592
827898
647496
646126
540163
693662
667462
951713
519701
730573
708510
993966
218184
647094
79073
495088
456738
884214
504322
570736
757891
428188
934962
136112
656594
488325
944282
625252
685192
584934
905460
810496
605145
636968
6343
650092
396218
871534
71933
277717
470163
583922
251490
219997
246083
708941
931835
149938
426314
136661
44225
391100
623640
348128
755385
231280
683503
553575
987825
760258
594935
954951
152920
67063
687454
634400
783546
697880
601705
335392
587352
13634
977884
798042
681824
572123
355650
248400
546766
888095
948442
635344
482591
813528
181918
960761
212845
977132
344817
429599
5100
635408
47588
893380
980991
536155
926692
783623
229752
728949
865412
260633
175275
50670
76515
522409
242413
220843
377786
497314
426542
447483
721284
522058
587504
313991
666826
384587
349091
834472
506890
941903
867871
603923
940099
951940
855741
487983
512800
418239
477523
617159
878335
799164
994250
343451
9372
217924
589405
122705
494495
509415
817583
478985
160830
416937
741385
644174
855440
769209
373808
705128
269040
280988
400927
848526
896458
248745
259814
145976
319045
920813
74655
294035
274893
592750
328648
930510
175291
46221
197122
362386
245668
680453
979749
390094
486331
47120
150846
373872
826275
609256
205030
478703
800022
13675
911936
615109
418539
493847
466126
790778
355719
998517
793136
465884
784163
35539
819835
188043
745589
487529
928498
40432
1278
616477
223076
661070
784943
637538
46497
734641
909497
521787
502938
167170
167472
161182
12436
190012
20442
684787
178441
240377
361370
944636
135451
666598
189044
838286
159734
248086
817852
314429
29185
997554
320672
771990
845824
506253
306830
60357
287497
898965
217859
516439
233184
820069
254962
471322
831538
323128
22733
442913
329706
62649
691634
111396
829108
486070
57205
472580
635788
166322
757190
114283
90946
535513
940799
690962
904972
426126
125005
517596
792519
109728
885752
500128
854412
216860
541200
273796
651563
231100
846518
888900
100103
98621
214788
335954
953102
683342
763610
269592
105618
352420
205126
331097
569545
589035
586127
632181
724510
268054
58334
113227
571697
81687
470730
888952
355442
954347
97662
45950
256533
693517
581897
126337
92850
718154
217474
512299
954493
377268
415638
431534
855773
586480
628784
888745
271915
279851
858435
313828
948744
46953
508343
958454
68635
482173
546798
552774
949350
442069
382961
45294
833412
180141
892732
911675
827841
935396
604578
698065
976789
605548
808158
246700
824767
879770
54072
235521
717947
372701
530064
878850
588127
823691
10123
617409
423512
102039
845719
187116
715323
580191
124828
652470
618890
587490
359296
350487
294918
191247
174679
399977
431275
92088
895654
733555
259277
536037
469970
904643
765901
342405
949738
273908
806328
310720
147982
667792
209788
491368
204538
599502
864711
894413
293171
264636
451774
424687
26444
747384
374038
28302
771413
714328
912851
735582
6881
390314
832731
311831
253299
175957
399862
113960
655621
587486
732517
84491
832372
20167
673755
899892
577483
488529
824028
549603
899114
415651
619953
706777
4114
998595
347781
465511
346896
325952
940576
404513
765892
889906
451773
489970
846350
639129
748105
544521
264468
383331
204219
8753
778033
835850
153354
231231
305021
490201
589328
526116
950517
446670
260153
780962
691591
203611
666279
716252
162685
329543
911910
969733
820995
43954
721351
470267
454998
890741
976091
996652
633419
509415
895118
682870
957882
817917
745117
621965
832837
782409
897525
871061
913352
952611
856042
311248
505055
270437
935312
573425
575758
360399
12474
479951
476305
515915
97677
724341
483329
100172
246847
202518
585312
451280
726257
813598
709057
2692
117671
230755
465943
54790
54624
595898
486168
164549
354518
745063
425101
223556
58708
268780
674617
31166
175983
254658
935011
319588
52642
882150
505090
258434
523274
735690
553797
30079
113146
317548
298364
924355
475260
37828
311078
971315
228069
518167
691096
173399
962132
356521
851334
505501
702023
835727
533105
743415
712281
603618
994285
197599
89628
84496
422606
779450
601359
708492
275630
775834
45308
608742
237982
861790
765937
305461
868711
318388
232472
429424
147131
671295
912501
451548
342333
46547
296060
593568
118122
805213
371085
849332
351906
203488
221709
16312
260631
686170
887202
142369
886417
579973
1738
453326
413403
393145
458009
277752
362382
972719
426637
592840
627255
370720
44687
469763
211752
746251
427081
69792
11288
341782
910302
41467
913591
680140
654091
656866
16851
927109
823192
498379
30816
990371
764218
591144
510695
32632
175624
247059
37774
842117
489496
83364
928640
555806
319862
248226
428024
272169
315904
945686
620975
93893
943457
39675
195680
376391
706920
325201
278132
917983
737860
495185
925264
916505
419358
924474
903159
658687
739091
23242
428060
77021
405453
941192
346824
762333
83517
861822
919268
237712
520182
152581
404516
493005
611817
124856
81360
541748
197049
311690
795312
893644
730426
407284
951508
264522
356619
859142
124733
573427
195149
867679
425451
516568
295935
782264
77444
106240
782328
429274
698142
762596
438144
344240
384553
591444
437515
658679
933884
126583
674642
837521
889146
99567
946319
846969
588193
211355
971414
892690
900911
386166
284683
535768
868081
143773
394948
574903
770985
773549
73724
77562
326491
797963
355632
970844
257332
752957
583129
689787
416152
25845
635079
633002
782087
81070
18199
895717
520426
310639
815121
740448
766400
430125
704160
529464
965792
873358
452590
422539
884266
609735
677532
904675
781710
448550
876379
925325
860536
845484
906730
26504
52823
813778
938540
909209
695817
393836
799845
719291
505637
139563
417489
192308
207588
519549
737
458307
175852
315983
249875
28918
250363
354162
202092
584408
597484
26843
477333
660486
69545
965381
874319
452451
276782
522161
499221
235873
38133
961229
749197
630400
417412
424691
719466
605524
6223
789064
679329
930622
950282
489605
541509
202109
961616
39378
326913
871389
889897
6158
250994
296717
249467
860076
38815
728782
956496
105783
338837
8840
257472
820213
186019
53303
594683
708714
465839
62786
944373
389812
943348
716716
514862
409107
109977
491939
922013
35467
247214
846262
756025
901922
354565
880356
488419
784068
670763
804751
87603
206151
589634
823760
721373
448648
616956
968676
270783
816308
790070
68227
776011
718755
712815
827793
323532
557662
796643
349870
778070
161153
187592
126504
525199
372028
809636
50896
419283
504307
341129
331242
383625
216902
927087
308541
909760
62955
516972
195019
922308
57142
373394
653979
76227
472058
596261
514034
224343
883530
513335
971360
2736
505369
497698
137526
768287
827135
747042
826133
404481
935132
655820
382625
449158
163799
788591
894741
984989
529856
112774
797489
697854
711636
116246
893838
389779
297054
885290
80273
268100
613178
910825
111614
226974
864629
915153
480228
290463
227344
649426
828854
662048
242723
942281
416186
81119
337375
603607
662170
774824
601324
171678
653400
86688
90353
31128
631263
191854
784625
823059
6388
97734
557138
831565
165579
953300
858170
410472
326134
365633
937874
588041
147833
401892
579116
22419
21624
956232
321921
358844
24337
648534
894419
177992
275975
347167
523313
967914
6931
180872
511129
444468
146911
725651
748535
131894
123213
386182
560780
166523
908977
856250
222058
293724
124000
321601
383836
133823
457184
995637
613602
593136
970750
707801
710681
711066
762047
207791
955641
305889
389934
350806
871673
788383
588180
113820
188813
608634
821702
546280
944207
205407
11160
254653
342396
320221
770928
596076
282389
159328
714229
599385
314789
694664
215461
936167
920547
563685
416262
164483
793261
314705
722996
911882
93748
485355
453913
338072
697207
811499
171067
763182
803560
986343
612080
446271
200810
74401
87788
841175
36028
782858
695483
656169
868463
791384
869770
146931
399891
29439
662751
115920
2096
900302
336745
88922
460464
364521
662641
489721
547290
672479
964144
706701
426873
879911
498619
361652
717787
906108
104730
374968
572021
306450
758198
324824
254372
263923
53872
889585
949838
159355
535182
144137
973671
797740
949072
571832
230480
886959
986401
645044
723609
726696
856169
927479
847783
933428
972095
95631
718001
483138
657212
649218
581540
295435
789227
107419
839719
982511
418204
736469
670584
860462
356183
149539
997045
403711
427886
490906
702135
179984
381420
637500
769177
830107
896041
387106
775958
545378
680895
686405
358608
873031
56279
396713
747117
597386
873948
210470
724316
584607
250898
331732
531062
708907
158655
951314
177023
605019
91783
44275
621451
218017
979798
283334
965629
435980
96374
497537
626987
45443
353344
427146
456478
811871
971439
432481
439605
640162
817232
132332
125800
960215
978581
467680
163690
88646
296457
471178
795176
861204
708703
35704
87151
251573
58851
24390
38826
270096
202385
666376
680968
601838
819780
804817
965628
679901
13255
170846
626462
456551
774600
734946
808367
457770
606123
505199
18490
364820
182522
317118
215253
635965
614265
195355
897671
899169
318615
442544
131715
277304
950529
867819
987731
903412
836753
585999
549840
729559
306533
312725
733197
569774
284490
312828
616980
519725
164182
592628
676872
578920
216340
254243
780458
180844
560794
312785
362487
356536
104311
289463
851693
803291
42313
268511
753582
881643
684075
980855
370878
471263
599691
765112
167079
801802
443417
211822
440636
718581
193819
875875
8442
113239
2397
919020
91593
634995
169670
734671
6370
399566
387910
773519
552524
14988
993388
133782
441983
207399
694804
823295
259305
246218
848382
763517
826702
33744
867769
543211
830154
738964
493629
957936
552882
295348
78105
642638
891545
928167
532609
642056
803374
890104
792777
427438
337923
687007
377711
566790
101032
598650
459986
443737
748086
636845
917057
612119
855592
765139
896623
833127
594083
694751
616514
447759
679446
586324
481738
99517
814268
97885
899919
594224
820094
173578
279299
684038
587126
644967
848854
978978
143247
131899
933608
139833
972424
449754
722074
175930
734487
978151
581181
381784
500074
326826
563564
144053
487880
709002
960694
195756
740118
893479
262963
81019
323254
946774
939000
647180
783882
607546
40037
778974
933910
233723
761371
241684
465092
405542
525451
539738
683073
186209
817130
361776
888964
666697
580416
275733
519662
778218
790816
488400
564748
179866
794674
80157
296570
17458
384236
439987
481891
169066
274015
825518
380771
225104
542382
644190
170829
728165
572057
935403
949448
565524
878071
306083
590548
580752
445058
573538
661611
338377
432268
655325
378114
726282
151568
270155
487342
468722
344483
264624
828388
664460
151690
164231
332313
643982
281957
195531
36104
114091
459208
737826
278226
493077
26474
884199
555839
133202
661878
202066
892514
82874
665663
881478
318683
827467
764625
346359
829622
329640
792802
653815
518513
240181
983272
44763
362907
891655
228292
454670
203480
829964
366043
245618
495297
298295
558406
289966
307368
476837
630815
6616
738489
350033
630140
648576
706940
244400
991672
214615
913462
101611
762540
852155
78896
193015
61
574624
13711
788242
965647
657820
330402
26523
466264
112207
42299
937550
860367
728236
269492
13404
271810
398441
989587
751843
923463
670079
788680
944783
258634
484254
667219
209228
210566
774705
131074
645671
474191
784201
871384
99136
924107
733800
963530
279150
716993
12589
144098
882351
998025
800663
269574
16394
689763
744119
772308
742724
858788
615158
437476
261179
866060
838720
962031
503073
119794
840652
598605
941209
168032
328458
488090
643495
531387
44712
135602
893719
765595
476864
122204
799534
833401
572065
919171
654276
713030
491448
203487
673926
12376
494298
270707
299847
46143
672817
36911
458110
99190
737090
763189
243424
593461
534423
851897
635355
813924
979277
436097
210156
912490
344956
144972
641373
961378
117694
715151
894367
439727
897566
530906
853375
411622
317535
339226
734536
586922
509478
493175
554806
706710
992453
813533
634066
666194
568996
502232
25007
770824
951374
239001
965631
28401
100694
738198
396882
887241
38500
602573
741741
272033
362783
306216
607491
850515
897976
746940
400019
157903
395729
240299
388573
786068
643593
759594
670722
620923
50662
810205
556663
549933
702173
116959
491941
11253
212608
150749
220321
23536
137156
544930
104067
376545
948398
560941
766693
976225
26074
327678
237882
268275
398312
749488
863816
624566
647108
257791
990595
870580
297871
903979
342728
913111
458415
699958
423474
844666
772336
480583
900765
280797
545749
203313
631733
116275
951168
531149
734649
503126
207417
637507
140178
861146
78494
553000
149002
444863
318887
481473
989419
610048
792405
177254
638005
536328
459703
818498
853819
97988
237849
786615
61722
575700
432457
171998
478231
6811
178119
803436
981204
165237
254920
102448
949103
122120
230055
305912
232695
783219
517929
189780
931788
814948
541035
959154
679570
148038
341930
607656
2961
27927
23343
313809
218157
449431
159893
159438
970429
578716
827064
74990
569993
796099
477244
579752
1701
342145
400247
159045
240612
332503
603644
939867
202043
115684
586757
381683
144820
436948
824316
313868
751371
638070
579494
253177
14505
54444
702317
856485
519226
665979
2056
884023
109741
147074
237961
394704
830600
125512
353795
308785
386341
540846
228629
79290
404812
419395
222103
826829
256942
216310
801633
193425
717372
340006
385779
614995
516322
284118
252868
717318
250788
345980
769130
372523
805651
833080
627298
856396
377067
455906
156349
727266
68620
642364
715624
685526
155155
956231
711766
505828
475861
102897
707340
433820
234104
55979
400456
702339
519405
205401
220495
362198
100173
560227
108626
986670
352719
533097
373820
830783
843748
205715
782747
102138
216752
992582
237224
481875
816484
73522
390260
232540
320252
223560
863665
330320
804370
472201
971675
50669
363486
248826
515009
507384
240011
1076
597108
856740
994550
801751
548555
596493
543365
666911
410127
505759
266210
934030
350858
602388
764563
68745
432423
198170
742328
469183
4486
936338
553184
184644
624479
65845
926919
87036
992912
935121
553328
744626
633028
951153
875035
135688
443650
19547
968868
165449
72335
241267
316984
835738
663553
333181
115636
57808
482594
652672
280860
423387
301501
870917
92788
28191
923400
193599
511487
819747
903917
507140
277905
953378
424695
8121
588243
167359
112662
814605
277779
24278
613647
352668
471173
695598
655746
186419
144155
496586
825817
907635
119804
675102
661323
312590
319971
716511
596490
656623
973591
945331
883791
767286
727491
488584
972927
274145
53873
629953
314298
608774
63399
479050
487425
893564
353310
916620
85825
16090
517467
835900
228416
213143
408813
354958
362339
405073
756674
312456
251289
755817
196517
409905
947880
940491
380760
141416
816018
372939
943753
835280
954275
837227
474805
393385
403162
408953
358998
646074
200882
466453
703754
633514
993548
119632
652866
120943
126010
496497
822883
394718
548458
255505
325436
122912
96365
233446
269157
544901
703971
595676
113776
602674
963333
147039
172751
57654
171279
561206
955458
870267
979144
396873
262330
864984
235183
681027
716623
302467
913476
823186
456603
538660
574896
947275
343473
33860
371153
884459
863293
351844
747622
321657
521466
602731
738772
247303
634378
140151
527123
452758
259445
425044
145912
606617
372609
822346
628703
946642
446953
977360
189300
863449
895038
140575
66974
36155
377815
642850
557193
64063
356342
675273
751759
343940
116281
21245
374979
332870
195705
336238
636377
740159
281539
343688
737525
183210
114609
564483
601935
39650
361124
239962
426879
332138
770143
876243
637034
934342
477699
6845
720969
492102
217059
115000
88531
292706
731907
448686
686407
438017
122802
104480
481560
830356
349697
185947
438836
52639
20831
922633
68211
458904
116690
434851
80985
198056
136468
84676
333639
811854
442568
794201
73285
421923
336023
693877
402020
996280
885868
377281
306963
232923
838984
682512
577089
901049
650114
508241
501417
669469
896031
286494
181631
836502
334474
516273
318325
858487
140400
335222
819562
489336
220218
834939
152880
373754
892456
732995
722296
423528
810055
858234
130908
331833
17166
59076
16393
3281
45467
543919
853511
359751
490117
651142
85287
565890
784989
438599
117128
434684
876422
887148
752709
702249
838766
72101
72703
202480
199784
800103
828866
563928
676008
962782
960982
174846
606234
323902
716773
922690
945055
410231
856131
385602
275429
673479
616287
369342
58785
58025
255557
159067
531948
685419
948302
92739
941303
172381
864997
947305
951661
15205
252534
921706
952996
821616
785461
708815
559038
457411
127111
286511
517730
943600
799953
662578
658898
375011
134556
186928
822250
712476
87394
367031
170100
510583
515064
187371
338026
472423
405399
917704
381321
331265
846792
947652
836942
402740
491372
739983
10768
981911
264165
782076
891321
257819
401189
584249
396706
821471
693969
906746
368010
280035
239249
64117
153907
501332
1591
488070
30234
518981
206921
692082
174225
917375
513964
986888
485114
384047
10415
118435
191650
85309
851954
621069
694839
799742
136370
630398
280296
677695
919026
743682
521880
268418
578694
195896
51838
831173
934975
65270
513435
591933
891054
287306
555673
320802
631703
778780
870717
960548
450100
12527
240969
540923
567714
729734
718001
611548
157868
566051
573943
895943
191155
583338
877093
546493
620279
395109
857703
339535
755140
427809
323394
272082
692283
724597
902773
698799
438012
956450
606762
935639
821101
564182
853529
616147
390954
570379
168250
639545
819401
842381
789092
508410
442440
170712
64967
623193
169749
947871
306371
186166
788602
149737
443043
828296
410788
798998
694905
992810
796494
516672
709974
943244
520911
150525
212966
908042
379196
786944
757670
831321
978491
555743
144836
520478
487909
813103
156626
888601
438871
302539
52901
107134
617942
453748
17744
845668
980316
761554
374072
172438
305667
903833
432084
470344
479117
26375
757508
971556
710350
834697
354698
50497
392566
353853
881513
908149
252671
698834
552089
82305
463855
248588
914787
145067
392586
2468
284255
156649
66008
139660
60104
192889
821198
998864
31161
814158
673436
507672
396103
456420
602706
630218
851258
8756
212144
671180
325864
167171
635720
508199
811120
625814
765458
56391
944912
882880
568012
31903
938852
915099
113868
986473
339260
185685
354916
173195
995864
134050
725616
535765
393474
618447
468862
21991
176456
466423
345627
395120
613077
417294
752246
476689
677099
247642
57972
999584
567616
315266
684367
921672
202802
522367
142763
882957
580647
460975
354039
345773
373253
209160
769980
913442
705547
692329
947269
346692
591114
770444
724971
541260
905668
770776
779900
750452
559007
407060
167176
125754
643590
609205
860935
427522
196189
212632
759146
205467
169438
612299
324477
588762
967765
290757
49013
340066
565556
220598
782172
355142
514388
922553
959318
195909
654793
59815
248974
710388
435360
494149
833667
475129
950711
985885
75305
416051
721658
973930
528765
244087
38966
818476
932456
187254
127387
340188
330639
20346
520531
309498
901301
576783
598521
337666
954894
598526
809335
893628
903841
686580
954625
24755
339608
645698
175464
622461
543911
196286
192988
128441
152855
37446
217729
509592
835758
280356
433708
263441
790909
235725
169402
677496
440070
250052
48269
616105
373831
876956
165540
525406
942887
26906
637462
768353
118972
159161
385707
60763
756471
451591
973591
248458
354157
90988
191636
615633
58690
374538
430107
367785
947316
907648
318782
728821
61633
495049
959525
587828
124662
922562
82659
114320
509590
523273
177332
714195
962275
304129
850517
152185
938828
768433
507008
215264
116466
295372
150339
15708
613016
150923
868284
109351
541160
607095
454835
1397
961820
731971
33428
854118
109967
565333
888199
379157
816801
806501
326574
774157
819264
132990
439482
993180
326298
118306
693802
646399
666716
277387
245026
413308
597221
948619
