486961
515971
974586
604312
428569
694598
414774
968607
499382
249169
700142
107638
611942
987786
489164
99802
99078
935875
948859
406677
925567
509605
334023
783864
140922
126906
936224
943863
673199
815444
486397
600673
390299
464284
264796
248506
102288
83514
280296
257398
363942
212958
131892
451285
314639
164266
135076
772630
182600
400828
641836
895833
718444
651099
892335
205588
410275
68157
718601
489265
470647
370738
191464
570307
492679
576561
125781
148708
470100
346685
587537
62060
588088
515124
558106
745296
570359
920564
586509
247252
701038
289322
954533
874862
493864
52025
543905
535225
878480
849731
744388
401234
647808
83478
967542
647891
530360
860854
804168
159594
771370
513475
332053
126933
330481
354311
946884
356732
450722
170782
387049
123882
306939
35394
53131
578602
583417
745970
990784
385594
454981
960575
721077
520878
929678
414131
458698
511012
856818
22942
278874
569504
805141
873790
909464
958148
750549
493642
468948
259693
792276
54491
753501
793836
383028
148728
974081
395871
991905
781884
856304
532780
953735
897638
282559
794457
89253
545149
850952
603339
704825
817438
282030
545242
246939
469604
166398
321997
862886
772722
735345
289143
735760
519647
141582
47469
627035
750271
480044
443938
980516
91594
228949
83298
775513
209196
635847
65639
716168
203048
955860
663515
980434
141417
909033
817259
580926
999399
356395
741828
613738
343218
641469
681581
159580
142879
570270
250369
424886
335756
892208
410887
528712
961297
883987
419504
330368
747140
103280
509164
652348
392553
760146
660521
167168
514293
75886
20009
781699
583037
160835
938430
19492
115136
75612
931813
585786
438413
93811
666109
655944
730962
738928
87586
89616
397891
669966
50603
909374
353699
465567
218812
901893
104754
673766
426376
467783
300212
761890
76454
291310
357785
163882
916111
723480
959374
782899
936562
882159
691807
32367
125236
253910
595015
929808
298375
158719
582934
925802
241894
263833
371581
167607
51242
495399
970041
760372
695308
252460
120474
132328
368568
516994
98287
941508
763338
902219
88272
28326
617703
502206
27592
801272
160955
846947
729884
262453
5002
299610
352252
677196
98677
470228
6790
906909
689548
508389
335985
600800
872970
711858
237404
282981
886577
271301
536883
473717
328003
786175
741499
382488
734234
488557
805500
80688
974692
473587
937928
389251
227519
303140
83307
830934
526509
182516
31217
84788
864564
583237
289998
655310
630357
783901
579182
995452
745958
314681
707866
883426
378318
399163
468163
339117
592093
530622
832367
551165
515526
25034
587517
731293
720186
999843
124566
148525
449889
719228
403314
574753
861303
343561
623300
840610
842242
318130
638020
565266
68715
62499
57495
785965
350912
879552
779676
120715
557189
720246
418965
453249
775027
697837
857520
754215
497038
74969
828849
250421
521766
759920
614079
419079
85034
90102
288712
540224
735843
964723
558353
124426
846869
656135
577949
612411
519149
249044
398841
250579
15334
8793
219810
229346
679615
689311
624468
674823
399889
955019
448817
785106
575119
170772
951114
260811
625055
741903
217996
215180
449423
882854
614730
618505
621173
100392
157986
445424
101480
468922
846991
829291
422805
198698
917899
473283
780094
870628
930463
176798
777621
958525
120072
759593
49009
857773
651527
285713
132843
542618
116678
742378
284760
591951
977826
631027
527586
215947
957529
345265
986245
591030
627345
995831
35
734575
241475
511175
505989
735360
355394
393683
593455
805747
804524
518428
771167
69182
358444
899644
312354
175641
781929
575294
853202
191344
608526
25899
420591
821620
548023
835488
331097
261644
811829
223962
999591
28778
694910
675540
668008
391096
224628
417287
127156
425328
354064
818704
937069
987211
400939
850480
241047
899089
652649
246829
497361
206479
185410
339029
135344
986407
11310
100834
746167
221953
93292
319609
453748
972064
268784
890573
623417
81231
720999
720545
137910
185273
370984
553578
256240
154520
992056
569106
786720
285830
627898
694489
991914
287151
62193
987990
859384
707560
386035
573724
868211
612376
404717
573623
659870
207636
380429
787158
591439
109577
93904
491330
7690
355474
803176
669900
164219
575466
701193
118470
822352
950651
986704
378663
552753
565013
258576
296274
806685
109370
556219
232944
551202
887958
905706
713657
694456
361356
81097
161746
180603
549867
994722
331665
639620
59967
852420
119900
103651
881092
844560
714543
536762
751670
478111
354044
157945
863108
513747
721132
805041
551650
323833
62020
382487
21245
437848
142243
403352
100746
722521
612135
582483
292664
974738
416944
9784
878980
68401
72380
34555
5354
666369
789937
674100
658745
257884
937914
209750
982912
856942
59529
702153
258916
701537
965050
880807
316243
641706
777752
133200
215571
275631
255480
461035
720564
240212
151363
121209
6116
755809
157970
431959
957793
470801
342002
640208
998025
348282
429702
443036
523277
691604
726860
397626
793860
225895
293176
987173
346332
248341
697916
37174
494507
108673
335785
926549
328355
890075
603503
643997
538980
50826
941184
545420
172844
897524
725459
668643
847145
879085
590917
109344
580655
945657
497433
464726
731397
392640
181344
204902
248538
130573
66100
245852
623381
999234
880926
852392
167690
57948
954456
343159
324936
408799
393836
629549
824783
344222
631419
951681
839263
15209
300249
570870
562987
251731
448534
914418
13485
923102
208280
196029
560019
626885
663907
455767
814103
572966
634683
210933
851180
438667
307873
839770
907604
179540
242424
854671
366478
401858
576331
151103
699501
83810
812456
621041
433924
193492
268132
679970
20862
276599
670530
248894
763722
977907
288303
801339
553267
296354
136420
203218
53965
235483
996206
545371
93899
528413
702410
868357
452014
986005
224490
423023
994008
806220
610644
116901
939903
32880
315242
211130
456381
771965
310532
398334
121539
133640
304121
562716
16046
190504
624829
473235
352690
557185
797924
446031
523698
608558
21061
906275
534066
997259
24249
404261
258596
409244
117059
403495
980126
536157
429450
174413
265389
889638
142401
449744
987715
91515
446631
189710
148811
968174
442154
599563
12894
203185
905639
608712
990861
980796
21644
37566
8670
579607
161439
98295
889045
194117
938775
82762
730471
248141
140264
328369
949460
84774
182684
524936
605965
703294
779485
227044
933392
793703
327887
606222
982997
316766
583194
20955
185120
768314
488901
57641
871223
555054
55422
820856
731118
533882
579446
541730
492062
897972
141993
119416
982580
395375
795195
28219
223333
463749
647998
457588
640191
629703
343760
914417
516571
8061
540962
571100
119919
608091
941395
450105
468928
358083
943418
12411
14004
328433
365827
825220
908229
318472
939504
772792
522578
463350
424449
716029
269520
219142
977135
528657
524573
108546
910225
117255
386741
910594
836578
525343
177341
755349
245146
545153
346237
146379
105592
77590
597931
437022
356705
751491
709922
366203
988450
685827
774066
997744
524946
186784
369296
439219
113875
763598
864942
990604
735863
842532
663462
27680
591998
498168
126415
180956
744958
132629
23218
444090
662044
58779
434391
986675
852150
405108
25720
904193
490019
799983
97559
971024
330002
827130
387691
376320
759567
940096
927734
696345
276516
856733
279154
159564
268700
435962
856617
592930
687970
369674
63140
994052
494217
49248
791483
592677
48677
389098
540427
785360
32982
824270
351878
388361
751013
858271
824613
271651
217734
253756
372216
457886
440189
257093
91805
587706
275550
741179
666511
32668
968684
208435
909462
44444
836323
146103
339036
232937
65810
323514
283680
996698
472031
404725
433668
724561
181678
256930
144128
481358
699165
797460
451385
380878
83302
2993
56556
823453
454952
664398
587716
460671
944191
954853
561100
909815
827663
273589
482495
289138
896544
815862
947002
607955
235171
145272
984786
966684
949011
776407
649410
133429
171383
709661
299837
805724
589188
404596
90978
548458
614239
65862
362126
818878
21823
896563
598859
966536
800369
709742
425765
209076
16629
30773
471133
44592
285638
476523
460343
324316
636599
776851
677870
122638
36473
773035
403272
448318
688889
48931
81540
266645
353574
346808
519855
147917
120784
741746
886613
438980
658860
156342
548245
48355
950452
215176
423438
681573
931115
572193
233781
480135
571006
351849
760201
865227
935046
231122
671325
970920
495019
68753
871188
598865
422754
684857
495980
213664
553366
800053
336241
71071
314853
741153
92561
18803
593857
437190
161936
48870
901943
498992
62610
638927
696780
584366
230421
162720
509379
571686
273794
750796
294268
45074
551640
609235
890870
86363
397064
57899
812853
236112
151072
588556
697727
47107
617439
334489
911808
182400
142247
37670
374733
865067
172944
502442
133
98997
799832
825474
31060
77114
14777
497247
873105
539899
736787
584846
295815
128371
224713
607330
813713
516056
165800
628416
598431
492015
630465
227975
974741
229260
560215
267354
970642
832741
155636
75403
968398
841682
451158
634277
733084
145316
404807
262614
216591
328031
559050
101879
770169
33877
494193
886586
260494
279456
828428
295471
729000
800635
698555
617011
657188
800125
137445
806005
477033
15348
932161
397350
598153
672090
9169
349117
810239
606582
918063
105444
322136
422610
228608
643202
917999
985749
15749
511590
763345
665916
631504
415053
811839
245497
640211
555920
453073
56808
373332
568045
380279
836458
146556
589295
308315
52640
769871
88701
771106
196486
849463
827517
255570
21737
217465
18723
282510
773958
169097
401370
565884
805441
119992
765709
950023
78207
97355
304722
306112
453536
227432
163507
703711
609692
45354
440667
950952
582905
486035
822554
425641
475686
905889
264917
354847
961400
555449
206413
179065
583358
536832
384714
274420
377922
28297
393507
314789
762207
450600
601197
556885
656442
882789
424446
140358
309854
816268
631197
341524
277816
960354
201159
158967
552939
815538
554848
192421
991377
398213
257717
890132
212880
671279
378090
10205
885460
961222
717061
793916
683438
270702
648789
937716
163849
423248
186752
425424
417476
865833
591208
723331
527729
282366
949626
906161
156906
736814
152723
168903
73803
929184
361998
356420
435279
514586
458414
817755
961098
7859
1573
859185
342336
375073
274751
618817
747809
624428
10734
167071
389282
72132
480498
849498
835001
803821
246565
831482
478453
783448
275936
447144
602807
180686
40781
229933
722897
305093
572491
659731
808633
644693
74551
460136
56425
387780
836829
465760
694551
142333
477243
688026
947340
74592
871022
31867
265124
306867
502972
355767
459873
87541
450749
354094
417899
254419
148198
939570
179368
718708
206707
53415
195188
440815
574065
587844
529789
290140
751141
668342
898878
684808
971612
972643
248854
957122
450065
94859
707076
361618
126324
306507
305538
691402
649373
286588
451002
846644
288653
20536
771945
496554
497180
842812
771087
85061
373253
897705
900432
540205
735882
97125
593963
842256
173957
690206
423700
902894
878157
139631
266479
778448
397249
285275
890411
460952
497460
986806
650873
205428
687861
5346
318824
627757
914617
710455
229919
764316
504679
485884
334390
182843
257984
227602
713073
155929
226602
643825
672473
275175
896407
402505
500665
864112
553430
903114
455410
795238
490038
321663
377659
458007
964755
742165
809785
796479
36798
563194
246839
183862
744589
724769
450562
561418
211964
497697
76004
976295
451262
360957
987003
866035
392356
570879
819253
321654
182313
102461
266026
259383
859607
529981
238357
755746
225946
431349
351024
704228
536032
952043
551404
684185
278761
219387
292298
954653
670896
461815
436377
75327
514422
756712
594892
793108
231591
709747
661239
306983
239275
248919
361574
111758
969036
842771
876058
789208
740927
350948
123169
172770
548561
169772
484305
352649
511919
404591
260512
880505
402
861878
771875
401700
240581
193494
444769
211407
629652
547595
419348
194630
858259
571197
431227
885424
258504
669413
69278
382461
423478
333129
283616
187707
291655
997027
786746
231624
409685
230496
397338
743458
528404
782340
402647
753434
390048
227882
415567
607784
224287
987369
591839
532887
885971
625619
231614
569441
782655
124247
948598
548693
181234
700614
12864
689972
768308
28082
4540
586908
467724
906930
311178
214236
963436
983811
901704
77094
953787
884681
213672
492194
687997
846003
132524
675423
110432
690556
98497
40676
334501
53645
392566
403045
751336
150271
988823
758929
948558
710527
863210
723528
795211
350603
870533
952938
499533
157144
317130
488203
92681
872918
248833
638914
139040
466187
159056
602273
180397
250844
647193
95487
610478
17963
671728
504048
18700
482265
906999
608790
38408
480940
970393
829137
276420
625868
506527
580945
636972
486952
735346
179853
979391
492534
845102
142796
445566
458583
244958
417313
382639
830360
305434
666484
413198
773973
690170
954170
526033
374456
43126
9350
643607
516383
972892
11961
846636
153628
865964
865430
107835
972053
25363
987120
800977
483020
495938
672644
393609
316282
586283
584163
979290
947284
198488
639176
509817
32303
409768
59784
662700
420607
763558
356519
537389
229051
877511
719174
362551
299357
40384
799802
164592
669829
571266
643449
664114
431933
258131
892462
297271
225111
333770
707756
853985
901171
481191
370046
462692
395229
970060
37661
496273
730195
241628
363387
806719
213219
22767
800764
70616
311027
80239
896772
359037
181147
571218
438123
210135
256172
837044
210637
923707
680788
185168
734207
463353
650009
793307
902620
115650
602179
56253
91581
766579
406487
409196
786630
249666
582525
148967
182749
186244
185219
666829
246518
684248
26490
939159
951242
550900
210430
359736
566182
311242
301908
724816
49184
286614
166252
194503
688740
568903
243013
282956
790188
136903
324591
728618
806158
889641
661420
472004
538735
521902
752304
69357
918293
788660
328072
642214
706139
979900
1111
126837
673725
33110
31546
507038
27283
776747
235661
935233
687707
293223
458887
956879
298607
895105
533057
232618
923733
937000
66964
117145
21749
324171
755231
743397
545381
971397
252328
738899
899297
520548
263898
699453
723798
223509
952940
821391
94365
744365
218786
994651
807109
249110
78189
306202
656585
42708
439086
802816
547552
383859
275609
393018
543476
577935
180084
665415
318890
347840
954621
885744
47712
667936
375723
30245
541877
81977
493773
299830
561025
275856
386063
454443
885029
596168
674652
56192
714174
899317
937437
265216
546739
399102
900446
392892
695534
519534
580242
341416
648552
116567
604461
832147
713756
484131
983215
282370
751773
787256
793601
205736
67139
633287
601079
803203
948545
54642
674998
118677
597586
447832
486447
207997
524498
938366
551561
566962
669097
649755
37853
584349
101538
192768
945627
161616
180186
919650
381898
725286
816019
78789
459884
950391
830248
459655
642879
429560
980891
660935
741600
915182
897994
776752
62347
99917
610241
154214
890493
40177
169384
504843
249722
481976
237213
393966
583979
341370
588189
102928
677279
900198
211419
91093
872690
324026
406899
227524
876427
111262
448568
757051
302782
493790
423209
779634
93395
229122
290499
570345
784158
868364
73776
763825
734157
519054
105437
828692
130304
51045
672745
77987
763986
313302
867129
594138
590583
150531
388648
476657
496702
660297
886172
923074
390837
665209
155956
402577
272299
779058
53149
441533
136528
170712
470340
277378
96825
988083
59045
99113
103552
434214
928322
222669
988681
816905
705200
133770
108959
846054
931147
33411
637308
80333
855626
110864
13223
481620
676909
599811
734008
790191
259731
459349
303415
553384
792808
916658
417571
70715
393403
575774
819918
400080
757421
147778
794533
681877
639877
578135
784974
113847
897761
797102
183530
396542
668808
237145
896890
283779
925146
33530
340701
389646
543656
643622
701367
474896
695712
212852
794350
76921
620257
871848
911502
44215
180269
531511
500428
259853
999484
884279
663976
510283
254509
410021
770027
481392
746200
330642
831184
927384
357950
285610
135935
226787
854754
30626
516020
418981
633521
980222
942719
518339
764892
553020
281764
570416
11015
696416
447266
271364
858009
48733
890769
16310
46836
494429
548388
36470
124478
367533
704015
773930
898974
329928
389634
725762
29699
96063
55506
492858
441566
82689
370681
273964
683120
112269
435828
782543
464253
23537
926154
879952
50912
82045
604141
258059
176760
740489
204729
570278
116480
595552
332825
279050
449277
196424
557513
125759
41488
942063
301430
832995
522859
314740
805313
40967
852512
885966
469602
659238
907925
43677
408297
646915
388052
200011
867168
405854
794559
110239
132685
81106
701857
382878
890708
247246
506847
150494
53368
207406
676685
735336
457730
887221
3996
360457
998522
910569
765234
45557
80914
400524
464786
980313
40419
500978
1786
71548
48078
402244
392716
376145
470917
735887
390244
751899
94626
363977
414408
227645
550260
937698
636989
909341
344283
635139
660470
866868
948105
261735
376872
883382
723112
139026
727545
904216
990938
974129
637462
283266
818652
901136
63459
742995
197892
123314
462286
339659
86889
779664
813821
250778
643617
186609
225189
101250
206629
521378
65788
79083
334417
263571
927942
75971
231624
57678
871628
790671
512629
354260
366508
377043
570476
954198
556681
935194
156590
666445
134114
108579
13323
487414
48897
137320
461474
943982
200714
434700
821380
941605
157171
622432
954103
662850
984914
19474
756502
237459
881617
835570
888726
849263
823679
6178
899683
408363
272513
138458
103785
544181
132390
418453
261998
269008
872920
819804
669340
640812
154157
341101
730333
408673
606813
846408
983903
729288
402959
397269
840887
395254
109900
543285
128225
20758
801493
279011
574949
50594
799567
603143
721942
255870
676444
365079
496757
950961
620934
841834
389490
741888
535061
922971
443218
271529
413504
348310
45292
936889
344704
885122
132493
286346
47103
622475
897467
131165
15984
155722
57623
529168
224312
552916
106651
211132
838281
963804
802243
614381
719440
51142
645705
769855
747716
372169
612552
597905
881567
927871
164610
803049
286122
637580
142909
611492
908400
137321
397128
440280
582484
581644
472411
505864
567871
173302
249372
446466
276977
181464
41982
311129
13689
66147
9860
888059
285760
668523
399140
126126
950975
819702
566726
594539
627473
395559
25451
974167
784418
466690
377387
898842
662727
157403
195607
2910
928552
36384
479357
465190
481752
264191
7817
668360
530501
806901
937480
947529
98315
144053
940488
864339
136803
520241
396892
445973
291384
342471
15292
891447
320602
133195
33096
144441
501835
480173
312109
13543
817207
507271
933600
7931
840385
815494
135240
286799
640441
799538
239736
609085
315049
164059
107994
824277
597839
434658
694375
574074
376932
548833
371794
855065
379419
178552
684293
25223
407717
603509
206338
405430
714673
103071
985964
77268
601842
333727
559135
289025
459288
479692
793465
478634
366304
124753
72700
304327
200071
608829
843340
322669
735450
747175
983122
27856
616553
154108
754947
425945
767513
619239
669115
989600
174873
382683
122563
991047
344109
467136
670002
661490
812390
785784
322223
768550
396722
313036
970516
856189
94863
535992
210094
689027
282203
760847
440353
859569
203464
75916
471656
523716
391979
972407
876795
849528
797171
723697
358089
460902
623670
81116
690468
66679
889255
431145
899005
390468
524900
755775
696132
833548
4588
532101
872049
426193
98990
34188
257505
272655
947580
445916
24088
927834
544095
152985
82597
417491
293444
211858
98403
313926
391827
173863
39707
481699
911968
688020
716231
286743
461946
611102
861810
526215
957537
800344
467643
881385
756246
463762
691896
61758
878986
335775
798198
732976
230200
382274
631135
876484
195470
803189
994997
337659
396422
669653
848954
470539
591956
13933
250354
448053
427000
647325
884864
490755
50419
966246
588909
57568
589590
880021
63240
634259
12725
471434
652967
972826
77243
577957
652427
80479
336919
664076
794786
571993
834069
896986
748581
217346
502471
255335
471714
365872
519777
34928
625556
917523
889061
400035
360430
411082
483315
731914
156727
964514
832322
831249
237198
954347
119724
666677
177231
963769
975651
365771
632718
822516
184001
526123
224512
997148
788478
431991
867258
589342
226555
357003
898961
194187
507643
846083
593632
741627
190065
938275
321063
954557
47027
342951
284432
959801
590990
469608
735630
17701
592500
577000
352414
686176
579857
642426
377007
669230
275900
360273
894046
167953
63048
449123
308314
923904
384377
552185
578407
465479
739219
491222
486974
524858
168398
610561
660497
927511
624231
255665
573163
158391
944848
774485
335030
216625
493896
442621
601623
993484
950981
308136
958196
296734
219917
359531
17749
303493
968419
58746
351976
915649
316063
160918
847966
562477
648023
576595
160244
434968
55929
736901
801164
112772
149499
837127
127225
69178
410089
354279
352410
453064
839005
874545
595677
265497
377869
269590
395557
407215
852286
4153
801286
541631
164247
534103
592365
599273
30800
443152
638685
177042
459145
542230
582868
293728
183863
723505
904396
383569
293305
327276
631069
481784
671369
933280
374783
225046
558093
952794
47790
667025
390093
622764
177254
587027
89856
539533
232206
445634
54911
332077
440369
681111
893723
453466
351847
226269
318346
582088
955026
48200
112764
712000
205508
66992
17420
415656
418686
93928
109586
644971
304147
938303
26709
259076
279020
732179
890653
888940
983396
358029
283687
720350
65043
713532
500786
570627
484457
397393
450679
199488
131120
833013
612533
596952
456243
888003
237354
575870
551549
380261
797214
67515
414330
311118
7320
607224
795323
763729
903284
103017
742741
809245
233229
327126
229672
145046
519828
370375
586365
591568
469570
273868
868809
223978
103594
831206
566671
731909
834471
513494
260961
144096
346805
829119
392902
310737
797916
352186
701431
496610
24711
158582
599876
341510
999219
63434
617684
187383
862659
111961
167689
198957
938544
183009
978818
773372
19293
55328
243066
510347
177544
858467
185805
907564
352605
431468
476507
360029
533349
118079
198725
919194
786203
498761
527829
375133
863135
917166
540922
154228
691716
136302
481264
172796
325444
708338
719678
635327
139539
802681
713049
69992
557136
98778
322342
640159
929176
653429
196893
892741
914677
334522
487817
107213
483316
82581
994028
681781
430356
64245
256127
848096
228186
61624
200470
730578
3074
351733
26338
2695
898512
674597
999057
505904
161092
5230
402896
593675
340139
88270
229808
467038
846674
410080
822694
164623
293014
266284
264227
231319
784276
710470
700497
891531
872236
809247
769794
959022
346652
54226
409064
812055
618648
757700
817656
933030
411477
541806
22981
789594
608427
630776
529915
8255
242021
496513
645812
348676
584809
286395
998842
305515
151422
457972
890842
538009
805759
733551
576545
629453
72731
878704
219510
733869
182662
426839
133715
251900
345856
276004
429410
739433
819776
526617
861744
483200
131261
206525
906640
580227
875224
558844
553743
412052
595177
521324
349455
448841
747940
381226
216002
376674
968488
509987
666373
35158
486308
971247
213206
10889
231078
650839
369844
3803
574273
579383
57234
552730
935515
89023
838711
832279
208337
672531
200501
510486
556487
359186
157571
613599
393231
727092
281145
352305
363828
514381
73768
645782
553957
968686
483220
550098
788537
118763
239376
42421
955747
971446
686516
966608
725747
460458
277756
616580
227654
870308
319744
482678
660940
360652
766028
83358
363892
839154
159835
775295
876086
16402
947253
116977
979580
745530
418914
86682
559534
417859
103305
874427
225945
228410
459946
245286
713531
999651
631733
404110
839469
669779
251269
608567
470957
347068
290812
684492
127559
629894
823675
111887
627744
307224
350334
414762
371167
369141
975507
253477
163833
328643
600821
576625
956311
366952
687497
624097
903717
636173
601268
453368
701945
662724
517911
864733
722334
182790
463784
351275
422397
738005
69806
284901
223911
801280
276953
251271
643521
624389
264955
298615
593357
378000
185447
304154
374737
494946
192805
61187
926822
625101
832398
596551
368094
267675
197706
297004
656147
393295
692964
204672
448008
896835
768135
784965
322559
115568
179992
761226
574231
10444
833583
975381
890398
454094
698802
477308
545211
350989
390992
174931
302385
968198
47192
660031
693649
595709
284275
313961
802303
310458
425156
864398
465822
400564
143259
614836
997211
431692
430352
134583
822483
74544
282498
864130
664738
852064
84908
7129
246089
616333
501024
441298
914747
250397
557604
293668
251652
465612
162790
668951
956567
356012
872860
23515
328754
409933
963708
848245
437680
111415
997461
77972
80235
733332
841801
580674
609739
714347
503207
236214
583152
166215
438185
255302
116024
404470
322631
950777
757229
917805
557813
101370
929358
721353
207040
576425
805880
421104
249537
956428
632561
562262
223867
748643
104465
160091
287575
802265
922766
901778
647545
205718
497506
740765
612158
186993
779867
80308
937749
276931
335551
746820
145783
928087
651545
701876
146884
140221
901796
188546
501691
200126
520595
160396
43286
549929
208827
914283
8896
278156
77406
357434
333044
899199
328405
973556
568755
781402
662297
720379
585889
198470
734574
859573
573949
646961
52012
558481
851899
194843
938283
712936
449728
887374
156490
201534
972602
850154
858396
702375
672345
559646
565424
672326
387053
616435
787260
323377
151709
291394
615206
625328
404353
805382
642606
808805
725725
457804
161402
419141
825467
518471
81599
617668
125092
16896
312906
811023
998266
79402
691113
479091
167349
714707
23224
921819
324344
454903
117387
363638
762831
699759
172341
758455
911368
999302
689011
348534
810731
475308
85752
158580
637079
209028
762902
204859
198010
532568
613254
267492
171244
815148
871252
114547
665385
409264
778986
540380
646505
339471
50487
491369
207646
576100
504315
540339
201417
452236
98802
713741
184889
179542
689946
997889
590626
66327
446179
899954
476438
316315
518899
449184
292578
631286
255122
820042
861896
293176
817017
401646
219924
159742
432498
510188
319261
641189
615275
251529
429146
814042
710237
144079
675102
107469
151060
402385
760433
593028
289306
277707
217677
243020
945284
46696
45874
517770
757976
303262
462886
334639
646425
682101
532685
586441
744306
149221
487840
329655
39419
236060
800397
296053
933738
458846
405035
363797
188825
248455
424280
774479
636271
509484
667442
588335
248814
61920
449326
998252
311129
34962
174360
459289
587008
668435
611815
766517
259113
357878
935612
412957
262813
869649
15351
307233
171916
228831
739958
791091
715037
386759
896876
26427
49686
39096
797145
498504
711845
458923
74795
883746
758665
826826
649009
654075
443104
995695
368504
893507
480205
118341
544644
718811
63301
8587
735148
662689
664567
417655
249043
893802
676438
859959
276671
921614
978244
934674
366743
165916
496540
101037
717245
789678
958812
520810
321286
859480
143726
861803
989202
558522
411601
550260
397453
361845
190184
236015
304385
295674
794783
267144
688597
617790
218422
33144
76773
469770
546220
116256
571327
779246
129544
388939
765816
510997
890310
956950
650666
744756
737949
993004
401867
41885
945577
984105
772266
587056
380218
425376
758728
509232
336377
586808
198992
720243
74929
960561
736500
438131
43329
808452
627750
499459
841053
603177
57968
487707
316284
52658
318705
885972
840226
716501
657269
319983
664842
326727
916527
124495
680687
264771
957589
731335
613367
254633
260888
995086
893629
83268
17023
480079
471225
188964
944991
275805
565518
627562
918905
481284
67569
676834
383344
343419
914609
365770
967205
529141
794278
428273
340465
673110
788666
65787
936510
326019
666191
220097
28675
768658
689164
97685
924826
853345
692231
458403
136447
302146
182288
148083
618663
759764
785432
119114
321594
511021
688765
596848
592367
177395
854771
741325
209027
314058
468432
918765
515414
973415
780916
620387
455906
21955
649938
900361
290328
77164
347296
491493
648665
51637
934231
912551
661646
173582
930919
902990
447716
463214
596219
651755
485223
264236
309988
432318
450106
151278
599524
779708
544816
942264
57882
947890
667147
881254
269189
441987
456079
982773
761718
844173
846465
147963
700759
334954
912065
641975
122769
677715
932353
90179
544607
532894
168097
246374
686317
334248
412073
914246
335660
321869
440610
545786
310645
781844
219921
251646
182423
239400
299985
899071
554687
87361
518284
880343
801667
225954
486422
981075
741963
806907
33638
116079
810268
91886
882609
747939
620354
318958
557732
108118
828890
686276
873150
39089
520697
636652
580361
335311
845500
927644
73779
68112
851053
751332
1421
326157
786191
933488
63647
691621
479303
297579
412901
3766
480871
578430
137835
247528
608471
59766
969216
289571
613666
676804
646810
601824
138843
374365
972614
227293
533546
273794
256393
744810
164214
145818
178457
248161
105712
995067
511345
186483
18810
745991
309525
807900
736947
5491
300898
26040
553121
664611
274833
824624
974393
108913
413704
762381
425997
184781
474652
461421
984275
845310
255272
173650
364877
954247
995459
148376
837082
683812
282528
363327
245913
172980
185927
201958
648758
105328
168044
960537
945810
183193
354153
321217
587347
733744
381661
423674
607941
96991
487840
51970
525675
623797
475426
987980
255527
474767
47583
965748
969473
680658
742912
551694
591447
359764
198994
100823
197602
971034
708955
677005
10336
599100
432350
478362
531619
864933
954477
461292
651254
189367
871142
583584
848103
240587
785483
649820
910646
798934
588354
577660
414808
156647
236005
452387
802344
40524
788807
522676
459627
870677
628037
32793
417278
48752
632644
610048
188895
933619
431820
210662
787796
716537
96256
731531
64507
190435
482297
861317
459119
539072
926463
814385
228884
236103
111459
418564
11648
726273
963004
366591
981382
812355
33532
474305
278880
41689
754478
200182
446840
426047
961550
591982
111315
483849
1988
313864
193051
150690
5375
304141
181447
42353
89643
310105
686889
713303
909454
696435
104404
320085
182084
560254
187047
569291
250645
658953
558587
103899
993456
968769
209573
69484
747911
738630
118824
622474
955078
355674
764346
827627
117168
612150
565489
702605
163481
481335
955146
404730
24698
491317
899222
716461
620212
541620
657282
652047
415460
50484
15681
677210
50527
34531
407960
498847
897674
165235
579298
257433
168902
269325
293795
62114
992132
644321
660728
348253
662031
486444
787541
657274
993294
207484
388270
863455
208806
857994
159027
278269
164103
564583
23482
19406
235938
669830
204347
973101
955576
154976
121908
959825
313422
509703
466989
413543
594173
841675
570134
403276
464230
207811
920780
595940
293634
93753
925114
950810
138519
224372
606812
500276
432134
300066
450271
761361
770689
39074
894437
895426
908379
251628
394852
791171
704504
494750
80238
62869
144547
550435
947019
96697
844414
431874
489282
804618
711764
111937
493879
983480
756363
694835
122414
865373
6901
839013
959534
476477
157125
321953
139776
293535
382814
334237
670871
657794
150599
404163
629897
896638
164731
767774
938491
173625
748254
397150
163036
939458
78409
677256
734344
76941
808390
600253
66316
148811
413079
393508
315913
344038
63153
998647
916145
850326
3782
857191
989871
643811
390336
97261
527331
517751
583753
430638
93771
747935
624583
179082
144637
21918
200357
479362
675088
750446
268173
650243
115547
384596
522802
611411
858197
843038
358985
311063
42843
643324
968791
463422
525585
65145
592549
557454
163296
752660
903953
742473
331229
277823
419647
680955
999497
205939
124780
449507
19061
208366
94179
13116
712126
306122
314824
115559
959286
560059
553745
850486
905571
803109
410837
158039
3489
671832
420924
562907
77794
170025
760087
880162
581462
448686
891529
930149
157798
86677
872610
317920
482137
189793
324556
140058
487898
152835
152670
875858
33105
324433
488590
321480
591149
878565
715715
812261
650179
256789
110729
194375
591696
869002
933726
528685
855130
123391
601065
134140
182837
586968
906058
725228
468642
546460
636684
748370
989330
552017
617911
796362
320840
667251
348291
387392
372124
807376
960743
190427
710363
412867
397582
536520
158284
762635
891819
795998
405070
167175
26723
329267
292893
32528
810473
891387
701747
388915
662376
901783
542219
995529
542297
553474
675072
705781
511092
594003
505108
756858
275203
823663
626125
376247
654545
798159
78458
228991
296898
119146
829524
438041
388668
403711
67711
125009
30467
969473
517872
124537
800547
831582
318248
228159
980550
779950
574174
384428
717029
374773
928058
537335
838555
472021
685694
272836
364885
44243
837759
126588
394278
387075
753297
37321
727607
229587
859458
201902
820380
178994
239868
449346
269185
854811
443342
198215
963779
303810
232708
526635
976411
748697
820338
787738
865781
400575
334480
65470
639647
444870
486911
759316
985373
87391
450026
307500
980249
103844
584520
910653
281719
885698
410429
649890
622087
516929
438688
599605
128148
863858
360344
857799
411225
518004
512671
380921
517907
211298
504680
67642
750770
554269
611485
172957
761641
186161
558721
90197
87524
363686
605301
620561
163993
977254
587926
22446
152056
798854
219907
812637
156860
945522
598524
224659
189539
609402
710822
986726
61306
423475
574443
249227
192658
139531
214270
917545
191951
97069
708732
633305
321438
212685
345710
732541
752518
374736
937067
20538
595352
646555
847130
436307
97409
929783
507542
916515
621758
496926
618218
403831
886766
806117
312891
50246
661187
522949
284869
690381
803282
285511
337085
889099
742795
852236
258262
792086
356098
650678
545504
519769
722603
466935
316874
866475
975781
427828
296776
84812
669997
251989
503120
500286
64755
328108
552830
208638
561161
474111
831063
314077
982136
994739
734378
396096
41069
758295
361362
951024
77905
717515
724569
327327
910838
462604
751991
818360
867693
543261
105336
748193
37556
675026
354043
570000
505740
794940
718486
194183
45673
197356
15639
177005
718339
606950
995622
35531
210826
681700
160902
297888
669878
40835
363002
808801
889404
481998
469892
927632
70556
607462
960456
59447
998551
54347
241360
585345
623999
750345
211753
656438
551206
189121
271338
41489
836856
126419
3412
920640
355557
924581
240149
922616
990454
923027
166695
243314
565121
708403
448853
910277
928696
489667
384414
928993
29659
392113
767154
512869
992014
515463
555353
897054
766533
386866
488563
314397
622939
395693
479578
578804
197250
856719
5027
915276
192981
893485
271556
295974
570378
733485
417871
572140
210243
896552
130141
524723
182019
519163
508678
492432
80125
943851
459916
552340
679112
573426
762967
38309
66096
688554
454683
364602
746086
28117
842965
164530
99223
136519
487669
734994
275994
665968
468502
606170
588226
599370
49000
259202
935123
415323
262639
46742
470418
346727
615268
71275
22581
556598
699449
57661
366586
748605
322362
682086
224916
168684
306319
442941
107327
993108
818462
298825
108789
526706
584589
657569
189689
814108
87269
391585
176400
65734
184978
703371
639503
166769
307527
18231
383504
251314
177918
225592
126142
720987
409629
241741
572112
300488
193012
422849
317587
598471
29411
709856
301215
64421
112217
78550
798059
927441
447479
215013
113725
457264
215122
98114
764602
724028
571095
138445
611099
308121
773578
916588
768512
849846
968487
839235
231903
639004
266217
462737
388885
429975
655272
903530
11101
119485
49437
81805
25438
375711
911170
505889
928094
143628
493844
39889
549461
841212
290362
313600
402588
356832
188032
547115
225988
232452
879740
652506
523075
672349
773137
709699
900362
539893
926033
436731
709938
244848
923390
583577
236244
902394
162985
395113
810167
950607
483836
24266
557220
475686
32531
247461
675158
731067
655044
754890
724942
724599
614591
348073
876930
513151
602833
70505
476469
927446
680451
562536
621154
293232
389087
314640
957138
419540
988754
50258
253325
700908
83885
192194
144877
165420
346502
943503
244366
128093
971579
364125
935457
517125
392086
1
6432
362997
275852
47832
515356
235951
198304
967876
394225
941361
480997
751685
874780
796770
376800
746992
116131
726296
929419
770062
322930
645188
211126
592467
674694
625659
85257
296824
219970
281953
306916
654584
977311
445748
121959
314277
647937
818162
987533
693924
665252
565992
488179
832971
999733
737881
911479
784149
104829
621383
301116
20352
798392
80481
531273
572036
822084
758024
110865
302767
598837
956544
456845
609569
824837
308144
675205
765986
185833
126741
137263
333851
82302
155081
613038
298168
320098
552300
717115
820759
508896
595372
89057
477421
295811
602487
168802
438198
359307
145210
550455
184598
109246
228692
40501
117073
7125
203740
806155
183268
914455
276683
847720
635326
570052
956296
639161
8670
686695
595919
628752
540362
676751
869245
946720
373737
741527
526202
152165
675902
215328
697795
909793
841601
586720
77970
585600
88475
306004
974957
136861
17983
940369
227208
754973
191072
608248
677016
931833
375762
89864
508662
913306
671873
489806
252651
951453
351240
627831
124318
322806
114351
579270
244119
518384
292228
421728
952111
565778
190292
727940
724119
127582
755206
720281
873985
883507
854293
265824
519790
513042
703848
782281
186837
184829
337744
413153
733549
938427
683293
724008
280471
709241
330525
400129
380203
196810
449906
451458
130846
115151
654607
754411
695181
413554
787215
144308
407976
328204
274866
183423
703870
789287
608820
760685
35872
902877
405836
60941
149429
955551
494334
549038
214618
821586
266397
902037
578547
160339
975713
950602
175635
713243
316960
592333
428100
878910
992557
513446
584627
694990
193098
376986
822203
66460
449610
930105
408780
614046
70472
403797
198328
228332
908350
93069
440602
222821
638147
464455
199523
351598
400675
535292
952386
418586
885148
322988
607535
980646
245683
858739
645205
74651
272497
440692
135450
70358
769470
437681
939468
194852
339096
458237
622633
892871
613296
365960
410315
922390
657185
230490
663534
329664
161422
682395
1695
39985
435478
501966
602435
260685
664375
736414
213890
938841
369980
152721
283214
803321
299492
976409
996372
354132
362577
101769
928893
657043
968809
194597
906401
562889
608589
982034
976713
268077
618036
383980
187743
470914
205347
206646
765364
140695
369483
848364
977838
536554
599807
898613
932300
890152
939152
709429
416472
202192
769223
886334
927592
746165
13502
814566
958032
76258
159579
193971
31847
960215
338090
711475
890932
830770
613270
469289
488118
937705
302596
654945
81357
663732
965773
981093
809480
841928
750037
876808
588556
981373
97164
977439
481885
260497
982849
710608
734156
420485
9054
453314
230141
770085
846532
933236
446484
351013
895364
739433
369916
31655
654134
329473
982932
449689
885242
812900
638582
161916
24713
859351
169700
412415
877622
607984
272529
849929
628551
316838
279946
982038
783530
442946
747391
368441
870678
927346
995954
35455
230911
666492
789051
900916
931125
90576
608117
65727
634266
996086
978441
467496
819710
408550
118293
783995
365593
559670
353528
316868
826468
834926
812476
378937
404948
970167
833569
734455
691316
311346
813634
549093
320862
395302
521702
826101
988245
72465
121894
901513
651842
800671
30582
519602
80010
497080
556497
978195
306952
322612
527749
438180
208044
591914
892312
544018
475951
847270
658710
942724
283250
187320
816952
462841
488114
312681
182451
265613
247594
958601
872986
147291
379718
882596
864112
522875
711295
171923
138574
853612
902039
217134
611373
846157
694771
836127
507153
208838
267856
915026
610451
281220
980195
283784
198921
661409
714385
143435
359123
579361
979848
538812
310469
909272
477688
564552
381420
144042
694642
609785
59327
597099
256603
62953
1956
30436
88844
170833
711259
602359
275146
16319
268683
605530
831005
196582
244583
558015
264271
13711
987581
875156
643331
775086
457883
698150
992687
290703
962718
88417
730743
626095
437592
851378
160039
490407
651677
947981
952397
975043
529771
132042
790897
400113
217395
638506
127410
764949
138696
537656
180479
92730
937187
686923
768110
176354
555856
385384
870652
709694
818681
943684
475618
902649
176333
844006
801936
282734
893261
270379
190089
265851
98675
148900
16026
239085
180799
277274
492280
422682
88223
788977
882613
358478
352570
808298
94239
518429
164121
663426
553013
284376
342066
130872
625991
799642
557523
292204
586985
229570
507560
624739
338515
809531
357097
891175
738520
610294
414882
558219
753857
488249
403360
168460
153478
170705
140661
925331
509736
716323
882985
391960
334190
660641
847293
606240
694265
624728
535644
341734
764294
44197
323681
86360
9920
477960
40639
315768
128256
327888
259729
112995
798754
848246
344319
616751
712581
967878
795785
339181
438942
780088
632307
448078
738297
79325
727246
572257
214926
133621
798686
183546
442492
988253
962669
730415
624485
402853
874219
755452
970981
565888
274304
53574
243631
292373
475696
58236
693510
575218
853674
200474
899798
406688
66285
946119
820397
350993
547096
70303
542425
102198
625868
802571
353822
847597
113727
239179
362324
957080
869728
333013
83291
202185
335778
675351
85628
529177
852008
787353
675806
414680
134475
121086
44194
884318
382219
26857
388827
684480
489935
549757
47789
417566
931098
436988
716609
66586
19405
633681
142434
370275
470355
332009
617719
789103
739564
909435
138781
565895
998234
436265
202465
613436
614690
330302
465367
436535
395903
499991
635737
783982
739433
286111
521183
338739
684924
6131
166840
11494
944265
708068
115683
884107
185270
775386
581516
506806
9170
494869
63654
89187
917753
396559
172065
530658
702560
371902
792137
878831
560062
957878
721403
447072
377816
259114
326020
341687
875047
346962
337175
130711
819815
424873
53931
829268
70975
862606
310959
161507
477832
194378
503083
242672
927995
305969
461812
895375
495228
84001
795467
878538
151293
906088
701332
496665
475600
945346
955246
905071
41549
517311
86835
342193
938332
45699
704141
340225
382880
778151
61235
519353
743489
435710
876543
568884
778195
989106
261678
551942
537448
865100
552947
330955
334639
234386
570680
952285
827463
538122
175666
723743
703524
744157
764447
383094
339292
771863
653087
122520
877327
744075
551853
914044
764721
127315
960504
53681
791094
979573
123106
496459
13016
92066
190996
985976
592904
737240
553340
378672
912559
532775
90788
633995
909471
987728
121776
223148
630235
538696
575284
79835
767487
509341
725743
477553
862733
965040
349416
662124
803094
463392
333284
586210
921410
340680
848513
576467
902780
556510
861171
761111
951932
353724
889816
835766
646386
667003
940281
603734
81996
417915
24223
640783
591332
534144
849424
291739
44169
749623
349861
715177
62953
869206
938569
860176
301592
274465
505680
295264
726655
26504
443185
459989
157668
732462
933410
768101
438033
550084
530574
26233
191076
173652
541430
76280
890099
643738
375905
679422
902937
358732
271681
855979
347169
781691
577124
147032
761166
787025
99603
773925
980165
506618
139467
535470
79128
709088
9237
856412
285552
289614
173636
964183
967318
263030
955979
287705
27742
828174
181368
220126
71792
598996
86865
438712
164724
632563
509770
218814
216218
943486
86880
730212
4739
747161
661524
857062
788111
802999
22407
43807
182788
926845
336815
426614
172375
186629
387379
134711
820891
609664
531881
101504
285635
228915
518121
343506
178517
133026
910990
330183
387438
528266
129481
895331
228460
13831
206305
132354
964859
872534
241227
357745
719231
367797
347937
326937
316187
185383
373506
397334
113564
457747
423879
711783
314694
25292
462493
377470
618041
902060
358148
237942
859774
941017
423779
413668
831924
359849
765829
851461
953809
692834
559604
515479
996055
599130
295152
621253
604246
771005
930828
630586
358615
804781
621990
338967
542124
857028
459137
938239
490514
516021
162625
57103
676352
764304
505730
71339
938895
722148
521429
954420
105733
26430
798423
179285
695167
908816
966640
350333
61115
217325
27109
620647
594879
