323400
327511
864678
245299
455320
879548
814396
681692
863849
228735
280289
764839
516432
979138
706740
415955
717271
125755
649280
356037
205494
288954
290437
532572
4961
720150
239825
118835
572475
908536
427335
883762
625512
192451
560065
542289
817343
385567
71186
791275
439711
340257
49444
557690
367833
668056
61888
589813
574475
399159
747245
315779
252620
155866
91759
327962
129283
833142
878192
626233
907922
547042
974077
954750
903344
989308
884135
913125
649493
253561
556618
730525
238094
306253
65194
585096
510000
639987
295352
359504
909545
33690
869557
676641
969842
600940
832110
331078
150048
281659
432293
19108
475034
335370
75280
525
296421
309494
798907
115522
132571
850240
890952
142024
80763
401208
77527
442661
778969
88070
365056
388151
633654
406936
820157
209202
273706
830115
524709
908084
595198
930392
217491
804679
663382
319846
507109
159218
313675
137765
609760
32764
670743
776934
345841
952254
949417
116308
863502
183012
7257
980870
662651
647808
299766
726117
663017
884106
811962
897653
20857
862008
824095
515265
634526
894454
938187
136615
486880
750979
341862
146877
457468
923879
700684
289503
785385
115412
241118
145751
658741
437593
51827
429735
477710
438717
985004
415605
425693
962302
93733
406932
366029
140966
809224
232939
543146
334598
341627
268356
60900
350290
500857
740787
537906
80281
545535
39073
290963
45087
28060
978740
6767
900184
851371
848604
875484
724675
325406
960381
270654
362657
986352
17460
423238
785041
407612
930824
833306
490954
574252
55535
776789
208820
260618
555514
791269
48931
702642
6237
702227
704561
841512
610079
742240
423414
771078
706586
501130
820647
797710
470512
588782
81480
196766
918155
989127
239183
412865
646350
510612
561367
554913
145565
833048
352381
725147
519237
704507
974555
143403
821514
874574
352287
296582
470924
424748
993351
525767
171093
510076
978235
473665
668865
109714
373062
439731
753994
340853
708530
449753
459312
44731
346432
626207
212865
964049
832193
488817
206538
714071
959316
595949
762906
754664
815165
273850
896367
292023
800733
906866
892800
359444
159892
701243
985382
352590
178352
205043
937192
144883
174096
165769
850082
781107
92825
303849
149520
253219
199316
381711
751868
172829
378019
388989
237826
303236
96862
621703
682365
696421
124879
120460
386832
111161
841797
127551
336211
609991
53017
178851
280919
829286
189243
428757
214296
517536
980599
24387
494142
263411
296906
303675
671632
335537
472411
729438
778614
72455
481240
637555
990185
642586
543150
347415
464569
759629
940068
615954
264122
403103
925397
682246
246476
932402
950984
108929
170822
209446
683054
534961
200511
546404
628471
659959
16568
71991
737489
541204
38761
277716
356350
200576
594918
775674
658768
947289
549102
972980
281988
701112
861904
339260
484665
960160
865851
686074
668427
448720
58912
290985
603280
797752
389702
18651
462190
754760
243434
918867
619608
705059
531664
425872
664355
265074
514218
339945
801353
851606
394148
407955
167865
225653
573386
375296
653592
258613
761367
738786
624280
115143
875803
222926
117875
987419
794823
716155
191109
171889
704408
473705
941188
892368
75742
19678
522973
939983
562856
784139
827563
248080
497295
889294
92374
645581
712027
163153
985862
399434
4245
178767
664323
192810
625514
558263
628139
454174
189240
735721
396686
276856
339448
611229
800746
316254
596553
753251
374718
314521
738453
722756
214605
774349
269538
195464
393009
484611
438903
219537
402712
626978
390376
951717
249120
892157
369728
750985
938571
427014
507403
882376
553759
771487
568125
41811
585053
592977
733378
267394
52955
517141
16675
60473
835584
35344
317394
192549
639772
908189
425554
145126
919522
919618
38661
807431
482754
812803
591764
31592
90023
584469
14581
274237
53322
75627
966172
143215
907569
971693
155648
526752
597768
520647
526664
472460
125850
760990
579410
156235
566444
995484
943520
667826
842550
24172
151840
575642
220159
274946
197207
476728
3796
816465
620137
104491
768612
990304
494343
167189
306171
158071
265589
109664
668505
598835
103223
596898
767663
607673
124311
245723
965109
131079
155094
317339
275755
53222
387309
356289
667818
238588
442110
145566
965925
500862
239708
589751
586177
737026
930227
333801
736335
571698
28950
152551
673442
529309
186532
1631
314898
763559
189077
394683
383883
643681
830758
407428
130450
838067
357727
235232
481302
905270
948798
443004
20527
323934
333634
879301
349429
115028
695765
6287
405375
648290
871830
239705
881655
513224
196739
928424
917847
66859
878656
223311
206146
884653
816902
2320
92225
197400
421483
783581
937944
776819
616521
33271
236037
164599
879822
732472
767188
551004
77024
47980
853090
608396
993002
496665
513644
873913
641608
262303
889938
993354
236427
851066
402158
266160
930217
837989
992587
961623
988484
82457
540932
363897
619733
496692
298747
620684
719093
673268
832818
332188
388744
710690
373449
754547
356806
498187
938069
308916
280807
827561
956313
640519
878187
861345
923811
124654
922499
260262
457989
625462
599455
80443
345711
580490
399317
987797
11942
951778
687787
331358
110243
797336
661953
476246
264458
751259
68830
477908
206981
568060
990549
359787
246205
129958
964179
454248
542837
543979
617416
954295
323330
109049
553264
476452
488875
559275
159677
218367
573273
729532
122851
809370
79611
63894
145535
756524
804601
368072
464869
352600
50002
168599
684868
353607
32596
424683
283704
496561
397559
618282
19565
370747
93911
49186
373162
935291
53837
152928
809729
827351
372200
904542
252306
818315
415245
778456
945335
285001
57448
270847
99023
982714
43470
438279
453610
586467
764721
564699
259534
596323
532159
445616
497380
812504
622807
362615
755650
214178
753448
85228
573270
657471
500264
613388
860075
159446
610671
887075
313691
981263
566382
825155
248850
280223
598286
209937
240698
870945
200681
931897
417737
558240
111775
757569
650915
218097
65622
823099
743788
818173
236818
10133
847022
967773
716013
304138
417956
137758
732147
461563
723681
605155
746652
333464
679392
618154
795687
811320
739113
777447
963727
351497
326364
27212
630124
279585
24541
736490
789033
845107
612060
435761
343902
384157
858879
905683
220874
183773
910191
256519
584686
611044
626492
622250
102152
284419
629934
956608
172523
124674
277097
840151
682295
673744
548603
349196
276603
145556
184390
867751
236580
281313
361221
386978
984287
795785
57468
529479
373331
16777
157888
810743
679540
187873
764576
571526
237638
650375
608687
368580
452591
621425
117295
700631
488310
224848
999388
169220
328606
977693
509906
460492
231897
943051
891995
498867
414699
395612
236505
606620
148636
147536
352396
310735
424857
905848
396865
611677
793769
197032
57368
831323
998535
754058
1840
512713
131936
352656
898225
795799
670634
667841
448245
242493
624734
683637
788756
829960
624340
430684
488586
831669
634938
422968
637575
804598
52401
89259
14356
504209
432325
612394
594781
672232
889670
453905
659423
56083
3655
743441
543727
204393
854963
373124
966436
691742
505223
204641
396514
822086
700719
912267
312004
885496
693185
822596
286565
30798
636624
736126
902347
807880
424110
909458
842865
607312
204034
469770
238192
78424
191042
735320
684361
970783
805452
918698
335569
506067
662823
810581
926137
13777
754257
838766
96057
44872
169796
537912
411097
371579
464266
473911
774812
575332
319737
582819
282697
237942
795534
812472
504407
91580
442850
82666
292660
130909
62923
676470
858034
896832
162578
919252
754767
919372
339724
486665
693983
953480
854871
210136
10584
349026
12659
600472
739066
130251
994170
457249
529433
623871
471549
523872
65032
618274
331325
135371
386596
617798
575555
367278
181498
899465
747804
167651
950678
84188
854709
805663
956137
8734
345999
617257
259414
725734
729502
599271
750809
412128
3076
839249
349780
412622
18469
453702
807032
507312
609254
469117
221708
108607
710727
142804
719453
122515
131163
175428
378882
919844
565728
529014
801739
393645
239359
35822
232134
115436
839585
288870
13933
499654
247531
360566
303
12424
144024
138862
876953
830153
314290
963206
46753
899691
681069
172717
76751
448128
824736
289469
63881
904969
62304
610064
283577
240857
808187
52012
30365
8920
665550
315865
870698
989155
917828
157396
275550
805201
816619
879836
877217
649745
198836
198569
295511
257199
642887
126012
130757
138357
793089
665873
35037
442158
789643
21170
191271
507142
845016
596518
20558
982861
295739
929286
989509
231514
778338
676143
524180
370380
554163
115795
151747
919788
260033
15914
793057
181230
437739
543111
568433
507350
645329
784005
108978
335032
558324
976928
33034
332887
89385
265183
316878
356655
315130
303
173872
875087
149721
363916
145990
814173
462722
415064
739251
772605
660716
779598
300084
292685
261099
102160
595401
384904
101093
167132
572861
888842
583534
323549
752212
759218
302979
543326
662353
293795
399712
356121
468961
718053
879358
985582
220455
593322
871853
731567
317733
519210
783177
252568
300612
35567
555932
292444
166336
727661
577296
247706
157490
409161
83087
516078
175163
799290
962937
283108
555146
56909
457601
424584
823947
932162
427365
309209
165229
993364
203399
956508
78285
939862
510381
726092
447876
518329
447826
981998
772874
439914
983398
341123
689285
29784
888617
114583
193906
998035
504479
986487
420271
354512
182641
513088
633698
46857
359072
352657
329930
388801
789798
23458
328480
254117
385259
342318
737257
219726
692449
974092
850971
374756
670140
182364
803177
487772
33809
966300
876333
731617
763466
922970
411953
292369
572996
78084
738138
337502
116613
129371
267058
935765
638429
341382
606801
512187
350296
508099
951846
751955
360796
810744
131303
159293
135846
152872
948819
456633
355804
972161
500512
60744
517326
536593
712391
481971
378573
79833
817320
973989
98856
438970
389146
883059
981952
944588
657491
51324
299783
148814
835057
37356
422297
146871
772643
3994
689974
135723
974071
81361
269852
343049
229120
356396
546045
655009
108323
171867
611554
229635
407678
540738
536796
960819
335734
315712
905506
807096
687516
889869
441292
988051
888700
575100
582059
887821
340161
434208
684931
413865
321928
71627
811878
571257
675263
315889
955053
602253
998586
52460
371286
2182
52370
800729
160949
170376
726586
196767
596376
939342
196511
284432
691836
118231
61627
506983
565029
832126
17655
554865
927134
294759
66363
709385
468749
924373
75731
980284
534514
950105
614079
632715
732284
409573
719959
478094
696904
427711
42969
30901
834039
100241
441681
642986
595818
727901
514787
936722
105245
692109
246456
139251
787165
810792
398083
218416
760103
556257
904687
462255
733343
238538
766823
290331
561066
24102
971649
55813
636520
757979
476936
22501
4561
840646
541092
502975
179563
956457
629672
433889
381989
972543
598264
283657
456467
982577
949205
113699
640583
656801
996679
257071
185992
949219
713318
795713
297970
344459
102532
788194
320938
614753
392314
470036
388091
227569
695566
61555
843986
101759
871166
758647
742802
776216
41964
467862
968533
837892
665957
912710
653632
349592
175503
296736
566530
219176
677807
574816
151465
894361
743957
630345
880993
524627
270052
876902
970697
670870
565314
221802
775603
242596
697560
385593
709880
114716
928006
567040
752182
928103
873127
310207
774888
432139
908732
940071
799264
552797
908087
543901
839203
631891
988966
349726
358625
361848
232570
945726
529295
241400
281524
543881
683107
861211
874027
215690
436844
433551
915836
785833
498379
51165
566414
747631
170641
445758
533504
353126
80311
77767
809458
3292
708852
91263
233581
718214
751103
602321
503408
838208
724577
313628
481880
392050
281205
880680
251498
505551
899839
191540
586176
125623
657255
21163
216655
962364
96849
686132
279057
825538
321114
864744
774739
168448
340272
384351
770077
690019
752590
946019
93049
736657
467027
830534
693602
372170
969214
55184
661578
566571
924552
301712
512712
192205
536094
160787
932765
833482
196858
863667
56737
379103
501021
921799
27023
858157
690987
385592
547050
241882
483938
147699
805578
154709
356344
991098
642310
30454
838673
971350
80639
714115
627418
946599
502279
85711
256453
840347
620205
272764
906977
900733
14054
312290
794645
990949
93082
721928
977721
776654
550664
748175
723600
601540
438806
647855
230438
814780
261241
359064
326659
788030
942653
306682
143689
320445
327153
81888
181423
157959
850995
510327
842522
698839
823508
167789
26517
732040
420327
42741
330157
790820
548907
469223
257580
715867
985106
207747
49456
808463
887917
883094
132710
554444
786615
296757
155240
360277
560443
911974
136625
215321
990882
163871
193593
75397
317213
570598
260274
708723
977259
307927
599005
849856
809863
541828
763209
460027
280434
474550
144105
994040
997656
848722
428625
397573
536354
642711
286989
625908
936279
448388
846622
600087
325487
996887
199442
350282
627382
874671
806334
532842
579226
708243
838171
318820
699345
697483
779259
217704
333929
829292
864422
940347
640877
280178
233749
640748
114929
846853
368458
946782
427579
760094
452490
914756
443598
780611
116217
389420
966932
327278
593040
588914
714023
339660
170173
251477
350652
286561
660823
877798
105708
689800
690939
835612
449952
654232
115848
955013
44249
903587
465845
635991
103322
737304
179402
446757
332018
361288
132481
330861
268778
558277
956282
302542
125511
464166
64021
188246
180988
710056
104176
100921
801711
588527
680893
335327
866214
57962
475710
761812
673614
628436
295584
889379
932328
118550
896049
466812
498640
961993
941632
898706
399852
390874
629072
407170
700845
473287
643512
428397
316485
673670
787226
52390
296613
650180
278718
130503
387441
316874
837194
733854
131843
756924
924768
817221
268441
407228
595156
184847
356124
460843
229384
752350
880974
206223
894886
918290
311951
296144
440698
420188
92811
136861
481834
500144
492035
302188
657810
775001
519159
220766
73856
227174
522797
195392
402121
595586
733153
903086
667718
203362
248266
583634
752751
488983
116036
47754
712018
942467
993310
608360
48943
559848
366274
764115
798067
124444
319165
672394
779407
4313
360875
719945
124661
967985
360832
976260
545007
962846
910453
459664
909019
308215
122509
72865
366791
779519
94338
632174
99813
357336
845073
969137
384683
206613
835103
620234
883978
676141
160326
30275
15432
222218
765313
88366
777084
448705
667888
561451
304166
57885
824647
938438
89448
175124
877849
189437
126501
863451
118589
394526
561333
195605
468698
661071
652546
459430
818389
622568
273666
117799
882259
817274
37521
668210
197997
187955
292138
480668
859568
784857
702721
701570
812173
839860
257089
315452
358884
674377
918237
504175
71463
661952
153429
416383
611566
687079
566343
764193
947095
498895
207215
907726
419160
491732
204605
236435
137123
667131
711250
939653
841908
593908
352918
150739
561914
696510
768632
584884
541600
592297
584515
688767
93366
508663
109594
445913
213313
724764
273424
282632
763675
338725
582566
652390
352968
289973
733026
204338
239191
776873
5064
733505
831730
397469
612536
582866
163970
643144
855843
865982
332609
765699
61995
141070
413213
255975
724695
589287
340998
303315
953135
993632
848213
232013
411962
770932
10712
154816
914258
998355
495870
55587
289633
380819
805916
860027
671866
765827
810585
101686
567510
862688
625532
313016
561897
291809
8656
522740
628960
695213
846130
101360
184058
170669
853175
468586
812224
207931
657212
31193
82466
222137
91211
147852
917232
295359
419558
687727
960241
745772
505524
322989
697892
970589
356357
424687
279953
512956
452036
51649
938314
77296
74040
238422
887235
558962
417526
759586
81355
158272
721191
910949
47910
467114
413618
106440
314441
361417
840454
860704
868658
367247
294789
494479
25249
840890
914064
341065
599734
194659
585771
536884
277608
950003
197005
785449
234399
797940
152967
764888
858032
644037
502286
761096
960051
771112
670055
664699
433217
51382
568814
373615
857359
327794
185666
639169
118626
536506
33872
404845
309166
635481
899835
194928
582095
924922
567013
850702
903267
288695
411421
766448
752962
332432
427813
70437
472986
761208
524190
573961
112748
736136
787794
520579
846813
901271
521694
629608
971066
218337
529402
897085
957579
422371
189607
402137
968018
989001
372148
721193
428641
659583
222764
941965
612181
107620
470303
894112
889650
189917
631115
427670
505244
864710
601127
41150
379184
359170
13261
25894
168381
201651
507458
882333
513379
427717
915811
559123
185222
706597
534637
677597
965998
546000
850280
202709
252222
301830
336817
98271
673742
410333
516131
34182
412520
75121
866977
261636
841180
27961
256835
995936
269888
830069
421723
419122
744008
361539
975651
440130
720637
838097
174148
930127
405597
811693
679877
115307
859920
360249
15246
324675
358658
375418
251992
178173
235553
690831
304436
940858
712117
946302
909812
445307
953622
686954
576378
328607
510991
457121
979803
900042
142
567890
214639
548002
128004
822620
177976
354995
282335
518017
608748
933426
340513
59897
709152
159647
220381
246499
876115
235139
906062
772758
837653
974617
726356
853334
534034
583305
140108
777186
71423
968271
757642
796074
458336
640699
110134
613278
85043
275537
79424
943714
847293
51152
584513
373598
22702
41680
931440
882993
796211
433156
819069
326085
916633
399328
332685
823357
522649
999252
288403
522700
701956
849333
888072
6815
934092
532797
476486
850874
874028
592361
950470
960353
18165
564609
731764
530092
468790
94004
439468
222654
331016
38945
757908
147087
325235
957846
466276
34176
515555
304568
962208
981661
761249
565721
167733
745574
157901
113482
77491
731862
51551
759750
700161
89929
252455
603088
874089
303021
206959
384040
564748
323013
428541
73897
921975
7513
524981
384322
711374
102078
130202
151567
560037
986941
746037
428243
722286
481251
380750
81812
70220
936677
728407
197587
738758
738989
927849
521511
196823
393861
854117
521717
273762
376607
854781
423502
410946
76030
356299
622053
246720
254213
70431
888043
12446
511578
801686
313417
547792
836791
669221
608249
806346
241741
377269
360770
777588
955157
137449
711630
26555
236276
443515
763305
226241
898249
58436
21464
591092
903127
413466
910676
973564
79178
70291
32098
31694
36392
404456
676048
653598
282901
145461
104398
350257
138754
959965
1062
822096
229684
354891
386841
825304
956589
413779
311192
613999
151033
809270
955292
435345
668118
638724
97250
474568
82496
850076
131014
136186
913881
999823
590331
779484
265714
405155
372453
280005
611513
545652
307539
826397
707839
796084
397084
709748
534051
6290
89557
805871
327200
955321
721196
389405
592817
430959
164004
655911
443677
768350
180653
57702
320354
236592
948703
87055
616130
879443
66835
748169
317988
487388
611742
866399
891241
212615
146219
660113
46349
978461
405492
885957
20661
885742
239645
386587
665691
901246
869933
952286
775698
643132
218089
285526
521144
751405
631695
980282
524408
252392
473644
886146
164665
68218
855578
263067
984615
274281
4506
606068
713564
894934
353930
544758
168362
599996
928834
175120
923527
795861
91473
771183
752662
196635
763919
64141
805198
212779
357919
437281
43849
584646
251652
6260
923755
293170
949340
299540
79725
511486
572476
582369
835269
745442
388074
934212
620596
92484
970353
634304
868907
174487
440549
434656
576347
734558
503219
658640
249112
333775
766692
856776
323241
41682
105582
983779
209966
569000
245303
273934
81838
683241
858151
728796
656893
467622
313512
842933
918534
408941
51005
984879
379771
625066
836412
844021
507158
997994
267113
139107
150538
758651
886449
62964
302987
582960
584448
534867
467447
340545
581311
276813
538783
901262
789293
425256
31094
436740
284313
64269
864213
18265
747770
792032
787497
462769
67435
191088
684922
602722
703941
622026
872792
270997
901211
308712
623652
484611
34188
739847
799928
353183
825481
238934
49012
48851
253476
689418
524774
56610
288208
371982
748693
790700
552443
993432
381675
302096
692229
359639
399612
232875
349147
423113
744375
490303
15413
855400
63592
757616
387944
717124
876455
290151
990888
121900
703073
988569
342366
291270
968256
284706
117410
205118
307258
324171
277781
850715
632435
96747
898014
824365
750032
971049
352063
921891
853337
922719
773395
583801
90890
785050
45222
869454
163959
944766
465841
542611
620441
130118
254640
548448
639416
258474
312162
91297
496311
975065
815901
148013
872183
199782
861835
436279
785129
284671
52357
304989
92788
820375
255242
763358
42495
83750
523291
568297
686363
342342
166967
475216
872592
590782
788654
805787
667971
372188
138981
746489
801089
40955
729125
961106
80426
309796
389151
960311
967868
246929
729728
315515
839611
107469
112813
721691
352250
637879
295580
828760
659593
76901
905998
772390
632252
10404
10092
791869
74707
324190
541629
233356
528587
327637
676738
771725
775168
888331
669743
81139
187133
315844
817734
972353
596898
951395
449425
705204
987889
258802
853243
266016
136757
146621
646667
960345
225231
762717
607486
496264
736542
327250
545025
992285
598602
802698
157832
407203
941998
463294
212878
292015
412319
864252
94633
138930
687837
15103
637833
770734
289750
745786
953741
198917
529233
905972
458945
238701
761277
755788
291896
407424
313559
674846
213634
480048
640114
18942
541003
37848
971622
567137
63312
604653
641239
915100
501886
865683
298849
772740
949161
221132
116573
425844
92582
165899
621587
65644
428805
688679
798332
825046
982574
369387
520114
437861
62807
386826
363766
885974
122719
966960
282270
364825
330
625779
876249
431432
841562
647400
319456
22869
538374
104594
458427
527107
227481
137142
527789
743755
618154
398730
69438
650015
487732
217355
678051
33546
893777
755182
76171
950006
727256
831406
401480
498312
599375
69188
360984
328038
650447
519669
818832
46744
789747
741573
742244
964044
111228
557257
526805
695667
692869
569562
694007
681866
487645
613862
326558
55731
343238
30240
470309
185345
400713
758359
732762
653523
407540
601765
394377
266711
469426
324926
900836
833328
666053
897192
120844
374450
393314
600585
970302
496970
470184
151068
517149
143739
463807
82046
597783
781059
562249
109925
623159
712348
261064
899887
265287
729374
720012
59608
856224
395201
707798
693702
777488
563841
639759
948543
519974
117338
493790
322426
938908
421427
519722
40403
835234
558231
61228
272215
936515
1886
805935
711935
236726
543402
311463
858298
419396
441869
666604
30819
408144
451528
517329
933842
508360
581295
791461
599374
54375
104360
16966
441120
101412
206674
10908
583043
347642
896705
782329
490935
847253
698728
636171
773492
537238
320784
507708
5692
482307
268612
866534
808393
307982
910095
97718
85862
154624
135901
588444
236826
849026
944959
68140
48767
224392
711114
319700
282160
945691
575903
48570
332576
887233
745028
355186
749576
515850
951729
174489
308728
48826
475560
876945
840591
965006
976827
757081
115206
49965
197233
568839
253798
164012
474115
659237
952794
401150
229633
430758
392735
760439
305298
306243
638807
105083
680408
830135
845821
762119
882546
257555
367731
568603
516891
627902
257080
494083
946224
658573
139829
904385
944142
934843
497014
342809
175577
788549
429814
996473
347674
262437
76819
14978
200000
336488
109600
339895
450823
868718
698969
638977
622774
441022
575473
996508
484418
781956
637832
690530
87312
903784
729273
122994
805080
953419
713423
645949
889573
420064
192087
696237
937785
107365
443536
102897
31821
674877
660415
900521
700853
953068
475615
632235
71906
551534
490294
386032
766594
563828
341443
389471
407874
949436
918932
957683
274291
749708
154996
940811
481418
907978
602752
920014
80066
577595
764698
85688
621980
653462
12663
137990
516550
688196
934868
812666
448986
827575
779846
232971
535037
900196
978094
729517
751336
615582
132298
259320
794755
489680
116457
793143
180141
902551
267191
207696
288600
116282
993398
769163
143058
683207
932238
398144
753118
477899
909307
348706
57473
991981
895524
729442
826200
611367
925580
833665
33574
525218
851105
193653
704428
857390
696818
702135
525169
184795
775038
485479
47329
112054
425511
362333
497170
544419
766726
351053
845857
947924
200792
771990
300155
222307
350229
637351
770680
945746
88097
943566
616161
266204
291547
8671
961810
986871
428436
966141
499387
498857
400090
403976
200960
514500
827698
584483
315969
466624
147043
151584
591475
596595
927279
457035
267693
375343
177757
301136
744703
133496
279857
905609
335869
370144
213950
216616
967513
172290
646226
659262
524974
313239
336399
6630
138969
470584
28441
354704
938754
765488
922347
107565
576185
225405
349892
402804
289787
109476
60928
116432
923987
250286
8065
594022
317789
882754
320268
409222
903526
32736
724400
624109
907247
63351
990368
855796
350992
592996
459234
544090
430650
622025
324768
81001
894293
48005
52892
581255
994568
261205
543233
138011
792470
100231
724116
300249
797541
980118
170569
454892
430107
938919
151474
222591
43169
839263
776338
652649
742601
765791
387728
212274
611596
131421
785671
913222
677100
611872
636602
718581
781560
701271
458277
758117
733294
957975
892399
863125
210746
111024
850875
361806
318621
410858
341981
488424
45161
489377
451818
282038
838824
934778
388456
939343
837981
232513
628900
550394
297826
882017
279587
545333
417328
314111
540848
327842
345726
879027
945556
477903
971456
119779
545508
326752
311184
777470
770100
521307
744042
332818
988905
736720
813458
16971
54573
93027
984400
652169
219323
258360
903195
653724
813785
642745
913876
555039
575910
143238
393385
189358
541001
180666
354330
862405
311753
293270
661528
839862
3515
413645
394697
124230
436310
630060
242601
343846
12579
805731
308874
632201
635535
537843
751868
127334
87138
496310
562439
614412
376394
596486
125589
157724
318353
331723
549421
999528
504302
466597
255514
214759
379319
869874
506154
110929
932020
457276
363858
190941
47246
272386
583599
573077
765158
579938
134247
713938
35394
825440
348142
61402
684450
757205
99172
429010
441777
68726
984220
119138
558615
337920
798392
230692
710955
260221
243568
55047
26694
961526
994353
743174
725746
790837
43746
172737
891586
421942
328065
232053
328827
185770
938284
290973
450544
282343
857084
509476
512427
529839
687500
937925
685703
214490
359703
504321
571803
916131
405567
635452
255825
412045
856298
277301
452116
188464
85447
802336
252392
708900
69935
589922
793555
651336
18790
737896
683193
76336
689216
13029
945669
693801
887712
159526
344067
259049
788700
618579
609804
990936
653372
847364
120728
241845
208546
780093
53623
376871
298179
893448
474715
541025
899155
473262
538573
867504
302399
57489
349504
279844
250004
541161
38531
924633
783997
666073
106703
100513
36457
833773
438720
915023
86347
912563
638433
695586
336635
652850
895584
907277
795386
176651
145825
57631
311827
584043
112110
732820
754204
458923
624331
172279
127452
774852
181799
486066
486342
817586
788911
306804
315812
96740
625853
350845
749199
56476
398510
935113
832474
498793
979026
39511
748687
866175
227964
74260
74641
204848
592632
386217
103392
103369
124828
239390
916091
716491
115191
669417
579296
797253
3879
527063
233391
435787
674631
4054
969261
795861
672453
540700
150756
382325
985041
393464
146870
928497
841843
865330
994126
611057
274082
605040
72961
428216
638283
725015
660114
392566
433330
436591
384677
44474
463295
275824
653686
587296
189197
429192
675120
546343
51729
151227
269291
367393
630501
762085
672645
94211
473520
170907
8924
242204
169844
891888
888229
607651
605492
608083
729900
439273
885888
642966
905832
29293
60447
104521
53626
553294
349655
847749
480514
40667
739547
303236
324638
940870
651922
918125
334528
642680
977152
930799
925803
990974
208019
788739
276234
51296
386380
945555
761453
172370
860360
617849
29217
505732
493227
917216
266986
86932
332136
297863
419359
835172
583278
778020
554595
485189
860082
84837
556539
707090
504533
470481
620049
516954
256307
602381
258244
397621
754759
813307
169578
860151
71678
829885
189667
800963
305943
938199
793947
356151
615411
969267
646299
13573
510526
883133
142732
779233
354810
980270
377546
563414
42789
630951
877665
421044
916615
857779
586215
524964
766426
336175
158838
511836
111829
860486
54595
797229
963543
171540
966048
411513
260909
248300
434442
184387
710208
351925
712304
199903
388702
854255
60929
787400
969635
319507
400240
483088
929539
640601
498823
886258
259511
349011
502373
408451
927874
411063
872598
422343
6623
570426
301453
639008
333897
242263
693568
432290
661222
295278
249760
784002
626897
538890
843060
30380
501763
609211
458961
699891
76957
738850
924408
316259
235924
139979
114444
778354
557113
191988
28014
146261
584932
51244
216759
629424
628284
588247
871569
449381
978534
270030
503602
305678
83976
996963
987574
123013
39801
259650
5017
454112
4423
456243
741838
85818
604068
148731
93118
97580
24749
787938
477856
192859
627544
87312
967985
271531
182138
92049
46353
13330
778867
813432
11706
849607
479799
586847
265885
281496
340985
949900
716571
418139
574389
741039
266268
141244
671835
485191
236560
18486
400595
888613
812928
659677
907889
787593
209744
196439
260343
847784
237459
743531
831105
192399
87627
367025
854225
47329
259835
674409
621111
285628
567531
523432
720989
437562
694712
361773
419117
83092
447701
825106
436511
463136
652258
418270
229090
947515
234535
27511
578918
24065
293677
556981
971588
586105
951737
243857
404555
944206
254118
575676
549608
551096
463710
861068
188465
853178
129332
616593
233166
641412
481697
680326
42756
881592
407002
438883
987807
355849
601290
916048
447420
745344
778353
532979
977072
967001
821337
884394
130905
255050
172848
296405
43071
751651
204551
418826
287525
578768
338534
938092
841714
586108
359753
399765
181559
398480
632379
412080
309341
557337
123918
915236
185708
607112
652725
928491
480570
996946
211006
725313
900526
833976
400238
317303
50032
852065
544954
396646
182511
944803
350496
782081
61774
48672
413153
239492
697708
616013
265435
147529
757454
969486
863558
705273
556907
188157
636811
85983
697685
425546
995708
847000
25727
629052
449204
134567
617839
919830
295244
325925
549313
763605
915319
986005
458773
636053
26363
119254
533654
792978
679757
982321
902888
971468
284615
476882
794861
843844
819272
40980
163124
830628
945768
15221
456959
296059
546774
855401
918064
366182
292305
218122
796815
838026
315967
461292
239610
315517
559405
81551
848938
198852
364388
835630
466590
314487
898148
845876
713190
431041
395776
440334
441229
533892
377429
672923
456804
885017
230952
990657
586727
543029
892508
66265
691791
658215
884300
387466
23347
639933
420235
186227
171291
699015
517813
723842
615971
824371
716210
860706
56009
863127
754439
192913
715859
473166
177176
140367
307360
602937
537342
415346
506697
633831
48385
375767
547315
315727
62130
624051
329460
506234
930856
353479
706783
483326
782485
183666
378030
269028
160835
492000
668619
916779
42609
45472
387003
896998
203268
471060
629351
649344
975212
108033
421256
220512
710868
564486
265583
187495
618309
918570
558191
221590
630872
929806
361512
993101
410774
279617
597936
805550
169518
345906
106079
97760
276945
694720
514039
303280
832110
195886
120174
448145
93317
123506
473498
660676
429738
326700
493304
353491
763673
972596
106713
298999
570992
718732
922346
991449
506061
748405
850974
494069
402500
179549
61754
693083
738621
955381
331133
781967
463593
723041
420009
181201
122591
213513
576882
722615
697879
866317
598786
235190
101889
951061
395623
847999
978563
930693
334746
315653
277006
309456
801837
685597
32092
771108
70224
751359
42632
948099
609279
601833
269385
978994
494988
554723
888460
164426
678916
997917
42798
224811
277953
418676
994515
947728
227468
178451
880357
885118
270444
740214
268845
367063
295248
764042
699207
75659
193684
896689
492229
794286
476019
750370
154915
385124
50314
900076
734626
11896
954117
571866
861955
314892
14760
313010
500321
279467
441148
261080
130091
631674
145044
718160
156925
525837
115962
245857
19227
186583
950011
70740
976650
879865
212620
201372
742282
460923
460440
89167
265523
161752
857383
922386
521706
146995
621484
476884
506817
220328
349291
204849
360489
552638
588997
938678
615380
563192
94561
848324
287787
680842
93497
526605
284777
625961
508926
488508
854290
762875
761897
235185
485780
67758
459488
625834
618296
245157
117057
617021
919685
597132
536909
492993
954546
139148
303092
410189
35461
18906
431673
915480
252236
89962
833473
718144
929399
763074
532158
686438
117520
580713
679538
593462
405529
913726
355555
324036
18817
223012
201626
483794
815490
890267
475735
981166
745114
330346
269204
490552
482531
372536
269876
681857
468561
434747
323848
120975
903752
210311
198654
697918
131928
322184
231783
443905
460950
41803
757539
949125
776792
65526
650924
824118
848524
97880
983483
523418
380853
59099
960026
181084
470020
870614
549447
991972
305743
336639
41474
269089
883248
392702
997940
301288
530557
622492
205756
108150
884319
646746
94295
144209
467985
603550
241450
198861
104567
170697
851631
811243
936856
327908
936762
498524
488378
876280
111783
406691
633689
127420
468130
304856
843139
130857
248659
118408
383763
854826
473060
301114
438344
216367
442800
589005
662465
112353
46409
439293
692439
628464
63398
454916
60823
73159
798632
241629
252890
836001
472199
569123
478723
84597
144989
261016
350293
615885
808719
310275
362734
202037
979220
846192
583652
525390
885219
455899
784187
233794
295165
902631
651648
394194
533076
696137
429316
846987
134807
57730
804600
801431
585691
251721
911714
697839
645159
241606
427514
760430
602844
742139
116707
580353
573759
77694
977865
571707
664421
221921
459667
440709
636154
399346
826757
130162
919213
461085
837686
516401
828155
100144
813736
699164
536791
917623
34569
28397
271539
14726
320901
798479
382318
745493
187462
804114
226522
123269
956873
549689
814376
643841
450398
726830
996019
919552
443388
438870
24549
881254
985598
714622
296010
436490
187198
894004
287791
963219
486797
1459
221814
373435
356108
163190
556858
513077
941290
988077
790297
938987
864058
602381
556322
670944
427183
518786
776796
63861
552823
984000
753457
769159
314482
244279
148150
564213
9358
180005
481880
220223
795713
987717
446052
392138
985057
129829
775026
992640
38243
674389
313199
675348
747246
839675
235206
841059
909979
780932
100267
175222
341772
992693
172484
594532
285862
265503
683700
127956
74348
97713
108420
360993
468729
252456
618608
581910
183194
318497
773004
381016
49669
713486
962769
279587
518074
520903
989192
810476
533301
727800
972114
207910
761677
226873
513938
833633
31724
919547
968759
776844
915179
548381
353961
210523
125514
13982
639119
875908
840969
314797
292027
247779
482213
484125
852659
945277
479090
888948
894045
236321
928082
794787
558662
911978
990479
721423
962447
819042
929435
900814
105780
289025
391649
316141
799034
445331
437639
82158
731445
350199
603971
764751
231475
161091
48215
671109
513736
347269
698794
397704
389623
341861
994501
281863
187194
140390
697574
638589
286447
511627
679492
653723
116383
639894
775072
789029
767979
133611
297413
622617
267925
585364
190940
71305
99560
426782
728110
512970
816837
625824
368886
492933
730316
834267
274914
124715
655075
955261
206630
758405
703590
772992
726077
263273
597675
82863
875454
300552
24560
309449
88535
304869
511716
50942
611368
48736
954383
395030
177342
123696
539934
254193
558506
655664
684879
956265
652350
502416
680693
954899
428899
183468
238248
43749
664090
970425
344845
493937
567373
957532
136958
159376
636881
190549
117141
647002
991803
145944
224346
847569
441628
120892
386950
139037
689050
227916
678452
988338
763564
376316
532387
301838
661681
130677
116714
456862
505326
668625
878073
826944
136290
153891
672199
471907
583240
70957
613534
817611
621865
176693
633407
952497
885915
73265
36530
440775
216665
853791
798447
303065
672256
28977
93538
4367
222692
420966
818015
454927
996557
286772
452066
283519
245585
87073
609025
568616
181455
962993
65328
854134
674373
586042
842161
815964
562511
58323
289622
953812
355453
735595
242612
902724
707791
952566
909414
997180
433232
572353
162427
358876
698636
440743
806397
77395
273070
476764
31135
530882
838651
21670
297410
188670
276005
256428
226468
568757
760205
621159
763365
396008
41048
505333
983799
959958
694892
769996
604770
795641
371848
623691
408434
309801
633854
618540
12926
527903
948109
318934
555221
908181
146271
160079
198598
360968
637595
882639
986380
631519
443496
294384
971220
356134
483968
394881
556781
939827
734380
21881
930379
79977
558562
78088
485496
260315
792439
601289
580376
67912
161986
129620
490327
722052
685903
151345
688497
139000
404157
722919
261789
835008
389173
584562
694679
830450
381575
119634
996361
659518
374882
888128
180309
271345
827824
446204
751617
822676
109196
287041
172352
