914287
754336
458805
363260
423321
55154
747988
408554
637174
948400
430517
115426
728887
793171
152437
492316
962061
715948
539850
873935
779140
340791
266729
37327
895545
513418
885271
428944
134778
91944
990288
723592
909624
394291
107085
734643
833451
271997
409846
570416
530115
107839
464676
461704
848070
893282
444369
440527
341131
729851
856543
909476
459345
819028
7234
427667
425020
879973
462858
804953
34286
125282
967312
697799
120574
741038
899837
73535
947288
510701
778162
729883
636273
892023
193367
607086
221284
14824
941571
650082
320622
671764
762757
69824
767299
684120
529997
408079
970699
961163
461626
577619
259132
312660
479681
22774
215189
227541
953207
315525
840500
32261
287675
459089
792916
808412
456258
116150
305191
591975
834816
848312
429388
454779
108208
719689
313005
548870
259520
607527
560184
825537
148188
66338
906552
129537
896982
542139
218319
179437
444015
531496
787218
161162
383237
269109
521281
138674
164248
152644
639201
121188
146874
335605
579320
432372
162771
95904
523301
891619
393806
333503
461337
824521
482340
217769
601526
515311
604675
979769
943682
741369
445082
4685
373128
581184
546116
181546
612107
281342
74958
118845
512424
990563
502119
897469
926983
655236
194851
648940
341565
306035
603564
837051
704258
901545
269829
403789
355338
456160
342460
504852
495042
703550
5676
337496
122600
360171
105004
220566
310407
560963
49112
982149
707470
186215
112825
105203
93516
735726
453204
88846
181579
416185
387020
983615
687878
689509
863156
744881
822855
799449
630261
269040
447522
617534
662937
741228
956551
772622
730162
148956
455752
983942
405737
63423
932136
231925
887526
910525
66396
35959
679577
648557
393697
394939
11492
973424
547577
138431
701285
184442
151299
74206
89059
814129
999926
230463
682068
224749
778810
433007
548744
157344
770851
657097
274614
963535
393354
227794
207009
367166
845002
947169
57511
986218
370708
729403
430694
434992
91056
800637
815627
702987
874897
412338
914744
255610
3410
208517
858321
776768
376851
645136
74084
182981
105643
473042
14835
853530
542664
703935
175199
260890
382506
296498
626546
50156
649656
73342
952328
953700
527934
711522
174939
283273
819268
57690
181418
82033
830348
211538
302470
701769
836583
611318
108985
247089
895092
7332
114259
582852
898550
122243
250258
899189
689809
655725
747053
419349
202401
732168
685181
620657
251255
927858
545545
884503
437233
524890
395820
632121
21429
675116
631461
465899
467722
792164
691899
3527
925331
780548
220491
504048
556648
193185
768815
743987
203090
613911
932365
541129
722147
365724
900025
49337
896368
178034
125064
781914
317869
764278
234034
573238
518243
590998
331875
794635
46992
740640
853598
175211
927963
52277
136398
664579
423986
775260
334059
753080
960578
337522
215173
124269
549650
356351
620977
634529
33469
137125
273229
366390
28874
976626
111089
672076
961513
413204
659379
280396
702732
472300
384023
267265
482720
659899
849042
813216
944871
138553
998841
982824
395764
257988
12043
396580
628098
714870
65239
89742
621168
264847
467147
309454
263005
532049
481883
632096
640220
864363
227338
627475
117332
375181
56792
167917
682871
291162
137608
60972
550813
294588
25229
30375
5244
595793
424081
288979
130374
266306
476833
710562
930207
431861
288248
286406
121594
375192
876902
92372
637199
547614
98716
923267
723899
172231
184023
444371
625331
736151
182055
36490
831014
657576
340955
606361
600303
332123
486667
294750
82292
955306
612482
589443
908062
912729
280837
901315
800245
181771
283716
725901
363991
327921
599836
259393
900628
325277
341383
206295
245289
285621
267105
663263
681624
386434
957847
528867
531232
82472
953454
608104
109150
267760
719598
399827
497344
298049
711529
235561
26081
968686
67051
15663
521094
100713
539327
84784
610356
589652
292636
500765
328364
428856
421547
816846
306373
927375
767030
331495
815524
32251
513070
356182
760026
321178
682777
66296
780633
224177
782038
179995
184596
390085
947214
679198
349363
780872
279737
39477
972400
494001
986314
758473
514449
148836
218297
800124
130562
302673
197994
260042
369614
94489
56447
306571
955386
136682
662391
356885
275326
54827
193793
776190
328865
36051
484385
672830
306800
646356
665278
167539
763226
421685
464453
967615
930027
327614
509758
535052
599139
50956
803497
915952
242610
260356
246036
537451
365267
579748
836284
975885
309634
831221
682269
890357
329307
933597
974105
877108
36497
65681
253185
283663
529287
133735
261698
735523
230414
323849
709486
572451
404476
495430
159270
837437
626533
622722
782818
66908
688761
868110
666269
95174
679418
174098
968543
445413
971224
533927
463080
976354
341738
351105
950262
496877
916107
991497
651060
528921
368591
954889
721727
498149
598241
114561
140501
563862
711930
592535
458844
542975
86080
330154
849485
353315
484281
552391
33403
887601
643818
869300
176196
339565
805072
93802
953043
273456
223994
973665
961806
481798
224897
683715
770083
444597
518502
240706
193002
801309
640134
271877
325815
794747
610044
246845
114688
195079
564627
856599
906789
211262
911590
745226
514784
128122
512663
755535
93130
206012
663656
425713
162246
251084
577785
916090
325007
580599
280798
344845
883034
38711
300892
568914
714599
993265
920961
911435
899626
391320
183389
502342
296144
381679
808032
520491
47856
601067
488017
546101
486159
223670
322089
185469
129104
989008
706506
731506
61238
288272
502687
165605
794647
199753
357457
985857
338080
706184
255650
289048
775231
219385
857770
642392
213745
119849
462636
118748
525544
869221
2069
622687
487832
639234
861072
441099
83678
879606
14728
273392
365005
670948
494139
457104
418263
810741
437175
18006
794005
464097
908789
377703
136435
889294
370255
72401
377531
699791
417502
366305
787388
43085
305204
156753
633430
55683
795123
801693
714597
177443
769736
376886
387528
813718
910344
32016
354061
138849
164005
323926
536699
384163
321228
652862
966843
146810
445983
728758
709027
9670
277258
208637
340000
280517
752004
559311
819008
76958
280036
263800
565466
941305
797149
503050
66522
989387
641432
456170
957549
977135
807468
55748
994053
43760
746045
246111
59337
573219
158446
232970
23005
272625
532228
285814
345929
613747
635352
220894
367944
557942
702904
423264
43696
270110
356636
845232
275769
871782
230016
522018
685483
203717
388003
378852
309992
673068
456154
240078
343251
127404
452497
740754
879644
449653
845727
772174
118378
872377
576773
926272
371875
364400
364484
805017
628827
168372
940440
225514
942678
857996
172820
857275
112891
634885
686171
118971
944792
15932
176824
148433
347340
802873
362971
706833
79381
655030
932849
705738
157943
771261
175198
103996
564165
966447
544794
830631
800143
848480
671141
261438
261224
496096
37544
828794
552338
168725
388138
245836
998984
927876
379883
930346
671208
592494
932385
438091
836604
613527
772556
451053
146148
610722
466680
848787
336929
862104
79311
642189
163776
891463
818456
257391
872865
760135
561936
614307
246179
91864
618659
288027
133485
707815
900935
869918
43484
568175
824246
627844
112388
770428
58438
168125
513701
559883
453222
942283
257900
867086
383799
47568
233698
582923
751748
300865
175541
594148
117152
85754
324577
742129
930459
780588
827771
166921
418272
924657
388442
268256
471918
678464
109730
90506
531825
578300
481902
748574
246333
868647
828954
816438
891622
1908
928554
270994
76990
665145
18906
819804
55212
180611
722050
916102
491813
29380
365094
947535
738442
259047
93848
585381
152030
939716
960522
91557
971810
89071
515252
295166
279695
475691
195422
485235
972400
112380
304139
899455
176729
998618
174786
731282
486151
313729
892473
501754
403478
326438
443169
546525
427161
90564
705481
92898
495321
317203
927855
919728
453165
150426
508842
593934
751027
114524
580717
84650
426664
613742
387256
882997
418154
107944
579425
119211
873863
179066
515323
921392
959105
743702
126368
105046
246880
459147
790176
937148
856628
763826
578054
273872
973734
133633
190723
767284
485882
973756
737146
362622
651172
432588
761575
484698
411331
175016
318253
949131
676094
75567
484026
316046
936890
148824
972441
837343
521461
792769
807316
939349
671362
526883
206403
208168
284321
925223
840821
115859
226874
310482
56634
796244
158198
787803
385676
692241
706619
567773
996888
952660
188674
655655
787436
991095
285654
315697
820862
356763
660331
109034
567062
910546
285592
539820
814361
12701
473586
847185
675764
864335
115911
810399
213985
421456
634676
781598
483225
276221
222115
19403
338326
938605
499301
132453
353283
636047
456616
387876
435587
575407
256917
333001
278811
725207
543688
857041
503997
874194
369901
521283
615666
421452
249012
106345
953699
754453
355312
75803
763459
379908
12177
950454
35549
918648
129212
40428
202997
805562
515140
371317
293086
435582
248456
832804
153688
477064
529449
717012
96867
934828
698213
59585
651428
903022
940501
164339
23795
350407
717311
944276
746495
676617
831385
159331
928414
51098
686299
356673
404981
141916
512639
881897
61249
796653
166424
38781
15487
975370
64780
328315
431742
974606
21168
421134
143039
652824
896255
409793
606022
872139
481909
123150
320832
640304
490510
106645
83152
850166
467734
659240
182648
407769
23981
569411
870752
670047
513753
698649
145542
807039
681992
604105
854083
713821
886176
905519
202038
510128
325253
786647
344015
926917
333735
422733
438394
802012
524292
117008
869093
696944
296065
678821
42928
744021
526817
763655
342704
27897
134559
994172
456160
190156
549870
750338
769894
837180
371211
714472
939581
689561
829371
458554
645827
831448
434406
39125
623521
734003
167568
658328
101522
197677
886576
952891
92242
188916
462767
698873
696165
476191
776062
934121
963394
524182
324308
253355
489434
154384
254787
3197
994888
760439
133366
24749
388182
177705
973833
307369
488681
921624
577797
571250
377995
163857
95287
742383
536467
3994
493355
58398
193715
632371
159370
837669
170142
567999
436365
623111
586260
998717
101021
294066
184011
820206
822025
828917
764283
261531
617635
56206
194950
428271
529464
761633
670083
217599
469289
665285
688486
195883
601322
581305
346765
654876
660695
94068
101417
929133
690414
182938
578823
663974
936173
118410
10746
250979
753993
299092
860391
442899
984968
371656
337453
415388
125947
39402
173999
240860
808540
527361
741503
393995
870336
505614
229992
124284
566840
332890
864408
664450
12298
98601
643752
144815
422023
537034
912330
186552
31817
347856
597966
205428
506123
60315
193809
422851
114085
224207
96514
97099
579042
386151
533586
375006
979264
491746
71864
592760
908419
99483
827998
93924
376758
388470
69931
497213
137087
150454
334574
13458
197726
868972
51748
762019
277826
488779
142822
86152
797960
979222
19890
229489
690320
844794
110675
943240
538366
447928
117808
321587
932746
777466
778031
889397
917573
656647
809668
822452
642089
144466
796506
647893
305755
294317
617052
425155
461823
573723
733600
548559
359160
460802
783856
400753
738747
513727
731767
588653
492878
352212
155013
366865
572707
630909
241087
761947
667915
388960
254310
518391
882201
54370
144194
813989
997588
83734
454890
745337
386839
148112
990323
310076
390729
630872
430259
924016
33397
218554
188912
271793
15685
911034
244458
271543
104352
962725
849410
424248
65181
422851
656006
572522
373538
499113
81498
65254
193118
53163
433476
192168
488159
27118
851091
836787
870288
385179
599341
420818
702227
441199
569396
666233
852919
828847
278101
654665
702358
941817
710829
700594
602382
496502
159447
704051
497498
85036
890006
872765
464588
890416
667676
603573
336105
515576
875125
25240
765089
376975
635859
782714
999017
507233
881782
978919
125943
201718
161527
276138
864089
226300
401586
428268
15091
455484
577870
449651
808275
377647
556715
907468
960050
640042
332838
916036
371338
967988
116747
525328
76238
656568
499672
398412
592523
842966
26026
678944
815193
783635
272711
129535
633405
444785
611335
892105
974687
538650
811743
130961
415522
944886
894667
872888
428645
343132
716824
375544
507030
757348
620555
754685
645678
908187
935217
198957
318028
658576
176516
418697
438770
245963
95287
526763
144022
669981
633055
181231
539174
870611
299134
347502
765724
533828
783916
179110
926009
64458
840740
545909
176224
74509
763240
902404
238802
731642
27218
582913
714882
635603
123641
183556
478293
695137
160636
596307
511672
266692
119598
562625
692061
451691
886750
220529
47763
253470
790977
421880
621504
303480
736126
183328
344190
358387
118486
238729
906192
743324
400815
447019
993728
556837
250299
346550
163030
928793
648137
838746
562166
84970
881384
129698
220567
387174
601843
776763
95324
570824
843198
382867
187473
47403
94620
490077
64067
654809
652170
570673
817211
434562
840635
260367
920537
940552
728576
271684
772362
270263
679764
95845
391910
674834
656385
180280
34728
712136
230323
501299
331723
18758
445143
318684
773949
789862
999216
652687
833986
606213
989686
781598
111080
202162
554282
145938
130339
486338
285947
953040
943684
723264
469070
93271
247962
780737
19374
738790
407589
742998
573712
30395
113459
880668
819073
189301
212570
224365
570158
341019
79249
886329
46288
967669
834283
267119
920178
554712
743280
819604
642592
588096
433241
639543
550062
847829
822312
341243
361570
775120
205346
188179
734335
627895
796074
266765
620143
273348
224188
419717
921355
491812
468674
782074
631434
625563
444502
667389
781701
979844
959445
786053
969187
252214
431452
255776
311398
681027
218530
801156
911440
731226
973170
367236
693811
121676
649667
774750
673812
108331
790261
572081
645883
504079
257898
89611
416154
404338
368191
655201
774744
165307
472358
528472
146616
572760
298466
776128
741291
613508
398045
961568
374958
97256
912873
378412
50593
787230
914961
803731
608102
432208
175132
369845
834034
137215
81310
321138
554291
457632
59258
266525
201566
903648
893943
440528
13460
857224
337854
193241
412336
267708
396909
527890
35248
779038
461532
152655
789181
658576
741738
34288
122520
417174
432194
837013
751267
598937
640112
160433
954186
392711
693145
98872
454412
909976
481820
994098
833642
770028
506884
334769
578922
831248
473127
810271
53448
678624
114782
390641
339194
622790
365920
202040
668190
839392
691773
756694
630467
74304
486197
229133
236945
689037
812979
941107
920022
670598
263593
672514
333613
594151
230345
33868
259853
397732
311900
605643
261675
419026
236611
869910
796941
654437
38217
913456
731949
90004
998305
252987
575046
444569
604032
101770
508670
877204
127449
62548
15663
818831
626994
260996
894291
877916
569184
459820
171916
786523
972131
166746
510030
831064
342752
536899
207914
768209
191415
107996
433527
671125
151232
756744
412831
159687
55655
82476
172099
605634
293473
837726
157004
198038
241610
661243
926991
633905
910941
252503
779484
517914
825423
869135
636516
551702
272456
616251
560836
78765
71807
464384
955634
984070
905905
711490
406083
169839
619901
812214
519510
369529
785183
481365
792097
288320
864711
226732
756950
668297
760277
235216
227761
972932
458356
546928
991009
933552
284816
21379
555216
62430
282229
100384
574545
537165
465605
212268
330533
879796
167702
154029
495850
356511
296742
668093
628833
869489
674875
360539
272602
233416
887771
865948
326654
388413
992421
461119
967673
582218
