115196
888326
294708
466478
57401
536736
609153
862626
825290
546194
510074
354942
334811
107393
661489
464038
435921
543153
892051
804130
267208
900539
470685
204205
493451
173357
513455
682908
162816
706430
639417
774568
63649
569708
898258
933339
423781
611892
502631
507283
186877
222190
509072
425142
141050
189442
258622
271155
115595
765259
559825
49648
201124
839366
286918
739670
452219
495030
845517
594485
84844
451800
77433
188820
979837
914430
667857
220121
239867
53579
788931
925969
89603
561098
162744
309213
524381
169003
938755
408826
660354
193882
155315
857451
684414
915709
883015
829125
199856
491723
87361
845463
369839
977156
513491
749683
830663
720848
788726
932509
880161
490232
364890
642064
394944
149435
795448
266855
71847
226318
983875
685807
169433
895988
649340
77062
988152
815285
716517
253423
528783
603902
828045
920758
593963
223060
149450
646394
934244
454326
2309
363484
589497
120527
759855
646147
281561
602261
873234
550153
293630
11137
174786
604805
280436
231019
925298
80181
171192
271489
246498
891336
631163
630692
609078
444806
384646
610079
552547
787421
88439
388740
135042
515017
307497
668325
32519
783262
926898
432812
226699
468469
753990
338904
857285
405041
450232
796756
641431
480237
72225
788981
110980
156228
511385
910736
502272
552764
195042
272118
540000
657487
189349
952206
762289
241816
172500
248397
376932
801815
889774
205524
582822
818081
990113
975013
695118
427367
699337
64771
550128
165024
695638
116262
851727
769046
552205
853592
743599
941386
64357
274543
13767
368069
406225
345895
487637
480957
315997
394204
336140
158752
262834
524960
540073
705792
65716
692991
956580
478362
332682
767437
434305
162244
948093
685799
797445
387443
41785
981711
870534
609958
171250
402270
421852
61427
785440
40037
618995
218028
401962
767524
692290
519086
173153
922598
499670
24709
461603
806263
618696
639
862240
138052
115277
621900
801593
221389
814508
120270
436164
322953
399050
928067
660524
547094
38945
991756
672502
706522
427343
891994
907614
742716
742347
77108
242015
448697
843890
454823
404754
202787
325184
307530
585902
837116
143130
664300
839982
960235
895943
283741
746128
960857
36799
33686
811961
83243
455388
90693
785142
577756
606061
700089
796253
574710
406890
957479
589074
260140
750401
115735
796005
624343
227407
525870
531737
215371
460458
443032
650176
493206
487131
173777
914241
320980
886889
15953
162300
842162
852752
530066
235268
111293
123601
243327
735307
507046
371683
438011
344731
880660
671879
580682
347328
128550
162745
635872
666052
328388
232258
942724
211282
801568
198826
530977
865340
98639
253259
617577
191384
559166
971393
899814
816453
662482
80510
6623
288203
365536
193146
383139
994337
489734
935303
771637
415816
762852
363138
833556
728468
189819
747302
573541
481290
650272
773242
956351
710693
504476
887595
689235
674035
17443
380980
899510
462301
881135
410745
473869
749571
673721
174964
917332
877765
269396
39238
84874
79967
257702
788463
310397
428908
357955
903897
984109
112459
472039
888399
601440
978463
86032
354187
974274
465264
598518
959340
481526
682927
796072
750854
652477
241686
221253
437523
694721
102574
910547
521736
913983
912682
95231
539139
970000
395505
728242
832544
703890
847929
26251
313643
292855
514191
899839
836335
318378
532979
13707
608877
220377
106911
427473
55337
10851
199528
637718
627678
637600
932670
144471
173393
403335
382094
146179
540739
45632
360518
626394
4863
422215
948920
868768
739924
414841
374872
259517
577053
405759
907680
409332
828476
970196
34066
152510
896229
890740
437213
1155
337686
656675
106905
401140
108452
631703
14509
518791
660657
589378
417296
205584
61178
613120
368556
890873
92045
775322
40222
350750
695896
789493
846938
783751
875803
813786
577324
147843
25215
38179
603033
321181
262593
258430
796708
492734
311879
26337
799660
557727
613139
476618
515251
78824
640725
378610
54393
956586
32026
582798
3079
324150
705507
579200
949575
680024
785105
299809
233680
552691
554555
838243
895744
187642
386914
232359
362819
907592
560828
43674
161840
571293
329068
151308
91282
706358
832403
121359
768643
641800
813632
86600
160628
869464
986051
357461
419210
157690
589855
4251
658723
159716
564061
152042
940534
195758
105981
290703
234713
292904
240328
923895
304155
610584
114113
50107
873809
567310
275321
821388
233326
137190
491522
295292
617484
267674
697723
655463
957383
654657
335498
765564
837512
408232
97961
243052
89760
53131
213079
140909
687242
253489
82414
417771
118675
173153
820693
603788
405013
668100
683659
207582
760415
252952
801700
678560
805936
277262
396433
886314
28066
997378
264343
858553
975396
872533
718626
469211
817952
594088
919347
994227
125499
117302
283124
554666
855226
278734
644780
466546
121218
704300
184845
631288
592440
489203
527403
725222
18055
210954
538503
157714
529727
948304
339594
390982
654363
503485
548301
868140
541595
763286
772181
735958
365008
369868
575644
193512
937846
469490
616394
904355
765947
591962
598403
220302
891614
757259
85337
288515
738611
232160
74082
574995
126210
803520
941541
377303
421903
979701
155118
606228
533173
88427
410177
368330
936492
539080
132267
902361
154346
345826
649524
796752
779365
234145
331888
218580
824949
813746
368436
820202
357144
743781
93094
907169
566928
429541
837486
329439
30951
681169
508873
451654
776338
253051
961852
500546
673395
363388
971557
522802
764601
346865
703980
379440
569443
526103
381017
704447
748833
534911
70592
941008
229915
225645
912727
390513
280331
644627
454632
361171
981509
837861
395553
398710
431703
478553
182793
340403
651019
344957
96205
775525
563721
680948
702905
567605
694105
210126
979586
912769
234887
165379
71679
350825
670047
968076
799224
182581
727768
261279
812247
391334
556749
333509
254459
897816
661990
588057
138476
634960
663125
37151
783273
969000
511101
984446
333276
503700
55917
936347
673711
968336
933641
890772
402679
689704
124041
352214
647566
51875
226843
55004
207744
311565
801060
651653
957724
204128
682276
879503
756330
563726
50168
749686
88763
200238
601784
999779
700187
718656
393280
107795
274787
739551
828556
672197
820139
993346
439997
510111
713693
783342
855288
976030
274598
220156
221486
895096
724997
495362
587830
647889
890757
195361
326613
118933
275656
724075
950880
177976
478585
33902
751481
996808
40547
554274
40437
149867
313568
361003
256798
982523
853673
721418
20564
672826
114317
202214
816654
594804
267965
879283
956094
582128
257411
249725
832851
866962
717907
781843
22168
751376
787962
978706
864697
194767
283891
585037
662438
710489
320281
119766
452304
370941
397174
28908
77265
323972
283897
143232
829096
43147
70022
784870
128162
196610
331368
586965
284308
72896
211554
147610
651524
116416
466403
46432
1511
686012
824279
580052
472517
74724
840474
103160
745209
856507
848007
665158
832276
814543
53551
539902
537633
318483
575653
792206
427908
784538
147255
322078
574076
149362
49207
519349
181831
235611
812855
466123
139621
418595
219730
747243
29300
597471
325159
589636
937658
745863
317089
563726
522882
90031
290994
958804
897053
448542
835102
649825
413450
275149
612339
346379
145712
684093
246935
725783
843655
931381
114298
263943
669463
852055
423146
984071
96345
604574
333509
289968
148025
465655
880584
365814
871933
985592
230470
361525
995839
232449
156853
57811
648022
710830
688867
892689
234003
666486
371014
810867
312807
199075
92080
839946
877986
100142
186529
293083
129686
442358
642934
896430
782554
518557
474240
582132
746794
200128
868336
143061
295788
234256
182702
794966
503182
79057
991240
409316
839434
448495
549767
319487
997323
248312
133150
383750
994026
534203
922236
575963
315793
530874
448705
844402
529856
887950
811020
761467
862638
163928
759731
585706
206023
820639
937932
324319
383316
698827
415976
223031
825337
188605
699744
42543
566743
694345
538567
740144
111954
465169
246718
449787
516204
613631
565351
570353
963472
887774
933042
924160
573163
214678
343699
379046
889845
984578
402196
193635
596942
609072
121094
700159
363203
448372
289811
414197
530927
510441
524207
179003
447998
253509
595757
88943
984589
560088
397486
433183
363501
493729
557876
165813
320135
19853
283860
235325
373273
180493
441034
816149
682014
929810
407462
974640
566092
304744
835941
401222
191991
515820
689691
98780
122003
595884
875019
638315
23191
364633
585369
197360
433724
636011
804438
493200
876004
823826
272123
956453
17240
429012
839857
242537
149098
225288
243917
43389
855737
98605
64729
77207
678483
206375
206797
52551
853621
658008
280221
972260
673325
665623
714220
564951
368609
424336
517022
797699
186856
6776
364299
596368
193366
498602
665871
698643
456533
807139
432702
363227
968686
248151
160437
623451
254567
120942
90572
838447
504071
318814
734375
639309
985525
460901
51116
498377
815807
916260
34318
609988
615990
984659
295112
107762
807029
709669
216102
16327
788995
621305
902333
44030
474126
182137
229819
982022
776856
1299
706265
847241
565038
6098
716653
636313
970898
892440
312923
912185
123130
137914
236460
894150
434993
806520
292407
633217
638492
462679
326075
509946
904535
525917
935119
732761
152766
239849
850480
99020
458952
4076
613690
441609
140301
832776
969970
884670
779304
678403
108991
606493
30071
360616
128249
237501
813567
158266
419802
633519
916845
356054
748242
164190
628407
120228
776822
839009
854689
338105
418776
656481
587420
222733
941746
690658
260041
553556
567483
19632
878875
581627
349468
732966
643801
80832
609212
47134
409667
612846
804087
856624
679308
929972
923758
751209
153734
578977
82872
869642
94364
55935
966775
910841
290744
294153
2245
972617
138821
756809
694284
848993
462350
107282
681205
953419
827013
92503
616312
76763
491104
254183
554578
980282
75934
196166
242261
840846
54376
874281
590105
104967
183122
904525
746064
150857
710656
217204
303095
579953
864358
327805
500585
124870
887463
269663
118222
32830
837535
975298
839024
509354
173820
449402
18158
127999
230727
81056
760393
576641
588289
650127
396123
867661
844072
112952
444136
131268
30233
354019
964301
258064
29967
696194
990229
115668
474953
391923
634347
706740
543306
60755
68713
435453
289722
609274
79118
640435
146282
720278
957391
992118
778485
902631
398788
616848
364481
599188
36803
125918
133285
577833
49674
452056
216037
289454
562453
811262
660760
203877
237840
48480
725611
330719
826023
789194
142270
129659
990905
138379
648492
830076
785898
576481
719080
829254
23191
733059
518018
358773
371301
87435
87817
668954
588787
748733
931531
417747
687086
993784
22200
325574
916994
979959
441317
310010
367853
680004
120556
674002
154544
939259
374768
668454
439712
380599
240702
549183
43353
513883
900559
653231
221905
779199
548202
791883
227210
993972
51686
750279
971361
523382
789133
81644
675268
314989
153244
891384
357889
247392
103016
767634
428985
536311
900442
236712
802291
757931
670171
796455
175053
925900
643403
34390
272461
13870
792106
187855
534293
474481
519513
190364
105461
875116
98299
315882
600923
495222
239670
605676
400357
362384
654230
184079
969879
725618
679760
587093
161256
227504
531299
294929
247031
50953
285338
233854
440603
93133
479919
628411
808407
454824
59849
374695
650604
439886
830758
758613
189705
342277
853716
405996
819102
917450
658522
610462
436750
664993
837619
723651
603651
102652
921722
778961
143323
772359
473057
822970
677952
510606
48923
920866
219605
582604
386138
702140
607756
76497
545330
204992
276884
502478
161885
897099
136368
864960
648536
686674
892131
933559
194154
772740
611783
496515
569220
441212
905725
188154
689604
803360
595647
568551
411732
142105
318930
296082
125423
823215
377943
395048
707716
664320
680191
391431
867058
398940
574878
360488
537908
741888
487321
333866
623702
648621
437946
224119
440165
928037
509282
231573
556454
902530
49502
355851
773116
571443
368786
583597
850541
659091
568593
905927
852094
91367
739535
765794
725114
200692
514350
269109
663378
937531
872820
949419
744734
537747
130654
146637
184065
696609
830605
534925
107
832757
681311
280046
234745
802756
236185
163666
477687
495742
577024
252962
554757
350348
404103
991124
280599
67176
971298
194780
198294
140312
879033
977457
231588
329096
856120
281402
261053
599491
805571
49749
894200
287758
674503
836740
387501
424865
361772
598645
542257
509507
634406
828525
954685
760897
608683
224336
530605
353994
778559
290959
228388
652650
405290
947950
718796
412257
289483
870449
519931
85663
812551
746850
311409
353567
178522
769538
986046
110109
873485
796362
389121
949557
77832
119964
373578
164122
935743
390347
454881
407791
493768
725123
911520
156805
579149
554327
163707
872498
948445
280230
812000
923338
114205
785192
152761
657213
849435
852890
931087
624013
972227
445316
888328
653674
17450
758116
293521
799595
468616
138745
859670
640619
171075
924525
201582
130878
189414
517599
768980
118991
498544
925261
506384
277591
139273
178907
772277
478652
91983
843458
686723
661380
102415
321496
450796
835380
329808
944311
107060
506185
708425
882061
87793
856722
378162
312320
656370
831336
840375
447739
592316
360971
968137
310362
237360
407899
888335
769646
77128
18736
450555
309101
816192
865110
623479
77817
20369
557224
497213
932299
872088
381000
67654
75708
624214
220728
462042
537520
744209
812824
314374
771167
905367
33404
65836
194945
938722
269545
434292
991382
204887
212204
87136
273551
789161
442520
331646
323420
980314
638938
806006
503123
2658
245818
296643
932346
51496
60016
674623
97201
914413
596257
270038
204543
468808
554229
793181
39415
44748
185878
292091
777030
29125
664006
473605
124252
292961
480733
286440
349109
487148
153630
390847
11267
604852
473525
682949
345210
802636
628624
932580
870775
970283
161623
148844
712910
458484
514761
643423
311983
625360
457140
817769
675763
758455
614289
269101
368585
142414
539450
101946
913719
202539
842504
23452
260239
526580
236493
601871
311281
296485
901547
567823
693687
820399
850703
286538
112257
340414
783438
259063
241116
589779
392986
862272
275665
43793
608480
764571
816776
817491
262914
477367
323800
452538
699372
394513
629292
503364
984149
741733
628819
550423
846932
614146
294115
565150
414620
814646
58315
429578
460950
995625
362996
340730
543193
585414
288020
884725
999817
61460
351567
861204
334665
806819
606921
784893
891934
140065
29580
952650
506017
909260
963923
430343
467040
117186
203697
765338
954963
348596
228833
234046
297782
460537
547307
497128
188552
524606
387887
756682
385886
333916
771729
323573
902436
446658
298433
568153
434609
746577
366181
864104
158534
280775
740518
443289
62372
13266
580308
274953
205959
818758
375735
195451
930434
121770
850739
649088
448184
660205
749014
53554
779508
308790
705986
484058
443942
480281
550770
276273
100027
749541
156586
436548
30167
847962
883007
298224
780914
933432
586624
674253
997644
186226
152512
665768
580046
244418
201665
468840
326911
480918
367743
587601
164575
378216
600790
332647
37412
820331
692688
978538
180174
327137
458831
229120
982889
858505
996820
878641
128927
190838
484521
234316
158199
268795
164337
149606
569710
897027
592394
115586
346352
398653
950428
51980
884339
831860
811201
67776
556657
775676
209169
449576
904448
769160
439752
993666
115599
222361
754454
950591
61183
111569
448772
449192
564571
386278
375166
331868
369590
318577
37185
349108
501600
581670
786082
958791
800196
787167
118456
516425
336289
726865
7719
1038
289123
628447
449098
733933
907677
272653
203068
962431
385574
614221
129283
713991
697677
279541
253914
83499
846266
904274
972442
420961
867042
849750
600772
539749
413734
271980
30509
87398
696073
560684
850630
966081
29260
427434
504839
733412
948008
165161
990136
867413
230824
616557
220060
21515
764128
201710
761274
409210
654349
2921
4425
739820
593163
856848
782775
736843
693869
456097
476566
32315
484476
566036
910116
774692
952847
14509
833397
391757
893188
246898
798079
201508
926680
76471
940226
223066
871592
864853
591954
602219
250565
267705
99138
281723
970734
335768
236655
475740
801836
969792
637414
305196
866895
121610
456691
394395
935616
926444
984583
578891
298627
194091
246021
151376
365452
56237
103529
438615
221626
977068
159445
857314
50100
498439
988922
323505
336927
663026
542687
676349
619385
502094
849617
762461
878357
328532
350311
714636
894451
466026
354289
699586
907771
890328
65917
197694
776022
290260
321925
965733
421546
184121
967032
345668
819888
324630
250147
306674
245043
969379
777916
997073
174822
486031
580107
412467
475619
434805
468534
263832
274172
171308
700135
824789
199744
721277
164060
75665
495564
292464
26570
272490
846474
215935
139567
591349
17931
994476
917747
671650
279933
537838
158906
701757
323209
383750
409225
521808
419147
753777
35538
968230
482095
647222
842845
82474
813349
93215
55061
565614
768192
483524
655597
685321
924208
659650
439597
531608
565786
619147
319901
207972
653393
394520
731660
38308
808052
738489
698621
189401
236260
759948
404527
759767
561247
207052
66248
533476
458430
819073
83101
568057
796039
890453
914016
415589
150128
715527
797095
9681
952625
195960
933205
407582
641476
990755
14055
478379
609852
826410
685853
973554
916031
842315
708290
94930
98786
843569
866522
823207
991007
244647
15656
270485
529845
833319
912985
444644
57629
448593
905296
951365
772452
381175
7055
366771
56490
627093
620031
17781
741557
879070
780188
339648
848883
555185
930431
937081
405770
140843
432777
867415
590238
373142
555305
886055
130206
569854
315787
231209
722379
474084
846494
908696
174663
41676
241215
691207
142677
648433
836295
468775
683699
683737
801454
95397
170897
206403
393818
682480
30253
835836
797000
764760
33740
435536
93206
967634
168342
737886
846826
179160
901967
785797
267587
320109
133294
294650
36378
851518
637404
119420
278900
682276
397258
525406
936455
875654
196207
812227
669702
869916
959965
418793
878859
259790
107455
237275
380640
391867
981169
395914
389098
574805
193020
920118
69235
203113
276781
587783
510483
156412
576144
369080
306105
827345
427150
637491
573019
385864
123296
422327
420408
448480
641967
481525
167174
465437
662922
885371
507646
467653
864003
574087
281152
153732
660198
746622
677475
465327
340183
169333
55325
660005
779335
146539
674636
18834
67091
445146
433375
309517
763961
811426
564580
443425
306359
908262
747182
5097
161922
128306
316066
34772
770400
390617
882398
235273
646178
176094
247175
164388
341442
533320
11758
621277
279253
515161
403167
649482
98732
800919
552453
6971
644301
573769
957757
983939
459785
912510
997173
610454
64762
337990
505217
334094
431387
162244
690746
388424
53508
913371
546067
967979
412800
934470
81402
995848
683468
292356
879206
423005
206639
78448
941059
714740
30257
616943
428216
278057
748409
465538
147281
589832
58759
424635
302798
835221
14538
80140
826695
730789
225694
611258
803322
431913
94630
198385
209779
349067
92803
874994
205910
640688
836718
193063
322892
765086
5048
895000
746376
80311
88795
956405
958581
7012
163067
393683
246654
221261
137023
814452
102457
791684
816519
232767
9777
92801
578761
150542
755022
866824
988555
61414
145123
254375
214143
480450
941972
658907
209526
155400
982178
910291
422978
309021
297045
606668
706413
901076
531781
592667
418511
815105
744964
942857
774928
167276
960683
862424
799739
405921
193408
918500
543418
226341
45633
74853
948
534915
796752
93521
347008
507012
345082
862046
35780
879804
860517
704997
148463
483265
49942
50210
453455
992183
481885
360664
383567
5959
135645
138577
410193
228398
463292
488707
130596
525105
655075
812047
916898
487470
755314
39971
801961
903822
281220
746174
300084
230615
735130
859667
839509
236510
380070
144199
774161
543514
601654
170325
282071
750995
739323
348433
702239
201720
9398
775626
511324
934416
531518
754248
549085
14601
319280
677108
957765
351597
700339
208279
468005
198642
621094
152123
9331
556464
536681
186477
200554
645485
441925
572580
93053
553236
193785
175676
863929
101061
334690
658139
286006
289734
305989
697397
641145
499414
850556
277098
661033
226466
427196
663756
569900
325201
436991
987583
276126
6906
185426
363257
278830
905525
786621
570666
163668
400015
758922
23925
181746
445335
834356
878619
187271
290005
962926
709625
120266
341722
93964
143912
450409
218355
135570
241666
195741
646903
44376
219972
351914
281472
583958
357903
8688
645110
789522
777801
680945
847751
604515
72736
643552
315507
104672
963695
440418
851843
233194
949625
989348
936857
450131
372433
317464
869987
735658
675740
933389
878441
834533
794543
817065
198
473577
611026
724870
297268
290104
857702
549863
770112
10359
210146
389462
820956
566683
926073
514843
398355
128944
385688
55066
738007
158726
627851
813834
289782
596920
975551
205582
245163
468250
35554
91313
926097
245246
123239
718211
798131
41443
431141
161546
536510
468987
106847
595879
380888
433944
835166
8263
759049
852658
666683
37442
634455
166551
876473
206803
943985
224303
691982
214773
387137
26795
647875
794006
369380
507338
993329
43706
125686
944839
99179
309743
173446
465507
363130
240168
653801
224010
874435
372857
226410
880741
664773
351790
249823
520443
38719
850312
589975
900740
479214
901141
494767
250508
749172
78827
946307
960449
433684
68097
636354
680153
645018
95529
701467
225442
633944
782126
151188
966823
561866
257862
805305
676028
915355
468404
137969
346919
658945
284285
805164
554091
603843
844932
737912
155890
616027
226948
721907
190294
37494
720810
679579
342860
