941516
293838
951453
277847
390565
259610
198517
913243
169105
760304
616717
164888
910194
960469
828596
822318
486964
466790
149018
367681
857284
268384
634260
894489
546911
199115
117948
766745
258437
886084
525494
3033
391884
615718
779149
154275
986512
781524
777979
274375
5640
737062
356935
725851
257396
525934
875977
232787
450994
701990
225801
570296
972144
829047
29830
76552
653372
25192
20754
435499
636152
59297
811546
101197
471209
78107
481924
674780
25646
513063
335921
849632
395277
713239
280930
695665
663657
283917
269942
878874
86928
943454
360593
621257
627761
36770
707481
489647
72811
707163
590362
445754
648512
261951
473673
242860
489832
906275
921190
711192
259266
966790
326522
553017
223333
559288
570944
953455
26901
738981
559264
443863
509969
342338
217366
726213
206793
478675
631346
440225
365101
578262
868024
157531
95969
786448
771559
243852
741389
412849
835031
309163
576720
794982
449915
472424
34452
881084
254023
889832
771772
818348
700779
797726
603515
697159
199740
205379
240510
758527
28852
754097
705609
526927
272144
278433
981600
337928
740504
320511
355099
390585
765435
327015
880669
459323
637080
494591
208926
442134
836761
158769
197155
52307
338938
324803
850383
255264
838440
415636
275476
795865
784644
743605
258178
978297
332678
601889
682240
576476
388606
724315
672216
369008
890486
949219
929707
853112
739188
889876
836998
528828
411292
383261
259213
335377
225265
297370
10068
536512
954620
483598
931341
432214
311749
783487
502555
722376
473342
988334
549957
176384
839360
515314
594118
829576
536044
365360
465025
905234
565108
958393
614737
545
745394
138368
237439
395544
905078
422454
89485
149917
988061
526020
826159
308202
158172
688228
101465
879728
877788
76445
692595
497128
997952
994201
709290
219319
559682
192932
918880
169340
8891
930307
568707
184698
163969
567919
705403
295197
511402
689261
741501
116139
839599
648459
758205
727624
90732
763513
434688
615717
468996
433537
537487
124231
228386
691428
202631
890288
865050
163731
537934
911148
9069
214919
220448
620153
159915
794941
933575
803667
211699
906193
440617
215644
492886
365878
788027
759717
947034
44688
960212
377820
325467
854254
508828
185362
234187
662119
961891
386534
755801
554064
310414
566483
146992
936599
645164
129236
149206
802239
596838
736048
376245
636600
955605
810021
666743
801498
27950
681205
899274
242046
726040
594055
955907
647481
749854
921852
335454
272630
237504
140560
99812
780463
20708
828264
142373
433992
519274
672702
439013
721160
463133
130917
399315
307764
344581
721659
665076
856650
848153
401835
2527
454871
872593
796380
749089
489781
697050
133562
785984
227493
859299
549983
136733
419077
140501
71517
857075
915245
316895
533290
889084
106860
354094
877993
627570
169562
534460
37521
322802
675226
241152
66172
220285
494191
736707
656142
445721
397879
829971
781056
781077
218823
294032
914632
612201
227045
102051
309223
712443
76508
305871
765902
367934
7296
54111
733742
588405
910014
520959
3995
182038
46431
733671
187932
152713
72409
331762
26257
785487
587794
174989
10177
858240
168946
678027
270208
235245
71203
636948
166073
262052
523624
12862
656222
771473
182231
7732
819625
260097
185908
120274
362189
149826
4012
809747
895166
823911
987179
11170
862746
496232
100186
631820
333938
341413
259000
468631
598713
266123
22292
431596
252232
530832
542629
520687
700684
287384
501510
449135
442893
609209
293968
824953
257947
967900
43670
946631
806103
557434
721207
606102
152987
752646
312356
988565
204103
54186
903599
292793
386409
525481
258379
782765
522312
993251
58982
267431
209358
450871
427936
418070
850959
686146
240742
825912
592314
680326
987888
710983
532187
41639
69011
550355
690634
748174
52931
145067
354548
200432
93225
127029
689347
984873
101085
184349
681517
965058
756288
579690
979222
249938
391993
142444
471843
537024
920330
491474
881308
815078
305422
820696
648253
901521
695953
93917
955354
252773
348492
221010
854444
226525
166331
994639
382907
294961
442781
848768
446186
503248
122120
903804
459546
603789
120358
692918
441020
640982
272592
45260
170615
210654
823493
463229
969778
394973
109766
503672
741118
931053
576658
225167
31331
269205
432825
608778
918918
476835
208480
643224
433268
268658
686032
509601
602125
341707
758138
200374
679759
647464
451083
315562
943230
942164
247464
416058
133741
360814
662471
320103
372972
31820
800169
158437
136719
585019
743607
565484
12054
903845
274104
895211
838782
413132
831853
637404
654563
71410
657482
247282
259856
122587
102289
487344
951205
376106
556876
5395
682788
996905
481126
666543
286808
288932
56486
194392
881570
696244
395145
253623
539489
544665
484860
390844
261565
814849
638643
954034
671121
645989
829097
789230
221746
177235
556468
121953
203872
939078
307076
383373
322185
86257
814520
516308
648564
291675
312028
777260
583504
773091
529155
707247
951578
980517
966461
431759
414117
567157
361334
517479
933897
356808
576491
348460
424298
71539
515337
81346
847460
466123
258148
512683
98320
471467
439505
45082
271030
648211
306528
830118
314703
412269
801913
298778
575669
134572
118226
666601
331561
102989
972746
83263
542529
790400
825829
639474
37292
602975
978405
687319
37667
615836
876737
149553
527982
493498
901508
973893
635472
873266
676485
749705
628817
684534
581375
505402
685670
389969
480780
660941
467710
605485
796227
305021
45035
993071
540394
15683
778155
85309
404506
367012
932563
643103
681518
919716
322135
195139
363751
30040
661816
199706
870624
224025
288586
415073
381224
163477
46497
289210
703873
431103
485464
734072
199668
891238
655421
685050
994191
348132
242332
111150
144701
951661
547623
558711
43328
941767
256703
939753
708877
784152
165409
728817
828099
189403
605168
347346
888138
567213
322394
654858
807044
978052
738090
858771
929203
623486
996074
331397
32039
241623
428851
839960
659425
625141
763795
130248
181770
510814
186905
376465
347401
670601
545983
824602
612229
61266
614645
539758
225975
186182
345670
938789
154858
268830
26601
289825
438866
814473
943271
746100
639751
133858
908579
102367
974300
747777
714059
335286
747296
296813
12378
722527
794929
416751
65095
912185
127095
300610
95181
31320
682372
678054
314712
763823
274054
440083
982601
48263
925351
111243
513830
134699
598913
731976
187681
997222
51009
42517
741251
139492
50711
250361
400309
522934
276311
139214
388459
36593
306031
639727
355950
969078
803077
69199
754308
242955
770797
292519
308989
984616
776964
803591
403933
990223
451756
397518
681057
435794
651556
172725
348848
276088
845442
826949
459359
47354
262096
299881
331233
309288
546497
61854
186826
259241
948686
230534
503358
719903
606194
425692
646138
503977
309438
379522
921918
623874
903449
836087
430038
466119
830168
551524
723012
252117
306294
565845
237004
844176
64624
296261
319132
664129
936960
505490
357845
294551
670067
390415
46650
25614
439209
402104
165108
737325
915945
684032
220415
934569
247071
186375
331957
191655
304115
91816
535029
905119
528262
922030
4144
833756
235595
107814
372624
370272
311936
453455
83204
238052
997128
138990
612396
188796
524071
427710
498910
639321
405849
292229
857043
329577
611535
962946
244786
986457
968519
253251
576630
186618
738183
452755
944894
9729
539637
380367
584945
985321
582678
632153
551371
801331
677089
822438
777353
825933
446143
800115
753645
663185
339426
453077
654446
949412
134079
980141
87296
173823
420905
382713
675707
528714
542795
322568
215402
326692
827458
599238
443315
65407
830613
948405
34206
644585
744338
526781
968515
821797
477702
3994
308629
329336
67672
763827
921605
396671
184642
900811
101716
164989
368109
547984
634232
404787
856937
999441
277034
130536
935942
249485
193034
668360
421713
314470
480432
238441
7086
353461
694416
722152
386639
25143
827209
371122
735374
931428
392714
932639
900333
962400
438945
897784
820903
17738
773602
375193
900850
530995
663984
709746
455124
97577
77483
326375
7519
63473
720822
798552
963723
349906
287459
31418
119790
246350
56574
225252
407514
780972
141811
628774
640979
360560
677340
866132
974763
234733
887723
72352
812221
266545
508913
905701
5762
911134
522889
648256
357779
220312
543267
329113
570555
280922
88432
26304
266232
241763
740135
681074
322447
285711
149555
404218
467337
97536
245817
351412
911053
598843
287177
441901
392731
708303
52064
974758
481890
169263
362519
391159
465279
944737
26733
608337
439252
375183
716908
637916
133568
505915
351610
358207
203008
393168
845758
83581
474978
618899
780524
375484
631521
481656
734767
955938
502050
488273
810290
862168
771274
988961
809420
325424
384186
346255
745093
315555
852968
657846
143561
849843
153243
48537
490728
212207
596290
905524
787720
922517
52722
13166
804072
208401
233339
279850
21201
794916
488229
245372
827675
276832
342732
329529
599385
889039
602197
824039
99042
100276
342988
29331
750269
452137
546012
571202
551592
613863
918506
57983
896069
924645
160270
803539
501858
146839
999214
118355
948515
190935
298233
759059
520654
376765
478456
398835
700601
819174
425836
99638
276519
985940
93738
28603
605602
87511
960696
536300
776651
397706
733173
728297
920592
366857
400648
173773
912625
595344
494200
371865
870495
173937
434138
604736
513088
861169
364389
284815
927312
553921
764578
828982
73569
679764
635326
44086
82115
813857
749761
722985
725118
885111
857177
342505
176764
458167
212816
332062
191172
217139
799069
681768
822177
446498
42070
713829
114273
615484
20739
38943
864313
477560
692365
738069
832134
852832
393685
858981
831598
827341
25377
962771
774949
884421
398897
231544
897035
484141
221104
474569
535283
359149
69958
377411
385791
497951
362506
970352
484903
698674
974485
