758720
137891
696036
586757
642778
98223
678634
245363
524081
480199
296971
784660
946354
387799
372136
261081
563390
40962
192081
8852
728843
26495
126849
414443
437880
357982
202682
406887
466610
453481
22974
620268
966396
208357
412775
357251
103966
881080
53220
551891
101548
885476
424656
744815
929969
110513
158000
199369
30713
412714
482633
34627
925304
523197
539164
517798
212250
107014
813119
278956
176808
176805
557530
954231
298707
190731
685690
782885
74017
580436
573525
449147
362545
444302
582683
35454
559916
642457
680053
636448
140682
987366
815516
256023
524542
634529
877209
82378
733568
941035
257301
455909
851061
952640
40860
952589
449596
909432
163181
754519
255977
987858
274797
257588
268393
518399
282564
435736
330545
184521
181988
278631
158365
158111
824852
517458
522384
266187
720156
664157
192884
288206
17817
328203
186911
286360
356848
71593
213649
125796
751199
341621
313178
421934
299503
538345
653720
636754
754630
482151
370078
765698
953497
504514
94833
635364
703358
139174
21036
54086
98783
285478
507459
939263
940235
768992
306532
687843
71206
461071
221113
980898
359553
259821
871114
937597
79876
741891
345280
516070
997064
481230
167940
693876
298689
607695
781638
473344
305112
16688
426458
645919
760151
845902
149756
636219
817726
30695
569076
911632
927987
708898
844629
28609
987989
113333
310623
885268
243505
366710
971012
662481
374605
950338
288904
263346
777826
563460
82305
358727
126504
68515
238782
617065
372745
971146
581892
706008
176951
323797
999412
12340
609753
705493
990344
886420
377888
31424
228284
857351
578681
792952
648329
81317
328923
689462
530636
255120
591871
845651
409990
439692
914416
571123
567036
651321
512440
977294
952831
737001
179642
827228
136646
616034
117086
389277
136887
523185
843046
280386
760068
337257
72544
329019
243442
989047
642292
223390
196277
566883
590749
108336
133880
62885
857204
362900
552441
692641
458856
540813
693584
434369
333386
69362
104271
10734
687365
620589
939077
613675
60075
687727
957981
531150
737578
355252
868708
571099
932829
847854
946664
457662
858239
690897
913787
635429
311866
927482
970327
536056
422045
427773
639579
196022
174061
816585
392500
271597
128402
848058
245207
601686
880370
463803
536362
960714
902875
241110
451010
134949
24986
21466
817415
796214
876969
975784
737460
870175
587204
320282
719803
83216
399196
292623
709446
314458
825253
793047
349335
358834
54026
47608
720656
239301
356417
253915
638479
526066
777400
777686
21809
407209
133358
976087
881080
603998
237343
86057
631367
959785
197783
268710
557450
553469
363560
19834
143666
382851
725559
260815
580062
283026
599920
708634
819669
220237
756954
522434
5488
493210
510724
514536
758101
840442
954463
672983
976029
20106
344806
468298
812567
297557
173879
435732
365926
326868
83397
4272
234245
745283
520295
980261
957355
79648
557768
289045
330762
34627
574465
814563
583921
467989
944004
899263
967057
802350
539119
781200
760284
77135
318208
782588
63113
643448
973032
406167
470388
193640
403960
687013
581539
151215
800952
612622
507108
981809
473303
652061
335698
205305
776252
252020
182710
647415
989243
1296
17801
3608
7395
263349
119511
415360
272052
161526
258112
124263
735021
836323
38873
915469
446916
800975
620079
68571
878255
404668
453931
467608
613599
455526
291153
229188
47821
455401
954275
737364
117037
489359
216866
742667
658622
852794
30772
258802
371587
809002
789281
875252
818316
842732
563191
578776
436333
551840
279118
619291
435664
380965
691430
793129
447335
555683
327724
612728
959737
151412
892444
500482
890846
95023
499968
356509
858566
105555
264086
362296
788147
33421
887439
999540
130887
554214
423796
128988
925751
377997
624739
140803
347295
752828
797688
47225
994288
814408
867847
932585
963268
723146
285253
3154
838674
526182
714630
521056
321661
925365
507040
220454
263815
940819
807791
103547
644387
288582
535154
442094
102759
292937
734803
984422
147360
900277
24580
757339
655104
953611
428357
990379
407602
445216
602818
656218
658702
219429
104664
692137
686760
565330
327224
280337
707139
144175
750628
601180
866211
154303
526039
962721
978304
126793
261122
325210
827542
537988
414064
304547
459353
845790
578442
90770
320454
727337
340087
176749
278677
26018
483611
10572
520651
298976
590401
317900
947244
296150
324691
273901
364109
949765
582086
846793
235270
481153
518803
241458
736838
454237
208415
536806
244802
851765
827516
380913
177542
461017
327368
990752
445484
802129
479219
282397
617
822610
749215
948972
420868
925435
229600
952385
830435
265484
725154
219771
347326
99364
582954
871041
325684
950196
100021
256824
287676
398342
21308
247838
566260
891044
930329
138694
906837
481766
114051
874160
606536
908828
940469
173188
534161
129235
866478
454059
617194
720392
336721
390410
4203
753895
461612
706588
476196
786814
578901
195563
864141
962883
151537
842603
805525
557374
783182
491123
319382
955860
875376
297817
139178
922162
116457
150568
957399
634770
200353
289409
876133
466477
634422
761867
225489
359869
341436
98328
127642
479214
766949
540246
713720
487136
222844
695086
263596
343579
444044
499836
683507
401296
604829
645292
871956
422344
403102
11053
659865
200556
197918
878869
235034
827504
261812
632913
650036
827676
746111
863047
586137
451512
800840
882570
15681
812435
82372
292025
410047
112048
969013
226420
406446
612366
491823
130876
904970
760531
524856
249511
779547
419412
837193
251068
882827
107971
962097
729201
808217
756214
480089
518974
162278
88208
119906
721437
201965
609550
208490
974625
951248
831280
957486
69872
571981
585921
690505
163167
488975
83269
907355
866280
265697
214079
241605
735306
838077
732380
332368
559230
824515
414271
354221
241233
747717
129642
982551
902242
283071
682757
11221
668602
601892
806287
97947
59011
740307
108958
687632
910375
937192
976596
912235
995078
937967
447136
451382
939155
77236
874862
629109
631180
233782
980780
631328
828756
497658
62138
691403
577966
75899
415726
575463
352024
587198
466497
54177
876674
438148
345177
843048
395177
285017
99635
200652
211029
671242
543660
770306
949227
460724
877
170564
330928
97014
73201
449877
522587
321480
205045
145122
655892
911845
460795
915908
551823
199396
805818
433698
161280
695397
547877
517556
599290
374054
647638
261666
907816
127861
326295
717066
784358
806208
866573
306721
791741
877960
567490
320433
253881
962932
374221
680704
217065
632386
700896
289233
479987
666648
282094
612996
343953
821049
582519
406104
130284
69587
647921
3921
904019
99189
346709
68340
843032
374173
979267
502512
908807
586543
287954
600215
161540
502914
275128
529865
454080
777493
840402
789041
133015
461791
786962
514153
181258
127556
993858
654585
865428
614947
372665
610301
922347
231052
396761
120932
413908
598799
482881
374164
698275
35952
276118
138539
252110
804662
374249
278497
581613
447074
850373
612553
645521
439869
304024
401782
52414
541643
235580
887611
92358
53915
133664
423178
526979
587456
581463
882109
533424
551258
439101
2291
62756
628173
609346
802259
682157
446932
565524
809388
716229
773486
460973
224509
58036
29942
957558
115024
919425
16
189782
216129
790294
240959
259356
510876
835695
983700
440837
479012
841086
262785
664298
132720
672415
958860
282121
270193
150195
664991
831470
797070
310683
230588
90045
62000
757203
190285
331295
156314
790056
280601
620039
705071
793624
919507
839328
879191
624708
190477
862485
725181
396308
198410
413116
555952
317927
728624
506272
544041
41909
648796
150249
202284
8452
972112
302506
103815
559107
385159
694087
346039
687111
265834
561473
10154
579679
453467
781920
815072
822742
809262
748731
160874
460228
688567
585127
537877
477137
277438
786426
924512
103176
914383
913787
220456
20051
490222
156840
562469
236057
292264
783074
883021
924336
928901
611705
350806
971585
77722
992144
359001
299703
149499
219757
250514
239075
445965
712735
814660
673712
974521
701836
573113
833662
163260
108182
876967
501341
787035
598762
957102
686503
146228
886181
840062
372282
333808
577058
488726
498000
801877
477156
909543
142717
777080
989533
282839
43461
73039
635673
704289
245720
329445
45194
88217
957291
404326
972464
527373
904564
480794
291045
243656
777346
747375
671426
647088
194294
874734
183154
911759
184290
898384
604753
989294
161340
384746
728704
715613
474622
105603
924040
716880
259038
246150
282279
150436
711397
374482
1404
389951
298671
359599
490508
358612
633150
106524
864623
9350
925306
110980
9946
252324
837065
609545
142995
363783
595412
116617
772105
993890
596139
857119
830709
347029
259808
172377
698621
983807
574597
263151
564959
244127
255327
714004
270969
565039
336832
739295
747811
988058
644981
458449
329402
956378
743893
382978
997048
211378
858490
978413
31167
68165
233292
699796
299701
825874
785784
323985
142472
432141
22400
257147
249746
87962
528621
164145
62232
642728
436383
454982
623661
715624
726725
105417
359668
592233
699495
60079
902146
327698
926304
496800
269090
84155
935594
149211
479474
56296
220626
394950
654826
451042
366026
988758
629885
296948
325021
329559
449240
226367
128509
691416
150407
745979
417592
442551
792183
181578
488713
275588
220950
502266
841739
476181
680598
453080
530440
529958
930129
211755
767728
744234
984199
56212
34597
2418
646018
243712
925811
795833
687834
206919
429341
582026
226581
792036
898834
69070
475750
107601
771647
249526
329686
83519
538686
426753
449728
451439
5420
512362
275958
678576
598680
179058
248898
132725
200406
762309
502151
514642
353652
394507
730053
271763
756740
41422
403195
496313
921240
268803
769958
977874
262604
542135
166696
280820
19133
890263
797956
219541
165016
226460
440006
993354
92109
153681
996672
149211
941665
540610
337070
219775
138339
882883
49595
682617
348214
745050
455452
981198
301325
975242
505243
173857
708278
769085
11246
208557
946829
200205
153285
45151
376017
448111
831779
412302
506323
161660
951588
170904
118730
424349
833437
210010
755588
92691
655392
340299
154807
666337
425694
98293
205878
251926
533799
831826
711935
724410
776590
453759
46513
130837
411048
772191
430874
533655
582771
788943
180399
965287
673618
822209
934549
993355
957302
910775
709595
511472
35097
681950
76683
716951
748580
340677
770454
513628
966001
800824
916524
110884
565994
385789
272557
784419
446480
978218
270841
975752
349592
312673
299875
567557
487216
228010
855749
698558
471775
30315
484845
398221
574090
897798
641973
330096
102226
937871
767857
844624
228265
517441
808942
808424
407804
364933
916332
424674
826004
859760
256822
361144
72025
543734
988619
191775
159207
505375
133420
293690
335370
912765
880799
871702
980375
125434
794080
439692
97385
381643
123173
782538
540791
617857
524109
526379
532047
625534
80164
74881
167537
597508
323669
739061
864330
263273
882861
492038
222412
465319
300040
559021
850534
440336
875034
761889
191397
430494
979868
779126
461671
611368
14160
176225
52791
913713
38387
281494
282442
16411
79871
343954
256725
622457
228890
258421
764681
771202
829662
439303
933740
762976
121222
367771
157717
9768
279921
67600
713924
574629
818902
141556
777052
880973
513221
81220
584637
253973
421910
186895
117250
223648
921776
236153
878036
333459
73335
865370
653865
417348
497491
847302
673245
5968
398170
531944
504811
62155
798297
510535
238536
872722
109508
181931
614556
599037
326327
859608
479645
948785
815848
179065
982794
232466
877420
195608
854914
317205
82658
922442
374783
905395
645184
333352
425330
815545
177656
323127
661627
864764
902
1769
414660
272811
655321
614973
433532
569341
571931
627457
826987
149129
593823
774712
1719
31476
111654
224214
170354
782532
272334
537831
782429
396243
702232
915920
628734
391712
884948
125038
454233
864192
212139
473307
6990
291698
248649
170767
631759
255183
129253
623714
566971
229088
709038
87151
743260
409930
552404
476757
918202
178084
541103
491543
651290
721577
898832
41251
779798
377033
513379
347312
79258
879514
475709
155904
531512
102956
404104
443269
520105
475769
112904
362720
704161
305019
838153
458500
595341
655192
129447
42425
735788
637049
189370
532925
214663
96632
491292
813573
400015
917559
546968
531681
227409
870350
341936
397821
629336
937372
2571
817603
185567
374591
993657
344862
919217
920862
194533
155162
365855
572131
385686
236263
779869
121606
415073
569405
175866
779653
340975
588953
534843
858928
325223
301157
241683
897760
382135
380789
272960
374151
169092
126765
827908
917987
976364
616257
419391
739533
334452
326293
338598
206510
875667
724163
536738
525264
718170
710266
449479
230546
333886
838147
584111
303094
239108
83359
830067
856277
844807
860557
906565
75378
479337
517928
501037
83947
958612
657644
573278
818699
821996
992857
558388
537469
2003
412528
691981
729628
184472
423642
178241
896101
957565
791336
434751
234830
918243
415221
165765
333360
620628
902760
771579
862175
47149
499094
229869
32026
132070
383940
202468
507102
115839
201546
185311
390357
671753
753235
383475
364331
423375
326528
127164
749121
300383
417260
670399
992507
700216
799818
25566
592821
447377
643371
715318
750482
391620
744412
695449
159732
811734
440301
370019
539720
249315
405516
947323
122424
710826
9487
997672
456004
672371
22608
320589
101291
240857
151538
501570
874051
476664
111874
479249
881896
194739
364602
701258
942993
570786
530783
197443
9214
940567
863561
695024
426445
216011
781059
309147
725100
294570
642632
832768
616873
620856
507694
507399
653606
477598
926687
256350
456360
984981
810113
420915
280526
68910
791608
769675
551774
291067
416769
152194
929595
625822
883583
614943
817587
665004
967315
576019
601013
554621
790692
821518
900384
400722
622974
385534
787830
847395
533078
624358
213423
444101
443563
749463
390634
864373
90185
732621
407870
570756
585512
900840
367599
546974
861041
853892
130172
301624
676512
811832
822997
201942
998660
55528
418475
263542
173988
720071
128223
385820
732540
879469
717084
570491
997413
940049
534912
102781
216082
286563
150645
26415
462646
634761
750303
264524
881475
158835
20270
81509
112782
241181
551506
326121
746191
16353
822094
555351
515652
704246
344294
225021
251956
470281
234610
970923
787537
166582
279253
251706
801783
375715
822343
229682
932817
500281
512525
949468
132954
790784
214219
110181
908673
753238
319536
727212
972326
960908
510671
698153
803010
83230
674766
201337
365987
556620
359863
464522
841748
298841
111852
281439
460315
489375
775095
72512
380251
886093
199999
595394
227418
349311
153175
950382
386589
700216
188529
423825
881264
79103
90352
50784
806146
168019
692571
914565
72364
815691
459501
167114
895122
614159
217033
334369
208290
693613
50442
751885
746170
406297
717177
4081
534566
803012
29272
373299
174407
52375
542875
177421
32591
805772
208374
809200
161896
63017
438225
817172
307252
325082
381721
635681
257583
671147
601968
765107
142449
47903
587652
795662
541072
751
814333
802782
779555
853282
118736
779176
276833
847621
435249
160147
523239
839432
505381
269773
408
849141
81653
918684
556958
649997
718398
709697
844623
61505
736358
260490
915308
370570
969961
224245
841155
345509
908625
333116
169588
987695
957572
963714
500944
710232
21495
736984
159581
27911
558337
66604
779574
333451
83210
905550
320399
7352
976930
347168
596631
807526
995950
781274
366198
291074
868797
106232
559734
249743
438776
440832
947838
866685
945016
972083
272056
533348
448242
809680
401108
633757
908685
837247
10662
303357
366804
392545
255339
215855
305479
353777
963241
474157
717132
616407
853300
200155
156739
929737
448076
944512
422903
137182
730980
497953
593328
494961
352830
616124
509925
791342
326961
179102
15694
895164
355340
510881
443160
687751
659029
43078
62514
845097
907114
639339
22661
357108
969993
421417
136704
851358
305835
292620
419153
324682
19339
129712
368879
639599
887300
579124
13268
175527
661464
735710
360456
683414
934029
448907
94233
590965
796145
985681
5159
830842
940031
431731
709403
401766
347738
895232
407160
80938
757366
988424
16522
714615
843478
931644
179578
857377
511663
381537
205507
121519
18732
49201
442367
431297
103755
439246
40475
738398
463012
479331
289130
401370
580298
8473
972628
766176
228810
502323
523439
307489
499281
646023
466854
390681
34346
460122
290069
279099
528356
371350
230199
379385
173585
788330
958967
977778
381931
545406
38434
915383
882770
410962
54782
585275
456945
649394
159604
620823
321790
350616
582504
260920
368607
230238
912425
80742
277034
878430
79492
43249
408517
953704
65011
936890
453421
661151
394611
732443
905042
731760
59315
529844
804126
60720
890152
292883
318870
78674
876094
584447
296089
348929
734632
282209
45702
637600
238360
460240
755387
477596
63499
777272
710584
488426
716027
686053
287201
492706
727096
999474
546
912823
995985
53768
610925
58834
396460
414485
625375
50123
56757
581132
140992
162180
4083
963986
577769
940257
586038
327244
482112
952231
438701
842882
810911
707632
246868
811568
777299
300425
510410
242921
293696
216232
156608
494632
890018
510541
467086
586229
623406
290739
486560
231665
614679
871667
683853
864958
340908
263542
458632
194701
801502
427925
211503
348869
181344
231695
580673
584397
461159
298342
238957
329462
443921
103126
581061
834824
206178
717683
381585
463592
391721
962590
802432
95842
525057
147683
490362
811097
600755
457266
938577
336072
544953
727289
431125
444276
347997
768794
136902
524400
128512
800910
989796
679756
899767
283990
562211
762652
237200
748249
998715
342368
986226
548383
749723
932693
682338
610856
128701
787031
831778
786218
111637
150065
424500
100134
523363
797315
946044
896486
790056
320974
730307
284565
248244
913632
283416
910138
826462
109719
116049
791891
280846
123731
617647
353482
664180
40572
683423
640406
912155
799724
151517
963441
472088
11451
981043
414321
695836
452774
455712
912390
114153
737179
23059
152655
175010
371172
793750
593369
180794
547181
198600
75957
401038
208564
119683
398900
45199
386252
237212
371137
563352
397773
578888
268124
534494
539099
319643
392495
960325
744337
583340
979470
949135
722827
75989
658128
23983
94925
206295
733956
139196
733652
940314
51154
697857
284918
809233
381680
420017
911992
452540
235453
651448
777452
374727
842749
622828
702917
915856
505714
226594
199865
709190
595155
285725
511057
677101
660396
903458
335184
538877
127761
531943
591166
845674
555968
310954
848528
408191
477202
848221
566197
699748
563294
178238
831807
140990
623915
669957
962476
692789
618639
13303
534289
45713
904104
406808
956578
602045
409142
753405
352864
117934
914388
192383
418335
846685
832465
919116
910771
455408
856047
37335
93815
238647
341560
833008
950009
165713
648631
194478
146437
685551
389722
681352
988301
927984
80098
994435
308338
683820
776772
731589
327217
343245
706336
12105
295085
852247
939099
388012
727124
812936
977371
294948
583025
616345
482398
429008
661646
814053
249015
451433
461764
361953
102823
382424
303713
200137
806292
780770
223860
261596
452392
168574
44791
565885
288137
655368
291865
726587
80304
487693
164008
982570
531432
542854
608152
282416
185574
943266
613042
844956
204223
47804
211036
243184
573962
948204
175425
799359
791890
328185
767069
528497
2680
578732
725926
370276
234852
609216
937754
987629
849445
905333
831394
196540
740397
69635
259680
875805
973218
254380
355802
741211
329826
895403
25090
500863
907734
43848
660193
403190
34353
804237
131424
709456
123206
625683
534387
682021
264068
827445
9378
803602
774095
360422
657589
834849
791931
443359
705084
408967
138791
450928
401976
285254
926324
112184
32682
952179
74145
229424
643765
790738
150725
369441
346546
39901
11367
209142
322641
632676
474557
390124
29670
774990
905472
662373
262488
936893
598376
679068
734881
927504
966537
452340
189570
442689
795914
646505
832903
998703
655229
769255
330226
299895
290976
108985
677447
254395
544240
506202
576627
864772
220324
77096
185562
112836
161165
190710
805692
654196
237768
435584
774083
165148
397852
102265
281963
778993
20279
431553
535438
348824
993856
898291
175243
416713
153176
962778
490898
196239
192499
101315
465359
561067
67532
506093
857393
373464
679306
415773
116758
928234
655021
630606
780757
223312
337332
58054
928615
732984
306639
328132
21810
978193
930556
320022
841524
591596
227841
846599
428873
551484
412228
103412
220824
364988
706954
766591
149024
334831
991434
260253
365723
749635
110382
987019
289868
147855
85605
767198
474154
423484
643879
950455
307177
612159
524295
194133
663585
991428
13294
673476
951005
220262
616185
253619
557315
90715
47409
454755
964251
814829
108707
83004
852221
2211
888028
964794
729755
112190
731971
76356
481576
410847
526931
345693
221221
929862
910323
773939
232838
674741
460211
664277
184133
714419
8485
699970
453762
291756
682966
400348
600277
533109
41256
536380
531122
306606
621133
303967
432952
915841
739234
574525
318294
311814
909477
687354
411610
551945
880341
500854
197656
604707
903525
362303
173555
741508
351580
664614
975499
586451
639244
212975
985603
660140
649132
365985
493229
736200
106005
691582
403285
638395
135509
536077
907239
950998
790323
560787
509949
971948
475841
493920
478089
601522
354327
133317
441372
331456
309233
712611
360912
423732
944423
873118
238744
213557
959109
280177
280610
277909
85510
203227
228262
674320
636594
950776
391758
12849
142545
909674
940418
402132
493067
234742
564751
616262
501149
369579
946547
116872
107322
494972
827399
573107
446652
855087
969481
141749
878469
180206
640646
550777
939831
483003
878560
210597
538827
931649
194497
968637
181970
221829
792797
628389
164678
680187
650589
944131
300172
466741
802989
254147
803337
93303
511395
989492
554270
294757
64458
836496
694785
427421
598347
818520
59065
338337
5623
830494
993462
980909
113972
151068
240074
532584
599809
550658
687624
766709
75751
889997
791160
282728
981118
301971
324659
805974
611353
984027
91617
976645
920975
881896
587149
536514
967399
227159
992354
432978
191775
11102
665989
150080
109465
620276
910798
929109
433571
994064
960420
113510
860065
78985
789747
173255
702041
420508
697293
601309
311963
220684
143066
529298
779595
585188
505149
905825
146764
820248
762502
264017
731147
518090
64397
221694
90917
628392
703665
905042
553526
42034
682989
215443
777535
30041
485332
25687
331571
462595
43369
881490
231454
600619
78045
923664
733875
325606
961189
326526
486832
844608
506167
73570
814064
988549
383202
105323
233613
875483
134344
921698
857135
189196
535097
867456
773174
243746
882604
516698
999552
869227
121948
560632
748247
357852
982525
245187
413754
201490
608793
274140
261254
251892
828620
404233
242241
312947
81816
353290
494084
364083
157990
113930
234882
48964
462618
529713
85368
454985
83281
204758
202675
555193
318458
839122
367033
591748
722446
56304
640405
880973
446829
815424
822787
39702
869590
229450
63795
590714
782467
858016
3645
594131
654495
620813
473314
266427
780773
924265
292347
563376
509590
428174
550849
337361
562966
357541
931512
494469
544420
679833
820152
947131
97141
297582
332121
304907
83691
440234
288122
15739
615031
185393
728558
840159
707464
995567
415237
149464
548718
56045
769842
212220
935248
521607
660574
229206
795206
79541
294792
146052
275668
203589
950103
832255
806212
234601
187070
136504
444511
357740
906122
851869
234247
573440
40523
638074
935092
273012
602524
407037
761097
563521
334481
430738
811026
772739
28349
500013
743965
423493
549021
291877
414066
78837
689893
181181
134704
361463
24740
89855
68933
20437
572054
207490
800201
566995
455686
66762
647480
116256
306910
89358
163786
395561
749325
957524
143089
377288
149203
149369
318638
221210
108
269517
46353
701615
12438
901850
593035
48986
391361
180358
912305
176999
107091
514574
761999
866732
898453
624818
23143
719032
527037
635248
50117
752553
284312
725416
84160
454298
131604
277150
864207
958137
767079
565150
492933
6134
273632
128570
710122
239383
985096
458479
949240
341224
50036
741414
408495
199760
35690
385750
595605
623743
340782
252166
648590
615364
335080
445808
881235
543419
975731
156225
864850
775203
708292
774078
329890
73742
410101
905216
982754
258801
631917
358944
294445
716187
225966
826157
353019
19011
684795
781018
857303
811514
191140
723573
909304
933167
387090
346815
391409
348133
913222
707212
719455
357814
837967
686653
688572
104970
650321
160005
765038
769061
441979
874596
115013
649461
942152
301512
191497
324859
661538
526400
387820
560084
163425
463641
527070
380003
219824
490455
508031
85149
297552
310546
854448
770417
169846
790058
843330
114386
989264
539112
441424
177890
745190
523890
234537
60220
336923
74795
31717
550878
536082
479973
892953
92338
132589
400899
389029
772279
539696
673840
494826
258129
509444
718390
521305
794985
88536
431228
486119
463938
302946
47327
374940
257050
462083
663339
441931
342328
2953
724918
225820
343641
408270
997273
175365
623473
251453
349004
509207
651104
6261
56989
823156
254834
763397
171597
74015
420051
493655
580743
439404
354894
127210
818877
762262
963264
943800
821985
979631
896029
52918
611325
682674
53726
535738
505840
955252
592518
207158
274054
647673
124304
708514
404466
770659
69815
296184
724651
667270
802465
529945
24736
43671
907625
334157
525208
587458
906887
831272
839978
36058
638431
894024
152854
341099
848355
140730
55935
16427
907941
93500
551238
76623
818172
982749
313540
290619
160018
659329
630755
2193
15369
426753
18458
202155
163912
33391
814787
340195
16998
125046
397210
365455
211441
943264
670356
256842
388698
10162
75801
957613
681793
858034
852704
857565
211161
137097
220582
588798
313144
456131
335627
255430
544702
745074
993481
503084
442783
967730
408081
672894
393934
803784
92996
773522
949447
887076
741643
743828
290169
726982
208083
88383
900879
434685
725032
993767
535386
13897
894829
84146
793821
748706
403574
351655
890548
897874
445890
193950
889825
432637
818456
967575
764084
929473
596604
504999
119639
318392
745166
311501
525747
78426
230848
80739
998787
16256
630834
232496
60083
426051
644972
626010
920756
654851
921463
903097
949727
561604
649176
847750
830979
206450
277290
939762
89421
850373
603543
693267
242195
401727
850611
9273
30525
160978
968565
438303
881296
110560
934674
520509
622744
627418
45816
95227
823602
902345
187812
623295
921459
910059
129888
332199
516024
200565
703260
701139
779276
243512
444456
97433
330287
595550
263628
763292
183881
309395
476997
950071
303595
56576
483932
429458
796925
944626
861411
712663
277962
89433
206799
760703
223205
26861
98797
470918
503030
375147
392195
212093
991460
418429
663300
901438
177249
657400
884782
22201
74637
526207
734404
994477
668168
938693
781155
332659
20311
24687
70020
797044
687409
66263
722125
588283
700647
918253
932244
491237
432495
472888
914609
840181
248204
329658
986494
284292
949083
935218
157229
362517
676539
800699
351943
599111
305306
477330
6077
519075
777689
793077
471084
164822
561883
826278
88498
462008
880559
541007
223463
163978
56919
83711
955835
243071
396149
464914
359466
183153
53073
294255
975774
468404
643209
993771
979681
579656
43478
284940
694524
476904
162422
380456
877681
495679
724860
100331
362834
706426
681328
430646
400445
827960
529252
945765
560053
324703
11988
343913
504989
696712
82808
330196
686547
5658
176938
514164
928038
852724
327727
582038
365110
310596
656356
439724
538151
856437
533255
9801
938753
912517
486494
475592
364711
975668
528519
93709
800562
64984
635806
958307
901738
681422
170116
799621
599008
33611
33298
625976
419435
762512
144282
245909
770109
614908
157398
915365
594145
739643
146224
357028
597011
800988
257709
95400
729340
723649
127991
726939
723144
422703
351941
273188
735590
569797
897065
853029
268443
500554
370678
31197
22659
646751
944139
450157
512358
580499
774593
457847
120691
711509
584685
491106
131932
530564
945298
212090
528845
458531
49574
23221
911882
595624
459199
702416
983716
832499
516762
354392
545495
604124
480904
567173
397315
965541
340150
506113
319045
138319
903575
100998
849842
443720
708912
810980
230255
218881
585407
560162
77360
335070
464521
992380
648203
837447
677887
161867
275192
662492
963148
552323
592424
588037
332094
211798
443006
604071
901198
327797
746926
622962
455054
420918
25393
132567
339694
843921
89506
228503
531242
371460
815032
818999
925652
438935
855905
697360
544313
31098
466167
270274
391603
484938
182753
789320
312715
654578
889417
672807
203528
164142
995381
187393
559896
957867
777668
73030
42842
444938
157959
312714
436294
300612
753658
212721
780474
448424
926814
201990
538337
791039
24244
982955
155714
23760
222360
416235
500451
208127
938295
612395
913751
373008
634542
154880
198315
283209
662080
718298
926441
636982
679540
911965
888007
692614
394185
291216
35952
335507
561367
107118
653100
922943
480260
438042
347566
233081
299231
315056
517818
318239
601052
279671
161713
978814
506668
56882
436474
485940
881273
377877
617807
23031
876667
342805
277089
770862
341562
208216
482153
311997
391712
960972
697805
163230
401850
482964
192426
433770
872907
467548
396228
316280
735437
207565
428679
788316
411781
706268
136249
664017
991169
401149
285887
773553
388977
719222
317257
3808
260640
159758
104026
485833
5261
753636
787959
921472
270890
783771
523308
33479
41648
255283
124917
900972
196061
493299
790800
322704
97356
923778
141597
220802
356015
483158
745262
316681
415402
668356
800625
424768
143887
285301
202999
579996
12402
992505
339744
988874
980841
590517
691685
963187
302114
160312
659266
731681
749409
311404
128830
275131
548628
299816
36184
453740
120020
455842
769104
21986
497658
778626
519887
744819
338396
842577
421172
113178
253027
331152
251835
24350
623498
211814
427276
560019
501237
781745
581278
365562
651756
505981
144070
719171
935794
544082
279520
340596
280838
783271
836568
103329
170613
423989
877078
189915
950106
652711
508036
136870
145332
395309
787581
331105
993762
129712
650323
958282
846013
484896
670397
724442
311698
905897
922331
973516
476282
517699
528808
774524
541272
378792
638203
31658
574191
222497
691834
843677
7326
139194
342619
532324
304249
456596
448408
829048
449220
889177
912815
926781
974670
621066
839059
389223
262760
104756
336818
603130
888513
689665
822948
127529
33887
289706
597549
617824
62972
969098
728943
681693
870651
382414
763567
347577
589573
270665
96641
866757
742468
78820
79635
214351
85756
994354
782356
587524
187905
545570
319167
174767
375193
406606
305096
360864
921966
605744
954529
670760
293680
620979
425385
431616
532997
604519
720050
112585
5486
17807
167661
196590
437175
20821
253109
308965
226714
448158
508788
779925
770482
586551
616566
534482
99991
554158
3592
234883
357018
816830
610316
325669
630494
306210
689500
386408
747793
251594
165209
906999
578822
218667
484303
854741
747825
231985
323014
868579
124030
116944
166888
586622
531662
257144
515146
937605
644686
417191
86041
811128
214518
231128
821410
333115
224475
319513
612221
396218
302002
989818
721367
111719
88738
490785
742363
622688
930500
397755
923517
820267
42042
732301
687523
796323
43369
609640
722415
733420
574164
578811
73645
857633
964182
38595
753302
632592
861756
755805
119615
264347
248125
168123
218593
658367
160662
992821
631045
8049
515590
764535
433804
843684
379555
823193
820184
650151
127704
761036
543003
640684
981884
985519
143162
193636
56847
369409
981469
403333
936787
65458
86550
936301
928197
423762
939627
864416
309751
95147
526402
643310
771403
430506
836584
391984
680654
290615
337789
822256
980910
432359
115328
2984
528729
502087
872755
323043
896820
932505
41258
850560
645301
665563
875318
576598
146078
172610
672744
733553
897687
672710
401476
334777
911590
120151
202052
613427
834253
327405
700869
544609
636672
210941
745363
791557
44097
148935
493708
556356
141530
198028
317555
403557
982198
120093
269971
340536
877021
595215
536397
939795
842763
336843
276737
529400
984427
922690
447957
457618
785973
908669
922981
493918
452065
924626
144711
620647
136710
894642
749561
970410
874068
127200
238058
747288
828330
827004
515489
680889
511061
154749
644494
629677
955878
60414
403563
268301
604015
317999
339599
871729
922394
463852
928207
371787
63653
124458
536849
288305
818621
516494
613934
274808
4918
60568
289987
749499
293157
208828
589141
251451
731803
643409
543454
555361
997118
421794
922616
336158
330629
846307
667813
24755
483983
184830
979065
116173
522849
97546
634981
453640
687995
597917
34016
516180
291861
22840
987571
705013
826171
410209
60322
280100
798210
662606
326386
993107
645670
111357
386076
635662
343938
32672
699596
458237
35946
31990
661910
453254
261160
282741
135222
68431
510610
77603
408834
787233
490948
218821
597550
991848
387968
211502
313403
251286
43550
147960
747966
443624
484657
89489
656649
404993
281720
406189
290360
683250
65854
827289
524506
466139
522127
405808
597753
494250
72727
419174
151688
191874
27544
429569
233704
495480
553607
671336
842710
378167
326404
295380
885621
52355
219445
105251
637748
111322
985918
773963
268828
834679
220958
561643
140281
53040
172201
82813
163426
145023
203742
365224
216294
749725
863844
730483
840212
477642
544806
17939
779687
384170
986248
211813
317772
556937
910852
219383
511250
187327
767014
73472
98029
320815
927008
305648
373799
467689
560074
404642
207396
429551
684666
279215
739792
269269
17277
462428
994983
762305
259823
531059
73952
721362
45436
287215
881079
176606
572659
269712
642902
992787
608452
643215
96351
334015
392022
850988
654680
102058
42375
113635
24436
866657
391809
104444
35002
480526
46453
975746
20052
268098
232183
927371
971958
934741
752246
742134
879337
675941
169558
889972
158835
972026
438444
359164
549157
454794
377109
373410
805569
867672
368500
924866
738693
787702
679110
296406
699544
587308
351523
372584
75472
956017
103443
220129
18718
77782
821258
125439
969495
919618
463042
823845
607967
265368
309107
222220
27636
731445
319538
440855
493013
564501
437475
635781
794189
277141
61084
84800
688671
340627
409368
276818
396751
58161
992085
696759
455243
692153
112907
791437
401205
888922
806793
857832
746446
901969
675693
524034
238464
689571
353663
977743
650631
554118
77482
988015
735166
249504
618073
545405
955906
270055
176042
733124
646597
689063
827410
436114
139057
904098
977677
425252
482550
450897
855423
696512
989746
283145
1388
685858
407740
882553
553297
509006
106957
485840
164701
62852
952716
182651
832911
34322
410229
501644
783789
100931
279397
868854
710366
780149
762308
52276
555813
514888
981071
909386
575546
260403
954113
25060
43975
806576
130333
790170
71932
7448
669211
941589
764815
559689
819372
634635
437331
432067
702700
413670
463796
528466
634468
314563
141261
796198
658360
915925
225318
806142
5683
825066
333709
409859
214701
477446
500751
367409
106327
487083
151571
471792
280931
584698
97492
732033
822674
704243
304249
782739
649755
551897
541523
552502
558389
675953
758066
20711
520450
990824
489124
351369
52824
264532
606796
320501
54956
568979
139098
711208
440989
397840
898604
493595
864474
162020
7169
435440
472242
889624
382486
775752
34999
677001
141407
81969
592589
539492
523363
833853
447188
430993
43252
959342
82543
638509
383754
572109
465393
812335
546940
613017
380900
952556
895578
685661
557493
9973
838569
931099
689471
537758
62908
910052
498610
457050
349675
703497
820832
876866
389171
246379
612708
423732
735082
689903
948143
485464
222492
405390
748080
184958
238023
527113
580895
812771
227184
582969
183335
93779
204065
121476
650606
881320
717823
311596
387010
710384
184651
305409
798305
810669
894069
480887
263653
746741
317080
298770
117386
40570
383639
888446
690653
267620
729938
121531
709060
965274
760388
372405
664484
288992
253884
541617
497970
862618
606389
553444
206490
457071
443412
441886
107909
177481
205503
671011
628235
889400
443477
792538
747253
488438
233933
956767
444141
513413
336686
423667
713348
565
257000
513235
571808
392450
289102
429670
373761
61274
920561
612751
422638
906299
970394
48291
416384
120699
192483
551220
413770
708961
495090
319372
370403
164721
661075
559158
35731
487110
639665
122549
393558
546711
354865
415320
714959
244699
910188
905893
99980
343561
229766
895794
380082
801401
187887
511124
255749
800870
361718
715502
118166
716309
810629
235307
98698
441486
692797
193542
905474
136841
189551
612998
53164
116773
930547
295496
352230
196305
926569
263604
501066
66445
615178
850834
698842
151755
597546
991029
337289
684847
824140
382997
315428
347574
865
440827
922075
914290
807263
934229
241456
101555
566459
294569
587323
948098
167106
640742
343447
685639
383513
15766
339949
166794
137295
230768
725595
355030
576476
551371
460032
83258
673913
667116
918630
963433
316443
56576
426381
501953
833229
398117
240784
469032
507497
318050
585335
804243
552434
431288
569496
447968
866385
824592
576682
641763
25835
878227
330727
804414
46235
670681
49885
521514
397841
482425
835154
703442
65862
656767
155602
102750
959771
202363
234455
569677
974349
332022
803859
350523
229847
872384
196764
130370
889509
284901
527924
430717
137520
127742
956532
140904
534522
978915
293269
522659
148200
791486
632091
231573
603447
456186
425759
359533
48348
877339
738039
868036
739197
95208
203652
877727
50309
435075
691863
858064
464296
688601
963456
400891
717939
795764
396725
186806
142478
828525
835996
772810
496914
554879
77557
689623
400193
87608
332263
464915
341862
787400
268133
726579
910666
88892
4221
115810
624080
889284
295741
239278
399150
963056
685314
891202
947656
304122
892510
106062
708458
736508
592997
51267
282082
668354
143125
509114
521080
718330
45407
813748
639564
925192
699094
332604
76234
60534
105779
944809
139403
194953
600899
386944
262283
754094
815021
621430
694275
325907
378212
886034
73635
530451
737765
608625
157870
341513
529325
660003
865137
920646
848379
88115
770849
262813
836477
432004
221136
371227
463706
195735
918988
287380
718811
248105
494548
68440
792375
577785
630520
532101
559801
954920
995020
398262
155472
858616
400264
627161
456051
110711
779263
136159
175982
477045
534906
74636
530766
873328
394545
19630
673701
283281
521509
302378
517755
80975
217885
609841
984209
714802
460155
540498
273811
375346
578553
740010
108505
870782
867141
875830
623194
77784
336695
672009
101550
714269
4651
71705
7805
344226
152256
338931
149705
59323
417388
179279
320022
690645
710137
674622
422962
764419
706143
285503
999268
238998
523135
243570
947445
405796
214202
824612
370773
781227
120044
643785
439020
577744
747464
285767
255871
885504
132177
370286
676026
269303
274995
187398
382112
747039
608188
224578
318732
214224
377722
73872
780834
637430
172145
344146
870936
39057
297913
94822
42010
825941
570866
417633
391327
363825
959270
601371
596742
761069
955385
491044
650348
974700
821135
797653
670797
25041
195706
35649
86675
909246
297822
290249
174144
317560
539428
522062
992629
474086
801623
873026
62237
23416
360158
580824
650425
535781
900950
521242
862472
392908
874444
72280
406610
512956
213844
608446
971217
46991
968264
507583
213309
19121
891169
43373
733171
44158
626411
337259
195393
297034
48680
870074
606288
35770
907140
829743
658094
346959
862575
194181
723447
299139
132828
489231
523104
678220
702038
936838
872608
712765
250362
98432
89084
367180
501909
43842
36141
803630
99226
818412
357999
19102
522368
692434
596201
263805
271798
33516
769332
958420
913604
94499
622153
64373
522560
710091
79628
413759
84905
594800
955247
397631
220643
289225
712580
706675
753679
487946
508195
656299
387782
137813
48948
174537
670963
328016
803738
204583
359242
51538
576509
211095
664553
996662
825522
313157
783753
688658
867144
300025
7200
814402
404081
488633
276439
886045
328267
489740
824739
74954
593290
684697
628482
124523
814788
895853
256084
429814
701465
503963
850644
792037
685181
408765
232881
19716
148388
199385
653325
720871
193672
685215
668753
227262
339930
839695
420971
139713
903171
936312
929061
612229
624725
492251
414435
579633
648147
838958
116985
590154
418649
864188
27751
57257
68906
526634
900210
163151
860948
898772
206559
285071
413762
807701
722703
738217
610078
214310
538930
817335
700640
144861
712489
688384
881400
59607
971068
848043
501204
938353
961780
53006
994766
293616
905751
564259
908406
692353
842942
167259
489335
617306
880532
813453
283112
168510
718765
257031
231025
196000
112960
91461
45848
19423
593219
934272
989863
471472
753698
839517
331708
577626
25563
998662
803245
793242
514425
301398
591509
510886
5162
512110
610880
119118
855807
234661
905966
771775
120768
807964
806984
471906
377578
799343
188381
656673
278983
482823
610198
33802
692519
175436
907006
8268
271808
430008
109288
91037
200224
60423
582972
465598
208458
257354
411682
286678
21877
290971
474954
968059
869213
660907
600533
165904
299523
683319
905635
163784
744904
304153
271482
875977
121186
817531
591567
249195
944312
951270
797941
9311
527584
271544
455071
522925
789554
955252
689811
134997
817225
914036
832622
34839
197974
742265
579022
544847
708128
288739
654239
419960
159132
386684
491078
681681
254692
371374
278051
783644
244184
762837
46919
945283
684814
14127
402546
100694
507574
371824
235271
439919
685839
826163
982030
105143
767104
518346
211238
257985
88596
490166
593093
170643
981717
760818
272429
682758
801795
806442
818222
56899
808306
934089
260882
304813
5565
395759
852904
109213
979114
379330
8432
271368
441052
912732
164320
153469
631535
289314
559953
884107
8948
642420
474569
163520
396809
368640
141413
200012
192147
883633
277283
516675
214746
957702
146698
631105
896770
525181
979318
133991
866594
656877
891460
591620
664067
558515
885334
427984
656695
824836
673795
626322
857043
359906
54494
519073
950794
808874
175649
250759
937959
32073
557239
741761
453158
131023
115555
784675
78384
402652
923344
593112
110770
398839
558325
856647
42521
984061
829348
841874
541100
959350
471216
249144
564101
404419
723129
339162
72813
764340
572374
63067
61331
835254
229213
695072
840361
669865
178897
138422
549724
338768
887529
938131
400173
543970
499577
747893
292785
996925
918079
941799
933025
110778
662157
712290
220063
684891
302094
288528
703110
566305
143862
329708
172460
580922
963722
614021
384567
616664
785673
373024
416665
905181
486902
411389
684713
397874
165699
96434
407839
30391
642331
737396
121452
78997
227212
948661
159092
463727
29584
61479
901865
245110
933175
15966
227973
387611
522738
927187
627491
997408
22590
967300
27195
381064
839530
846841
24312
259821
716167
748258
619704
924080
538924
558813
370143
963978
98019
888083
904216
995201
64372
919618
16810
750391
241099
972565
194866
296797
415112
455471
935107
354692
435555
510918
869719
51604
948666
27308
801840
541013
985209
589226
622031
279467
554725
487877
211536
749215
198917
756066
131168
50327
439725
336773
733213
788392
224360
938933
656200
556162
532033
410620
782633
882378
534254
908299
328768
296581
987482
52538
885539
272751
471502
282220
474553
106348
876091
104720
932817
972118
755238
356677
458656
841077
274480
9301
944277
599948
872321
449698
642523
868496
60305
874463
390058
34484
81427
372149
621706
367455
711870
845445
639398
655103
28217
941965
865801
76919
808930
840740
119927
190516
511930
859359
774186
667549
630257
228310
791336
35433
751178
615169
470461
282634
826603
75515
482715
317447
450820
661033
272714
856423
808537
538356
915725
60873
126061
842161
410515
423633
575117
810530
262935
954365
637046
988118
902677
193429
11364
780779
459048
86721
414072
321396
356101
984628
821444
950069
336974
360390
704439
851851
87892
599264
338464
579177
830252
432912
882080
158397
501548
771709
545073
504880
484739
508148
117324
132876
196146
313568
994492
728953
402027
519897
127741
271520
937412
927187
834000
213233
467352
201463
32798
709183
700346
590286
730118
233928
454039
783898
981573
128915
516583
772031
550209
642610
749392
645662
289586
994023
662423
133507
664622
71459
162947
612148
363215
995753
604176
712170
619458
198098
533325
597468
587439
556841
263571
363766
286272
292854
98594
540393
496593
865624
612057
283164
82482
883467
840913
197376
831515
149130
884120
639233
17197
315406
589381
603864
988577
637236
802364
245949
791695
524988
534720
255226
258205
295341
485872
969243
691522
623831
125344
374914
113910
132017
68117
968214
508408
503648
756316
702875
502715
538393
476615
897118
682862
610077
707525
476935
807527
255587
564253
844048
634027
669652
63303
151637
39004
503344
943911
766145
164224
511118
995495
78504
677801
542400
377392
277300
268295
226709
738308
683190
181638
355895
369019
493150
200229
562677
510999
95430
218261
324572
12998
10536
700681
394238
424693
488048
625760
554196
351756
394029
27373
743295
73161
855904
691359
891562
179132
426615
991826
788172
918428
614548
816305
604874
107781
920581
29445
713785
341135
254233
283551
943681
223756
84936
819998
44509
881885
922641
635550
365502
298353
692961
891197
101007
792796
14063
99915
938452
290000
828517
664269
720940
50810
600120
605486
797173
565051
788632
695555
309326
247745
442883
921145
498552
346690
727413
953758
160789
572885
84282
639688
163795
234861
21539
320102
495778
776114
236759
582049
771232
645629
321985
676334
874391
725552
997927
995571
414812
473457
528666
574547
405208
908673
99145
472664
198819
217340
624305
843772
471500
778863
462512
203540
431285
315921
753975
111322
541339
346016
285276
57301
44596
306137
17615
473703
252401
803540
41061
620467
999395
594553
790608
390953
177274
529827
512368
392815
548456
777935
97346
63661
749475
186560
448182
903797
802314
392691
560351
25230
357791
408250
605316
799580
929266
823352
975699
57517
905183
879928
217845
828258
552686
99242
820477
358136
753240
787642
831033
317106
46377
404302
514987
923301
501825
632029
233874
705311
592820
88743
865953
94645
95697
311828
490769
701864
868352
835501
302610
51827
270853
805553
644317
798068
532321
516437
724389
415668
897111
817436
138347
831637
564812
978318
927537
131287
104327
773208
930374
799046
992089
380544
773632
516612
987350
913666
702792
15791
496833
794700
792847
138350
21766
302419
392863
760029
576928
24528
582860
756563
731931
629723
533897
490572
245363
996770
118870
473592
573148
178438
510231
479455
593179
646354
870912
476015
339985
301848
416813
569571
531416
634474
309518
607250
876934
702514
551552
125586
506255
278383
353462
869831
151495
219596
28630
84747
203652
393054
365600
152123
75426
990971
65481
352156
847264
997681
630950
68009
219687
174058
853764
682810
143659
922906
390356
275218
951914
198946
886787
949829
919890
481029
852712
938308
950271
973251
798743
739719
653538
362583
161875
172182
782845
460362
761631
482931
209482
399283
861749
799463
560892
292876
722896
76008
852509
537585
977700
905123
394902
802167
753006
206060
38285
670758
330085
104640
576872
832981
187472
650483
905329
417377
37169
873466
660306
435401
589471
622295
175999
39017
520305
25693
868466
243409
734358
222239
514578
826178
308610
123769
403693
710404
507587
294266
240484
573030
703026
805101
122086
275668
647556
645634
848980
411662
888768
477278
564868
338379
427595
207868
725153
166121
607711
64318
508912
71567
890650
817428
670317
641633
608819
775815
201812
450591
270919
976291
876859
184155
965841
775359
348700
951636
497017
551722
598705
345716
505347
842676
116280
649955
419112
409622
420886
434054
560002
113599
463320
904536
44064
536188
118740
124643
848697
808514
493614
884442
158974
93979
131382
665046
997960
738540
570351
784171
517489
674463
302443
173415
474430
271537
204818
744550
11898
116441
985665
973397
621854
560468
153102
353793
618540
226377
717226
197211
786714
10846
493024
599499
795628
66839
191610
639725
873115
765221
23106
114924
882225
694611
80038
740858
248246
908104
427317
785385
894788
318394
568390
256745
716023
896816
341943
482078
48449
872881
540691
221725
42202
963342
816781
1796
911956
303497
631721
385651
888012
733985
53370
309995
410300
680699
642630
859521
789678
220143
840389
937342
113675
463020
514504
275414
779282
90888
77815
454787
963556
163623
684083
567358
619131
162439
467674
891610
127163
778215
456104
174077
542881
562002
831226
26363
699544
967372
942639
575888
278506
139991
641831
803002
50835
240034
798381
606257
724914
181391
613105
271684
25497
112224
456942
276562
812035
322813
165930
257185
881893
586596
257884
724254
855965
921709
880103
840882
651079
732345
86725
313981
717871
738167
652863
463921
714976
856402
827096
45006
708187
97787
979274
764789
92195
897358
253992
991723
497525
148579
836002
2477
520470
731764
848679
807659
629892
407398
197285
474210
127310
308150
312043
926937
895360
524161
663152
326839
567478
158063
135405
907711
51089
383165
990565
578474
1096
824167
170629
694496
36886
471790
376101
409234
9169
726219
741678
711350
986587
442608
27223
57184
263153
356023
578312
686906
597153
410602
642079
156896
535448
823790
870352
702490
84505
626956
934950
62903
98570
855197
39721
639874
466153
892498
164888
467684
385180
71325
105942
106070
337701
382720
872865
410368
296244
611056
935741
406003
627734
108389
812783
719552
848396
372993
970853
534771
551542
669402
79667
371695
486254
845158
435320
972135
133746
531394
720095
654134
710777
938015
253889
387932
721702
711177
578024
267926
17690
136661
312559
208153
213476
348711
592453
387498
578067
212958
463952
464605
379245
195740
27501
283624
13560
377909
326614
182691
305461
571443
676061
799198
889004
372292
501909
424863
478371
914561
196815
612790
388968
535835
209218
464703
113678
19684
329988
94644
132724
81783
776181
852204
142272
971334
338619
97716
438059
660094
600679
282504
766070
363033
44022
566447
402811
22079
498740
678512
388062
582106
483196
54260
517730
188085
746778
668346
115480
900943
524369
836848
676594
948994
612536
15285
796853
15563
388670
637929
848397
729589
719119
136557
708410
30695
431567
21692
915689
36038
992388
927141
533917
536904
454992
571620
577740
90327
556571
183388
850694
254365
742287
650548
379856
828210
981373
63947
204815
933024
172317
43801
738720
73423
792562
127331
200836
963474
904588
747290
893881
451020
130215
135057
210596
322368
806961
529114
989609
494517
285673
319868
316637
620290
500131
941906
299475
661947
656104
629123
280723
118072
146810
23513
927401
593214
207284
594816
974873
355917
710288
596126
926576
587974
34051
537481
39605
105910
365635
377065
898495
280067
616616
800364
849696
567985
557808
941023
639615
889554
462685
964784
543556
698440
217209
441981
512812
947384
284154
278488
274876
763533
511872
925210
198481
747174
71994
486432
98454
519646
262377
755175
141520
122997
66429
648768
319252
782431
817179
408559
839128
767145
291328
133030
775142
803140
147199
920409
673388
855344
973350
895550
27889
963590
582399
116131
627682
682978
339826
734059
321802
885611
729992
798310
897697
916224
365322
759180
127163
458176
926664
16470
227937
887030
581173
210106
566781
85792
562479
91009
668270
647642
417885
524934
493756
961196
26674
895245
123173
861548
741006
705917
367382
861649
650243
197307
762165
372118
451188
82981
107483
643975
457754
981160
255775
801964
12832
157055
939918
23183
608686
608457
67766
810794
265476
611205
366241
431538
511356
555180
89439
177978
505202
178986
721213
504518
175871
527675
699154
490669
174560
463327
68215
247337
107829
370745
708054
463359
543078
645898
920411
600069
874848
202052
602632
392533
751101
421390
805349
529421
310530
427027
887188
292863
592833
818823
849347
237308
652575
915064
706682
693560
521264
989708
396820
669722
638398
632029
10442
215267
359977
935982
154155
122040
200296
321096
824936
721869
978861
925493
822539
331184
88423
737496
737352
460976
570849
317671
523500
266792
517384
452295
490802
758443
610954
581698
693300
421773
806937
824295
938815
151372
533006
869375
959935
447322
296171
697063
485849
604040
654393
809807
277016
160272
448528
880270
934078
626559
21685
679135
774972
290621
78749
273276
335230
549947
762384
92757
434333
