77266
717966
732324
871994
150566
486132
300251
906480
381045
464737
315217
744505
914883
285735
793260
708798
468101
939870
690589
299731
42296
600504
193861
639388
487454
929522
168325
705228
35350
372199
485601
698377
651415
846719
415376
512428
588233
323972
268066
690148
572160
96021
295694
168762
343189
549491
567319
935151
680355
73721
464347
708481
878043
914216
808120
493260
926085
929120
605275
230030
228243
365035
307622
295811
596899
147764
874685
733743
209490
570581
106990
14266
805367
848142
549179
38965
895683
698001
932548
969530
463859
542073
60565
988018
952559
617307
201802
612785
730243
582517
841115
431739
926711
516804
573256
413482
524
886385
115042
520935
579926
394155
813299
791062
393521
14992
785803
179982
290785
797764
651112
474885
500810
119717
987393
326731
722440
983125
44527
149933
773164
489590
312697
237562
917652
463412
589690
11810
772966
622331
929457
71225
757225
934410
62757
163291
463423
612383
579187
228522
866883
939026
163765
124659
521531
84734
384209
315567
117562
705498
677147
925989
51413
567909
624616
232173
134335
633408
698992
817679
783236
892117
73311
924425
534367
907701
712568
587823
870264
139328
296550
792237
718461
331453
10657
493288
481243
778634
355321
308419
499993
815853
350275
272254
377425
458632
214621
391928
531469
579051
815006
95125
836794
664196
418527
439738
807883
206193
855649
901621
780141
835062
225753
456122
36450
306058
47135
724297
353277
810252
801775
228779
586169
589203
533209
469338
800373
299042
276171
282560
100816
313467
175225
901016
461149
210698
705702
687857
231235
127874
659602
504401
688308
49734
150528
508854
492744
390333
588835
358072
829621
998088
238372
302858
557805
697168
264019
494175
627988
832504
908903
200553
867293
846642
958259
214716
84160
588525
21544
656785
58650
920748
986945
170855
523744
496370
926415
483716
927041
322329
482593
486298
572504
956419
141519
755332
234187
513383
700835
365615
144003
15885
780965
228950
378440
211157
534530
872869
666999
667825
194392
323903
208675
154098
923937
332379
902022
67456
733817
33929
496098
974436
459469
229587
824249
354431
569698
111422
269669
116894
550783
797744
90069
251813
535609
687787
272484
686759
98905
25335
17239
253464
464107
172574
903731
854874
835942
570129
719225
598195
684595
557161
158016
797856
962652
345543
215341
949955
27346
879836
510672
735351
249179
451780
228830
798276
905878
466253
274375
998318
420204
396247
171060
204840
70037
313363
823711
856678
396804
995821
574030
161680
105776
121734
618925
209490
290176
192730
898055
198096
85011
743937
926945
213239
532713
946641
24307
286703
344625
462048
884868
679916
972655
935399
971936
714084
662409
344130
573945
979291
915823
425619
432728
376153
307622
756487
582014
983166
696175
923185
231131
85420
628440
682834
22442
207330
279262
82554
279527
319273
558845
640839
850414
59494
765975
889228
169394
484496
115452
167566
732630
35260
736860
958120
671467
695125
897990
911502
557063
550567
708828
998126
437182
702554
929366
247858
533056
439867
192623
725218
80783
272822
363119
301031
391514
729760
877526
196714
648827
198193
418
998555
310730
503503
582206
763662
877788
676869
130119
798847
841500
339218
603067
834102
778435
911518
894272
540038
473143
777096
270223
353967
215486
632922
568187
89443
309981
705054
912034
435686
377617
785866
721966
8846
144169
611734
190600
761386
447614
236782
763995
518655
127376
471107
442816
419501
188863
267836
553099
990129
985251
201995
148465
499396
60168
469146
770389
993376
109385
646243
967150
897826
351495
985759
699989
932619
829319
536854
645296
671136
490598
977237
26551
999794
312569
47422
245280
447032
391941
102777
693227
355992
538647
226825
681996
99716
360322
153081
849200
698049
772403
608052
591981
344899
642738
319220
83979
505589
9015
79571
865449
756885
563623
951229
536398
144123
839786
310279
910989
932921
605609
794968
413268
359006
512809
716229
982353
328341
414975
21307
274432
18539
355119
50645
865942
860974
259301
675598
741763
766896
234575
424272
820264
526763
229013
921771
843733
367102
854262
874209
14269
933846
569344
718494
174969
185000
515244
117445
76085
921946
734868
732069
376251
533569
369041
726474
274330
869509
811445
477232
166322
194529
112930
889491
906463
739079
761029
120482
902080
407392
340211
769233
137443
168817
707486
380365
742223
173273
666035
486603
571309
816247
170772
861242
843091
810152
849261
798679
802350
311854
54709
322974
624268
703532
676931
181854
48516
103310
938698
116390
187906
369285
10547
70043
803827
255152
712789
750827
716297
141206
518612
634716
9131
445776
737427
897662
542141
444548
792087
547327
891271
408843
952953
826269
255108
575860
426311
222390
994890
548706
274361
955003
817488
164944
273483
500291
117985
849397
619067
299388
474524
125891
45345
422588
609061
285961
234662
543157
691628
628664
344226
594631
933144
100162
839766
899056
444879
605854
559107
541726
722596
24360
426661
505701
631774
189478
468751
943116
488417
435046
424868
125570
607100
212291
808431
208110
313742
59206
982368
575460
2837
467368
681572
267059
889301
99509
165343
615771
666913
726413
4553
567772
233993
448645
631010
177513
925664
199594
49875
377724
475752
531557
591779
958915
757340
614906
966674
958840
645914
568811
123734
819598
788396
984761
286703
90887
669426
111178
505257
719394
466157
465254
515630
613106
265642
641051
52869
294154
661641
268481
617835
434773
854184
386648
191884
573826
607217
525837
245534
516956
864702
942172
820315
231223
778660
685135
334233
744774
281571
178788
474823
544074
41448
685644
144838
238501
971196
919760
420129
190285
746061
649934
933483
279708
569495
802466
897140
171779
619183
732704
997799
13151
966828
854653
400899
186532
166002
901005
122036
825654
324508
646374
454413
161558
422277
320740
230565
767097
65396
230662
996555
614197
240738
333174
715943
49492
753704
863270
519790
243787
955977
355798
907393
432900
503514
580978
434915
753304
742730
310295
897749
424473
473042
317046
769424
460554
276218
294289
864798
723762
876676
327651
801622
917125
284346
23261
485170
133635
858319
764298
558223
785757
189428
420499
783808
848017
758650
674463
694222
266647
168799
528018
796560
580659
149047
191287
164835
835435
794488
467640
224263
941459
860898
615178
655062
287364
432777
230437
92386
139435
360577
542129
744809
477757
670884
130685
287095
767880
579138
473768
72153
820453
529382
416162
337785
579146
440193
337421
152667
938684
593718
289469
448307
494689
23681
943966
533216
98035
62149
399541
941833
21649
300848
938943
501075
281584
690637
297525
939708
254062
311781
623025
939991
96263
440467
631594
803812
544352
269795
505243
719435
42689
924774
20867
445621
365344
869269
134405
233736
70744
256159
82927
220541
543545
615058
750039
976607
100344
298978
698209
617953
958407
196120
452190
427996
107840
829849
212303
824997
458490
363409
224647
4616
752702
217917
950574
665955
517396
741651
904034
253984
69238
403278
153463
950224
836966
10841
559967
28001
111067
399895
426533
617724
637079
961933
985235
594813
250452
429677
983412
814224
895068
433856
647412
110180
656184
516783
963555
800655
56832
979629
522712
206718
807058
82052
995634
79895
195677
573307
739898
716141
871901
22753
624356
847007
522657
882682
645045
554126
331271
944387
452478
542008
274826
130274
521158
77366
94386
183279
936198
997262
865834
372953
937293
187830
668846
205302
416580
688038
229347
816427
186444
227160
36928
866612
950211
559967
557738
451857
749670
620513
871774
733966
73616
626675
255112
721965
292001
961807
419376
40369
968506
2932
838548
621706
558564
812187
863888
583256
404432
487121
989177
692957
805369
893494
714762
538884
167142
734160
68342
162440
509067
150924
293148
885187
66319
746835
158041
611668
757609
912389
889655
302123
606435
691093
525698
31348
66753
750593
758715
65693
541179
274156
519590
755654
769445
154969
245438
582980
631216
472966
429641
713042
493065
536163
53574
249109
825119
23662
532098
518219
528834
610092
18506
908943
155943
778565
27962
87115
781192
771325
58292
135738
975400
232651
545069
505944
619316
423768
261345
36777
801157
502101
975270
480675
567106
18809
603102
735738
760035
838038
817927
455942
459984
547031
724461
166418
699751
180632
134654
453379
146653
962658
35454
213475
336955
696961
354129
312137
7690
52932
428086
41703
714058
338513
382611
903856
168411
530338
159594
771172
982591
850208
565803
481529
404023
632794
156516
691239
656777
589282
743892
852368
816547
394564
321501
313099
342362
669924
949271
31436
737483
855923
854913
786417
514914
324430
79634
34219
697081
740211
465773
397447
938968
709024
757300
655896
354651
255434
452276
373315
913457
852919
626174
47719
754688
346936
97877
893543
276710
482759
877699
168789
639515
820921
668742
599228
239666
46367
767976
514826
182206
320383
367340
469464
535889
225322
260388
806232
11424
120698
818016
997786
661250
481130
371328
60219
901207
140498
365355
95338
166278
77437
778968
255896
129694
703208
872201
309692
495454
70234
712856
857792
95632
905435
725034
207179
17424
38674
257920
19372
731754
545918
345452
817823
773345
336465
227936
553792
20556
534244
130658
621897
958492
365915
678811
767049
89400
328663
718095
275300
616393
930577
116520
83201
924369
588250
278571
165012
981686
395436
973068
386311
775133
466731
150428
467207
240370
582078
577056
970026
982851
45701
670590
654200
130956
440758
967185
804189
425358
480983
982363
291817
265624
599450
611354
10177
308903
856592
328179
40166
115753
871115
753675
27103
195870
545621
895477
176518
406935
914502
847493
251181
743649
968518
746307
246379
569467
182752
122492
737030
18114
761662
171698
423422
160046
144007
32755
589108
136373
901714
302599
61686
972365
622277
420866
850536
733711
378830
19834
943568
70967
274302
549011
377149
338824
378301
313334
754709
260620
203566
636384
128762
768249
33696
211414
461784
77807
314669
664503
369678
519774
884211
177386
87607
112005
680876
623733
77844
483797
837805
353327
876632
834804
587128
747086
974543
963421
221309
279834
943723
155300
316212
652035
198572
645655
674512
2573
723179
537537
452832
345641
428292
248392
604615
845088
799198
221366
294486
294760
501209
629908
959939
503129
106386
548018
851849
171961
739733
614660
875035
727923
380448
624743
209734
802983
471632
705729
510754
943003
827371
276677
649268
49870
13065
222358
614883
270317
185055
564483
727189
274847
538985
375281
555622
624379
386996
871190
808133
736537
966725
335265
438826
52422
603881
760440
815223
314513
998618
108633
562283
448386
592523
434273
869245
261035
33745
358443
349083
47638
958765
959313
590014
875549
509370
936718
429993
832857
520624
316932
467455
172210
823570
86360
267455
791574
713402
979195
679837
305605
279039
334404
951678
757384
199296
467449
844687
853825
400016
349165
466050
391518
946302
570627
311910
709032
733503
703568
510305
165048
379898
640799
674509
138952
249968
508110
980013
793447
19846
472021
613899
288006
754097
590439
655663
318576
503677
772337
736829
286935
139322
925823
309356
300169
825219
195646
878623
971586
726188
172572
431393
82138
426759
62283
48386
453343
119763
989797
97288
394429
697283
729258
960468
865882
454310
512932
356627
592255
717111
620459
762141
334128
363075
138373
259117
445788
284531
398693
424701
896751
863221
171476
961342
586821
378315
352045
986865
692730
606384
144002
56357
678685
46498
785629
941773
730691
282065
256929
717821
172407
588194
217806
523329
62351
561440
459363
455834
42458
118144
236701
27990
276469
587279
701918
623627
818621
532602
781929
17776
982750
682362
8458
533527
684298
210138
214482
726219
758534
448934
651392
176898
487070
147890
563004
336319
347769
615684
2812
481479
407751
222623
88457
775485
21014
606764
972956
519196
294724
594183
424866
180753
226383
789092
619295
79091
75912
15901
456431
154016
984487
449817
291943
712181
302519
694682
526297
680553
122482
302626
469046
961671
632807
528515
303630
646150
983191
567810
341300
116102
629344
159655
382973
403241
901905
836900
861031
995020
894876
271391
478933
19873
64937
322654
214968
94570
354887
121230
694922
677972
839037
451248
753524
125102
913407
770593
890128
116036
108732
817348
834632
755420
382228
284750
136605
645260
851431
244525
269700
589878
710473
637974
123115
563362
715025
346858
574809
693942
687505
284740
341171
277076
436704
558689
928794
284048
956818
773421
374066
96717
465417
24870
287294
288243
967461
194991
664999
849103
154711
792563
530972
709382
397715
87092
363282
130807
150435
60015
804204
189421
533913
751534
804023
334845
41885
542058
596108
174018
951524
510426
508760
563315
565697
960668
575417
232734
495189
463487
942590
396163
444451
32683
349649
964304
250814
255726
802737
914036
889827
327779
843223
801441
233635
716161
346298
18211
399225
564093
871790
796248
907066
776413
378344
515851
633450
230875
78876
611313
902570
979442
723271
983167
372303
576199
144969
528358
755919
998775
467818
409709
143381
921337
818749
558505
366580
65776
72545
5274
742519
380176
128804
217445
746071
568170
415811
179242
66118
456405
242701
922369
435880
867451
314789
587286
967329
873021
84582
404510
215881
389636
870945
439157
594684
24165
759745
438550
501967
364336
740688
104182
625245
340950
791314
676157
380863
496756
397455
536610
324633
55872
750831
144929
807377
583055
575677
654428
177819
869952
911630
293964
517936
237833
953659
437858
670622
468380
377545
192190
329400
818549
85354
122699
609133
301827
629725
195445
607670
555056
286320
35848
764009
439695
381093
459622
834155
24481
418675
539940
272898
192068
692259
482627
269769
251065
233243
723654
786364
580240
751096
426100
175539
712690
649428
90028
781548
318923
330727
182048
920001
917010
84745
113136
982904
291830
505237
551651
268089
886054
405866
74372
911130
687101
709067
362967
13079
583497
829350
67319
562013
140791
175346
851917
33733
792476
94577
860143
359838
219170
280405
270226
139619
863181
503231
53229
473612
811753
623010
884781
9664
929682
144646
683367
525599
405801
424285
903646
610220
628800
856327
948932
922947
816475
475164
495601
699559
921894
452902
510023
309692
975179
348320
933984
32342
122037
986837
692902
945948
221168
917079
545602
563417
448364
247448
675437
49631
412577
747560
436194
473496
10252
332043
393140
572650
661079
720758
97467
806022
769622
907494
252458
288398
711213
248221
314812
701280
467216
773819
720717
226820
19363
58741
835781
821742
526720
144436
54127
308080
655062
812108
21288
18687
27182
99991
457458
772127
174089
113006
85096
550446
702758
193795
32780
901387
483424
552158
245116
710753
932211
154290
183108
437587
220831
538971
293132
71174
875429
403255
222066
824133
576878
930718
803251
854805
765195
229887
866242
943446
701591
441240
756795
239379
785401
250513
510641
546854
483078
774966
972643
197643
744707
523920
534094
466367
921032
662111
892700
215700
581183
73077
512250
983956
798796
192817
748359
902864
92231
883479
41576
619716
778596
898185
28600
350376
488372
663012
431965
142165
903108
402042
890038
809746
779043
722407
118128
84347
135554
391058
177464
209293
38452
750594
320650
657552
87380
617882
392296
519777
99461
375539
643815
3739
952788
154900
577828
333154
699707
722640
620883
257548
858367
499005
572343
726763
701304
864396
238638
651515
600433
901706
556836
839333
918053
792242
360232
538926
145962
38892
406939
561023
967786
566438
472772
30801
676747
539278
437633
199733
537712
354665
833177
709181
162649
562579
439340
294730
287014
601811
810955
557171
446457
752090
403812
915215
580280
4313
418454
620320
649650
941308
408163
215068
459609
622470
987715
651609
716141
667466
391957
907028
381370
911363
435057
771741
24440
8593
980760
754083
358928
43088
635789
842712
358462
767831
444797
407744
321553
232650
589017
902108
815248
999389
33925
31277
417975
271269
155304
299239
397471
466268
435940
946676
605179
637489
74272
883041
828350
901194
671744
228329
348378
554775
289782
657308
994148
927828
78898
183020
418451
979291
170613
818516
535336
953571
648899
817702
309223
359577
334583
798255
698819
295641
618480
531080
629463
131721
209257
615292
671761
221074
231
355409
738345
703676
989451
961269
436943
966246
728263
883335
652451
918686
392749
251838
596318
734243
515619
797754
354766
389748
620723
621349
467582
76628
819455
666565
577012
127645
81554
909538
568915
54782
570129
532494
835745
114067
752080
964182
359331
523807
444929
918916
82981
408169
423047
360589
460630
991984
461352
87710
124623
874955
676769
104510
30260
806818
490836
855455
794227
9091
546269
674823
410218
126818
349122
352534
72613
14512
399176
261683
801988
400918
803426
475863
686715
479758
587141
61557
616564
841502
11479
400389
269135
156787
926021
427948
994633
113942
783412
103498
494970
743117
313103
232287
523576
867280
155775
719642
701914
503526
889593
386880
81623
523613
82608
733046
957772
211746
484524
162283
557660
462978
600371
586020
228785
525182
879587
104613
796833
909572
186465
39865
719853
129104
143532
993183
605411
338655
996939
607185
826019
733771
560613
929585
830974
880520
864047
578835
726970
614329
284287
729185
297010
949808
183360
431983
500442
415233
275518
750812
87969
753921
487649
891553
450927
367392
360439
596281
90190
149088
840682
978349
48741
233329
567888
553851
265630
270763
305185
536802
941993
58535
335044
655181
929370
530107
475266
299738
979822
742799
320412
266309
316587
582368
794871
504949
74533
493073
895669
664739
85852
675753
821280
349411
198403
47406
396864
230481
903132
892059
861772
125849
699326
924864
85565
913890
342648
485559
491901
406168
344016
898750
742591
910996
85284
561334
394728
319915
385074
63927
100970
604112
35187
889166
69042
580902
936098
213332
442232
655270
639706
837868
135987
43754
818845
958744
672431
947924
460849
542136
299894
654685
412132
947425
980459
791038
833969
724118
123895
391028
551419
327974
547802
470772
655670
938529
266531
278763
336869
343416
142523
13040
279293
983792
304667
719753
539369
976515
498270
841879
505575
343699
618544
947231
676815
836555
182438
110773
715508
899605
609768
714183
140579
63409
172297
463235
990793
272633
764215
292582
708913
188270
346254
509155
354794
168573
26055
657836
756870
532948
313485
145759
50623
979228
499184
529680
199413
393170
825714
448559
216275
257413
958655
182102
456847
349102
441786
418482
158095
168935
258995
569099
614633
824330
102389
17905
434307
313383
475707
730821
514458
521057
870338
384993
768094
43877
471033
432613
774137
396360
113877
831071
648944
727677
476737
492374
552674
687344
284723
865779
888558
634689
777434
939277
515250
625632
166003
178255
235950
286657
442683
199752
420550
315196
564159
802639
229222
753669
666447
912785
423168
272515
575121
668025
775729
553614
158705
422778
104065
828234
460406
732668
664585
298011
25648
293344
617263
572355
510029
90098
711309
838047
940428
716778
867888
297403
130569
206431
331324
626701
478070
957257
128045
547285
406634
165233
852920
653327
209171
255351
826896
109841
921032
993984
649348
220039
658361
656698
375173
794569
519496
359757
421126
147094
426992
53343
148028
861616
878883
597060
648645
250707
228082
722817
408357
272851
437798
16315
707755
696145
77036
502337
274098
499993
999084
554803
731075
82588
332858
686477
163352
354629
159141
360468
912315
990073
539950
746459
399373
899248
367059
999410
572835
519019
722184
201580
136715
310033
454023
23692
883756
955498
711934
199115
271883
23031
972583
43721
358698
394987
780214
167118
571467
911946
339883
678587
354514
70621
956999
117457
934344
213583
358107
878813
860988
952872
560955
723775
233732
36643
590354
129046
236641
778221
13520
211595
736832
986301
651902
741942
976093
11018
46961
730352
32578
462894
356765
585462
210670
772309
705857
45302
367376
931873
374656
374714
842482
688350
557968
653998
566579
845277
602059
209551
49645
993903
921059
365298
968501
624319
180915
102574
764032
181389
852144
221352
362210
93891
813182
818937
134450
402037
697951
726846
220170
329914
280262
152059
615147
771681
46090
22764
727549
845330
139574
447082
730227
358915
310333
236087
486413
960915
506890
307622
497079
981703
598454
223914
211855
776926
845523
619449
934404
77394
613285
126236
262362
105262
458864
971990
547401
799047
421357
737070
499845
445656
514902
848731
895385
907774
432736
278924
793517
89036
450249
866129
159142
661516
851591
748137
80620
145555
703264
592104
732231
170240
107223
894917
747682
742801
857476
945662
959026
315681
862461
824360
268784
435778
890608
340311
652802
437299
63571
487461
618616
250302
475762
413539
223025
466993
284391
142554
946974
346038
80424
110780
253214
8721
786682
627948
516361
616374
274180
991015
336841
592197
804158
255501
603874
365987
443912
658320
172497
799990
519575
522488
248786
750460
612682
806928
655932
802889
762139
972528
203912
287195
31409
326184
696303
488347
991889
911046
542065
764531
411253
972677
179953
578438
749813
154002
622781
393296
18786
618684
454316
330204
25906
305783
177249
256348
945493
166732
72620
966248
56166
901089
148815
677974
343869
36064
801757
555954
511073
736647
567102
984090
337115
528460
347216
267257
739749
296811
787816
524382
236801
765709
516726
694008
115879
599190
324870
314288
966166
599884
745315
121315
214988
823455
194966
202107
208529
675737
47500
471913
355437
841507
476501
434304
968121
193457
132361
366641
609683
837835
386181
677215
95979
430521
650643
257374
445562
81803
322408
864461
784467
287682
565062
395213
498321
520350
735874
611293
764272
236165
977632
592404
146936
282509
694938
206010
122708
465446
128768
152834
3073
904807
762873
205096
446626
137011
643623
427107
26672
765192
555688
394952
781518
484004
925241
731195
1338
244884
698550
988178
423840
753306
692349
864519
115401
417658
642672
852314
144432
364129
534488
795329
42741
935219
48039
337485
569643
449967
552726
477403
357964
168385
467757
124467
219532
132965
720033
797248
841802
82931
298647
346092
172899
757707
371911
325080
897761
321501
410556
851573
384785
964373
214199
313794
952626
754786
408051
436066
82761
588962
415044
898201
105746
118316
74905
857443
614929
560441
487072
266737
521094
959663
288328
980352
2558
713612
641890
763224
790022
795051
977697
31903
967483
776118
554240
6871
142589
558505
823746
716667
949250
98878
121365
196465
617478
310011
190608
802411
682080
686932
893979
474528
815408
707005
183982
25507
413365
65489
358002
517533
219579
104472
66435
477036
379825
647352
721751
996566
341465
568827
523192
884523
363608
639033
129389
186551
853677
655778
994167
611809
40446
379690
787319
157732
971662
6161
855853
960359
85452
626894
683163
436922
990405
634391
23624
393711
116600
30096
716896
277203
258570
563726
327160
6472
608912
992454
372784
380672
381834
746966
78321
385048
426928
809840
3670
441103
302755
227551
450344
606369
972998
642167
714945
230788
428454
851741
437329
911358
27156
351216
731071
912673
548180
49171
100071
74468
889262
611993
428034
606816
690529
170123
652259
311268
220663
916056
906654
358005
571188
694874
484931
720997
212008
739521
307144
793614
267236
635166
263493
359660
904329
582734
847256
123796
113148
497729
728104
126165
682933
353894
556999
472042
500151
419381
929265
406168
22106
422296
555249
812266
419204
879287
595875
568071
936054
458847
990804
271661
917250
947662
106245
478412
391003
15069
79055
556673
547973
35338
202784
24109
5227
297249
843747
987826
910159
597831
800574
823114
897371
445731
663477
363011
5527
919593
327724
501339
774516
219972
89353
555059
410181
391136
589944
654323
226637
713425
719176
571963
339251
645155
166322
504577
610258
718207
723450
426316
157421
845942
791983
676556
807680
593325
125964
548499
557809
268773
837249
106804
422309
832934
867787
159159
374128
6088
819456
991990
582500
726174
542951
133399
885450
630271
13379
656102
265967
797234
318129
502157
662037
526261
594087
635955
187723
779434
949340
98351
876951
404895
57414
325544
826703
95865
457727
851403
36423
633084
481217
58983
416740
361913
223184
70056
725007
233748
618103
798446
353605
154096
255658
654409
69772
520698
489738
835795
127360
433935
651400
37610
109964
831883
644961
618953
863860
673263
300167
347331
839246
806766
581600
785243
918161
800276
828967
166786
969285
713747
3121
725870
89498
442924
171722
268499
680085
865847
936894
170560
833061
398670
549747
777305
442004
693724
2483
179885
795993
774461
298696
654003
599178
375186
662528
101990
871726
836837
790544
13946
558320
125043
633813
383545
587632
160538
596917
867455
870772
82656
401508
840398
45500
894301
132675
96847
220467
547719
633187
120806
603777
530712
72167
966192
665085
586270
785222
382108
629120
700127
46256
201635
237781
293990
170888
973669
930060
416750
846928
857634
489966
680618
345827
863505
802314
913839
221403
47520
769326
234815
955666
126089
66674
205171
917830
726350
783470
899588
507542
423825
131851
878838
269993
789586
711543
343265
364590
814853
241650
597789
559485
211023
15814
970761
146588
773789
771475
948216
214558
813217
864456
556153
451367
892010
365678
101506
775818
786399
314974
748920
564051
301272
343187
243166
502752
88858
195354
697495
988970
311084
674534
344537
38178
152986
363392
987760
5110
768902
217243
458668
705778
8613
768389
530345
435587
703837
368570
174585
969496
216953
256467
611888
990625
758343
347100
176331
642681
719183
80706
89597
139808
575856
913259
489304
857505
851992
459296
302613
238227
592607
151205
197504
601786
836481
860650
744386
415885
800630
274074
52364
528914
152944
65232
415902
598950
534833
405097
745521
757465
43526
901684
211527
899637
198563
73286
274701
725727
114780
365355
395369
273687
900222
697655
406502
646298
231496
540090
997882
302951
236873
200145
694448
642974
352087
288729
316598
830147
137769
32895
137733
124386
780178
542835
365736
686541
731483
669243
563756
92609
469051
784484
336675
928295
227573
931475
216532
928054
412238
591993
557250
78069
139370
484005
331031
243742
273410
545523
845294
343838
545028
649442
651386
288954
57480
684611
81173
35467
122794
427470
397545
564010
415112
468495
160181
194278
24793
610237
506557
827378
419688
212715
990673
280348
591789
926296
587575
784888
868614
762721
814455
666203
484951
762134
116356
687683
227835
71593
311746
965204
550053
201026
831480
545021
483288
171568
27412
119097
457151
862459
898453
914162
933097
277077
809241
146752
77989
361455
602435
86862
860790
248231
755720
991709
1076
560862
255319
871202
830015
887464
279203
392331
199712
212637
348046
689952
911229
891212
534451
95364
361913
122895
825680
800730
203174
518010
172494
826628
225960
459629
101295
408902
317735
52233
952403
527497
141936
760831
506215
324220
670505
985476
153195
647189
348975
883745
933725
966389
290510
720294
778375
564330
848348
252926
606946
946126
746290
47070
302054
896204
437576
534680
399151
522370
163564
228876
553613
991426
485023
207037
171560
787699
856908
356481
892110
356949
877350
540563
699675
304098
571484
437507
147268
358415
471996
195404
175488
382578
606946
852614
475987
882173
622746
67378
169784
76328
886810
256371
897322
169133
236757
792924
192399
308717
434045
805284
633666
175984
760408
673526
846459
80010
331774
225253
804573
391896
921260
396349
296988
7850
930312
442613
345737
183355
819378
201984
364796
513499
383043
906370
300573
722862
101221
657056
281807
629005
70223
929968
82745
138058
346075
41040
943601
769808
174085
642322
27847
892521
343682
859221
861356
87194
37627
177711
219326
452393
81253
859910
965553
114943
895870
853502
993243
830375
888421
530444
905051
366582
797142
244137
350887
568389
515010
908387
167666
566426
2119
691277
12918
595749
733585
802519
343011
517414
393420
134456
667108
695660
571845
473927
499146
242295
477980
87018
715159
788223
309544
656229
397289
183246
799975
183892
603714
3080
401504
65524
822448
968907
942167
755099
245021
963569
992108
531720
687861
300530
42897
240533
675567
160231
991462
339465
223739
708713
295859
193418
809606
830616
897281
147439
378861
548919
712021
806772
382012
152053
834954
496391
432161
436295
11978
399615
720881
333232
368745
914540
401494
550626
875742
260297
90965
742846
726686
455630
241464
700216
774679
892130
463836
978070
825734
884398
628249
491863
90357
662861
247113
967472
727381
827103
953207
77298
82483
241405
254118
574215
738778
37830
580411
971931
974534
764888
578312
636887
849472
81435
117173
956552
586843
376759
642189
68958
175497
981029
997922
625617
232538
521379
328862
141214
959507
425665
108008
725103
521383
165145
213359
707801
229525
533212
111766
321023
240541
887238
321148
148500
256800
781747
6503
535165
546131
589260
388236
239060
712799
274458
107965
514633
854169
851195
452591
289571
951257
313265
935527
211492
129593
991960
696513
518539
649772
51632
365213
144051
555064
963544
883814
685337
725393
639388
355200
187515
894548
38053
466702
329307
113820
350799
697053
832995
460357
895192
266800
83362
377979
178035
849384
26100
759549
628028
752208
710080
784372
824903
569603
243355
283562
57745
781818
398091
139689
473304
460598
932966
880305
777991
956166
447192
23188
528841
169462
894530
578034
694782
466196
934464
603789
716747
363616
495107
710024
49740
37391
438429
492033
506981
550972
771932
315335
405174
51180
478285
53114
321004
251516
212322
212158
385204
567081
103534
368347
478027
832124
459660
812981
708273
15440
758560
31714
78972
554945
24949
384557
834505
907635
324166
668263
36813
802556
122712
864228
92041
173039
206980
455321
763548
315846
755283
968400
962994
328811
568321
697413
794331
360419
913636
636897
313974
370136
294310
14352
639180
512833
349102
144641
44473
590768
652766
978809
780932
399735
994741
386645
817616
29944
561619
389082
31148
146568
962141
251386
306117
230912
122039
969126
112315
888608
786926
613642
358096
829343
884280
837930
387645
460627
774482
393815
655903
244153
726857
589069
664910
599842
992533
776940
794127
602939
24735
740433
631199
831671
97508
813073
997999
586267
722289
333586
789552
361701
483470
224709
234564
852634
394039
12163
165651
609771
914565
987331
210623
480835
21036
951414
231727
966768
794781
131071
696648
765739
147020
427538
658810
668165
965580
909736
699062
766704
402390
783324
94526
28328
481896
682918
395156
926908
658442
84465
905044
972541
971180
741914
209374
942849
70379
235655
492779
631380
561906
238562
979649
303357
214141
213745
433537
899880
750265
193108
367966
922101
634311
409626
836072
227740
842720
476159
424262
495866
386194
80070
875586
424189
52073
369199
112767
310697
514345
333782
771205
945924
494711
257192
883773
511460
988055
952066
662008
895699
663887
347048
706665
810332
38059
914718
757939
121589
861466
703142
543965
890184
271478
244503
354915
403488
455393
443863
567782
778221
5194
409717
468675
19507
729999
50597
554560
601941
846397
937497
697826
320762
950066
629816
956637
225177
859172
343677
662307
14183
805754
655535
200094
869402
982104
732088
208184
150104
473592
795429
307287
447297
722739
121465
111911
418646
158368
192238
367759
42052
865555
690761
360069
395281
276935
227289
918909
600482
472534
941388
814780
970342
347364
904685
562252
517347
256604
145853
151944
645787
746002
173
791447
900506
204552
224758
486197
814303
356940
214038
235757
346917
236414
849896
430819
48204
582640
93534
488781
16041
7142
876381
209154
890919
783932
471220
555755
494552
172199
990778
666070
223196
581780
198596
907689
948332
815212
594368
499571
924804
280761
906930
636958
707499
721890
9608
96833
674848
278482
53275
767186
608675
611639
507973
982840
114844
635495
884761
454719
931628
194652
494787
655333
165967
864224
176509
477969
136107
596420
947051
68579
209015
520074
447829
789798
621003
381730
635774
717410
789376
289873
260901
621327
254211
291758
971224
724772
929787
645127
39087
327180
745044
497120
473900
406202
107240
794651
26413
439060
490890
207091
982155
832842
986222
996130
62163
804426
389432
920867
444063
340172
379359
3986
117584
501832
72894
323119
370601
32072
413111
892801
937419
623127
659268
257111
819849
129753
870364
479274
268711
84852
479038
662558
387380
858476
789916
543015
512833
142541
940711
239624
919101
255617
991667
767799
963182
127425
983687
915805
356878
279336
926724
542265
520576
712675
520496
477156
162669
283461
722525
126703
36864
177911
687354
778216
516922
621261
17462
542460
608370
87603
812300
574774
166957
652422
69488
449446
160854
393407
787668
741725
698266
767498
393175
570324
548770
854581
512971
299948
737518
675332
390689
88463
591563
123041
682227
928630
130992
44080
42606
444677
21179
810625
228442
940561
489923
795167
151496
229825
119961
180357
947479
877266
234784
601648
62114
612788
664390
762064
921609
527058
230238
634328
523163
739055
95068
813876
206813
863916
291372
781402
460346
178662
157679
740666
823558
127868
327315
949967
158640
522926
31821
870295
412228
26976
892278
817631
221531
956350
181375
631672
960736
50362
572434
61254
626047
421041
485639
770422
458091
488748
638464
590735
310988
226499
403938
236578
171844
388891
820464
767132
608477
479247
576453
828474
7633
162540
596014
852059
882996
934551
349922
605937
665474
323530
486367
62289
216385
876859
292002
916907
283731
149597
53314
402067
985626
390911
292393
308733
832199
359827
260080
797256
884418
683338
538390
10865
551472
508186
145821
261096
829923
665889
315074
895295
234788
975139
528407
881215
417493
262000
547902
905301
328006
819169
603012
990634
78103
161408
560407
994832
584901
603655
321318
562456
46994
467137
648211
537280
919829
810573
572567
233609
221595
516162
870771
686631
986233
847404
45839
996050
999920
579507
483185
406202
195643
403548
354715
831319
467447
551657
260737
302046
379823
292828
468645
859151
52868
901082
431249
971947
322293
118634
456177
320388
527505
517404
587658
743788
344118
241926
952347
30735
733764
728554
929422
330909
113764
913843
440347
654495
183278
790174
116666
868651
927356
126518
730178
936115
548553
302903
765667
955255
76996
749780
626876
506779
984759
543765
638234
794707
341263
492952
998607
216762
121223
392567
51114
857346
964597
662410
571672
601734
279665
482243
994454
642940
419102
387768
190866
969478
719062
71358
29470
673767
143670
282416
991503
115859
934851
247759
577528
741343
605111
780355
763454
218903
571308
254016
758744
99758
947108
454404
355110
952144
295731
854076
169514
314324
923977
169799
240679
962061
965984
455890
826068
583295
25726
702114
95869
826095
232551
531440
239351
459988
537315
917294
820030
158057
340327
819816
316589
65892
543971
222150
344344
775616
175655
206574
579081
663607
12211
742214
156118
874252
771289
683927
847836
486596
528465
123149
877594
617652
370649
65370
137132
457078
330503
115963
491681
220213
12653
155155
246844
578088
117479
203891
56196
378716
422595
647547
966728
312617
891214
184473
404019
760966
5047
507760
965383
380473
402658
245461
122297
480359
291276
407923
463977
795273
694870
891534
266493
175103
198192
776996
10265
161727
843491
532656
756989
226534
228346
353672
497018
778543
900174
512102
245970
492993
738989
527299
611435
173858
229799
641695
208368
788682
978484
205086
48261
613394
36421
493260
416036
997323
253797
390593
852313
897579
757964
369504
114070
755299
157057
725369
778356
509388
483816
750030
97735
131583
987631
161331
750172
175299
290833
459534
940625
85537
90246
408830
39249
145556
148808
375641
109228
684573
254081
334733
393103
45298
141526
963239
585124
628246
451850
169522
323273
158724
975824
818808
672933
887429
667826
616676
977645
836961
676567
568583
672562
82162
404404
706809
966499
203348
3986
615000
410279
341880
986167
320940
546383
343384
467572
770859
352508
267781
895499
964440
867853
874268
410490
466053
332674
85719
256936
702074
691314
496959
348843
795502
615589
485055
918516
356146
431183
157204
89176
111405
189994
528353
161147
914114
84206
47583
335579
439054
799152
994418
646838
596045
292117
793046
111321
527132
833905
362744
251207
90905
390656
632929
894338
865318
822399
489933
665529
195853
851048
478938
679117
507069
306697
190044
649473
758067
399808
31309
771710
428212
78549
343906
343809
463734
686964
615800
856930
100255
734661
254125
969922
297829
145002
277452
876303
365588
520852
717216
150646
292270
320962
685353
269095
504556
929432
437101
31166
706019
759576
206245
645459
464770
389823
991128
567775
122871
185598
322566
307529
796082
648979
629050
865420
398594
610692
395651
231751
867675
376696
232764
53090
468792
298162
359366
459607
385117
999978
972439
555492
950710
426186
37676
453580
54299
117954
433946
509060
929653
941512
516546
459649
640122
191408
548835
924188
653076
666403
391946
782942
652639
335743
140964
647150
599441
148363
121268
936404
894133
222677
750239
382761
706640
401642
798245
605597
502820
260850
153002
124581
575442
191077
876466
361471
180442
803886
160812
475683
518655
695898
160741
957832
947078
296765
34141
808271
433884
32930
612087
418512
392087
971052
802313
399104
891925
8781
883732
240124
318977
303330
178637
431284
801460
658922
171802
987190
248183
690466
408984
92246
599527
5310
619097
395896
508849
814789
661483
287482
859261
911625
8851
701632
758184
558722
941465
698909
362281
674439
128893
444634
255253
279848
970247
808039
224957
982506
615420
208476
407029
765216
132844
445802
371888
822434
12265
861026
461127
798637
585106
701666
504152
598999
486541
734936
173963
812653
952851
123892
79216
2027
825572
489710
115588
316822
382620
916977
411155
963130
517470
539427
55479
577148
786732
124817
975870
332443
955929
105212
607146
493575
728597
628666
615825
354590
179240
727819
143205
723263
211386
567929
830350
914957
453454
950378
783795
363714
846607
116934
252888
352493
858435
847807
185377
281033
423452
636993
685237
40892
382125
973880
575038
719849
108922
999992
312332
592178
218792
741006
842777
880525
819859
724065
14759
834753
629438
521795
51078
887358
538661
45402
334386
400279
294255
519653
375000
167005
487744
175981
476537
9625
770922
462027
247144
232805
75267
598352
624237
57447
109137
922068
193420
274347
722146
662686
882336
766492
89785
525805
533536
336799
960930
208929
733571
584461
400743
975689
823936
137931
972123
573834
276015
870919
638611
462952
117515
306192
535029
303732
329432
575634
341672
643538
843233
77165
689963
335526
772763
451634
636162
111835
3238
924218
444810
643919
775793
971810
448174
575710
236988
294630
480690
148298
822329
427097
926124
82244
999308
116926
654035
26074
290162
398407
248176
350844
838397
790823
415537
943532
422973
911830
434588
795842
743867
758113
450593
618585
291487
793835
349768
587354
684465
436164
942729
703138
657980
766755
611258
611667
562254
738563
256483
772020
805149
571672
513005
214726
657540
793901
445113
714212
757866
125532
278286
562773
868996
390697
470442
536114
243504
685627
238457
313902
344194
667959
979556
776135
801948
646330
188416
2888
252726
838131
84647
12728
143806
869916
668132
107939
998745
736979
603912
961090
684103
513817
850585
921545
664932
4965
47594
166414
825674
74726
668486
417297
638164
55828
273990
752684
518334
904626
470274
484760
76584
694242
176548
669401
611897
235108
534872
804679
897504
403757
39903
167099
948918
624416
853635
392722
830784
212203
529701
758945
94544
331009
896242
432885
381706
158895
44020
612613
217156
462813
577093
811255
182855
304100
266910
236363
635763
814854
681165
53352
597310
969166
432005
350081
903900
592261
555407
497764
259451
358350
971103
869663
908838
517535
334977
799503
745545
739228
166258
444486
581972
520914
444171
620248
891960
713676
142552
816194
25166
570518
407303
839352
267543
527116
496956
837770
948254
281885
849666
762738
846650
989858
56667
618108
16559
837013
56056
277522
197684
899439
854532
371107
666128
757986
484250
259440
975710
698416
668248
63475
254703
935526
681803
972140
957646
244153
726025
357577
811614
788091
152478
609137
160992
861114
854430
174957
802641
711926
78554
300467
388976
298876
406509
948177
863006
375971
539126
919346
963613
405474
734304
7888
793019
396493
638428
509495
914952
651946
675120
699378
483650
971316
393449
324564
207506
552299
138860
581604
831407
240150
58219
198246
855009
314135
87219
137666
746784
852905
796897
651668
53787
477304
678389
47567
97748
353436
990654
924302
106088
82036
230005
45945
81324
514779
745382
404176
601267
112458
379401
29143
565933
473546
797487
870302
308842
343571
564248
787052
787196
317766
900321
694728
664633
620420
956122
592867
109215
804713
39990
43109
651091
755753
359516
745554
748482
401861
415962
939289
285416
411113
332345
625977
685999
784613
703915
330384
619247
507078
447137
3394
65620
85649
857273
684290
107485
622811
89685
913088
795393
827400
536327
759919
912044
500062
229416
562930
74855
431621
341384
474850
659285
416989
912447
919166
811865
56124
586018
733936
445205
908098
509265
713144
668942
618331
822190
171447
736491
881937
832488
182682
940892
300619
262965
652577
43480
151271
935070
692491
63742
252655
327540
783264
250909
668922
569760
355355
146767
762594
299416
211697
170368
3485
268654
18690
731916
423162
195970
607643
481095
315962
193624
246758
758294
38793
375556
210863
648250
584663
12994
217235
4653
304280
93154
656135
381413
804692
946208
266498
139701
652715
312146
251336
715795
823017
447482
806037
608244
148418
433339
924194
143187
818282
260137
37014
325265
651475
400313
32588
378807
333892
185687
395325
509079
825107
309527
743178
210256
634879
619139
605865
99631
676460
636627
336233
397938
911227
306874
534755
624745
780485
299485
807871
560502
29877
650143
190624
876723
165951
149655
115053
807474
483457
238179
875965
418527
285300
509526
180126
870466
921807
993804
45315
84705
415032
33631
615943
599491
569831
696882
475298
160462
972122
834154
21927
279954
334831
410941
901303
406431
121697
715362
114502
13200
85537
676904
324743
842987
918928
444131
878263
566496
507287
864577
339203
586287
435364
811834
964631
420071
887873
596198
448709
79945
407122
183272
259662
835595
428395
646088
391567
58232
264076
862815
799050
19060
268154
651115
814736
137054
549179
439042
184713
598542
341677
190500
49568
291774
631107
703145
424013
688836
974365
883417
980992
556861
910531
654362
239655
634630
304447
842180
715292
924836
677204
986385
273390
77059
547550
878640
208842
392028
677191
133432
40839
414895
763619
408761
505227
60464
808297
431727
1564
473278
560399
16272
737863
415310
980801
737605
784487
997094
201021
120821
17938
603526
679566
564028
527782
607457
668386
161210
373291
512840
765642
571592
125861
172520
164751
511558
252985
207146
486443
842448
82169
982648
287403
524175
596174
116192
747359
801643
526657
738193
514298
92190
774246
577665
478925
558564
791525
83505
680859
707919
316966
712840
269592
454710
498584
711196
3203
660877
611935
351568
780765
690321
998808
320407
299460
859674
61130
392087
637553
140562
245162
904296
703371
182852
418186
518651
720805
899918
145312
119768
643739
433777
580143
593407
960196
65671
93524
552240
71252
632084
752559
575622
81617
571124
216684
762111
136240
997812
385581
625303
50764
859133
312918
51601
548994
597868
532148
766487
763563
364989
389003
407737
466231
909797
261626
706833
930274
903038
395021
859847
209878
180957
878943
695473
298717
865855
290858
365970
799169
623330
486061
63747
872707
527473
160376
292912
566644
77271
813911
730809
232562
538485
750041
822328
375747
575598
66364
122274
343687
406303
383990
459718
244765
821292
968482
808691
353493
989878
339206
76151
281741
320489
626301
107009
251626
157617
915398
174504
60981
999436
602855
150405
78927
269498
396351
55546
622610
989074
122279
56726
448326
488431
113604
689489
820157
525959
614701
989042
367052
74139
321587
707792
625894
416138
766673
848500
894550
14913
92017
484638
79897
278797
831129
44255
74005
496465
142704
839267
163514
534803
366641
927313
849268
225072
106667
888203
584970
191344
813106
739920
383702
951092
867046
359361
442529
890828
811933
942529
592730
718629
971824
408501
330099
348832
854175
135530
4633
796797
59682
531670
163662
169526
956365
50359
431076
187560
447326
233944
145943
803244
530022
562738
535368
572677
390866
674031
88914
943153
943126
636234
201739
177378
936117
967634
541337
266439
353391
65228
885870
723139
210694
972664
59425
560959
607599
729068
671082
932571
563666
736861
922106
169919
599998
800317
61685
733008
177901
691902
728461
524031
396846
315764
465212
264699
72437
387544
308510
156294
20027
784424
129256
282533
455123
252012
759817
649201
148555
889876
20059
299083
253691
965886
766278
323885
406189
660627
287346
739483
853864
969489
498342
622327
812315
250019
646082
878516
182819
266156
382421
423779
343929
546850
408412
783977
634235
582935
55640
797714
132437
270932
673866
796606
983948
545310
971534
588985
954727
450138
618641
453993
339258
675596
173937
938656
476752
593915
648624
806162
99124
735857
438419
275168
699868
949278
931101
345234
986739
153820
585699
850532
212674
610190
445196
669879
849786
385057
175527
865256
666656
954804
268329
635390
93141
52564
843009
408637
753025
229472
849882
391511
400092
262860
777325
457346
473304
23169
924992
186277
979822
85408
43390
66476
898372
836583
575348
251067
775544
517293
839078
964606
596556
128775
614156
135711
872238
952013
560364
565265
274786
611702
421909
942281
435470
505568
987893
304781
614562
439533
529880
196453
173602
947847
456701
286637
850065
711747
998934
308556
925435
412003
949661
582527
303328
348982
834766
208335
878008
56090
692101
619937
971047
968674
461492
70252
202815
875666
574272
104133
134316
314119
838201
706518
729984
736052
643188
651821
294044
154694
130375
846768
936119
800809
168353
164015
827534
493796
630211
310162
288232
754976
44127
709617
145669
761094
996235
738946
113123
125510
61346
700717
929388
478643
407416
985340
791423
437643
352823
233134
558745
369877
750491
320811
196448
816227
652614
562129
641036
652983
154432
630188
209266
258946
712975
19269
615215
306759
347183
695185
576429
89183
32367
291786
811477
966805
920680
72283
602193
706353
938650
826997
344188
658194
120548
720383
47017
868084
904288
139818
186829
530898
65049
759266
561866
784933
302633
201248
287256
468298
884148
157148
861778
966209
644475
821408
186331
31761
319389
785208
950507
480842
846129
787206
917242
194915
876280
264754
26887
802689
711682
376958
71045
644505
432288
824631
387683
944940
830978
800775
731638
473073
104876
337256
522438
857041
592857
620659
903154
600396
51308
515095
804096
192633
597583
413861
752517
196202
698411
319815
523757
635629
731330
240785
681640
83823
85356
994543
474866
405180
453164
265790
904764
541666
623278
803320
382908
677683
3743
943751
401614
69736
274217
712634
946501
50274
948170
699477
419219
314188
115984
409858
922256
698141
549363
28838
41002
67194
785230
382287
535146
550840
907324
61001
605215
870527
965131
543696
640233
940554
874144
200415
349220
442058
273255
194151
610606
298154
314932
599259
429975
420654
184315
98600
253796
906165
513384
622466
568896
706141
580188
189466
732736
872517
842629
915372
278609
521325
338265
34228
657921
430842
858671
502464
805222
154967
252026
172193
178286
584245
181154
756667
15493
873970
746689
801404
795485
312152
815031
631081
46621
401532
242474
444884
535784
685319
738845
10282
4744
246225
595756
911081
96183
585577
119457
455662
162314
479089
788342
490988
393659
302502
741096
171385
664977
854526
636085
48514
137902
328618
88306
946975
524212
482043
985803
400961
664917
726241
806359
562760
186807
638094
755350
30897
61824
997112
555851
265773
131203
930878
343600
168333
675142
109602
683547
420696
690479
765172
395243
228543
267339
816208
193198
190888
396155
572030
780371
911270
233532
182327
961350
120458
233553
249351
744622
463891
881871
4878
31807
671680
248261
834784
756924
175046
908422
834572
601293
143390
491604
503930
420408
619445
18794
679981
867903
535431
34598
103593
915990
210886
566929
211566
716032
218996
649228
453986
22469
63568
380506
313420
48466
480108
615364
416892
825645
390045
756461
464649
572115
338701
844146
932531
237871
95979
674237
944679
311609
517377
394855
525344
195433
997989
115079
796458
758487
78089
698204
376321
237041
583854
492306
862233
898072
90933
293621
15223
1367
472854
97583
367420
882048
698857
568959
151810
557029
477474
382585
919967
923312
678746
825587
367943
761440
336520
109651
541262
382176
816654
91827
595658
949318
856496
633518
721878
746725
173151
994698
821492
976143
715508
398850
680394
822058
305720
995822
456589
37997
101152
626833
583035
520248
680406
883967
195650
782862
670770
798313
449086
539632
804807
635527
270496
491222
97626
56800
45674
198476
167918
844281
674134
580456
975419
668440
165782
274148
40892
807539
260919
417500
650215
127354
280095
810469
179064
126590
127221
545543
883047
939644
511839
425689
116600
930826
620390
52920
143793
865885
276599
788259
73061
894069
579011
407798
554927
506853
814469
338177
65595
424322
957539
636741
429502
276008
645230
828682
791237
683364
242820
16800
45035
908033
796373
455984
54245
972210
376450
675709
882551
177241
828001
505213
440201
320370
52445
783758
481940
57247
588155
68247
693879
539472
427575
974716
124838
973710
125581
430013
369666
192677
462163
298284
244931
895660
474307
971209
838481
446066
524055
572219
194290
261767
888717
146733
235102
403940
322762
625219
580655
636344
721371
27768
401012
744399
451734
699862
75365
64225
985503
492304
137776
421429
857734
3391
42866
404336
635470
754871
690561
793662
46921
417606
343334
349852
447263
801033
8744
451135
386861
415146
616323
813540
128969
790585
28984
821301
673636
178086
735230
491541
237193
78233
332822
893512
890178
653870
649276
801730
241241
211408
309305
557963
348924
837233
690966
96331
727866
127715
637291
790648
794474
649238
393621
523416
660906
228079
741637
190581
595461
950081
844469
798749
599342
789610
707062
654099
725929
837452
502630
134742
730697
37671
608957
912715
389844
898064
661510
28937
460034
668752
150762
515329
836516
12636
412711
306312
109666
389484
758688
927811
543965
879481
371023
736046
931315
81496
341398
493321
313504
450094
733618
425503
315713
842191
852112
24436
400756
411000
513978
689354
592668
186404
548842
881360
10177
832270
929855
967848
679444
521029
610445
935443
217872
721253
965711
144828
146299
284855
95031
920222
91084
313703
577766
904402
994278
421342
657912
662072
182530
622460
530294
306818
645484
318963
123631
1560
953508
422787
706528
366507
946341
227341
851280
298522
656578
630103
253753
49018
83627
621723
655008
981638
452751
682252
445574
594915
56540
401510
176375
959693
147489
749616
812863
615268
217557
296145
416700
967117
911473
159052
417807
169222
509240
837082
810156
697034
339287
383459
221009
440733
409126
830808
287188
765941
427790
639728
137300
351813
54341
538172
399633
139431
427829
355817
178584
235748
67772
554066
970519
590499
384076
311424
494543
735021
881
329087
185447
936857
640051
250141
887708
953049
507345
498178
768854
78751
53230
164455
747990
800237
616328
930037
992140
740280
210850
667770
47750
267768
803332
409866
975810
896911
273241
869232
526692
384915
305974
528144
709507
733562
962298
188058
978781
932769
689232
638637
826539
927417
795921
790918
971856
211790
210183
890083
225066
323509
526477
667512
396683
733330
689234
54157
66114
655171
179068
898098
67730
930669
237608
730464
206596
353
778320
302062
528856
661930
235078
341932
468055
824629
27613
905248
325828
183389
364902
117211
109553
782035
941464
126134
352429
942503
33097
603118
910171
787957
645785
983577
549278
975342
708142
278660
687856
774402
282841
918252
418450
848487
942231
538837
270686
547977
771572
932553
288824
933006
709386
171952
921571
511940
607784
994057
236719
195306
756366
566531
664080
886872
622484
208634
47755
505420
685417
984657
355977
392593
853433
565608
393870
298445
155240
635834
883715
907944
534908
445334
98543
783701
601879
187384
474692
253374
734049
53188
801046
725264
926404
826398
639526
894304
488017
184744
808413
803768
316416
920345
97876
691203
804884
508663
371152
373520
366173
178481
199691
749830
994199
163739
274669
231845
961264
335046
464346
728180
894759
89147
812901
626445
122128
966100
250018
53633
930932
682232
359768
105129
967061
703345
985173
291466
466766
220204
903580
564836
35737
23628
707322
866007
734123
458666
87031
301747
721914
205933
363751
45019
795294
809027
512992
87572
113365
208249
238597
993519
818721
634365
614337
572433
527564
568749
99152
203420
293324
405019
351479
982972
860673
187488
414996
560336
388442
648602
848272
935410
72152
652163
874992
352165
874731
730159
776459
478810
922808
670370
281686
498783
209532
551371
494363
982949
954058
386913
43400
352108
74544
963673
150180
284173
902200
202561
504988
770083
670474
446460
184188
668695
669103
321690
644345
225095
266288
781715
177771
712915
332509
163873
129112
546180
738729
46583
962090
415128
755634
147105
231875
873006
597791
958265
9191
192778
389667
601347
591000
709190
485790
36646
448703
793558
800674
555592
787462
818102
308178
975428
825026
589874
576743
441675
832846
477713
409548
772500
705843
867295
521449
158273
217475
460630
730750
550928
882501
296297
803493
490682
222730
650796
836281
916587
829086
453859
876758
363935
358682
299749
699510
174678
967127
350508
544826
374643
28285
340732
144138
730615
616185
40558
40403
846484
24973
937305
314671
42417
582657
600219
116963
671098
862967
263817
871873
852128
497692
547377
900270
444084
15738
19656
239294
579867
984811
729909
752059
609391
75305
496377
156933
147763
16000
151673
977235
851248
877284
293353
184599
170864
682335
708311
931776
395862
242530
925265
668185
499288
486653
724916
914575
179483
661290
410067
890383
214058
187268
703488
722510
187602
997141
394810
121122
987868
615244
615795
10382
424168
409742
594620
516251
674146
477923
377103
543521
609636
671377
750137
184549
754344
994630
32098
234524
746280
894318
200506
230286
510420
312741
765570
656278
581295
631878
455284
320966
932103
219618
537168
591655
486223
924877
746949
463389
628762
240594
597752
162537
473974
145798
564339
464329
286627
580026
779053
235642
585967
660362
818162
226909
743343
998226
286127
90359
304092
679873
309212
400979
412679
680261
487942
200386
274810
971686
160696
540099
437869
496687
117509
417533
176226
26246
46133
950185
152478
237213
503754
410572
51268
522305
134061
48354
168911
436816
47226
196823
291243
865671
599013
650030
794929
630073
996807
252101
165757
63516
788553
744495
595822
791806
4907
981889
156090
962197
294258
139753
690027
744755
646892
49079
967098
31896
878625
648575
237958
906018
373976
238103
470129
28575
9155
431356
965848
879299
456584
821777
117805
687733
514348
943687
265394
222595
40094
613528
131923
773175
662686
774508
593249
576513
385800
152607
332071
9235
821249
772634
551211
549132
732604
528798
34114
425804
16490
114783
619984
244902
159868
701517
259356
904947
595030
614637
500684
583043
345105
186662
381185
256687
473005
852696
586961
953930
598162
325223
902365
217334
266433
803222
141711
576658
151964
103629
423218
317137
774670
187581
17198
810278
269976
789146
744862
887195
61177
166407
700944
376577
94010
235216
49560
952322
960723
338960
797457
493906
984765
160755
367090
846532
797589
157590
793672
171705
497706
957323
557205
343923
299619
253048
274245
331335
501712
582303
524553
882161
661259
749112
422675
181058
691914
520826
67052
603828
99205
501816
371253
546910
936510
442792
569528
295874
173874
296832
525098
684612
20826
343482
742783
640502
723678
403958
775402
7502
57559
232381
481904
730809
404671
127907
840872
108488
419384
850887
92753
322633
690229
464181
207696
65265
945993
291818
738116
378804
154570
481783
74119
342263
504161
776190
251460
321757
785393
287513
116912
333694
469922
220315
66215
196598
746633
945582
921379
552217
963958
248219
615643
383940
397593
94313
390646
161679
730641
837788
148842
309470
862035
494110
228982
468631
839859
57916
669624
154030
133266
159623
523307
382619
600677
363291
194817
462573
502685
664636
922265
996152
129656
272668
567710
109802
400164
848185
250363
779708
613003
610915
444542
564292
137600
202139
932808
769063
950084
428375
951982
20395
54452
663395
477424
168042
997715
90465
199444
956386
176112
930673
573598
144170
851828
14443
93101
31935
569738
566729
222581
956349
350955
556002
385620
7785
501445
91857
362835
256619
73287
386868
149116
765529
697291
917072
240531
438382
23265
631378
976818
630617
211188
419056
520836
595186
677404
501038
829598
625159
268351
773565
239669
745621
872228
797694
192256
57170
360150
28196
849835
144039
811953
21111
838388
155067
267852
522420
520742
936811
790147
793490
216112
349014
44895
750047
512034
322068
844836
612361
895171
157062
670392
345849
369937
250632
458859
545626
801686
882307
47143
145016
92131
861408
742133
9539
843436
247255
40425
300786
646015
836965
837100
332292
445090
80860
117156
468961
783241
245268
764034
409439
223345
820863
736871
201954
734300
283931
737844
554267
749673
258880
627181
834545
856975
555801
39176
260924
42550
493551
989208
916909
885426
416225
644753
714316
924188
619504
228599
865882
802191
93943
932456
102165
316220
435447
583682
878618
311339
103632
801586
467940
548815
587724
337498
930930
394756
298390
861470
31239
14695
120712
201228
328523
144210
970018
857957
119887
588210
854294
307788
507566
530311
296383
447434
783439
731832
232370
632828
673990
314065
359597
389274
655130
527514
240365
440164
960545
889621
642716
652267
292296
290771
274534
361401
509231
356147
29100
963230
355121
672440
854098
460568
641601
690182
288755
791134
867760
440121
504372
157641
65675
873314
599030
426975
313504
780256
848677
678398
168161
622934
955821
683170
643042
795342
477773
18835
62589
929578
236099
992686
323797
935426
53287
526989
730999
584031
238676
891606
296220
76755
144641
29213
211019
678387
433069
530551
645979
62195
888057
144092
930006
107740
133263
613815
309114
220652
366080
539726
625817
694538
106796
297545
153760
147940
314714
985761
311988
237799
154408
809318
445944
385690
629340
889516
918635
604184
262808
285523
856559
795048
73900
716594
655268
517818
54278
227808
783155
747713
156356
743390
66599
838119
352554
413540
654261
564145
480687
137351
178460
710705
605106
183427
838631
174050
858186
74795
924176
648419
699003
685994
668159
984595
182404
978101
460016
538693
871764
184847
102450
314144
974877
675832
116683
569878
120194
734259
107705
207999
448106
863539
209747
795793
663158
950689
390030
939390
372879
383884
768156
404395
90264
121582
594799
700424
521155
700311
264156
513232
591487
400057
120154
876255
336079
680911
216809
193707
891126
87082
294223
76448
633487
51161
525053
238812
908537
275060
203793
976580
629806
662213
592501
941953
97781
785044
350244
663515
85678
676878
889741
590960
518795
86673
61008
988944
579230
609047
733029
746232
167116
502588
334300
837738
929441
526893
928382
413477
367806
102767
291795
157062
970733
230729
277501
60475
574741
849936
945602
232544
653192
741581
804327
524792
994554
778764
423479
510665
906701
192708
482467
270612
848007
755742
895043
282991
181861
401508
549307
613185
802569
91591
708025
704090
647758
516044
177370
531820
812412
748821
472428
981674
529623
197704
512846
20540
351442
82718
362612
658908
831073
108490
663175
107792
945132
231363
985577
272900
995039
663536
323286
602883
547038
681967
386918
189394
709782
721731
745262
715305
156335
221528
927623
709775
979101
269619
208998
413713
839318
408762
739434
59934
321950
402205
995317
110594
953982
626784
894065
19453
221011
280519
151476
885504
178690
829725
617278
911363
263369
53664
593375
678981
87281
333132
469110
688289
594143
30978
264468
637450
738250
398549
716478
730787
296199
306226
717393
685949
46209
815273
484928
281006
162372
98716
449145
875722
705336
658627
384167
592769
176874
502873
475216
143893
992454
425510
549789
627958
831969
453226
755642
99515
826163
398179
52564
88255
775202
34299
22719
563734
437241
644754
252154
506859
975671
184995
726410
493944
167044
611029
928130
943648
642623
247840
382820
934636
983218
907802
965922
433248
687719
250846
730045
497593
164948
45527
878287
341062
549041
99438
638372
426464
89578
864590
216450
346120
853680
450832
786505
863835
74603
1992
812661
478324
247754
548907
820865
383710
501178
45851
849190
290100
853940
494097
477570
831064
143089
935718
268883
876300
762425
929406
360738
847344
591705
987666
29436
942552
310131
365656
309211
946441
975407
653264
634148
295697
321360
778477
810186
13248
872673
557855
56848
926918
566030
985785
606827
965547
967566
466308
617925
94501
203774
5279
897054
442009
823626
345937
536141
371697
857796
239725
470053
114326
757782
414368
560179
531914
692180
492379
682659
850405
37163
823447
505538
725226
482999
307401
60893
393926
732400
146148
37321
206244
999683
493830
500028
975791
830719
466816
381017
184101
174566
178117
173577
891221
82724
214510
830468
809013
49628
87975
860208
503778
452957
186426
903200
585332
672435
792822
487229
66493
583642
149371
910978
26463
299982
723109
424801
586567
516926
741139
203075
90826
211934
251411
675245
886426
37724
517931
445886
872292
388330
438022
6932
259018
111418
969018
490063
510840
245256
40562
63341
286757
911952
365757
507477
664872
727905
602802
760751
479476
997194
862909
841840
402226
856880
108555
333747
574586
401665
408206
558467
740013
154115
791149
910645
517233
81350
259660
465138
78986
447480
386291
94867
807186
92567
49053
746405
665045
493825
149407
569291
835339
285607
527923
616067
445490
921696
937249
686529
237512
778970
879753
598583
427362
87979
911
410486
350700
809029
634339
134382
15358
16264
979307
102097
572374
867314
190608
474646
752184
404914
727266
782042
543775
642778
67689
613281
735454
203570
350153
819257
653272
664936
438161
717567
797208
124325
537824
119355
656078
948412
233204
260711
203495
960252
721168
260685
851464
659557
843786
543502
251558
669175
361710
52158
731780
258917
564242
52077
771338
2921
69560
993089
561791
929393
391385
254911
985124
536247
346324
388648
621164
365230
385203
939456
380635
55128
357333
716330
828665
80244
108286
781294
344563
301077
546040
333341
600655
79822
645539
138892
554058
97034
636000
951420
328656
329656
737174
233498
885784
167779
582815
838881
821849
703967
38931
322845
104812
861599
463663
868107
968575
850532
712417
185053
897331
34128
309938
281177
25684
583001
729040
95649
500530
590681
817207
98893
934496
794625
35708
330356
762696
880494
518774
263434
403689
677780
610697
837219
55279
425879
4176
878614
806894
13624
222566
236605
610618
867756
945233
62040
594981
467785
265996
34705
889238
934617
73712
876250
999042
319953
296702
679218
886602
87068
939403
614535
573553
855888
253257
281974
473464
371778
332718
734510
548633
850612
785218
241522
258588
408557
993098
435261
247576
942754
630156
102783
22922
173904
692095
942022
876043
150699
139153
475640
813553
15536
223700
166140
175877
722967
90822
839481
68060
871524
347643
631990
59028
281757
594281
857889
732524
558422
790480
628395
383361
541608
425412
955856
987937
396800
138392
33716
619342
542355
678121
185001
691665
60527
789252
537037
578999
170605
325685
999441
995245
426435
377837
200084
792755
971766
211087
164269
304256
447980
441495
100232
670387
274719
503271
470311
614385
413486
850224
283018
19807
809358
749561
4010
240253
348829
414671
694623
515293
809815
180298
975969
270335
977249
385271
728747
403275
175235
838631
917499
498283
69747
668179
613238
258626
989004
235754
334121
934796
602654
830841
530603
578835
435614
116918
735774
208587
875582
730537
884308
780427
297368
939896
941006
770920
406083
480653
202079
937648
129480
834022
833327
281728
352815
700665
95643
174723
514418
145281
325242
105223
635091
296361
94971
36349
21577
179284
591338
957965
854806
267847
88657
598996
254260
699764
266811
802235
302637
461284
172820
227829
474954
626111
991468
346644
322787
981307
394714
90505
469718
339039
953661
530550
168915
961395
286174
319026
260627
144966
470193
686936
287720
511451
248634
587660
426928
147633
68429
574156
122019
439982
736301
252974
706700
485799
459734
775548
768661
489999
819671
886952
534714
587769
954198
583021
970848
959627
79224
559365
268350
190273
912536
132673
32825
576411
727156
417352
858830
279653
369703
207726
221289
881761
534992
796336
751506
54354
297298
701194
445895
850727
928629
75573
636516
921603
430379
74048
623615
402789
179564
985930
392080
567353
170754
915482
610125
20154
887585
720155
206676
373506
954798
947639
156802
731567
124128
975054
608801
436980
940548
865939
270077
961209
883162
851715
216727
739504
365405
253827
561267
607286
248224
433494
922380
697249
214292
555704
736040
499564
12646
564441
295942
574972
294213
93561
343923
498830
204417
228060
470076
374528
419023
724395
79485
18232
785257
136103
994392
984821
496786
47882
690626
312048
969975
273404
833847
277422
271985
839406
330829
309157
174760
272791
592102
741640
868881
268233
173760
302257
732183
46063
483815
464107
953944
445670
453642
98777
163654
862772
646378
350789
394542
370473
857006
211209
346581
316689
297044
760020
209662
536338
420226
149722
159369
644649
460218
318298
339830
404411
714284
584013
511046
610586
548006
654056
903170
909847
519015
522382
606101
993599
630673
3094
837652
158579
961468
510708
185887
817256
768807
491782
641439
983031
895113
294397
692526
717985
20102
953126
214039
584931
548349
104276
497522
822258
584638
558892
539698
120404
228953
252941
730298
426395
312657
365082
8553
933694
758832
603493
561271
251605
984500
61177
229111
436401
230823
50628
754172
353941
44556
276383
970328
19861
777845
154236
718976
689098
619762
212139
758347
643567
826979
761608
46041
178652
332399
936389
51280
215004
954381
448528
754370
845805
332415
372576
297002
325203
129887
488737
293781
778713
34962
805434
387102
425829
386777
598519
840082
554999
567558
122776
550578
365502
653515
281973
90646
850391
693166
657868
767790
296867
981337
35689
717220
911683
228237
58481
536798
239283
444535
597194
351839
79232
19803
77674
108109
640551
966701
103355
890701
204556
918078
89704
374794
989011
201363
9991
422869
944415
607314
244515
743334
492133
495254
456357
632129
250412
388001
906206
544180
463843
702513
90035
165437
623390
719851
328037
861000
894255
350132
645115
511445
357149
227103
581455
392888
70084
449216
794291
406458
400264
128799
162814
708125
674359
549193
674358
794749
979771
552064
753435
158034
989880
814546
222734
777810
335944
632519
427100
234035
610640
442803
753643
105934
455615
346156
710400
118623
990179
894870
189483
335849
50983
477658
59728
229943
318573
551221
837202
274749
10564
107565
849181
337116
265862
385118
776592
17540
513425
515570
527302
334516
668512
512943
134080
765469
942277
69097
288560
736036
952005
611737
97956
965958
744528
151110
319758
675735
906331
419040
836716
801571
234140
260012
683608
421045
974625
270296
502510
432629
11086
110128
159061
390892
676593
810217
278188
649444
731459
453467
26963
58603
780222
259788
611155
671542
387990
759335
491883
922401
665813
386124
377272
460500
38934
456193
865024
641346
806237
706182
184219
823179
288978
942917
780286
654849
421592
929128
166757
850760
783822
656517
300252
60311
909154
