827823
24994
443428
208210
382194
397351
202585
183
425526
113818
788635
749922
930030
146640
228058
475126
209390
334228
181435
256755
200514
10876
906249
46488
418219
108695
82361
12834
760119
740610
210584
345139
721788
592858
752723
965070
515057
743563
630563
869823
843048
769735
573523
871575
592492
447187
858351
595541
9779
943291
123403
433697
639360
818854
415661
32305
169112
115972
221336
906510
510814
337955
293557
580337
57869
93473
42848
27207
403474
255484
12365
26644
85508
121541
891926
617908
873345
117428
153570
410940
274214
814612
708467
318
971434
287327
129675
715819
413592
799012
218236
490387
72615
587620
916811
917065
545527
895101
247872
850722
560746
679422
568461
658588
321501
379865
319640
80154
36546
271542
699751
289101
749083
236132
60903
437423
154965
934634
728729
417257
882943
869692
568282
17493
59493
239945
483981
770333
202701
488817
647399
447234
549965
302804
561302
782393
612615
493254
787087
400496
226371
259742
825267
925742
182503
529326
254045
669912
377493
492173
964170
262159
441953
212303
808294
436343
21806
795542
705775
88147
992804
397314
126280
988172
188432
860676
952540
741713
25751
344208
904813
96983
612952
77360
68472
472257
99998
415862
22151
801244
203198
604810
959123
631105
199635
918689
543059
583581
459860
991438
763749
70286
949071
49330
417816
366499
364228
818320
524820
109318
861025
960763
417063
428534
680085
781744
149484
731948
971154
835264
614106
617759
425316
163878
517798
564323
613353
562679
634198
836653
916076
806199
143460
113905
109858
877895
974155
882860
69056
320892
974128
833342
835191
256524
721456
319791
619150
749986
227522
970322
509082
242833
988617
375750
816411
276196
988857
85017
994230
324820
580771
582792
11467
249107
297054
825890
875890
802437
369236
150794
108631
649998
786854
820315
27823
139078
869565
842406
898006
42569
244142
983190
360839
227756
634889
227573
165495
61898
718975
444871
842446
68988
480621
795220
593411
472102
877129
294724
113042
901998
525160
962850
127453
601992
930793
762243
70429
794029
600898
223488
550467
156907
290405
426014
348911
676885
218446
414159
245708
277594
60460
935442
394502
236595
183465
262133
409513
698486
996248
814650
775191
570440
693114
892120
631269
536751
938413
786008
196436
272006
472242
894112
895463
272329
321561
564557
587301
840464
787019
776441
938029
448217
420020
941852
156977
110910
188235
21006
180177
703301
475967
32874
272596
280982
388543
854671
585541
380871
549350
510336
599528
800340
438658
581355
205720
917674
215808
508807
246782
296354
416053
836950
449072
922315
476043
209546
848483
546144
52294
27460
811726
201689
56114
869175
262238
865437
629931
407403
717263
686868
679752
310622
71086
397723
562533
54853
708008
679377
795020
482672
711117
397966
446976
782091
37735
658036
822565
353344
328113
419485
93967
251450
73654
632307
724389
923973
798152
435487
484658
170321
39961
679514
434504
540374
913273
566367
723345
622545
532908
332161
673203
158700
251623
620696
419807
498235
934055
645143
330807
416034
383022
580601
221401
818709
416412
750618
908109
273272
838310
753250
114695
173541
696501
841820
544409
960523
745693
483365
808312
91635
28856
944831
452456
414110
158111
908421
311111
57547
766916
25017
904692
349141
986159
622201
374874
932344
508051
2769
302620
72180
595148
727529
449503
8586
796152
618975
166382
27235
489583
204144
1870
896976
476640
408655
361119
184556
904521
369432
15340
708574
20434
297630
19343
961467
413127
500896
677188
774280
722097
389211
594568
610717
791696
522873
907821
67940
634870
531111
174013
165569
761922
783364
686857
498444
717240
522613
272141
288249
319994
939733
451649
283865
260837
259210
620862
273465
960011
593587
230219
866728
246152
978109
821828
792663
277699
49045
328422
680089
73347
371319
491001
992841
545195
538725
666522
723722
114708
533940
65508
249705
180165
559297
946811
210464
777553
477824
743669
437492
840462
87796
135908
766333
10925
973883
46532
903174
485947
743169
400702
659850
618419
910613
202391
822175
587197
650456
129080
700207
563207
973905
370906
675616
320255
86750
890766
872021
380330
630470
70886
449422
683748
742121
516227
251051
887156
886488
730172
315790
248587
764993
755176
205149
178586
237187
675977
181159
207309
871008
580245
314078
181927
759568
719842
146690
782843
439602
21101
541087
192324
698206
728646
426157
473698
529685
888412
872405
670257
804890
552609
168083
2696
255898
586521
627318
137355
890054
206789
218245
865518
701250
740326
742140
603206
459957
561648
47156
905677
858433
496525
728416
246386
604557
925322
772595
277915
651709
88226
479
849208
771267
122469
231417
904901
207247
936517
944184
486236
306850
959165
516701
7092
62400
638239
445420
530298
279172
238008
41048
378762
396621
697377
167868
332042
842774
922789
430854
999651
950436
384970
168878
548701
677656
360382
880164
688087
392484
91296
273992
791903
549658
497319
214547
219060
918112
88307
333651
208469
785664
76078
904403
888645
50396
233374
440345
809182
284735
819915
306376
599823
110414
726279
526886
902708
845085
322655
804088
492560
326814
507677
804682
288426
279604
97142
303115
276801
6757
265879
875156
878316
325742
799879
553289
117523
114417
645688
593048
639748
142218
602672
939807
112755
389951
240079
428074
19537
157845
468860
722073
537415
257919
853808
786016
254607
558514
711902
525929
306223
491156
829246
279508
11604
215954
864053
362334
362247
792145
898019
201567
288014
691580
104584
2925
746529
10108
768211
322335
411015
298502
533385
322668
119182
864141
258767
646129
32739
866649
170132
292689
966867
71344
558621
723702
12959
37936
7790
744502
89909
737406
496594
361874
518737
438233
717448
680600
228016
139272
689930
169896
496812
988978
840890
820435
32441
271116
996588
876191
299770
947500
929290
709927
717889
211005
123176
167455
802210
777547
992741
505014
884402
661438
13626
288660
384033
626276
463330
138435
297905
84327
260710
60650
56530
12253
160324
157363
768668
873982
862907
745166
979880
417713
257846
692175
170380
245183
619859
630259
797168
582825
332174
907456
623889
773012
592526
294538
755282
286050
267788
327377
385018
430237
273628
100744
855055
109325
551898
787377
718796
59817
149554
880803
540289
171370
424075
575341
875400
568954
567313
122965
260703
784460
302237
128505
885735
120517
889284
793815
462008
561431
339641
808616
463327
549743
301471
824615
986741
656773
170863
236719
88605
572112
729987
811522
699545
33052
117053
974118
263753
772787
475350
459369
597314
665912
9863
294022
516935
996052
93709
752544
426727
25991
941277
562603
604594
996064
65188
423338
654489
252296
678713
600274
301473
840888
644578
178318
649860
172555
586944
461724
668644
826157
385880
304084
13996
848883
30206
969161
111878
176069
772384
712200
570290
795254
396332
40382
681034
200308
997535
982070
602255
80859
643884
428223
179374
569316
476613
940267
339093
899194
17480
657204
238445
207853
54793
616762
581555
10175
329656
229864
524790
642268
889583
677876
549679
176871
135067
42436
730872
117296
63876
566510
302571
221506
288250
966872
545816
89752
64606
929919
423394
668719
454218
971539
612214
502774
39902
267198
692905
246626
176616
672005
871278
171742
68143
580103
331697
149600
199132
94563
22994
692439
32902
253047
542785
669376
452056
306179
672434
74392
136161
206059
24765
240876
161208
375771
968982
174348
495242
46789
889124
124254
239746
518278
917375
989134
544659
117542
148171
216675
463909
716670
882604
309741
684377
655092
570084
298394
970043
463202
49424
80745
180035
305429
159292
442038
820872
893361
258014
58163
740610
334514
696950
120759
870202
662733
637568
738992
364624
238709
221650
767861
836585
254009
503384
413686
852339
713226
766058
88213
553430
241435
130439
320909
788792
357217
355825
849552
358509
369274
868260
678383
733690
806442
154164
974259
858756
296704
160322
905673
370010
455511
839898
717785
524636
503224
618797
694007
987078
530589
880038
259122
148509
124176
852266
847435
272372
31090
10737
15744
544603
224920
995132
187269
219301
152592
477234
105236
540437
505089
104603
233307
779620
697712
749944
652948
410866
966239
225276
542451
36231
151952
177515
736632
350148
394727
514510
962980
578730
315309
933136
260808
123654
326321
897401
192888
683128
804617
900484
493791
341343
829558
179998
560621
143652
162725
515390
869483
15199
866258
615515
941614
811945
60999
729103
425898
840959
839683
81222
13854
779727
259189
142498
521709
884323
903527
335087
758989
597031
801656
624830
852120
542168
965634
465248
41344
341963
189978
931648
207008
399511
824309
430942
142125
677153
366567
581860
815819
303618
97287
293478
891004
569751
447535
275003
122803
125284
99616
962866
162247
17893
634306
421683
546627
647411
426696
917684
812186
505616
418034
149716
936759
371791
265196
56984
320947
783331
739796
169279
556512
228034
687001
236611
980290
427701
923071
824047
700573
644159
989182
904472
854378
347239
161354
862777
749859
971300
112942
240943
693565
531173
744274
727053
962166
953466
483995
488477
995332
561954
778609
472820
621165
486001
586012
103921
754804
438878
906247
473106
533745
540391
324519
184498
828794
542497
20981
819619
694909
182240
559831
271012
174384
838398
952861
387007
459231
178764
474662
152322
450596
218387
352035
938455
637493
153541
68723
62210
430935
584005
381294
295479
543857
155664
169534
955670
995899
390918
180135
876292
806805
645721
607846
400423
945908
916945
563511
803453
378423
869817
902833
585818
890840
708393
371853
242876
705470
518961
93188
699340
70254
720863
126806
915572
701218
213806
875814
518103
511986
849611
945666
142705
387311
274821
620929
906317
334159
952912
479366
963165
451778
933109
291681
137657
87139
390042
380564
232951
933706
436713
819698
155363
875966
131168
449059
635163
3208
679989
750213
166730
796642
382820
80941
530239
660366
662806
126219
349353
666948
440623
273899
167857
414339
762485
450072
8244
297737
903512
664795
747548
945758
350626
388897
286618
586
694652
425274
652033
537830
303066
744446
314370
209424
848964
867850
780672
952696
592514
649640
425551
539415
194404
342349
548558
894336
745259
48379
698206
653006
144535
250439
63550
72381
179278
603125
513413
384661
628390
365951
432891
923393
746383
836213
893907
127614
483040
339710
539273
620591
540412
358332
790868
595981
345569
594061
219657
452283
776781
952942
574220
845111
433037
357819
773299
579117
354403
96210
766072
688486
820627
787157
891227
29661
663370
268813
650578
68786
232556
524972
213870
595512
877560
898923
436812
727145
386586
623826
977972
190713
910798
159126
614097
733383
906220
124124
318925
449008
688724
726620
983753
803902
827958
536481
784886
427966
681726
96748
164307
377967
417755
149240
361731
421142
130667
108057
489738
70127
167749
326014
641508
192702
436514
64789
203778
254403
394280
531149
860001
913227
462229
491767
326089
877347
434308
76102
173280
122792
783327
171573
180392
763386
679970
446215
247964
614927
38151
337002
528482
202339
228436
53109
867820
400205
771325
826000
407921
829549
135030
887731
347140
889666
723418
796487
421262
363928
226097
239656
806893
175838
239905
753868
735655
429526
58036
590461
95244
102821
953730
197570
907432
491530
375227
733404
193826
353899
649427
504108
63477
44555
618314
131954
961608
620377
5207
562800
359595
338018
441776
727981
511024
866277
879033
630869
174692
222279
614471
526525
472361
109341
724879
954821
48881
606055
463791
402262
6169
889181
93401
811403
863200
179360
491352
622637
244546
380499
543232
308310
527349
56899
739446
660406
403711
972417
422233
474676
314418
691537
640652
452588
210565
473659
886114
726615
708113
279934
264100
856072
798437
726372
812481
197203
360262
238897
273747
816008
43142
255221
523274
33181
414975
846337
238839
185066
336813
458742
87991
542605
113189
263993
731898
733165
720374
486402
196335
460764
305883
205332
438222
621654
228121
402631
736641
499814
348347
736065
68016
398952
695464
537283
896488
559401
716510
435423
965031
824618
942349
768008
815942
199876
390098
235266
605059
597157
156302
668856
203562
686328
619171
630764
176288
597411
623947
679816
108172
840810
810004
361172
596130
242033
548604
708865
478477
711326
821668
868066
631929
233821
967412
682234
821370
300797
81548
35760
851420
519671
916642
458399
539272
428047
121085
152138
173967
944532
162125
875821
643670
797761
560612
665198
813342
972614
101013
494962
877807
948512
631784
929165
245729
856037
828791
43473
156423
326876
162472
185031
170488
487304
769159
999868
592955
542086
162686
693170
719054
264396
492980
991992
253523
172113
591424
851540
135448
655179
158025
50204
159298
774420
317500
729188
80853
795366
259944
756049
183394
416133
974009
454476
800717
627068
599247
745042
792377
182207
287610
613225
119571
862511
232724
829421
831800
2813
624571
228745
988612
320678
513450
184449
173240
662812
367604
770731
57607
718533
890268
34110
440253
182044
150419
496514
300300
391734
751311
641703
387957
589151
839556
102642
240976
945827
611265
32146
119991
305896
687274
288081
809109
406840
578958
721830
233862
309085
30564
591719
328811
972389
753191
963355
614478
390981
181387
871405
524908
886810
607066
777981
6371
657610
866096
156433
384889
906569
214095
922985
157510
961720
610592
376688
914688
145640
637639
931278
594529
752124
661665
988698
366263
182123
759261
857133
261960
461989
410036
187730
569951
106765
789766
321945
290039
244645
602771
868171
276931
826888
749394
397111
224280
877200
965617
544619
858552
345367
12650
606847
461500
886491
815679
333131
321565
97787
679826
763192
52447
210590
633635
705908
197210
796531
925478
727167
593254
157586
867968
687779
847010
364353
7326
542848
500897
197587
858802
922053
589554
119852
958155
539643
615115
975967
892304
271547
788689
823416
997593
993728
570759
62101
270827
375511
905872
902127
193805
168115
476770
661367
168907
679389
282249
727451
262791
352904
606421
473127
295542
368514
160418
12296
203710
450247
889666
361197
945386
813040
742793
7046
333192
642569
801140
443566
98848
466431
520630
933989
435665
496248
579169
370998
391369
128637
643438
417464
870368
162834
853737
260783
755730
488743
209467
582610
482583
600167
227989
717735
44897
88045
142391
249803
673202
674710
363610
677902
459159
150193
195264
501178
403332
203923
966550
310644
913101
84616
368578
740220
466239
147236
29711
615439
952025
182199
474035
840300
164458
282014
307321
639027
286344
10806
60623
894120
272298
519340
917102
442199
65763
60656
645857
340050
698364
876296
244533
357846
915436
996545
921724
502476
35254
641280
213053
146987
800095
297590
77371
657210
224907
283058
576352
122611
934707
776656
414471
809027
775109
169807
216483
375407
445465
935680
250446
350288
302731
3867
50482
821631
856953
990764
230798
510859
944730
807402
149670
934183
924409
919144
945354
91233
966414
482213
314496
348557
666743
517694
837520
809280
12184
368835
434477
733816
300940
591014
796539
739865
863238
348431
86017
922130
759817
405965
172589
190046
614464
872616
345598
422631
604922
888722
349522
591749
527110
969468
684108
73699
398759
989508
568929
136962
48373
300683
104768
32407
440336
622309
193180
210064
471041
284138
333527
338677
239918
550505
108364
68905
702522
612860
455801
826703
579447
665335
645319
246857
206473
429562
935736
703643
794520
867238
584044
675054
938033
303148
879056
446577
891322
406657
765476
118618
194448
44782
780262
273866
702527
456323
237728
385871
476317
826219
37707
835715
319619
231195
169375
199761
898857
302821
828344
784343
325917
523625
159462
59943
150880
53802
258129
68904
418141
668734
611783
781018
753991
946208
457252
520695
379853
51168
68509
464180
634045
151289
149673
471207
711603
138947
299276
786818
540219
439167
882433
498493
464715
900048
712451
173074
737366
455945
300408
475362
157710
124449
412539
717237
787257
162115
887684
594719
534127
327426
286646
886205
925869
907114
150661
215775
726745
154482
188738
877440
113619
496589
913541
934320
8820
474015
9398
917075
713766
351629
755448
630210
822240
976621
818098
69327
288700
344157
915514
222117
437174
412911
127648
757774
29251
631106
926613
711247
431564
106348
83511
772142
20742
636563
104314
777428
88687
770587
779444
469132
605030
385337
76804
100331
890087
4518
902688
349962
253667
828144
459899
572655
548216
540138
697103
353354
871186
769348
932492
859227
987677
683573
443485
367857
724774
676500
716691
938572
46605
355783
49968
720740
789097
374610
539730
157315
977592
185297
648315
107149
333889
135489
969977
299488
500872
917560
309110
400278
204589
581237
13854
327463
540130
636306
96488
397740
661191
22806
630084
473662
290468
53799
50783
292797
384514
667804
591062
25452
35622
164017
396661
625530
795307
675220
583466
709404
288379
760924
257418
645717
147946
281
495039
654807
62959
761350
649230
3651
419903
446491
486977
505101
889608
999039
676661
671675
103047
623259
852994
762764
890630
902730
461762
707381
487350
741228
789376
419783
676260
932250
539071
62700
299227
938163
726756
114832
642199
806869
929921
768668
678945
672104
377086
919005
628748
526420
67622
436995
31114
10194
875403
608070
126763
694496
612567
39267
565492
481166
794545
498820
329560
287990
206984
469694
9302
28617
318527
210740
618030
292803
786165
147673
860481
940032
900016
547410
902148
347433
394725
643065
827168
981959
992998
26494
50858
225656
298024
442152
290682
454910
8752
157881
331050
314677
929754
691120
680557
69277
281478
961640
229769
635989
881823
292574
283634
669545
864585
159056
418693
499074
985639
161216
11421
650876
29126
704664
776470
650197
709353
452455
284
1152
200945
508873
734126
212121
794857
549669
708661
164980
437740
787408
669051
158286
201971
857360
228938
226021
399359
451515
328930
709348
433695
404733
540693
522870
457247
695287
358083
130619
519437
73989
221294
226264
708649
128472
473977
525737
384488
595778
449538
503634
609381
184913
54104
13875
720357
165074
146779
854329
667141
753783
712111
921169
334146
334803
541020
664504
56229
674945
880838
423598
590217
442597
955075
801289
802122
916298
58718
513830
513036
505387
215016
284474
270181
551885
295861
966854
356712
387337
293818
520169
957967
828328
968833
298255
134724
365414
259974
246152
441548
671385
214898
350387
259089
759787
38961
381209
232522
243587
324466
678486
720841
280259
588026
762545
878816
769450
983270
506253
769521
471320
964347
81081
902417
350898
893803
873058
613401
131036
209447
203112
573961
936739
274395
959181
593304
491901
777483
414090
320348
264999
650248
31420
429586
665646
537550
27323
27723
866890
578685
360396
732980
177380
731378
332716
128832
489785
432194
160332
823284
55126
626259
305565
758542
937411
810198
957761
321491
838268
36004
310880
809652
102682
269556
941660
984796
756049
271351
864860
535001
59538
148816
414085
800356
478609
119155
803015
975438
195553
952601
445459
828233
944955
959709
477291
941329
777309
289015
387153
536949
112079
702098
881185
680774
709825
845515
332667
196442
883728
150088
805016
253885
319847
954803
992446
904374
711298
965266
519758
97329
459406
654533
489339
389262
125612
193307
359701
143493
868565
306320
500163
856051
259415
92967
351695
245190
573758
855264
330460
799362
178958
724759
317618
178093
256172
996089
416762
923869
447068
599715
976965
742812
994596
172377
489798
827189
312912
906015
222752
127710
551951
52919
11738
603137
291003
148856
683312
747945
98550
41736
908355
509894
962095
704694
193712
493660
655556
962486
90493
540302
50498
262650
623727
408259
206599
215785
845114
450546
25481
422398
55760
300176
866671
897088
390683
32275
982941
186969
667141
252193
343501
903574
851892
936922
291032
245114
10324
279487
236117
689087
824588
224061
762200
822698
937426
547866
651740
341130
755802
94331
604923
734989
37801
648591
367961
856830
654025
157276
842977
859614
541205
449572
408423
572574
302132
23731
242349
583479
263970
187080
96129
888551
660266
314398
598211
217609
150192
309077
849989
792079
177578
740354
324235
646366
220719
530256
963249
351237
170024
971409
862124
221915
549539
818085
789289
761973
553734
442373
929617
929985
300256
801709
372718
968003
447451
392676
840231
293609
527054
675753
422695
85708
416367
797500
136988
618054
526309
143301
475996
743850
898428
922533
629921
487396
538354
254872
151733
134958
45870
2500
320809
870380
134224
433696
80895
672358
855267
167492
825831
203551
715567
284169
748006
602326
819756
914524
96531
322777
988817
70052
613628
746880
253833
130765
685989
827725
429191
892977
787504
711326
444401
463651
178392
826700
230327
172887
162199
230500
719943
653105
649640
269184
745241
581352
359463
822721
914277
387351
187028
870826
344309
634336
663158
35676
242772
508733
653468
474794
212774
589221
972415
341528
531345
427415
347587
193845
107737
726085
262748
327890
373834
441504
295309
49374
549390
558140
862284
634527
253598
746080
504386
805199
799957
879981
107246
724049
936480
9897
255913
350606
401618
981606
843716
408177
734676
83987
618253
468667
937978
164831
688177
163779
181040
620613
292923
610830
136787
537145
658235
416839
196188
354733
816322
738139
182903
814208
967945
697011
21170
844868
17969
868687
937937
636074
858852
405628
752830
5900
516699
473137
484253
939799
22586
687692
86846
400595
160022
717348
351148
404625
90070
448650
328482
190704
955959
305505
785373
272203
136297
575447
814797
276738
333143
426815
76645
508068
642820
99853
532113
410614
703825
249901
484039
674723
55195
116736
922807
902655
786305
639796
665948
799161
976323
291774
915636
604253
594565
180791
40332
13892
815155
185360
295925
449817
797119
973171
240019
329928
998662
17336
822483
921220
106961
404737
406076
841397
756536
985011
242015
74173
830880
335569
116137
424102
500260
464886
350615
323114
364177
406959
991496
958237
947852
659059
599086
764667
842767
780160
298398
731338
855632
226835
406344
697900
305218
219523
617920
763267
627764
441146
811898
799040
965080
863249
363285
833163
5535
444871
343438
953481
777599
918750
430357
780556
407254
491859
587644
672093
189736
873400
437004
998174
184261
672175
552882
649247
230278
564933
960599
820224
550453
306856
735309
617982
931596
35911
734117
594523
760470
671876
945245
628014
661810
284696
507446
934788
105271
747076
311396
758706
563057
988528
285279
884537
528968
994146
694487
628820
375425
263516
282884
178208
623966
122002
680091
676776
357985
473158
457884
738765
949167
718146
828872
215630
225231
541490
396145
104186
182865
216539
58025
604271
193611
379388
246812
677645
991231
870719
714234
482621
65304
638044
735500
589207
307091
48779
187880
833525
26747
244643
458880
807314
213004
75028
953300
194653
703801
960637
463432
724128
898506
245739
322000
832520
685725
55920
59079
250512
183116
715547
422751
212622
103087
59289
155763
232410
710776
344167
771257
346647
514237
912307
249683
864607
935315
554703
964
538703
255381
776656
493184
253484
466308
481801
367324
646320
52168
324383
102820
367477
343957
123721
293323
23933
962025
162727
695805
723868
646065
77051
377553
787330
867916
778568
379546
627113
560103
211973
100828
782295
138631
847550
900060
67152
494501
286088
707729
392796
665331
404447
326774
75632
296573
28638
837313
357180
968875
31961
959469
36496
274083
929946
739124
663532
521611
49591
532569
843490
170284
77005
906081
164586
434546
276827
61345
678914
86159
618685
148019
194560
506624
701442
536514
185590
533928
508013
623365
768
868184
116485
997257
653996
191088
827161
606630
621255
412638
942868
631955
85952
99973
826360
22998
272955
954362
98618
541268
454645
893096
587514
193798
643599
70419
220894
716876
452601
759801
562634
551388
959420
58325
599806
195475
118755
304893
98507
319724
259271
624363
487859
692174
531126
191832
134172
49151
26368
141060
244465
949623
721245
864723
371222
185871
881406
180689
187269
783896
363374
10838
864394
770312
49765
626629
920151
605200
362730
375278
887685
842505
848161
845075
270952
546380
766584
284680
641485
740768
929642
673587
56850
340046
431343
433715
421154
672209
970689
142046
190541
370346
492426
167202
444352
850639
252207
441804
839653
165443
366899
894823
194330
521921
852105
450429
611846
870802
201339
731705
23966
207678
281968
581036
378739
530015
125597
462062
938996
53649
555211
25501
118728
909957
111296
110017
29952
986293
724429
725328
698813
817074
636404
404813
226142
376345
485811
271370
429539
633444
273073
116239
743203
524828
139972
124947
313766
542252
967133
42151
215264
885393
713105
419442
101899
435118
818244
849175
642399
65724
603892
680115
23217
27295
487903
347778
188454
656147
139602
436577
507026
807045
357456
645294
314609
214782
169627
93451
307712
615034
589922
607298
759801
583063
261830
864386
242154
91497
388106
134408
424945
321386
988311
401945
544470
204879
119914
257003
31045
770933
610715
514852
282086
506362
572299
511738
677147
466921
416232
863545
835221
72269
51999
897315
162323
751846
191200
105777
838713
882490
642631
553080
247689
684930
188780
978983
958912
75013
142536
515372
116047
684995
980738
764727
265716
291591
636629
646807
857653
645856
250656
456960
309689
376937
53579
684461
392131
756675
998992
710434
882635
548836
540973
791115
961531
818889
611813
972160
100547
879495
693933
967530
777689
97663
652090
585919
372177
125040
206373
892201
24404
667367
397175
782404
827328
175121
259991
452550
729756
209841
220045
337530
661110
808876
937842
700773
75803
886786
495798
952841
851763
987479
630670
552327
868534
542831
481592
45279
262223
265017
781292
431700
835275
179906
39457
936811
905470
359882
922232
738321
621427
438004
890633
987676
984205
635862
300169
564266
888830
417969
276373
323238
533667
76858
304797
370345
713915
789719
236591
219068
859587
427429
957727
805884
240559
580918
106257
143894
120454
158424
569635
909618
361690
932048
526457
357485
553891
444966
254950
745982
689336
459930
257139
455738
903401
399156
865744
608178
922043
744569
468309
544314
168065
433657
932467
120965
64019
158854
504443
300780
870574
722751
581899
769357
437224
423498
748497
655888
53646
866400
644669
926085
410780
341697
811207
984169
794583
778569
665306
610376
249483
588187
805852
568252
294557
380857
737946
324371
554956
397046
146197
63823
809672
325378
218787
432774
313263
780261
357060
558634
733152
264711
734018
788131
258430
626603
182403
250456
299331
825340
220143
226381
289598
414400
732856
26982
870826
174633
761290
707146
202157
690698
407185
673315
602026
509479
496481
30465
462979
528933
471943
108190
877102
942304
571370
869820
854770
806939
522972
746603
462591
588946
761027
657959
634600
104364
104926
485725
648510
806157
478326
407694
486154
709383
280804
251981
798822
327728
266873
331874
675960
327246
702541
817233
638284
187247
501543
638837
841293
122582
661766
934085
197920
105487
790538
810552
507742
185444
829570
824645
394732
958952
504147
756804
409720
336176
610561
260592
905105
568290
398237
63757
224099
899557
867723
586726
787470
390840
735215
444400
31331
605151
625268
156683
199227
450295
292920
47014
156531
56747
123415
573697
