50000
120995
193272
756912
181400
700352
113293
226392
436148
368265
531642
763179
996902
128768
144323
655946
24339
962223
677478
5367
84482
6594
756277
781693
229059
79614
583813
438206
587884
47714
493439
186391
767743
922905
213715
472945
526631
915352
764173
479335
148449
882778
768192
222479
460728
622454
516638
61607
682216
697817
389610
613790
492452
382822
120772
562684
627700
507303
20003
107502
758902
803182
668898
180402
593028
708812
797361
881819
418678
30637
557868
310914
85438
978830
90952
283785
642034
724765
35433
955277
288679
853548
139730
586216
250104
751633
556148
537951
480934
573276
677159
231407
212441
527221
273654
761455
883909
191954
875732
343842
79016
498451
219949
460251
640495
112250
483352
757901
174905
310346
905128
40174
759667
502267
969378
950728
565218
242774
479881
520604
315327
715763
91284
106803
607548
838477
421889
68546
901093
320063
423490
777017
499042
839966
399190
266344
456280
377778
847987
392718
59888
489233
98271
874752
743727
846554
707550
602163
544388
273995
583494
447462
440481
255168
481774
97262
417857
196489
492421
85407
476359
114086
477631
449172
4359
210209
858729
338332
91550
588168
272606
656257
879227
747142
106962
729462
234305
857053
366859
527452
231749
39939
573232
124977
388466
394134
710202
294230
999052
669052
581959
403387
938769
381531
444173
715689
490811
635378
201707
587051
897571
986962
502683
551386
857664
680701
115140
334916
343436
656345
730796
625464
412359
675153
28683
272753
211733
689481
251195
211613
823746
198139
544459
910152
818470
497203
950514
713194
910564
664355
298336
523209
74892
689572
74992
236748
419424
775114
340474
721118
273012
488290
455686
641147
830894
153163
251995
286362
217837
705134
276981
59383
534407
99291
972884
244156
873706
123969
534321
129675
946275
372490
443660
982251
456061
176273
43296
195724
139842
96897
575096
46200
832989
269387
331035
210521
207711
892355
685987
36129
784672
587864
74156
370713
458046
124974
119911
305738
666497
451866
910798
799746
33439
583353
20530
501379
501402
95277
234224
629838
127751
643509
568898
385415
189867
340072
407409
987269
153854
581582
741097
614136
325073
824027
57765
986103
95563
343177
891849
984934
755855
409937
462030
441729
989050
540869
475031
221383
955336
215821
840547
498309
802518
575356
258844
673149
162114
216270
348108
331124
981550
614464
354735
986389
266532
370060
346531
776581
785427
834688
167035
396868
276152
945466
402804
638140
439384
413890
829823
407914
166697
978756
864765
265702
618192
621032
906249
343568
229509
57232
779182
208665
733780
455981
410425
76843
598524
545726
608362
560374
309306
499943
638404
882904
67616
79722
684868
154216
952222
505860
895470
432160
782178
295270
998210
164900
665948
815886
949262
385907
671194
682690
281501
74153
272851
454249
242189
920110
16703
784774
695934
471231
57571
521042
693095
3031
388203
260020
479554
721849
902767
493151
117799
952733
940248
590280
252343
331701
256348
479235
861423
65690
254116
240889
733980
897368
489935
35528
645869
17107
700112
148343
36196
487508
816627
900628
103655
810356
530429
971949
947891
390499
625776
786727
188656
106005
256429
283262
607327
422027
896244
524889
176367
282617
246408
974985
462383
818649
155374
89694
8415
922892
587155
630374
679135
380200
468941
335811
887113
116834
84986
869928
654490
794457
235973
438832
547403
250493
54343
808090
478206
486298
663753
428581
518612
535877
301288
91268
804699
336481
824529
960958
845989
4750
153772
807526
714932
239984
413014
907313
426577
8407
494854
494969
170811
856272
152913
722061
391101
236039
191880
390450
453080
489943
526911
77755
800480
133680
280361
307520
802211
187684
835359
792574
943683
916110
50111
764747
866725
488607
797937
299892
244354
351367
968773
961717
322203
53692
490360
89940
993673
423273
649494
429658
594162
992950
511353
827311
6872
722800
980143
921425
856203
211094
8697
444080
518527
175295
977776
783594
837304
116458
576003
870686
521249
97188
5339
520111
722429
541008
51999
489751
501045
515286
877139
703461
461775
959211
524251
372309
982656
578680
601758
108170
608472
936554
342150
246186
369627
623637
327459
953366
896816
142853
853551
52612
398195
94947
276460
700796
886565
964737
93546
573227
67971
237698
707109
981031
54068
790313
183882
342976
906011
953916
836442
156351
205709
157396
955752
360894
600668
341252
416892
446883
806162
466020
929050
252859
344185
55033
317660
531375
598679
421122
338364
30565
889080
249186
574574
171509
149539
940069
567082
233030
895214
612464
628807
63877
238638
195530
933123
364801
878598
442177
678495
686374
301536
903098
825639
537365
437370
733017
316112
525724
406936
238793
726778
18519
767832
482152
885780
266274
499874
302546
864222
984889
7037
62473
490506
6767
195839
215422
479804
117511
682909
490686
512753
788467
561824
619836
412795
392167
679737
552247
869034
358616
438891
968647
837127
260886
383462
295626
628538
849475
843828
631781
952075
39023
81164
589305
40709
102546
10565
132580
75190
787812
123812
84401
705748
317533
720790
717597
506106
590852
126841
610119
323471
993270
115284
486323
171335
981430
710311
280314
679427
369579
483998
767698
455956
909370
943519
568950
162397
177344
638594
152690
261782
34156
718304
222093
930669
769080
264004
242770
72519
302402
247359
574013
504676
167179
445656
530815
981408
287179
520672
686574
738837
560942
390306
311949
533534
321007
906553
934451
770999
729488
696381
388890
9792
506419
316885
740166
264416
525016
568688
418895
897350
756084
385103
411853
123979
527082
640698
773920
542195
253352
654482
791961
60819
528289
95302
306185
409548
775778
693856
569892
715189
413140
646583
77008
784471
952909
922759
17488
853585
924498
295581
621320
971228
663085
130732
561388
91625
220327
691966
195017
448743
909603
372548
473456
843489
13911
83470
647674
919619
229223
563606
308349
355453
267488
658358
450698
574336
132302
145338
428767
111909
290298
472784
705392
142573
162499
697820
934093
829219
906455
882792
182895
843550
91407
862137
719269
348834
876837
874236
23702
903078
293586
470815
210226
791153
884232
302461
600058
654814
847177
160689
353704
34366
70755
268108
658939
653532
458632
692257
841443
134299
806926
233853
844806
