300078
144334
776534
566229
704632
161748
623436
540527
938353
2827
601722
665576
877704
547473
685263
2399
12125
413239
904158
741836
895721
404025
28365
147148
888186
277399
965286
587405
443995
669396
971979
345746
446482
571018
714758
396387
737986
34984
151294
569301
378481
122890
758918
276017
323044
75187
203088
162372
48871
175786
915967
39363
464617
465902
979610
285272
492099
635030
885020
493069
379993
428490
48232
782612
14937
889688
56601
674608
273185
407412
780216
666436
111933
13903
563847
894710
537422
572626
819706
128192
743494
466295
722693
184787
323343
443396
29776
895591
410891
271909
959048
922340
190006
398566
175695
986662
222760
626186
241747
432881
741431
123082
867388
965681
779194
848365
684287
494443
466472
761152
827664
905094
288542
426419
764020
115440
14143
716624
803380
565551
53941
103000
469421
5828
770902
151676
395269
581949
407587
436981
434744
469400
220522
101312
99536
39759
34635
374970
677747
749829
455447
673107
768982
964811
732308
71730
980496
961807
69661
214566
230857
480353
407782
34051
694609
233635
576286
545889
734797
838221
625709
63341
452876
35035
706269
668202
135031
886355
100437
854344
398695
956726
999679
432415
675601
687619
308043
237000
841692
647842
575053
701976
303443
994484
633282
846266
569334
282612
715312
321000
714603
627082
82219
346886
879122
41132
564275
910811
841590
425969
234939
168044
509983
781108
12741
391735
824516
173409
433192
290249
266845
79775
879475
665532
647383
11162
677100
608785
352225
445868
309297
987110
205924
461479
232896
368468
742287
890241
289426
887015
191504
776733
13858
293563
611358
710002
837771
564207
585907
7002
734927
455497
794263
116153
806324
704550
241048
198984
468808
458908
232406
217021
593222
976814
351354
935193
136145
615723
29383
860877
765853
727203
719753
753674
689453
887175
341353
815524
874614
91612
785954
745314
294755
420636
61454
708132
12850
488233
500442
402033
517819
230254
362137
509405
889489
541204
223731
598483
25729
855710
667070
533444
998136
369634
737765
236140
362561
847269
743428
671934
786603
778193
228054
777004
403080
684821
403206
239253
848530
799257
540321
919882
841257
30429
442861
931902
228472
844077
96083
979018
682613
389059
688183
351963
212166
376953
913832
152121
36353
985513
23731
232948
904908
373475
146962
132909
500132
27466
571074
970046
846457
594827
189234
13767
579061
248379
704599
863254
743197
799949
97181
326386
380432
140012
259767
128836
525357
66235
321751
650851
777298
64039
638522
665851
794303
371685
821338
989080
143192
200397
792839
845653
844297
637714
729232
766299
972740
315037
406043
903128
423398
241094
732884
567295
309943
546223
503746
783541
470160
720188
307061
310559
561623
522226
224156
760325
787558
396651
151923
153315
192906
421492
535129
342860
476647
661123
3967
618299
645817
24472
211645
252472
512885
697582
923903
49764
962638
349854
342620
508001
537875
13777
657991
796128
228981
53152
340382
326792
491943
332234
496224
858752
411422
927953
187772
582041
525880
619889
604292
357275
149817
706430
703872
954283
749936
473625
491103
465301
476984
155726
686857
100476
575770
652813
790224
257563
703376
902340
605252
38647
551780
423765
239909
344739
443127
912825
804147
609327
95326
926449
905890
233967
328295
181412
641642
449187
349113
49498
961018
978312
525593
341715
32844
758842
786249
64453
654612
858244
804939
499825
126994
394822
317699
641377
304583
359233
174522
488448
926787
943683
510143
354901
864285
948778
946408
247006
386621
154966
244342
485445
466067
82543
615958
834305
500650
75087
513924
979532
240471
494926
296266
265468
811147
577193
549927
981633
875912
62926
280458
549498
338161
647047
753085
864436
498361
897088
105823
593920
141117
262775
622474
896431
899566
795583
481171
170988
733287
489200
118383
903287
89245
647534
35954
231226
964660
395604
766643
63753
937326
560574
894796
113915
445758
790192
980798
90847
131259
768103
55985
377181
804784
40953
587288
863467
230864
384171
786099
427816
203079
878863
700270
125080
83627
969752
850343
516541
840657
644092
240845
696846
703932
128388
369316
628823
108721
507059
91364
306476
966950
755409
659905
511371
126553
486355
859270
301325
526204
460264
505307
499209
477645
641250
364005
485702
345156
394943
28812
908122
865702
610132
158616
676323
280247
905109
673396
787041
549708
183171
888725
466479
260670
350002
739956
588316
475387
803382
925943
393642
64310
255082
583726
661155
278527
492380
817464
749074
563885
48280
537286
390949
356791
446032
876855
584029
152738
762789
300195
661423
290068
494164
814708
370683
406792
548800
209006
322598
488027
812311
195279
951702
804867
100388
334480
937609
113887
111409
90060
796946
279912
255959
887992
300018
502599
111588
826064
850255
520641
288423
395347
447891
104845
29338
826980
199204
620551
711020
983442
430203
237436
250731
312241
291555
337253
185867
504999
979217
122097
51541
6019
748122
466171
713455
662023
325205
252699
276996
61638
237709
879832
298128
6632
624419
452027
569097
681099
810815
504511
444525
648836
806064
761892
389797
667715
116584
214882
491027
629332
65357
456699
659389
743362
96893
899562
816277
171798
816737
405623
895140
492925
136428
961324
560275
229127
489777
568802
725398
972940
996831
692532
394741
103721
552986
245589
158072
881256
885686
351550
411439
114174
553106
45759
966619
377005
128847
160375
698813
423498
231212
735711
472504
146329
313344
537280
985765
798356
732690
460293
556212
683339
236120
509291
292473
628965
185547
494484
482075
796356
605155
607163
272084
29319
96692
696387
335333
147816
421285
223848
886618
88582
9032
286102
172981
720638
407387
320024
478202
448114
27931
489897
92054
737835
569151
543783
838893
229595
358360
481893
618047
933179
236995
115359
338806
631827
313863
704456
493966
526488
170066
130944
75041
709871
592395
667810
202062
594640
977363
990201
447429
618182
401182
960210
869234
297554
103975
787436
234948
853167
736597
222028
863961
133681
949160
284141
716872
692743
673695
260437
745162
388895
986602
865731
684805
145640
325639
459525
827703
159667
582780
285222
335804
155635
751663
262851
244347
418019
830565
718910
227827
168006
717909
909516
99230
918922
531305
923946
911167
910342
700496
844077
178637
855459
619394
762934
511228
52054
12498
809732
812388
604427
162729
438883
226064
686173
208932
535234
428070
504514
779660
986210
187374
479620
485934
608875
188288
202282
103383
630489
626318
224053
693486
996947
572363
536326
563950
671132
986872
152669
355710
492386
383753
573820
931374
73716
174520
462698
272
820817
202085
651731
522673
937371
183208
559820
46003
791723
440821
714869
957064
811390
293867
214904
17293
469388
651577
695277
146304
548025
701357
95328
86240
550437
296283
181930
793504
764638
978662
563771
250375
350773
191790
198202
336231
297518
673558
679427
559735
587472
641520
721423
337168
934877
323016
890290
940928
810716
166922
852157
560334
909458
985552
63427
393100
752655
235340
931705
571026
859108
219151
922167
258908
198322
83763
263131
805890
759901
194795
4620
661840
620128
300005
415708
774145
905914
13017
489863
760157
366535
297713
951192
698796
677801
334677
458219
140886
794917
377682
570573
684120
877386
736230
637887
743077
668939
300906
948954
192599
10734
80924
745932
690256
820189
502985
737216
742130
213466
869011
290204
657654
104848
841636
255268
134381
302340
183216
302780
838865
929258
843360
238282
577927
391316
831456
350202
525364
481478
40582
9947
591161
995044
183773
572775
636876
110092
855758
318303
515188
656128
383274
881557
461025
12796
311319
2307
730981
475239
231316
331481
881427
435492
271402
583380
87539
966855
452913
279690
153566
685157
319484
702914
818748
871044
270306
427775
273240
613809
607722
238174
349149
387953
285330
861589
334832
642319
170172
173147
568489
406932
57590
768423
89135
324373
286884
753680
646638
232294
654796
165779
547768
47340
512318
169331
291637
689169
708062
541243
382344
419856
416271
521759
312577
444528
839230
681089
625208
357261
138632
54223
850636
762513
185289
627849
939384
79554
993666
224544
401743
977526
426022
652282
63252
333793
184641
319698
533880
439503
507590
263677
681776
90477
680243
445447
894258
752769
27939
259516
122125
696698
25200
362690
126371
837409
631106
932451
712132
16623
103801
631977
555623
731833
309555
404898
965895
354055
33978
994627
543384
725762
620301
229225
787556
371403
28105
104059
808903
522856
719476
752490
252227
923353
725991
780826
723201
67017
227477
871899
194405
197280
863675
312720
812556
601653
70630
676720
3365
833889
641436
948267
986153
258607
913448
239076
120
262255
990150
653853
677457
509417
916390
154545
878638
720943
134624
987450
683386
520908
492917
199378
463408
476952
682238
914551
438289
906989
894068
220168
774337
438388
266203
624812
666175
524568
178507
541202
549248
509533
210972
947602
258470
883785
790765
86514
194850
945792
286033
484166
559267
181934
275864
477167
581241
107548
72309
328067
389131
594150
212241
483405
677169
720260
515947
855467
758063
856068
104106
764630
112079
623768
427713
845695
70426
877387
900669
320084
741938
756303
926958
663905
776847
111795
495599
135060
335508
506352
326676
910681
121165
159714
774704
800356
721992
800532
478336
250380
27917
513524
413176
380884
986299
933734
857767
304838
663232
487156
708489
3321
872692
633186
771305
445361
727699
81375
591281
541349
153173
932888
958224
293723
952236
474727
54150
734384
922265
745513
826575
576436
6252
750318
866537
140081
725718
903177
483076
757261
182572
435718
215302
688773
502586
293883
247608
313241
43586
924023
584400
50183
282320
560856
874843
383663
136763
447161
959431
30037
517050
839688
837002
248261
894432
955253
463411
615953
725365
164486
260235
202102
648819
840775
929831
546205
791322
46815
349581
793597
468592
353598
783937
799837
728921
778163
285675
913719
878862
519194
597478
685752
740029
71218
864359
935909
357757
679757
573768
790935
170861
331232
30960
685415
496104
524794
437089
763428
431334
490770
11486
433089
12082
701689
784823
585484
977859
431086
505650
738649
705466
806544
113368
118269
517367
415278
696409
154934
503000
742587
685853
684776
773776
331421
136360
845186
825951
484836
367016
811647
63091
203160
168350
180617
764571
857963
461927
613688
599780
394637
811494
647223
712338
301534
62928
415303
548797
395391
529748
489501
291653
317377
601893
474151
649267
748543
18981
394029
404717
682568
831983
800786
330070
740724
177473
240185
281856
260504
224645
69764
864206
374484
163322
950583
104683
652809
92420
647227
95521
442600
112396
961407
621271
483238
765333
237561
332522
617931
561373
281354
957350
830890
976875
182976
282529
145451
571964
391541
828276
736452
430532
279444
434711
231302
239331
588284
741464
427027
438181
528636
373368
499950
122038
803198
326178
307243
36257
223937
872072
583749
59587
146047
590492
17102
703696
546029
682600
697537
110145
683937
573771
549235
896025
683405
586705
471272
590803
977513
876205
594370
831466
328239
685462
392085
776452
475328
878971
455382
81980
615716
676387
256561
187914
997679
28261
904441
770386
853183
625473
788026
124294
728481
231834
8682
180664
209875
343761
742654
142911
863652
901503
816154
157829
161336
389070
54624
516076
120104
560437
688234
281243
364678
437326
702610
343849
769981
689941
737454
966052
674711
447423
489433
779709
265497
618548
418540
386644
172681
332779
531212
430300
979408
904481
570717
587115
792250
856694
979605
467809
259673
617700
532267
563698
653065
774172
813549
337105
906639
704255
409393
627706
833115
48054
729699
535004
879533
587118
292542
280930
985620
910515
247254
113053
705296
62440
663185
458000
8665
369441
422582
628119
865401
701469
221405
24628
231252
340067
160710
975223
564616
543543
784390
266122
203695
401273
98716
480022
891265
497947
38690
932694
853207
558013
740447
162038
956938
431207
311865
535015
702138
520994
440264
147522
220331
997171
879621
278742
446089
361589
827937
574992
653580
594514
696114
16838
248822
160350
421704
489440
76921
998800
42910
156963
826807
62749
977324
422747
590049
639091
912858
700005
422400
4815
206158
367062
120338
831419
490150
138251
309324
542631
245314
206927
74623
119971
168504
782050
289365
255479
317995
704940
433786
824160
959286
924542
386199
485031
761025
299456
195769
359070
734134
303485
219600
428282
58638
86984
901076
456008
556677
546377
929666
336014
870636
61799
827780
967807
182173
583188
58863
650841
624776
800368
707814
937375
144940
708955
353820
330350
130082
399642
635702
686591
673363
597604
345870
59128
859722
391178
836308
660079
551140
351490
795599
193852
35300
419407
220737
409337
826403
120718
347689
675928
257188
91806
228962
241058
654342
185197
170921
604104
701330
651548
679868
459111
206837
829006
859293
17053
602631
318290
747574
723330
569865
820330
291030
54854
990766
772088
560793
855717
964112
126404
609830
418249
900675
463340
730642
983100
378247
349161
800739
490503
273623
931065
384367
285036
238622
249775
87202
430333
911817
186707
83357
66584
809015
926455
996284
490240
217550
615895
333552
187352
216999
373739
45195
723006
721449
621389
58651
861761
389235
152386
346413
979265
859315
776231
859379
30754
140820
566266
279296
619372
628244
988225
693231
439618
666611
508570
901796
472125
934791
716641
479338
928677
12717
415415
128188
705099
811098
615669
995039
375430
235663
844909
616044
83784
525611
29273
5804
762332
275802
560739
479835
598078
836203
697232
38799
577431
761984
73290
145522
186067
806942
239816
541867
101345
435876
658844
193564
547974
845529
754137
291588
126174
540318
996958
827652
974385
16514
468164
642238
334638
578740
183584
295321
667591
138899
34101
615969
942824
65442
598585
957388
727701
883735
322690
529111
341023
108370
939789
984911
69506
151019
268203
432684
596894
96548
646985
836120
284816
799102
12890
371661
500525
236583
530915
463003
393242
113936
144098
363081
649995
814557
850844
480275
680022
769974
863106
548306
725299
487995
597567
580538
672851
278932
888289
575101
365913
170982
95841
212620
268409
439457
953937
34685
380012
943670
31137
413000
92109
697446
795917
214955
696467
671478
768039
667246
542060
963199
430332
218561
414258
130977
982950
961857
162444
373079
71534
151769
664356
852774
474459
395077
160192
755760
10203
418866
286015
155685
549581
500417
220146
231769
848553
93739
474133
699568
872845
316927
685353
486581
778148
308550
420399
241994
500341
991879
363203
562106
754310
815974
469074
125802
794154
11239
839609
399151
154414
907408
295611
436601
963740
231085
786271
827308
950378
209197
203108
450255
235523
87018
998306
656989
996335
184518
223935
900665
82657
323632
23114
595455
273245
369670
905655
889270
835844
403605
797303
695393
718909
31099
374068
869364
329538
320814
116966
67812
826692
697685
448469
450967
950396
482452
672811
631931
362512
999717
550133
961075
102365
365857
133494
20715
163879
613983
219688
864780
587290
261555
788048
397963
654460
312472
728060
43228
165362
584744
262300
833605
864876
505159
756027
803277
129389
83296
195096
124371
701562
145095
475685
660474
878751
211326
81691
768066
742296
732883
509048
321010
937507
69799
853143
800049
200288
660361
646250
39413
392545
176576
138005
115411
320724
706983
207466
698484
23626
67443
798973
896424
994467
957777
664420
384660
523224
40682
992525
981767
80741
468232
606204
750251
337425
533202
512607
979991
125339
507635
503631
91521
230083
723289
308965
429777
789682
71770
127223
912592
563975
489393
835886
871871
494718
723493
415685
626181
348159
521610
680160
454976
700801
475169
107079
813500
430297
301594
359549
281729
446179
917563
867713
662534
909323
809752
672288
126980
750201
29314
872245
382246
62359
533693
25599
576604
159552
936808
456541
648271
195526
650817
592488
311599
660576
403457
582637
721064
550254
801763
791621
216114
134379
531459
317523
163847
663022
777057
520154
882288
953757
366212
28217
727353
782958
230139
590980
230595
974299
724479
415807
792568
845410
107700
915001
742425
424822
61070
35139
45235
576133
336721
595596
466416
365927
484976
168218
287113
796000
936151
182119
596057
886994
841924
852182
240205
772290
856208
306128
553336
624260
239180
140031
41603
180806
665286
248935
439233
580023
16299
955356
255905
333330
710406
767140
674429
276491
551207
72041
265551
768532
95199
79899
411778
531468
48871
56224
501158
493765
252192
428601
351614
125104
118261
109554
676020
628520
851228
801733
697645
299735
85884
108109
786358
220105
119657
601954
552797
160587
415946
459477
813469
426751
985884
198089
659313
613759
676623
870252
780937
204780
823566
28625
689946
251730
298396
245548
186576
258233
444058
315305
152543
269323
843429
467817
338359
996381
669724
669273
294294
242012
81663
373105
27959
376597
519794
98182
981480
931168
52833
929485
167609
203690
907006
235117
941456
925662
91495
817151
378970
157680
88674
375781
149532
746502
79242
784260
652007
698882
673411
278751
954474
953584
338216
690705
968802
373961
845639
766759
287724
357090
506498
408344
545594
753908
889046
878689
486820
400904
518392
706881
86294
498687
681691
526478
330728
597627
116942
978227
613003
202414
893891
124039
516830
690045
74859
610250
167840
440144
432764
137790
956545
52793
589716
109856
586769
910590
655671
436994
999322
924677
838389
325190
623369
846619
490471
213305
307526
18848
245015
69257
791974
587347
701951
739876
931318
37558
462762
589551
816568
895389
308343
769248
414058
489689
638141
572537
306177
24443
794568
56930
254069
131207
532800
850593
495862
677047
42026
598776
547708
749352
390664
253403
190396
407974
725980
168588
384438
574479
495179
162261
399531
150438
320860
291937
765100
383670
510047
361720
80782
115424
644650
297430
778042
524868
288127
602598
556961
619464
680201
692128
349516
387720
974021
389180
65745
381530
801918
54545
59041
181436
45297
77711
522303
514269
589967
561685
480331
668868
474784
763888
618364
505313
581892
883697
573357
180014
949588
805610
713166
489986
925416
249925
30075
716722
521010
371904
512297
108900
448648
202760
27581
791857
634559
768049
152567
145398
48050
485648
201291
867128
985506
632758
36624
222065
185144
312841
746769
366651
637797
903872
430466
403928
437290
705338
233485
680284
358452
399868
408585
470712
676063
376134
184140
651811
235035
786384
572119
84774
70060
617382
790768
915141
248459
252829
761613
212101
56490
823793
630636
39967
737685
783741
273279
775487
910644
638997
453253
885241
133229
259715
833076
185929
318566
811549
891666
183813
847656
506815
741988
883169
678687
811563
828157
870942
160189
289273
183543
873425
619711
316732
391872
804748
919752
612403
825548
429995
25321
343913
59944
206205
446402
503658
715695
529484
701249
523682
602581
261835
630857
279123
829408
310171
968623
843698
219319
659833
975902
206239
484755
233160
507866
734912
485202
129207
746145
100281
997418
505167
198574
579145
706682
333468
795031
966020
957564
310517
700694
458473
580119
508521
190628
328991
311442
206727
491713
507729
636962
732362
541969
320547
839524
609439
478048
585295
823334
33685
243654
667297
459359
530336
103846
254027
174463
103882
14480
884197
982817
813431
367366
787141
756574
618067
970012
694648
978811
419290
410232
998746
337154
147267
965241
421911
236974
950410
398901
699582
627903
610521
414362
261759
781998
229266
312246
268417
980859
676667
675601
293538
915234
548615
811832
82572
757675
701309
381781
359984
778017
844807
62009
67938
61082
17433
10044
799633
94069
912316
183548
134049
931939
953398
7553
115815
670683
115416
863937
996096
690161
459492
15103
895823
481281
711256
587149
218001
769541
42011
458803
358686
357447
491907
842728
299134
960112
158785
513725
581093
171582
876330
409753
597197
475668
401506
934943
859182
36587
778087
282348
727965
725286
461240
591868
397886
439876
90080
14956
17255
767983
6178
214874
172947
549873
816450
16424
92160
991622
840558
366368
796838
182028
606344
369137
663380
155735
323985
77976
831080
580769
764787
165466
307434
946526
362346
156333
709381
156782
396753
360567
241764
204844
846213
621358
103205
591651
426104
810462
480381
468961
254868
607177
822888
635171
263753
287272
30602
769647
572021
771152
234087
763841
481519
154544
274684
928285
462768
794871
159736
385603
12511
500818
296410
311425
559992
261587
834344
147490
641048
889645
458825
500420
767527
52315
131392
957255
677666
874721
564293
928098
20292
128363
355394
706831
976720
479889
654055
224679
896574
640060
508842
480840
90047
891874
206750
473394
193839
19309
587375
235441
390999
663866
760952
65973
691931
490364
222273
396861
972102
179777
770776
262514
292400
561613
179018
575760
710410
884066
766654
947583
756870
855969
42351
981056
752485
676938
413188
255490
265822
26656
402190
761237
968360
589352
564253
564790
491365
572751
543103
73672
415915
321195
122135
735076
510255
560986
196245
381063
886864
671239
169751
915306
872893
352843
944348
107759
385989
446767
738401
915959
83898
678864
489434
149072
150400
74523
160846
418764
373559
42872
557263
879277
498882
293700
392533
309372
358260
863222
894455
678968
190743
584867
719493
499244
177304
678684
238276
503578
709330
140085
818887
636179
118965
359457
262502
516328
595795
510265
687710
663162
444487
856411
702213
69934
492162
333359
780519
690813
138739
685317
91330
720424
955922
262490
47835
73864
45770
509434
488892
533315
388033
243967
29898
756379
887237
166775
438662
362976
741012
453860
109344
625990
639944
574940
77811
645969
555037
872081
944674
394989
429600
379435
914765
83738
384951
166033
391727
164676
775815
577671
170583
758896
425477
905201
456256
144787
338461
932726
336655
870333
840248
322880
939946
110834
249070
519903
573808
423129
358728
921165
21464
951182
27568
800012
530025
689362
782967
442028
222035
264930
136067
520041
182249
9893
163988
570545
421948
89214
688049
791938
79893
747202
570611
308146
87182
86659
346477
977864
563853
923275
772854
658440
909278
433829
846486
895949
774252
782036
96969
871822
675676
735847
956658
163202
28551
529828
899359
472544
967505
420193
402229
912320
708714
136307
264504
731229
500897
462845
554681
904508
202208
407978
552605
862693
534664
547381
584837
145808
211178
844133
600351
104540
434654
924631
790025
826616
245828
365235
236189
448036
951573
58433
979933
841426
681893
68116
256316
784550
976119
789412
427719
810717
737916
796858
121262
133449
515562
71812
479155
701754
740342
345544
980910
659897
310189
915061
161914
31150
428980
765077
572992
380193
2138
793823
469470
563293
90967
524010
790899
552497
695588
140603
681417
598352
366262
245183
320736
408984
192280
475988
597715
278383
790052
686401
894250
599306
241053
914119
860091
126407
19372
241167
262717
907834
739126
554178
265578
105669
427350
948728
530000
866081
959292
858248
332277
643513
679457
959038
806501
204277
539110
728170
965402
397460
254152
747413
502406
966834
95106
369295
329599
971049
693696
802468
870343
594772
715835
323757
157623
308655
611317
502978
234952
216602
555411
511181
330174
764092
589202
316921
279730
859780
541799
823434
548986
763083
176056
116679
26935
480214
819632
623826
589370
433719
448451
170520
203987
497234
213502
649635
109112
307261
377545
150860
400143
208513
579901
649038
197784
918462
946588
712567
494650
732138
357553
89975
720744
509114
274693
669403
672752
860889
394875
302611
255392
946965
867145
815919
410389
707673
754707
248809
255649
528213
602405
585563
160856
685754
119501
837521
934904
886561
503059
122425
168498
559243
6295
597879
418969
707843
505157
562453
180902
544928
201782
334168
150630
496231
148518
975917
811200
263949
822734
105026
863143
917017
406046
342706
668248
946344
448793
4376
576656
67658
699532
943429
921422
381706
909868
477580
917632
38347
108427
196282
686669
270
62135
154211
374334
465616
121263
813207
320010
67600
45059
829876
177404
326447
679879
915477
640579
565039
221491
34152
532950
842270
182106
104478
798849
278924
184517
628219
776593
814199
146732
624397
722968
326728
823696
512569
605278
631286
150584
719344
83812
520329
419270
480897
462934
357305
970612
57417
930636
853301
528624
608261
451005
534399
178642
866440
856513
988596
108342
80968
786496
785321
11643
348434
12732
109490
134103
945374
315321
364476
63956
275709
254277
333082
519466
29486
416743
654941
691578
341713
334824
312859
49061
908275
473592
421586
700039
928584
131711
308135
243923
621430
806786
135687
966860
77133
439277
908206
47198
948693
184195
465798
837911
777345
950751
86055
777797
900287
58789
494525
272364
718833
320331
922824
34212
531829
53053
279868
955213
256224
938866
183304
539697
550666
336777
255156
631028
936323
772959
163107
79738
268388
940976
372664
434837
414336
836710
797781
197417
611320
840835
305727
570335
683501
26664
707805
254274
690001
997504
623711
688889
600343
355084
709564
413537
287049
692427
837971
11591
610103
575813
122227
453375
309645
439476
899894
302691
16062
437008
794184
755052
1948
421238
616965
802214
407306
734324
786753
72979
231753
236339
931809
700383
450990
997313
369702
553466
975924
850746
689994
445975
900334
960595
603907
787009
793557
160323
222628
606485
583807
519503
652131
587808
561585
821680
775541
90389
578763
26082
153749
222251
433505
203468
437028
768849
421035
767495
118763
765967
685394
867212
764476
642875
700970
847935
591094
556180
984319
365202
654054
89982
706376
733847
475658
967706
313529
282534
218162
725505
110900
931751
455872
221726
1311
554301
65742
275877
292625
78608
188910
221300
766501
444469
102796
532740
456113
208699
301168
421067
614417
743188
469216
571058
796764
281950
115875
544110
897657
336653
968288
396605
589002
830967
470308
792511
419909
886012
392258
750895
363172
663184
257940
419388
577523
655783
389280
898248
549254
771771
283798
929485
741949
556342
779846
342656
976406
207183
308464
77428
163544
683874
686622
200336
339462
578533
974308
96153
824252
193571
113922
454056
444477
821377
781629
339966
270743
280155
134106
110830
200693
961612
284154
947512
841985
245069
667021
879862
650739
892468
441396
445743
776443
415582
535415
691466
338887
488808
498399
718493
727601
84631
808434
316962
375625
509976
479625
613386
235706
157281
335887
207916
833819
198901
531544
288662
515732
733255
538523
914180
88427
619318
784014
784047
842602
882679
451805
454716
22831
406673
962118
959893
496848
204865
631572
88469
439592
545405
759029
745309
756483
910741
165370
99396
180769
862198
866539
252139
97003
403273
307589
213358
721968
657912
773330
325942
336473
106577
242210
642219
249905
519171
964843
364103
361739
501572
487163
691334
937231
108629
49365
260089
568485
211613
750576
807866
662269
212658
325960
914618
433400
155127
442398
916662
399798
788063
871059
288520
440573
980304
939229
343706
233154
279906
241699
157109
929176
580934
352443
349431
197746
879172
634365
157475
227350
846300
656644
658899
622625
551950
480961
606536
867313
47286
31035
145378
955954
158863
587367
922667
632073
32088
246815
791885
52886
720403
275139
176548
888746
704938
102185
918574
413765
36141
977473
829983
136074
959286
695178
816914
938433
52782
700651
762777
65289
601512
672879
849141
684056
833834
514336
634849
180592
386509
152702
696969
571233
366074
289757
242648
12405
676052
579224
880046
317051
397428
771381
242801
723443
37327
418903
657595
998035
326580
55386
667569
594228
350002
356495
22387
359324
443287
307220
758703
217256
305299
253646
608784
170134
825658
274053
163477
164333
31336
38749
280828
240457
955262
544621
248860
580999
540427
422078
685970
760841
790279
183330
704595
829606
13817
680302
483681
485041
103928
257173
849049
182244
860302
437218
309928
858346
370808
450833
83614
252102
640650
773579
74907
758883
582639
861373
813606
947512
503182
228116
709276
220119
123081
960215
821445
290387
923615
157856
796226
603404
347569
393528
142051
7129
316898
505358
301909
652816
770903
160084
147000
57204
999837
793079
189263
396348
299626
954424
695057
184700
168444
211884
235356
847538
169502
936140
146441
175152
137097
702394
202202
412577
480615
563089
21456
512185
35123
638119
355033
459901
85308
255906
372391
105004
928007
421428
794716
264905
932564
42548
549921
887878
591353
331226
995030
571982
285227
706391
754404
194095
315100
810447
312750
431779
821822
6260
232741
603898
695717
119296
118586
616485
678154
948622
842991
446753
639659
113046
301447
416829
496656
309955
142172
249482
824745
573043
591887
642015
292756
16586
552089
347526
130874
506483
909888
825415
821785
73717
423462
687438
429404
131181
729340
996347
288678
62830
690451
801158
508333
220082
304659
546893
520515
53819
363204
894012
558577
757642
570378
506264
716348
350907
443374
451176
601545
241339
758806
520512
740572
825448
562327
395691
271100
745795
611169
678324
676915
871444
294937
255185
786866
329883
960580
342509
381521
879406
321758
416785
340723
828724
349707
740974
724871
640188
417893
928137
952748
747899
662900
286979
43564
286688
749883
16900
680873
789014
691247
859588
521174
665813
861315
906166
84572
685349
378014
896529
844764
226801
343534
623036
186388
148804
92374
766549
386651
2146
533891
994781
274630
817861
561884
143876
453549
4467
744408
657101
193608
711864
807337
167198
694642
614406
662358
768807
670224
593509
87398
22636
481995
781720
458808
725552
383352
927438
667440
291136
435993
215938
406284
695065
292797
3056
323604
924727
204674
6323
493872
297403
266235
171200
498963
698423
342828
194041
207125
434202
113714
531439
910943
247859
712384
316023
414207
857123
136772
844199
254108
961444
678759
548974
458115
99887
963315
721485
644319
809103
370896
281654
317704
906176
639207
3071
636850
720963
503656
426051
461894
830209
302566
76885
426637
740377
370463
961378
492617
123272
311706
451618
752606
707892
98921
416187
160877
518357
633614
804274
446466
307585
494394
279694
578275
478802
26352
716171
789065
709493
783113
881208
643435
217490
215376
117998
767925
881747
314125
232749
504408
224532
695071
870996
769979
911461
251330
842492
619983
357758
543793
29107
130176
631232
255781
544592
649351
714084
737211
83639
909084
336450
737075
162539
515785
417728
971988
469515
631706
774421
592494
164907
70449
880633
289912
137360
766005
166763
839127
855815
181802
962718
893824
963746
707805
481729
993332
621840
276150
552810
111402
836696
407727
766430
792331
869490
193956
146687
934935
88194
171072
328275
235621
649714
978327
209772
481927
869995
101075
448570
93708
134255
804101
103081
218462
861462
792221
709688
584140
847074
68853
869336
983587
587457
965255
224956
292021
556320
191
128515
342331
341863
318380
347840
309718
755604
993871
328034
467249
43063
433494
227397
790275
969351
382627
408276
393457
833824
468100
8088
370512
693658
165704
992610
313288
206407
629223
583441
596628
106440
859872
831233
992037
394060
254688
813008
953958
476775
33310
132814
421659
761675
665924
603008
65955
614309
37319
581201
367708
689878
984279
826710
997349
166156
996850
929276
976127
978109
365076
571345
956556
68288
200905
983467
137146
478792
309538
415161
2937
784701
503302
12068
931047
425464
241248
1441
520654
981019
223862
395094
108483
405516
8985
870758
431
719884
439800
899867
687210
178871
212624
553583
276739
923482
392767
163319
720156
388972
294518
901229
41650
207467
387147
482840
196027
479380
373102
111962
826152
558527
288500
600726
756234
259220
928143
467644
501905
644590
337247
577074
20527
498058
411617
65952
136474
414635
689029
168472
531057
920398
496094
771297
242358
613317
466163
657503
981433
617395
822066
34720
912278
392867
946308
2117
927061
277893
353724
739979
271151
6917
406504
637109
625904
332297
296714
654168
864824
223688
807649
105602
540571
496706
422368
686024
372328
652831
901696
90219
921735
409896
959345
766438
530492
59420
71916
540695
257480
669168
773284
359303
663918
122407
896858
464088
91027
956041
448976
569034
740414
644483
400277
581161
640960
102683
372607
678551
812397
307213
370551
65586
891464
612935
892462
765985
329149
860158
577198
482560
678599
596523
729675
73318
541298
553574
122168
298319
321146
48669
263925
510507
279507
220337
61222
611458
725506
78445
146239
657986
615592
578851
561052
169382
895071
737637
394797
308933
502397
13405
921551
163253
285430
973578
240053
748442
1566
604823
904901
374094
276427
548889
710719
835438
615769
408550
36120
797631
77447
156556
574629
233724
125630
418805
287923
883261
989106
785109
929843
85509
721825
388621
839954
319272
66425
150240
646951
185879
222678
827086
731910
599498
547113
447442
958834
559497
66420
530037
724974
638166
581233
360014
774068
249594
635475
633047
353343
330731
109348
790572
930243
973078
288909
11682
670909
428047
711796
36289
388516
583827
19519
84704
370687
709366
933496
874396
359376
339117
208329
327668
401262
459130
694182
175876
672496
187888
89417
123740
641285
694242
93785
147453
720609
601068
537508
886255
902162
183709
85835
116801
102705
93312
413693
664735
230067
992965
798299
124745
163103
986001
140475
489590
856218
743583
953032
491652
741086
315921
825223
174682
441673
299927
61492
577180
178770
574074
457163
167434
767254
14022
588706
937718
3472
118290
212403
752287
665064
945773
874808
429551
560354
837735
772719
3278
612023
915193
979261
938145
483201
604370
843439
842851
909711
111807
889243
846238
942680
422005
82789
167813
576205
184062
51421
999601
885255
774783
305542
209910
58848
914210
429170
796194
588509
432036
300937
89041
125577
971964
182824
347888
259037
2599
698533
106700
336795
704332
142129
325142
35641
888273
974359
199478
744187
391994
873121
572488
654170
381688
520921
526775
234400
377046
329389
463349
812309
455355
224812
546004
593875
286749
931949
332612
671414
420355
819086
571497
105648
29940
585562
680216
422713
716097
208260
764783
809059
82412
338704
951630
101963
339572
942993
653686
225067
88958
501197
941436
257229
773090
101052
63081
717274
577999
355951
231025
901713
1051
966158
382350
326227
83178
183994
374585
952730
452730
746065
33989
310410
153674
793231
667032
723040
943013
979025
40582
440199
344399
774262
700491
246537
988874
126686
491493
548002
47301
261268
306444
672369
297634
702472
243343
737608
7011
550197
301965
878690
170032
896737
671692
108404
350087
218691
552121
676124
31872
19582
912701
91574
70908
631628
25272
40462
667242
719414
500508
296559
752565
516991
412841
479642
576526
934369
29888
323346
899473
44783
876838
600212
202966
705305
80920
80485
211607
347406
315270
854403
674233
911868
429101
949501
689913
767730
903316
699167
667124
829927
940002
739717
213394
586324
132762
616464
540496
850108
801525
611063
291434
744524
577563
533429
353505
238748
381565
257888
61230
210517
937745
133018
106499
863854
47147
137696
774266
680463
982133
362304
458845
636822
259211
168167
88593
142007
161653
400152
179615
741629
499138
685497
226592
995504
494909
366472
14341
125391
192015
340011
517184
543229
156273
659620
286931
873848
89483
898083
277043
973700
853678
268725
748184
136998
795819
223195
151268
245900
516878
92085
139245
928330
336954
467549
914473
547647
431650
115345
405173
697174
890401
66824
206338
788648
706615
838629
608220
878271
229537
656009
236952
759286
211732
94659
985818
85948
735701
469218
950529
96183
509496
251180
150703
596996
362611
674087
600120
496093
360414
827028
81638
483540
613641
132667
936999
442044
135418
907618
288916
72038
663169
989975
120414
704073
271162
162861
118423
768123
681375
855363
90906
822364
122503
648511
913561
5394
966719
527386
490433
174
14339
599317
138572
373613
539866
343626
425762
928283
405771
109277
472941
398099
486271
254609
476728
209121
707253
355767
323266
84488
603675
683969
812837
913311
504656
484916
106014
242261
436596
596284
446264
292886
901416
502617
718618
515526
653927
250872
196329
303339
521984
520924
844443
627815
536495
886139
229914
750306
889623
932325
533520
699078
820383
246111
158165
725796
485222
915022
363251
579892
616100
452367
51282
369849
288094
563747
568005
531203
181829
256520
966959
70734
111596
61347
597907
806728
793765
164888
898104
351088
439991
179644
783541
175706
358077
865954
887646
978895
237022
227090
416587
866769
289508
523288
126465
34171
704699
4536
28480
272071
508233
999231
595433
822058
314020
475316
923593
127642
179508
143918
482310
183983
698983
190335
442980
435303
308234
63054
146997
910660
796875
845635
4379
381968
187848
81243
105019
620801
969171
673243
109120
86455
828293
212320
676169
927009
175483
560853
201073
685440
110898
100095
21112
271492
614907
187251
852626
588946
181018
90791
623308
2407
348801
604325
238039
409494
72100
592091
722099
76781
85433
599952
863481
13430
602702
476081
113093
531161
30470
537673
387966
208287
806641
765776
141763
413841
312647
490266
620147
91519
671553
239920
227993
750812
946389
580028
510899
110854
86028
101533
695773
720996
307265
261147
428383
455657
41400
893556
795599
701365
644184
880405
51364
154202
315078
853988
564633
699835
346144
383290
546490
820113
358483
420142
106575
523975
834394
458765
894882
732037
185876
80037
690093
327115
527744
66368
335333
942195
645207
144174
381085
813465
955973
972860
496345
333078
457350
945985
604080
695463
885722
270486
114076
891308
462180
990437
109602
981645
693157
430106
759896
526967
676175
657655
236696
402372
801481
37700
483584
206777
841534
395427
598818
604008
132834
259778
184335
279606
845699
286761
367931
633847
719815
118259
56589
534005
888072
449177
335686
128464
227529
384554
103051
564415
985939
932055
971216
338612
192432
64170
483939
388766
743427
272279
111315
464264
125762
539755
150459
184351
431314
844833
77294
995537
256957
153747
137728
21264
493138
274894
906735
349621
933338
450046
813165
349506
34610
182792
311883
693760
787210
963447
984323
131335
388217
553805
511522
881884
52538
919163
325200
190196
963783
730925
862974
992023
145936
627068
331690
370272
23064
692231
880722
628577
241069
118876
30643
550691
223938
544335
936572
378250
66666
183853
13268
253271
746675
345803
779397
92168
214173
841847
658819
632474
627254
11728
100445
792430
608787
986674
827071
872394
723500
72201
978401
263542
597
262791
573456
253894
634069
232496
767447
422840
