381869
939924
374188
236543
87973
257178
967248
201457
119050
999702
625957
131624
244977
936693
583430
54524
798864
842420
643497
754962
931641
908161
52912
192132
84740
61550
2334
566188
547852
2512
810214
551442
625103
497786
406559
180144
780793
670033
221461
532190
981498
688460
624377
674526
926227
759563
922936
471238
47601
459408
399528
387590
400176
857310
455327
226773
961280
278828
960158
981565
834085
586310
924587
372991
469400
462337
666876
874468
381451
585113
29199
312673
656138
473641
243479
208741
636093
708421
728272
909123
823050
686455
73588
231671
443479
856469
716870
843223
546797
621564
878475
538647
487480
967787
929240
640377
97579
536830
603591
167311
368768
931268
204099
616046
82205
435840
391043
133425
818258
866681
459604
205223
364735
55550
55950
712666
213843
245242
627944
791933
395183
971055
326888
958001
847848
685523
736370
489396
755499
721348
163394
355302
491515
723880
262837
776889
860375
984165
974465
430773
198135
794554
242182
541094
545268
395000
832444
897379
992071
887009
237707
617211
277673
33307
825529
818557
321882
438097
505661
77220
631742
137575
892915
165917
166817
781719
111657
759799
825755
218733
785814
163494
785295
344091
744362
224628
959821
139706
536257
180293
744472
11998
195953
398341
637761
112148
430658
393648
954674
950458
813629
665341
428807
779835
408797
743656
467670
742695
864610
999387
173007
520619
223429
924792
613055
48497
335366
833158
192495
471319
255393
870773
558121
360964
195743
127375
174810
340461
445960
728701
994835
547107
718902
581876
858217
509078
879876
662714
539517
643562
895078
460441
515670
470836
493779
721054
113642
376593
813660
204942
295740
88611
772192
684583
539615
534825
487512
949070
978072
784314
615822
251482
325857
75806
40107
772347
441610
325961
492205
943816
285819
733109
698871
882085
46676
865946
649858
905165
844981
470349
251570
791938
446681
29747
156611
685326
559389
259360
526626
102900
469279
776272
542424
42232
243905
760128
398881
680776
104909
83114
573339
744710
835507
300252
310746
915059
600365
128116
240664
575225
918467
2298
639434
632021
300138
902746
177101
581151
492232
274108
110655
112759
764819
834178
355883
120014
3735
82397
639004
621134
692950
247564
888786
342247
795785
317363
663314
770039
913797
844500
731800
827669
614841
65068
547880
911419
649364
618796
728771
987725
885123
70930
813620
325898
911896
776420
320777
356238
907270
628169
879839
577217
597321
814916
826647
435296
319522
33101
368549
111910
658752
570254
406343
221078
733755
762551
942482
146600
103609
337534
915623
46478
925043
871223
230085
85089
60626
742795
212088
84269
62195
732184
945904
9237
566282
110181
754412
222885
957986
445888
474389
334258
673026
440758
814823
414512
262251
153327
310858
243792
171519
627747
280895
74515
997628
936445
581622
700976
928357
91722
398588
139998
68737
896542
594257
925311
882621
322116
584088
286825
328172
177823
840167
374161
674991
916641
960190
81942
711536
124647
745941
923240
845000
840048
626062
406291
513089
19193
165834
704812
748981
686710
891863
114838
638101
265070
438151
155889
338054
956916
156636
700513
49125
229245
676447
161910
883115
370723
97296
33917
92780
455157
308983
373922
556217
949688
912537
914112
741222
762047
200454
868679
63526
993762
586447
719561
942866
734
217558
311329
640968
894601
383806
7616
943792
101040
416256
709141
831322
258703
332767
549913
888259
357228
512244
305716
184119
938384
980963
687695
77200
687907
411886
407991
930332
117091
432872
164330
899037
170176
315009
393346
973546
528280
78464
910587
124338
928394
685328
864611
991200
327993
806705
983325
432603
691679
434255
297425
434085
966411
542512
392564
636579
105400
18822
500527
580364
252772
714990
794521
949546
69262
736776
531277
858932
509609
312710
342990
367840
87377
93906
73698
665013
158409
511742
289365
694819
503821
895085
234406
501949
700356
722082
346498
252948
558417
85859
738152
144369
35977
298249
783851
631790
850623
408999
277270
320241
358458
619029
513769
495750
637448
57624
268482
362393
475820
192559
201239
410573
982002
169660
989536
502331
743140
77390
464209
579914
558485
785095
365125
821159
395994
250415
696630
562785
417752
37780
162601
911780
203001
259995
761383
9168
428537
599016
999269
155446
306972
163877
323013
987759
14722
410547
915573
807256
337810
955435
911926
560749
19540
297231
993207
375553
991131
598675
228575
107863
101535
162177
946986
611297
985385
186573
26539
405394
77095
628213
747631
933282
860831
699796
257090
845982
932417
376581
683467
649321
59861
786926
751570
482707
259219
817712
578914
572179
620369
551337
544394
63524
655959
946468
649021
193466
491406
391838
165721
12960
270999
866870
294661
997168
917305
247472
142835
124910
603954
68389
144453
507329
453742
744011
763276
766542
148309
900893
826859
491634
219455
455207
165146
1436
550531
868080
465926
196934
296493
469443
640086
935950
129101
973020
31113
964597
926636
547500
711995
485811
37594
607305
395910
913396
169059
965173
229189
391603
61984
926473
638260
395954
113513
994623
685683
90323
380648
317593
420970
846870
756489
296688
280582
300656
245005
42716
365280
453316
236222
605245
332543
327296
552573
701028
380404
602839
306807
37282
500900
141334
320758
493482
979042
343077
71763
308581
972794
399197
137738
238163
414987
642176
981286
558232
27724
644505
927963
8235
905007
123633
121266
647382
18594
157099
714079
634090
406898
748669
841390
123779
994186
633035
346652
320116
909338
768866
782274
447630
611667
96717
793580
513490
5582
381848
271496
41585
198540
411103
193402
445755
966360
239057
328396
674668
494153
992519
806147
361424
107044
22523
187277
800975
130910
102630
760022
751001
777854
818106
481657
650734
767649
648249
580883
591434
623127
855984
87028
289580
440747
522132
983279
665154
823745
199671
4881
803699
59415
400551
2542
610376
829998
543972
874135
442360
675522
39099
740647
606798
643060
708483
972093
510969
329033
39859
71684
209008
547147
975967
511405
926528
566925
767949
488894
791027
155852
77496
140804
303007
707121
599392
239076
667592
86772
368844
333904
958195
535066
861342
296789
706632
146654
196369
538576
477538
563246
254737
631872
418423
221388
569270
698935
857695
43221
176927
416107
674882
396575
640935
331433
869091
427003
199623
169449
625283
818649
833224
861756
919603
437451
222690
831202
249210
228322
722742
926456
664862
406901
521829
477326
198163
878336
97099
883031
691517
423464
654428
189497
667748
634588
897561
52549
531379
309336
875950
306177
730605
166083
821995
107232
168749
491448
710685
66067
801368
292770
660937
448120
612449
334657
686084
204273
299704
18761
618418
752912
551504
503209
665945
582574
805707
65065
576929
386779
26053
803884
260394
343151
292538
708821
540234
321023
780821
821190
625441
264875
276118
668996
146395
149973
770078
927351
318210
437612
875482
749773
29630
940518
45450
255677
673514
515852
888557
408297
131731
648431
86219
712540
929551
565176
208222
206515
45624
66525
446686
402521
316804
944048
870952
554539
524610
395985
417418
920826
76851
888068
597229
330734
165123
973917
591648
585735
99938
503000
873277
331391
711684
877573
684602
17228
384369
988192
981390
581633
963593
719743
305469
39252
920216
652580
544706
350074
413778
224114
407064
954031
195819
527293
235430
192146
722517
726458
582277
414828
529943
395669
742383
934993
204807
461538
421509
827039
640356
586475
909308
664483
381714
433959
132390
541276
814898
953996
487385
250071
451037
602940
276606
346873
256446
269914
663736
646043
303497
848768
674862
2191
20892
776393
203447
726722
87920
978505
570977
611578
457468
734172
696414
566078
796006
860060
525580
558932
382630
410924
677599
903653
71674
363057
635054
126397
150400
708129
742742
3951
606387
245555
84431
564309
134084
650166
699977
77877
991700
619454
533826
651648
115020
733816
752807
813108
498138
913375
350052
70177
423432
608455
236746
815176
873786
545047
81820
468254
229508
255124
341302
98929
505382
953496
454683
228770
912101
751393
966041
748624
624007
963013
269019
710741
728170
75523
566603
143466
818305
198070
827810
622118
68076
958115
550669
233251
793907
971249
654781
902849
613344
53624
491916
822724
765174
645681
180807
286361
256593
698574
826844
412790
178843
746915
164641
505631
240232
299521
532222
482116
358063
478052
754297
545479
700326
893442
220764
393948
606457
266819
39813
518538
880038
613392
363530
459470
387512
53509
409414
646750
768477
698944
895877
120331
267110
25051
83400
266943
407516
491254
434293
741030
627897
903533
910046
119658
376010
813481
553644
572566
783199
6482
244008
929500
300395
279266
303013
387314
847871
367957
908366
239574
825054
617212
714248
922931
882044
321137
455299
262364
943640
26981
551010
603253
576627
284117
631364
645296
382635
934236
109167
751221
323705
794209
383193
560795
324420
493552
628626
413075
513119
721831
613713
70053
799398
208711
753881
888210
722928
135274
388231
246295
721777
886547
667835
294547
172719
437665
27169
852992
550559
986142
205275
317021
847708
181172
162061
959724
741955
209087
172036
318231
47405
102334
111939
154606
320458
36770
732076
662603
233366
479817
793032
970263
5563
85828
292403
208357
681219
781908
420263
415740
482680
754100
964835
88626
76699
771344
854135
260851
259261
325587
343407
194529
417277
246494
282969
176406
871646
136276
888053
37316
801603
702738
264825
103422
836042
421628
394238
100111
188803
452787
303946
117640
404876
881762
286587
758936
675530
714424
908940
128275
906310
80432
108551
703509
368673
163147
264007
86336
364725
910496
636265
128352
322570
471113
273167
730160
512690
205439
731216
683894
693634
18368
170239
289865
836845
132844
456215
698867
483262
33584
189824
531441
572594
528153
521856
92951
568559
925194
770369
260368
405029
257737
985466
330691
471040
9395
494013
708754
66951
760592
668125
85884
476052
497473
238970
255714
596272
916694
165163
726311
620362
693372
322630
932784
857300
654227
909647
71819
185723
735582
606330
216812
277249
767764
79838
148178
74872
785235
385081
90760
927965
973684
196442
961799
615822
261305
189295
591992
459881
689123
489707
72664
919747
51489
478803
661749
531650
185122
420006
474837
685272
714507
467559
373621
491740
893317
793288
601327
944646
744429
484789
48629
613511
125743
380794
372985
593987
239789
661265
981231
674156
166552
604812
543466
201468
50722
80027
864163
766543
876042
608571
269209
382426
960342
195196
881938
535052
125983
543916
59903
803391
378950
503653
184189
933275
261316
6640
195704
302920
174432
276181
265770
770125
415417
647553
745793
551114
762051
741073
637983
521422
462223
776321
965435
471638
331778
994476
434276
148259
950951
678015
849638
992822
245985
41150
443461
478955
804601
687346
419878
912048
463318
74158
158094
31584
754890
962493
960705
245632
766024
101483
162636
763860
793588
539564
657695
135135
987347
850284
632594
489398
551394
8819
858568
410496
967234
29620
379633
528588
713488
107059
562793
723535
216147
725202
120318
332793
18511
45686
180559
748274
754486
58970
531087
621430
509054
988400
664553
675850
162510
809135
10878
176537
677265
539262
342665
223472
97453
32571
538724
8787
946062
755688
776035
981754
385052
353714
932638
727723
694539
707104
307725
481781
519632
760853
91851
658630
763377
659137
701117
246122
220469
425386
454092
116832
812795
659603
567566
231131
55015
590150
677058
230930
915959
381443
681850
25540
7347
136517
881875
245260
778051
62509
903712
892700
294235
513550
559141
922585
264721
611540
167871
51731
5966
688337
238945
543263
959331
176229
2425
651667
758195
419018
650481
521758
292878
804666
902737
910593
556767
318077
704385
632174
116219
776466
197804
522875
217561
515513
534849
113795
240865
221915
487315
766170
211165
982743
85472
993962
684172
331691
644207
394223
486997
790202
553618
13451
661145
30975
771403
21830
504737
260879
116363
105830
563446
971268
580694
437479
348688
959180
282306
9304
487206
728204
8221
191314
338852
111986
346798
146389
399227
459670
116116
820096
418002
146892
79948
557037
752346
176648
283022
992359
408383
684078
516758
603721
335354
968758
939392
267764
289155
923641
9996
592684
827044
360090
539458
971727
612329
838291
78895
724916
356596
409179
125389
22300
770285
867505
164608
599063
888854
242376
227837
612407
143164
100815
506501
206249
434249
828892
411727
551861
803959
218100
374340
952786
817183
286521
386020
711974
319087
485617
797574
419866
324922
407471
48060
45143
304234
432224
749909
345119
419664
182900
467964
241098
309404
378406
318717
343771
724392
492266
465768
494078
535534
466995
459726
242144
153243
599198
563688
343787
297403
994174
729944
239709
466323
143108
807687
720260
751565
571275
931693
239448
628750
243262
558062
946548
201700
948135
163362
758643
980635
915604
980589
473187
748782
662248
10317
18601
65563
178875
417779
863537
209551
684783
105928
227535
90305
582096
691728
762807
794459
398439
195692
764117
341394
270812
895737
861386
435863
268741
64598
767876
652261
614991
553860
583673
685435
891783
590054
130240
702244
113990
551335
254156
121457
376759
493306
996229
830281
677126
618493
614917
779671
526311
2039
201452
264673
163008
215808
586720
687801
743284
30848
797156
116556
398285
392527
827860
949463
149637
27132
16250
84538
322225
92009
940881
189093
666571
689172
307796
860591
973402
988912
98369
530821
134080
459761
36143
796991
258272
196071
491401
573582
184042
717570
666406
98514
956228
430324
922758
952776
224214
852084
420268
49377
502386
235678
169811
749421
109087
138551
438670
601526
623937
505231
134655
91882
17062
996607
869683
186223
444399
792466
961625
576027
371033
939072
146717
678396
897557
208742
391953
282606
438577
134120
764252
511228
226856
665574
518095
174054
974857
974728
203235
170605
58172
405076
274504
588748
889925
974476
804087
726369
816549
447716
243299
420213
156703
817887
785549
877994
281240
721989
367031
853184
556056
735811
810992
815876
968685
597343
675342
941653
907630
6742
844666
414548
581021
110931
783717
962728
374630
942030
860313
929962
595204
722880
819562
245300
848771
648254
959947
833921
704800
303353
498621
151425
370380
612625
129313
207676
749583
856657
91311
605984
444682
206475
549759
405161
939477
91985
180165
339947
226694
905421
174554
930175
519827
193854
696693
83976
856847
391504
567288
583841
600016
838294
588966
836709
627378
174694
209139
75290
919604
61841
308788
266682
896127
819581
433142
583840
821127
495969
904362
508556
825610
757725
642814
466387
63286
521652
330758
379366
581096
254823
634649
469116
896654
729455
379449
399775
866157
804630
626346
651792
846974
5042
377955
528472
582004
604543
44834
529965
111641
937176
523034
747197
659670
140946
310664
31385
235409
810549
881444
176833
119281
318616
303218
186696
955261
787736
950135
693732
397090
448564
245513
559380
209875
793160
768640
356142
468939
975844
399177
861636
401390
173385
651928
259122
375629
300095
140989
314439
88008
590806
865296
745230
352910
645815
901575
418680
534017
872357
405094
579367
80628
74070
896917
942553
52054
300584
200013
704751
43112
322114
331692
287705
331626
690120
649769
493409
722132
740474
904865
201872
913152
304234
113680
327936
944357
920728
21595
582208
564157
694699
526793
34141
681480
89614
7954
513363
337194
446629
613200
536080
965104
463083
991122
200097
620144
352298
792464
546044
102926
717397
799672
429801
752603
714309
130087
52941
732055
999503
763955
408788
279575
527742
585445
539002
761986
179954
937732
923511
70901
301140
930508
930437
477383
216116
77630
548239
475558
28610
931025
964471
991136
627238
59526
630852
51454
721020
301209
103527
36683
571887
535315
291112
834866
242801
535676
477938
765317
815636
651630
277431
84954
14792
506629
231873
240848
650610
797939
672023
76591
217893
15280
533896
404269
132799
972814
680215
393997
132962
474666
368130
430818
316366
949695
295793
761202
866328
466260
586424
219637
884105
549974
390473
192957
348630
497280
772409
374959
968311
533942
900525
603503
33766
552242
81505
822042
157301
244885
370260
227181
295116
939551
448916
419587
552126
830586
74401
230779
784136
986225
641537
837752
60325
832894
671712
204481
838993
690880
949793
730697
555160
162827
691013
236426
969241
642842
164342
583178
325276
833247
384497
470080
739277
257275
149518
3023
515221
800905
891374
388017
465684
249557
70144
97455
11580
241323
817263
310604
947213
388489
662252
112386
109993
803254
501011
607716
307027
691692
873213
306786
494088
611568
600097
45547
239226
462531
288807
698477
451685
457328
484811
423928
999312
399942
315114
586560
80162
46752
932013
66305
779295
812192
965967
699645
10173
951418
651596
450145
826151
793324
971175
727302
895885
87948
206104
494099
208678
212665
91921
928383
982019
99763
724012
586420
984017
883015
217715
599695
931051
417123
305227
71300
372122
881864
442365
705631
786794
657628
472802
986533
736042
954975
82667
135769
370175
755766
699275
830106
667493
110947
194753
933481
282628
176022
321925
548233
330282
335260
576270
408575
161131
318902
803902
567865
451538
683909
566123
497035
705987
190880
956619
195092
325167
250568
864379
620223
657778
695027
532076
611045
485260
174468
938283
986000
440506
118108
605963
259867
384752
53002
106544
973365
840694
573278
534459
737092
404124
242971
619469
368614
74267
580426
593978
685394
902538
425707
546892
461469
301753
740871
801841
249049
709486
443233
243650
95576
657594
540874
311024
578382
898550
619796
323661
392916
565535
735966
187573
526601
139083
920207
90839
681363
617288
710750
366499
900995
937424
917517
137938
393367
544298
353525
559373
306584
138463
119421
129915
629604
693783
217828
169258
315782
933905
401342
694937
926913
408636
745596
36895
13164
582068
278051
168892
204279
549916
809887
307771
710667
975572
841841
414656
920400
510487
120835
93300
877832
44148
978652
943369
811864
126887
902958
365420
259495
98068
780557
648839
109727
898783
879354
137263
427601
738986
891678
786289
434229
785132
458450
768436
966543
237291
944347
28427
597868
224470
413171
899290
725259
590657
180610
745889
168281
785853
642284
625450
416213
617427
809219
985675
985235
866077
895453
274905
649180
260930
757761
628009
472242
736140
90107
734468
679793
508392
322767
915046
754896
912505
252682
592307
18247
370072
998836
833079
432715
66349
153441
588888
325941
804323
567078
562651
433345
896139
130025
84431
944049
546383
100882
722138
943313
937168
849246
332894
195926
262047
374674
464647
729120
269269
687756
503731
23135
248336
400820
960511
785425
968650
342162
43434
148457
429463
904826
413353
133835
971323
650018
754311
558708
57125
744532
576949
439927
512204
5502
939765
725986
8101
836519
800735
609599
363838
512636
737871
551926
164922
900105
150700
100624
370729
435843
698069
140118
323523
959937
108905
589208
982274
393227
644403
41161
393433
428811
318705
74504
109588
888993
442880
688058
873293
113618
851685
942354
607048
524960
946042
624050
438828
3956
273587
10347
638111
606840
465484
99297
531516
23681
651665
333898
230260
429738
844809
129685
230142
692732
957504
522855
266300
55369
655792
241152
957996
701400
243915
395068
809479
415866
945576
919478
381178
769531
691399
559175
985278
310964
766722
620396
663638
115581
414355
137093
832548
112385
646780
173050
110121
703210
6679
45752
525528
265914
690362
47641
407509
799483
144134
868066
817167
910607
121805
732326
381430
955617
644317
28103
559387
83004
828781
283804
766180
39866
324323
973678
667624
414036
85760
118365
836973
583257
877417
295840
114747
83002
323987
6058
710812
245954
184905
793383
270643
509026
838493
297573
980087
897322
216873
963728
889994
80148
455361
203478
356218
534907
995127
374313
674387
702953
651209
644835
954078
268621
77867
808323
893435
247883
514669
434453
779286
448238
273866
102128
359945
345721
304204
749081
767822
394587
45150
860229
512031
82432
855984
961404
74476
2756
37825
158105
789304
992386
330188
250670
790161
314571
154769
440516
763178
706547
557950
805888
736534
117829
420858
445345
317411
297238
643343
836261
336529
774583
121073
981259
438446
175684
464623
997812
985615
749913
32181
28067
74029
406244
686907
616739
911321
263830
504974
946120
994589
450611
424377
32589
906417
648778
63184
213980
226583
110846
521240
206637
507732
33346
304790
932742
322443
956899
751283
773792
333175
291839
866889
418346
128132
406419
759692
792551
884875
964658
347735
498354
402152
489938
993554
687778
192058
201921
212542
197896
797815
362101
195933
545173
612905
216704
483201
277465
985737
873058
55791
455078
170870
299512
517678
884115
561490
883347
59314
658972
802490
417380
632288
864167
886816
574867
410238
390625
489542
949230
361721
43975
296472
401278
901969
312193
149287
265974
887525
482344
152766
147781
349142
851880
383139
478923
96347
677825
431659
426471
286625
409511
598778
54703
73501
10954
473687
599225
395503
899952
525288
56598
565812
418685
986894
579551
497384
789013
356767
619303
57014
874776
518204
808720
213279
330828
451215
125305
239554
770009
577380
392533
347789
46701
776352
132247
155521
397056
168418
334729
425243
149041
760820
761340
217764
904335
245293
947674
893655
656757
752039
343191
27114
415309
922329
270086
519483
179189
222928
159368
932056
736318
433423
349983
827179
27857
762815
3808
230784
113004
210580
231687
798325
891082
237567
737188
129277
148833
639369
430644
494096
431941
551123
437899
65651
479402
572263
499564
906975
614150
428026
805563
604305
409237
872384
641353
437741
991350
255980
990479
103376
288307
825603
2039
572081
122206
489052
70355
273330
200086
742262
278640
186313
49705
598198
771141
247941
971859
789307
903878
541888
989669
746272
686934
115424
43201
364301
870809
929033
952386
168314
134503
675043
832632
661122
981276
420163
409488
262303
424972
799352
610259
847816
477588
408501
623941
601060
571212
965462
515757
122281
602520
61968
164725
941206
692830
977850
662631
261321
91409
325554
775511
141374
96044
624621
475232
401764
592827
259615
734918
470173
983123
160963
306427
518291
599522
802503
420477
389234
646497
273432
294172
732229
452838
867077
356569
677488
197781
728978
890666
883847
786743
302620
920411
45002
901987
633764
7950
519295
624024
480185
375139
952874
959789
196230
583923
869866
481759
842614
588917
60467
131722
400895
678979
626787
626803
530002
384311
985667
438786
733789
91631
731741
166733
794427
177009
46517
837646
613370
408231
70373
604535
713926
846219
306904
310620
673334
480542
854115
411279
247347
976721
600827
411530
739969
865287
453335
710212
683883
783026
665251
538086
167183
412442
431581
676055
739651
510332
828176
641460
574435
296527
858603
127195
403257
687970
203070
243558
206983
208033
211856
72502
687091
767350
844127
636197
259216
292939
788981
549789
833733
275502
564131
840967
237980
555982
907101
333083
575593
378338
211121
457046
819732
44777
964325
