349756
473017
518604
169723
765487
29410
62674
249242
889509
53939
192211
829343
147952
218047
503097
708076
356980
976231
415110
446086
477658
434444
80859
474580
546605
118048
637795
322950
651028
761110
54623
765907
183724
618424
895758
683290
410050
679126
101880
867178
788394
434524
820375
325277
429950
316605
766819
312607
906871
596875
432121
838092
624225
917545
483175
14776
964926
829720
986646
906568
929530
31469
521172
512957
46277
464803
283005
460881
822930
693325
428358
903226
995436
182820
775910
317451
41584
228286
213090
434746
505963
824544
377971
375548
562960
146346
61141
781004
817750
519728
378927
185099
987948
167530
623706
153922
480922
59585
832463
340739
113142
924425
836274
380013
211583
15246
518261
475213
808089
133319
175338
980257
74661
509544
759209
387897
314428
741907
854938
467767
245129
128622
771936
965173
717056
227024
112163
763141
701311
461204
715192
264723
950527
823184
410990
151847
563382
681056
756983
510663
516941
84315
845617
199226
700729
199656
164880
355879
734776
594793
560938
13275
345898
456532
985567
331305
978186
994659
329699
941483
557127
169058
713834
898535
581763
344293
884014
937165
410599
7196
750240
313629
108833
289471
816681
689574
153083
614435
718811
475625
298649
213039
417977
8220
876559
273896
76447
553482
813277
761895
181968
155736
158600
143021
162778
993378
302741
237581
711528
924611
662693
641159
128100
296244
51368
53301
557638
573195
696191
900126
619518
835109
242098
293929
204474
967327
140618
680940
689556
885950
610445
347745
394524
121519
156180
794617
879549
492520
351178
786763
265486
276332
705731
913509
753527
270702
22838
214851
728510
390285
77721
407006
574957
337214
578392
679643
931618
401736
32241
810596
867507
90216
934191
487956
480059
611796
613440
338828
247494
510108
804661
999203
9940
204909
34390
882042
271694
314608
98848
923309
42819
551823
398557
567461
873948
718808
539229
85770
483876
917690
335766
296534
190126
365611
278422
818053
673634
505132
51488
215656
969576
407716
127851
210521
77360
463849
232755
462921
49819
587742
732665
329333
354633
26614
672414
780151
836096
603863
790744
180985
439221
436185
277646
953796
51579
102189
484118
773814
995973
226843
668360
937746
424409
808547
914431
140210
830164
797253
274668
390615
870740
972893
787478
548385
875397
749990
235122
591130
414732
397855
558554
890540
65609
504330
588974
806323
653325
910353
628868
20205
637592
717316
697228
975054
144333
709373
925381
911153
985780
966565
689238
519528
566060
864335
493194
88820
582507
587201
810795
233872
662003
85396
142073
116328
235540
276721
598408
392487
618264
472827
548339
928557
667214
669323
357824
385696
961142
530134
903762
389338
79750
703787
78597
183360
174103
747673
226218
650098
208623
567534
525791
982622
765227
385498
723401
229807
647689
457713
221232
803044
967888
836879
345976
451387
61020
965461
44792
745483
724810
712210
489593
134641
74108
594622
886349
314402
946249
796512
860937
222240
553540
738511
932384
831944
108903
424533
147229
850695
901213
77231
880700
95213
589801
398065
469222
561818
343606
515398
494792
241877
206203
352469
525711
122747
689354
84288
583682
522452
518326
973062
878779
169857
278687
676360
627395
571346
777180
505193
478985
398516
491587
645710
972671
275655
35543
226116
323026
705102
295055
325953
419459
968512
154559
287875
45479
45435
45221
798805
720631
129880
512147
433008
114389
35673
24180
231038
364188
669759
147388
171130
403170
609784
44656
109875
164429
888502
972303
343982
515279
683931
622556
872875
371839
933200
342729
248576
455253
865653
926913
505314
67970
486451
400210
532419
193962
877677
492150
378453
596095
6036
440381
302188
112507
180889
472216
187649
851257
41470
317764
152786
90481
104902
730832
803559
111374
880971
930701
43312
45870
49070
327442
904203
16693
338408
767849
204321
127054
391167
434394
241840
676736
474709
231121
276387
488232
860251
12974
118365
316377
4322
545193
842644
748173
291474
555232
392410
882246
150707
365951
166136
698885
501353
229899
576627
871910
444605
805835
773808
172310
884565
89939
867507
8115
339654
595950
489539
542270
731584
449767
693994
114047
794472
286132
982105
311222
209027
297408
810792
510393
444941
856788
17210
274671
83818
535009
214782
789863
763252
102316
855379
144086
236339
461526
555267
747499
12074
89287
778096
444881
946446
441079
640269
672384
883986
939801
609795
499008
823709
354468
698675
479292
698653
127807
544923
842431
481973
843080
491218
870989
369362
926848
976237
770976
574875
9303
394180
913022
674503
422416
134223
265139
615176
963409
24105
504881
828325
743626
955639
983168
120549
667071
518178
340771
148647
133875
18431
141129
103375
799475
890768
216237
975515
101180
863588
815371
455827
863306
65561
276990
747359
971710
36674
67963
663474
220778
683875
837860
467428
236029
147929
846346
908190
744646
176087
71874
279918
88934
188811
686114
812027
843543
403550
204825
634258
362130
39642
244904
827806
838690
171431
428993
554359
890819
328622
985594
847377
410358
947615
264878
244757
631268
648077
610928
282892
11436
42742
250413
194616
420619
547937
688413
175741
488359
344096
702566
494780
442040
498869
263053
979201
322580
830225
208473
92114
215829
842103
31174
217512
759016
759616
137187
320698
782773
605815
448777
42676
444134
109092
725624
570567
39703
557734
717839
33690
36632
646009
7975
486494
510497
143896
777166
691583
290707
347004
856155
867766
476263
118466
854066
774459
30453
94954
242774
32856
927715
876667
699302
48153
981288
89157
623862
976992
633468
460799
597003
707732
311070
439374
696242
729849
980801
467175
856445
439644
483092
249035
953179
324453
266349
744625
884435
57038
721489
815106
156061
85299
20066
90686
764765
180671
773350
693372
751293
198022
143087
930574
522790
435826
271853
430723
299098
586644
997836
278725
529265
379484
611403
716003
144493
400228
903899
399786
739708
339942
761647
778796
745355
986574
328550
318050
183106
698091
655443
363693
429727
560574
813989
48184
902386
802037
263032
500346
333490
921202
872439
359512
54075
154499
19691
891943
551845
576695
500389
936207
569346
476870
4
492043
932723
896559
139428
818636
627047
638815
395363
16061
696754
106509
430225
406242
514886
232035
47923
389594
35344
353878
360692
95491
111409
685846
664233
788028
650903
159201
151359
686790
792312
673139
999108
817219
193387
525848
371342
257633
146147
270625
327820
957200
389960
932661
154535
55662
805683
739903
506132
350789
638342
438021
13625
455530
920423
845912
546745
903558
641751
981351
956254
872113
125682
322031
779682
901178
758469
607502
549722
168643
687943
391541
665792
227017
693558
760698
519707
292034
539151
158669
86861
338079
776042
633027
731577
662577
309231
272974
597519
888744
414329
471886
322101
168886
973253
97664
741587
64273
877398
839572
791355
399192
992873
839005
681780
49933
503696
707554
541986
957952
67758
465553
505619
579149
396302
880723
741800
914364
644384
461307
848414
572870
909136
400599
933112
377847
817860
300905
215435
6575
78003
399984
795685
607490
735581
752991
82523
809919
739818
285679
436718
879246
959459
780240
680857
687859
864455
330683
264378
608047
812235
763555
702938
968837
170994
182857
36827
285786
293828
559919
543293
393205
322734
997604
68300
388775
974582
596478
835370
520004
991064
120230
488757
686351
208834
39629
750484
772212
29737
185213
634083
352750
928646
184906
979833
577673
765361
863143
461586
561601
779480
881876
724638
724170
646236
332149
347365
936553
913736
413502
508245
11711
690478
928779
590505
155110
420960
861964
40888
501492
964104
824094
561496
133213
231397
769396
373869
349301
822306
42740
434193
977298
669780
346718
885729
132368
754449
835559
811298
882478
521127
844580
741135
390037
526144
21730
803904
710713
480912
701906
83128
103320
278776
918177
464523
294048
668219
450982
370026
230701
57497
35509
128909
564912
783501
930065
987196
564203
556000
625981
260473
507608
812585
379699
714829
306474
863778
392302
204526
222123
196007
482402
901769
999748
465997
855436
324722
929819
569436
823779
640294
919382
773675
516846
885817
549311
385111
706543
2208
724864
753247
292285
210973
263117
607071
368687
38595
144736
471655
98292
749605
25056
423672
99264
612511
242459
851226
155873
195776
939122
630684
729904
148563
916820
519018
884386
873096
831394
177668
313086
881924
922546
202081
472937
93186
178735
430367
785501
929444
697502
773349
651640
748314
784507
753815
566065
63533
37954
217717
231589
589609
320969
947537
152015
901669
525578
78826
530135
287856
214463
655722
341697
893402
840870
945849
101894
649884
31588
825212
684480
130469
17478
853742
26814
101250
971362
95065
221047
432808
719004
328944
586652
743585
971652
876556
217798
924882
179101
189505
406095
869
115577
880157
828668
810199
46720
567100
128728
471839
853711
940555
541340
153466
275836
443799
415370
11343
342072
299153
835992
803716
740686
737889
394826
601821
18248
850147
247513
269067
911408
69506
501327
354329
601844
449520
353140
410030
426275
17215
807650
863744
749012
396447
122613
809686
49701
822132
115679
947639
417953
787283
688984
696628
606331
10522
33458
677583
5431
148649
978890
405831
963240
672577
579802
723649
395348
540471
35884
890517
970931
927380
944425
200498
147030
977100
886992
450414
362277
499097
750594
694957
934849
600180
539129
644205
785352
687088
897113
244269
69878
593523
449567
458104
11752
274321
313334
846738
621245
661062
892712
75645
975061
462864
261233
293672
686267
115943
333360
626485
537567
948506
620279
492902
390524
64584
565185
591843
626392
141239
847235
760298
615146
616020
376987
949523
765589
232008
257061
466367
171667
375027
408237
507613
387437
880647
686718
19416
116070
176132
848025
457633
840440
605515
350273
907924
562422
785313
173427
505353
778704
791427
261684
753402
777909
345057
326658
421964
954579
208504
121900
60156
714681
287951
398846
878439
319774
441037
345748
54645
926203
72117
629455
740899
414931
330368
609318
212973
508691
286486
383892
156628
59795
13928
753007
873425
590908
488812
377881
924694
266565
373238
954959
596221
253654
488112
906719
765200
192589
793718
827190
38196
798750
104912
497751
965106
491540
818189
769576
467491
154039
978296
955047
731000
765894
604346
133754
855459
871844
333644
963363
502502
678863
165398
584210
245622
978827
830953
23316
319499
260189
848598
249514
545927
402163
269225
265268
515328
441825
729349
54860
752172
326150
805661
152240
30824
108557
391692
886999
815013
194511
471314
304420
490031
220502
648620
971128
87771
120253
31055
972834
227853
616371
604736
637105
719716
589406
643475
639147
201666
585627
896702
82198
522299
827876
222425
254579
17113
930571
721076
949322
257290
749411
94485
536417
837799
227197
198988
376646
387105
92944
179509
543372
495498
964786
849610
963602
579581
709315
768034
37822
108844
296553
867850
473161
468676
541749
265662
705588
529151
580708
866949
449945
261
188482
151334
364380
695360
314538
464394
886016
346363
61608
166896
778070
697333
157439
496326
153104
571464
550982
171755
906739
122929
958188
811711
309483
209723
504861
471907
936888
694989
714941
151442
860423
942668
908370
453979
925211
156974
556478
591802
197930
365725
830313
302738
595716
921475
890301
176714
199342
281784
303243
403073
209677
393350
87755
825519
723838
7509
81472
56985
417410
618040
994874
58672
518743
530
317813
711431
663714
68198
283935
693168
452423
745851
798903
69490
475099
729000
323665
472360
144625
354945
81782
111289
124945
472030
408616
736943
269511
569668
975170
741558
408343
303603
425214
923316
563982
535756
896401
999999
29683
576732
605041
677375
94109
27593
113526
393122
814110
289943
506782
434229
307549
544920
151211
665126
982594
257006
122919
143123
425226
587838
534984
356622
296442
730675
490350
262320
343471
469612
48136
576470
508948
907716
545495
222717
905006
710203
302155
662710
189074
51845
309001
256581
272374
551535
969486
919580
602724
776682
485933
977519
395210
329270
770228
774580
247535
229100
511725
680889
550656
306536
484736
841313
89928
588945
845174
599036
589055
57158
267736
782978
837881
584550
926262
690412
290687
572604
188931
356528
129531
229510
711325
379095
44428
415904
77547
875004
438394
518354
189856
807139
998979
424562
887388
899379
96852
613111
571057
761233
493523
862236
249986
295963
43353
924845
90312
643902
732157
830066
767022
955381
880908
733493
629084
89311
678100
140272
938322
548539
59743
535320
916202
415490
126461
210688
843520
852384
811323
17260
641133
743377
849392
270515
981294
797269
191349
613711
820579
489679
12980
106309
164596
502912
177433
560043
190734
53338
923686
583323
582987
88324
413987
923699
851440
996969
972786
462853
833103
336061
107713
817506
295437
709710
632280
10558
523838
225218
892626
782464
297004
624499
253288
221801
104759
51364
219625
397790
178134
98142
842694
138259
207483
168619
816777
279702
159125
518254
985190
218614
71727
625565
844202
426382
478070
371677
556816
295985
653656
510008
550514
833395
857287
703037
568861
326674
870172
332085
395517
133440
406745
880189
792119
352654
738375
760005
495190
641142
554814
725732
944028
785029
403203
920149
202234
392739
649995
159954
626140
491073
958622
579403
606811
783773
49687
25987
967894
846197
324552
284744
571099
793414
870842
844621
32062
823743
502929
50021
936908
151047
428814
89246
939162
646184
48943
941368
297974
206038
61873
729793
782143
576544
97845
306190
815249
622578
875649
765783
587736
658436
243613
58416
72710
289955
95773
970400
468511
248474
29631
398496
170609
481021
996970
676402
662242
153681
406871
547034
291233
808731
810507
541501
594495
863044
578754
648661
546006
297893
87976
313935
667495
893109
566464
226370
841602
458828
464872
461515
658654
10387
819059
651145
915593
978187
861558
313714
717113
127478
190751
593296
831808
238437
937086
970460
664862
857631
277352
863669
183216
880555
548016
818813
409671
544379
341974
407313
378580
934197
73532
871330
533118
84766
565331
102325
728022
539173
985749
161971
598946
141578
651755
41389
290710
945513
956206
910513
971809
541479
90634
461761
553506
678584
350975
41270
414139
57674
660993
453169
57022
216977
590656
42169
897093
382512
511426
365110
630878
691329
888875
513033
469474
236417
591390
534534
459623
789467
714110
5007
479947
833295
685006
5966
963889
593279
814006
720846
681032
443030
218151
272247
898951
613077
810773
994404
452149
346876
255075
210659
27940
368273
509981
549896
888382
865167
522078
964782
649719
194414
226770
240395
108002
784075
860502
