345458
35592
147899
600324
985706
60163
128480
884473
748156
646237
670826
804043
289433
539647
531527
136107
733375
252183
800623
275650
52670
377775
200442
575394
413079
679083
92939
926286
205503
275231
876586
331298
861892
376522
310576
912224
409543
601011
734427
832921
427175
988319
225089
656693
443903
416556
217570
229023
531397
213966
203414
879119
361811
886947
976485
89845
614978
77236
550645
614399
600690
683210
56414
273735
883879
556011
28698
227100
632078
71920
693464
688876
704413
796164
309423
277899
830168
475707
572655
800674
430703
720012
81428
573687
378821
494893
476116
453268
686091
379657
341144
957783
114635
621921
472519
131862
407809
794428
224253
733996
114979
84300
999834
890020
388610
221855
533687
196993
236936
927806
19636
496296
2273
805478
392621
157035
768247
718560
323531
562931
445461
194495
985078
475785
590957
589046
599848
652417
643061
525331
156829
483523
329771
218076
472423
978295
601978
764741
982941
41805
123573
260363
115763
275046
707136
650607
952485
255650
754830
433298
159758
549767
247044
688042
586773
360394
481276
646366
887110
890238
895719
427588
775039
385750
329802
110260
471553
374168
376169
693257
789414
551137
815041
538036
963570
390991
151662
743804
11841
410830
466797
314838
791072
963074
775996
160732
719480
243790
91166
645805
816997
717567
500090
151394
243558
692441
620451
911272
881773
469180
698803
501439
668373
183473
750672
633550
676019
771543
777936
674912
135876
101732
964665
323711
278086
137498
977121
45099
596388
858185
12468
675191
146313
954554
252436
3265
740438
189119
945499
687308
226350
157205
46716
207356
225134
96435
117255
614637
539642
11890
959947
78512
420595
218328
958997
268258
707332
392898
79319
714667
14492
61230
163684
145424
976630
797346
637784
808566
11795
642557
240917
641396
47754
651288
82344
817043
938550
755161
215817
643301
297357
414036
632961
821887
755792
307869
631910
893716
485278
932846
268546
329263
198692
73841
984018
613708
652015
318316
846378
602196
745826
56199
890358
280500
99715
353658
189659
630361
850223
296983
852987
96521
612910
223601
328727
793953
745569
434792
180240
886375
831192
994258
652998
745995
386048
312520
137377
346303
291065
812938
615918
693040
958918
279120
893345
466719
510942
815086
107833
163297
897503
106786
342145
35759
171362
584190
678450
455211
642665
748716
76918
18288
661621
793763
33415
113812
244853
270565
919094
100989
825880
120690
445192
393052
979076
259405
204346
414539
923935
976360
51622
912191
952202
632302
267518
94122
993901
631021
321588
988656
587501
633183
308732
723395
869946
692499
227241
599133
66566
91901
688948
485529
511824
407062
117148
283631
376030
749169
886439
957706
703561
368284
929478
316168
535794
410095
439830
97869
225171
7796
380547
179012
795632
144243
626631
330548
899435
124952
648848
598842
890679
579331
974208
248425
75045
854188
495246
917691
292442
170353
632074
892978
924514
77438
950269
947023
273053
847832
229358
7470
396567
6470
661313
441980
533558
931676
27131
564438
547852
327973
312800
796928
722572
58924
631677
596607
814426
328935
243714
287956
434363
834049
33031
979029
977580
186819
778671
479081
440398
668190
894314
887327
965822
875543
648916
65452
977539
64527
860731
415999
425313
252078
773054
577667
847818
64364
679760
765552
694132
992316
788380
632846
495494
902357
537603
175752
569260
80349
308096
853801
285386
141748
384749
868021
816204
456923
65311
535334
24284
208448
687787
215298
833005
756583
387084
217045
108660
295670
156829
328913
135863
337309
619648
426814
495421
703776
353
342495
758437
640514
302421
708003
440915
497872
625436
333444
744581
220231
189381
236864
919236
289123
663281
877682
360565
117829
515951
659661
375055
626815
165959
760564
572775
618943
483218
871800
780583
242071
624774
791150
837341
728101
589840
62252
659631
640932
888730
584097
680173
560269
484652
44302
673215
605611
283502
712165
133245
690426
49291
426684
10589
256891
462322
23598
350279
359959
298486
475022
357445
607725
80278
847241
314966
685882
903510
691095
512225
913700
901132
659869
990279
812067
694775
900579
74641
135436
596232
108717
868937
430652
964357
11192
820388
844765
226947
640659
839452
183320
513745
676951
339356
66519
142900
69636
293845
157109
496332
818873
634862
362309
268757
188047
516696
339772
344841
801683
842943
583932
805539
402271
428380
540158
13759
633492
706471
401754
768669
693110
348266
105846
672709
918436
856433
985289
248708
223538
302110
215371
500628
464677
162521
884859
538394
776330
666404
695948
873992
189235
279436
527213
274659
131983
109819
69940
159839
836645
288747
651430
157734
785197
343541
354917
417847
503307
915591
532918
381611
199529
617012
38190
160083
596527
907686
947001
28414
725410
331055
207559
944919
780502
222908
717652
537962
379089
724266
546514
974215
409278
651699
49332
591359
937035
921665
999129
221387
220256
887139
734868
128589
365755
109149
793876
126702
108
659545
762933
975142
926826
697212
861282
482778
355665
535380
548388
547487
696249
676845
41996
882076
279412
507651
400633
174606
540707
40977
167431
487718
309237
777992
688468
618381
251710
898267
6704
211783
342256
712183
363488
703797
792952
16208
582799
890996
949815
212695
294802
124772
337499
763336
848150
855299
670170
649247
555945
564023
147083
617386
565857
30634
670817
745914
680813
307471
599748
176947
298870
783684
79821
95043
227761
762064
339550
232047
135556
545547
453148
541641
318802
516445
308619
358334
561637
335838
226500
720395
254135
961181
250325
250832
33693
758461
969077
916733
983761
871545
493474
362217
963610
554183
46937
385217
867226
659994
718706
19869
93364
851650
164949
627182
566423
122415
685404
384020
322284
353235
305671
309132
494232
968997
615702
396743
44398
832129
977479
860821
100596
140460
624940
735168
464144
913526
207784
901878
391632
343608
100550
296926
948819
611645
272117
220939
740822
7677
621540
252302
299039
159813
951350
777189
570688
281586
441570
233746
598792
998427
687467
856199
75340
73295
155062
572029
763789
784883
316685
769956
478342
471054
260079
496949
66645
635168
248785
952483
56003
874156
722486
456752
459762
576343
900646
509595
154082
269609
581006
231094
63007
847152
823539
909014
835467
260547
425428
246885
680004
511140
678300
143953
970609
807999
127233
866087
550830
333455
213180
443642
698641
914272
658021
752381
203161
437167
692970
868273
35187
399149
113963
223031
45864
923298
88374
560647
113638
564527
1690
276793
840680
712044
717034
523009
715781
974640
107472
169400
342227
301230
140171
276565
936053
189948
526342
919802
496584
778479
8086
532971
881766
997027
44496
470297
573845
17879
232645
321373
755664
607029
182812
371264
344239
239086
228298
807862
679605
893700
267504
706348
582774
366369
547408
877495
964963
795237
489517
535467
6772
446205
975167
193357
724144
882350
734032
777632
305500
444594
403958
505115
803710
42361
841901
875068
538316
486288
504400
678006
235062
844767
291508
285894
20877
463628
684322
705252
242894
544382
742254
555220
899983
126908
227384
817755
871749
409907
41471
180175
657904
44182
353181
141704
416676
677664
281955
764467
404148
413173
978769
867333
661884
513958
884274
157771
421771
688724
482130
388128
207531
25259
686621
707705
340751
314640
960214
116442
558425
732630
682992
555051
423493
592873
854477
839269
918645
796813
325072
553127
575897
890945
810209
858085
435066
453693
428477
223487
633508
45659
72118
649136
445998
563794
891022
217437
339879
406492
702572
869005
214943
123066
265977
867256
233551
938510
564506
207800
880742
880677
965642
718748
449329
277207
149010
702236
142309
54151
441704
817958
592524
374406
679394
212375
670346
684564
804181
984901
850123
126534
91663
511673
626892
448515
91692
889786
93826
57128
513561
651076
167530
949196
256995
490328
572590
732125
597819
999533
255857
604713
934792
189124
50232
971833
437737
465049
339188
384280
318790
900085
982192
882225
909713
170464
497747
156118
50335
976308
217747
353565
68573
366926
663991
496037
212976
254237
479174
312182
903405
35676
500561
89094
668018
580892
820954
40152
612639
67898
856608
385087
992052
227505
213704
351105
608073
176328
315561
993367
932004
308076
899060
398864
11706
519640
385279
881556
106501
255536
286636
387142
523070
240686
43642
750339
14264
79475
456552
116040
876249
452095
998977
364272
697653
157372
587657
261594
962376
934901
592130
722217
215568
324196
845595
813605
672581
365992
201654
252926
37750
467157
802901
703793
258434
127526
313376
905860
432623
964941
220373
909035
794282
584683
17164
451213
803803
297436
936550
626080
960356
434857
922130
19568
208055
429921
905275
718847
594321
873537
142417
184199
62871
688912
431027
871003
763851
583624
672182
434219
32619
891566
455189
218726
462950
751299
835829
315194
397180
461779
612371
880695
140849
241706
931084
953105
341805
502758
155144
267588
187827
292520
602436
614610
108668
879780
516155
909800
638576
806168
136881
28319
199808
991642
119644
64990
390562
123785
509871
4124
549290
334885
627780
411971
132738
228283
76005
578096
756742
676601
709686
711127
599742
350880
774851
990468
349689
654615
39970
257468
524354
394075
535109
218434
828354
389844
300446
609589
463730
148867
745263
374102
563322
399960
48429
375720
874027
45408
654992
593200
393238
407324
81466
127708
954183
239341
371905
450560
371297
563179
142875
385723
106903
567380
225253
30840
582276
706465
893072
643665
190952
16052
160680
335309
263424
356974
567554
582666
736513
74526
996546
182646
631728
849108
875526
587959
775457
415827
186419
18923
925962
599012
157210
872905
671875
288583
56326
965350
345436
258629
290916
382932
547162
684961
97168
492517
297168
223213
331704
610893
75863
22392
79855
884709
697642
930469
101520
80716
399008
487383
908685
259368
377414
745352
402771
926730
113752
282489
152987
190192
634780
381188
661200
926884
30236
639053
783064
314497
480446
858135
661314
370581
72833
899634
302090
679266
260246
257362
656075
842943
981593
525884
653186
199004
188970
77913
911610
557282
499245
990701
326042
924985
685978
994657
745671
378531
867521
682428
465207
599941
573790
817904
858900
575430
418132
353937
36424
3536
313162
330464
651819
351924
983327
944902
453319
517290
165131
159452
562308
651510
534547
522727
759029
622821
84072
711073
313469
275319
434333
364914
797279
988631
780996
568830
846690
117317
517348
190872
944605
85012
536216
458708
171364
917775
798023
392121
818767
553143
802747
89301
463651
83496
70752
927275
869344
791386
484763
768648
106087
582466
371525
613748
390661
769112
515651
997763
604448
667764
859651
831115
211068
718930
749653
52399
998763
258356
371747
39386
842639
93926
813711
361032
976717
955165
611240
590974
478160
194937
913416
791770
434487
481130
784204
379077
524316
698926
406321
346820
273218
993336
390216
53422
178778
264813
653461
579896
874034
256263
936970
437356
789499
949788
208155
309688
306485
611129
275454
826467
638521
80872
671041
674138
686563
849810
237639
453353
951770
703101
635040
281541
59261
236213
177220
412358
194027
603913
142700
387505
947183
730925
669518
898611
265862
407997
614579
916203
699151
947489
764662
587934
125071
368907
785307
123726
133917
893405
317961
402660
514288
3432
547173
194058
902019
523152
984461
203413
434722
930187
522414
862816
16917
229256
75587
830900
420646
309100
225898
168675
437903
462071
333156
539508
359941
381189
133929
265464
67227
563633
957350
704635
720341
642388
431061
378070
909578
605035
720310
4770
496692
404055
716783
101511
387096
609405
334269
566130
695372
101197
884310
395301
731818
565920
277789
120296
353104
920571
982273
683741
714576
61681
938483
802097
680315
470500
183490
889774
525445
79531
210516
733742
414421
123344
410563
761002
893420
381424
624849
688561
571631
65093
243018
892532
984978
217985
269429
413246
948067
536976
775094
97472
521072
648576
934531
526794
556567
44733
759425
123990
848360
455029
265594
828927
923448
989722
152061
286735
776773
422790
671251
891445
384641
419448
779353
851925
409661
690236
882623
625082
761907
11113
473308
867431
695088
119556
990059
955211
270620
892227
265554
526823
85099
399101
365272
706258
925018
453811
743544
981527
98017
722198
332867
199479
113161
139481
320589
601502
303159
999887
370081
496052
608042
883270
456276
181186
455328
857598
52727
307455
783128
203973
939558
479607
42355
480752
942013
330775
499380
822071
699562
464023
491494
68654
454622
138948
112221
981660
558430
426025
644500
185274
950454
163417
64438
145545
720844
285212
653688
356880
717138
260596
819747
288561
514837
223690
281071
687591
405427
205050
745803
169567
35305
442360
724282
742255
751242
872221
144855
667447
76172
318098
856505
612435
538685
915224
796657
863354
673491
758769
450608
557046
708640
441582
600198
286400
893732
257110
320965
971767
311741
740912
66372
902333
452473
943790
867775
587502
230988
6070
653724
771582
743133
925453
439112
961966
323770
784162
260736
161579
108396
633973
378284
948803
495526
713890
551205
46340
373335
853006
219735
146483
806623
952045
775810
193574
293470
555053
359579
96703
147111
604162
173711
668741
321043
197839
990823
775136
559410
831022
696710
999921
664221
935836
457936
603084
822823
456644
498917
514195
803698
875878
452299
619376
695773
326436
704042
931630
93339
855849
663408
36917
839327
256118
785941
840864
34931
820234
563641
358653
641512
403886
541225
867552
719016
563162
196864
574372
392871
752775
859818
6207
39544
623506
242308
227713
448444
715018
436063
985769
540533
989846
751332
454116
558136
594758
677265
679587
570049
960884
955681
145815
440481
284438
962826
346380
885010
759652
89440
454047
170731
674272
4247
299486
237998
756487
669541
237370
359359
814802
676230
80683
490224
16937
379097
371233
850295
395813
579752
656418
975041
559616
68805
510596
793631
332380
843535
925001
524959
589996
134932
135698
703414
726467
272720
444738
613336
24503
262292
312816
258026
217266
184450
923400
549967
403029
347317
830719
763615
289352
962813
406256
154678
832866
203912
652568
219688
16946
784988
230315
195410
940776
663040
763152
325580
520227
230267
363264
808826
243736
947380
265334
212930
698395
804088
487956
652504
709326
392218
376274
809140
857443
621685
662307
752485
286287
970317
385702
211647
159117
979092
509829
464368
820683
725320
308718
150129
505077
57209
780716
856408
71005
419753
870369
364874
910468
676236
650594
135501
904
480494
35695
611835
441641
920436
104333
943058
493113
165498
514370
915241
332000
783132
498925
106813
891209
925136
817791
10666
511981
981744
847002
335221
447290
255254
201476
820614
864543
480289
819208
939251
422071
995348
939113
384055
304015
431325
705476
392257
831062
138098
145921
771305
570016
479511
153269
707325
329366
617277
447192
188858
291646
692356
543902
856342
387043
671905
713268
512122
363745
828187
462360
729549
458319
130415
471061
120236
948937
261396
763482
381814
115800
670361
910582
543747
670849
805354
635379
771380
698855
709617
39052
642725
797085
530392
425995
975295
502284
419885
873667
279659
645501
717663
763367
105825
914116
723941
443462
483550
994634
873534
44964
781684
545781
474643
863222
795067
387958
764856
199033
80229
793518
219985
4783
987119
206974
211537
51191
430772
192618
738270
447048
338716
490921
204561
945034
865265
93643
817177
867857
93650
9287
947583
228534
539648
576352
496772
677972
329238
764916
47974
327836
554453
620065
951425
711894
426077
915284
909203
744564
647608
766255
571288
293972
970769
608534
486996
432019
221378
664663
620335
232200
310155
380532
252282
650276
116766
654285
513359
524708
598486
582318
797271
386096
8264
516595
569830
762644
986418
876180
317760
600856
664081
645201
334975
436285
630606
485179
339404
553047
111256
659932
235467
376898
64397
829380
171731
191490
440081
332529
921498
689339
913922
822618
46512
327625
798018
665112
538338
259197
703219
496946
44991
754869
839809
403331
845239
638807
728408
380426
925726
597098
6327
259854
270544
875408
637852
794028
595503
272548
186719
794430
371464
523116
750875
18602
958356
47675
845127
903364
715738
411558
655586
755361
500722
955936
537037
568505
410788
92853
344754
886264
897070
507552
230050
196321
759524
497737
488829
39839
594098
505374
781450
209130
624509
455884
858087
103442
635688
276442
585882
832556
615411
648354
274437
897814
212797
377582
353592
159463
22058
779883
234849
695736
999327
766796
942622
486858
842794
243902
574899
139218
876287
66499
13079
45480
639198
436462
428905
791560
411920
50298
910144
257090
426383
554054
245855
910916
959365
247601
139912
535810
188653
936974
53095
806015
769046
631364
403695
593723
400774
911237
76419
595897
515451
499817
44170
151724
980941
535078
559973
297533
133167
822702
314365
501948
178580
956197
973877
573856
975662
647934
338815
819260
970897
104305
514058
963137
451830
779547
967513
76842
898844
133553
746607
453576
104969
501538
908774
859114
460079
744009
804640
716648
304937
571084
141588
414924
153828
93780
318730
702494
911707
200361
658402
856907
78138
274472
290126
122929
394532
538468
101343
220746
87312
183063
179069
967218
437326
487683
985265
785878
125864
71082
530204
743483
492323
608806
101195
860968
55525
550118
247330
6898
897200
536453
714868
206690
128460
238280
649333
571844
659971
7284
776583
24527
108934
564298
152816
791404
841198
111073
924461
730533
292764
864094
788128
372267
355777
844049
359268
352324
129721
397679
275585
722383
291922
326312
263163
468661
40556
483301
673285
580334
148152
145376
563027
682157
814306
370783
345677
264041
911435
240718
520159
298249
602543
911736
86189
164204
424038
260130
261540
654418
371910
394820
986476
272234
125093
902245
77433
351032
103356
190801
371841
232482
390951
789370
677576
491224
935752
80873
674262
592671
962444
694495
100363
420344
184070
128268
91849
398449
247927
810027
208719
592967
554415
492600
111014
220278
252940
859471
870259
565664
145121
367203
57773
722773
951411
184215
507177
252037
181661
436476
35026
266943
358099
466920
860916
835749
169027
759983
335671
691951
611415
597761
844264
255064
241367
426208
364851
222440
9004
637307
345325
811167
380287
204716
618190
476283
882048
410379
282428
997031
993091
408109
188226
275584
466948
324669
138079
883844
789003
528244
231483
699161
58155
957624
165621
489592
336868
1999
716951
366260
736168
691838
288875
265323
774011
798530
431463
121543
369523
390506
709059
308657
802591
112015
363115
163988
690180
864497
205264
677513
573762
745264
129305
182500
122454
303908
398840
670810
424505
149017
962967
411278
327781
681770
343664
34295
280695
256696
860796
254126
856560
661384
102915
483929
471637
944439
751314
281840
984055
808090
976011
685673
418317
13622
815830
97284
359357
296728
123702
408437
221817
502611
312438
417385
617798
631316
207233
111158
920344
715619
713425
667364
481050
790776
580928
156626
648522
86200
590586
904071
906048
890123
198420
728726
267534
735002
335093
629165
464707
941866
318834
422778
342474
268880
215288
888505
165552
589904
192546
422047
827011
133782
890923
275676
861589
657680
370045
347921
886624
191718
71400
574542
286275
950551
653934
252678
734955
915249
354811
246034
357837
424941
304498
817310
624335
784741
587682
173428
20358
981490
82135
799843
102362
572838
972429
86795
232902
213923
459584
72776
650428
579158
62815
257657
906277
620116
265822
81580
855494
582415
467370
186088
674366
846900
187128
745238
896044
97189
440695
931020
946157
221774
279204
980087
543235
642470
472635
252133
993105
174596
469643
178541
81923
474203
883171
843515
155914
210068
179304
997692
674245
17478
807560
960354
836091
759253
521673
179156
564229
950756
391995
885302
848009
123128
448460
557136
919584
596138
999994
329565
535449
706184
895651
386483
203799
820362
53624
781129
861141
646060
365840
734570
34570
277932
284825
775029
596392
469794
573801
754574
319102
761463
482226
95845
985661
51075
806740
126049
446551
8839
769549
9896
40963
625284
19915
16461
784925
110198
129186
712343
57195
220720
617305
346922
267707
305109
550495
981
482856
860656
832603
232887
242427
900849
972513
550734
192749
384837
968768
639454
257866
491280
238008
990330
424754
398794
748361
365490
708026
332147
898150
201113
318191
808628
580681
862577
369082
971540
612256
981301
780831
395091
57765
907395
772256
515559
413963
209445
850366
180368
442708
48251
687839
731354
806015
991494
923083
720111
532511
416595
483280
905558
659015
332674
228358
801868
182626
572849
854125
646653
732639
82250
545010
923999
577225
726887
749905
689708
632884
15453
611540
235578
550035
804460
71033
375800
577255
856065
317745
83015
249362
488997
747781
698610
29322
120646
246163
769612
94569
827040
420919
767909
745824
820616
504773
491880
184716
878613
807346
175508
569761
162539
102098
776277
224131
869925
768763
820926
152051
176478
605001
702630
264614
931165
525371
583516
635762
169563
710075
642056
136737
596145
226939
381215
985512
397986
997563
328066
738737
958019
353191
303156
550293
977987
470556
995254
618726
234331
262347
810817
575911
102355
981686
401375
773919
108013
276120
590951
950658
145331
400738
69331
591888
122456
750623
105024
951226
376845
377784
739265
361406
761379
317332
106143
377492
92184
947095
924657
464256
586240
440460
428244
126344
742417
275869
136328
523712
463691
353343
20007
460673
468418
597610
17347
588792
109450
5382
259930
69338
469245
421026
350904
789685
632491
977821
174890
757730
963487
284263
834458
462999
199114
404194
991180
516249
98959
596578
680884
162894
427562
701203
245489
14576
880382
692026
858730
395422
226489
887508
258436
676173
343398
687450
569917
490011
268750
226278
13224
711364
500172
657711
807621
850349
617516
178800
727548
223006
243967
493480
45942
941389
879422
927162
898969
986901
265816
360116
315166
167430
55707
7340
741968
775701
797563
847814
559842
278132
277505
268371
286701
251901
939538
866900
128774
864071
140058
681500
420985
332251
347926
819283
218916
268481
425212
229463
812593
71603
733191
259452
247665
155379
804642
523508
912658
823096
951856
132170
921021
669636
610038
697416
573774
467985
693286
577593
300529
575913
488073
759497
318485
507349
113800
134792
896976
421805
715606
52301
238543
87823
532861
834615
945400
14442
42820
493135
677790
315578
487226
995913
203232
382862
294883
715626
943391
70148
97212
478787
200345
49431
238315
418651
976359
440847
63688
751275
603535
83415
640514
210498
994759
88619
717615
64713
295175
827568
687732
708769
989001
572637
222477
72040
836000
23447
950650
81307
35442
627803
94471
252501
407188
794773
539510
606006
949824
431629
34442
315487
446133
157313
533747
643737
239148
259789
91345
287125
187826
812870
47462
182094
896039
578279
771165
308043
342289
823139
147249
654656
33053
336409
274108
105172
512116
131430
625629
797438
322806
960404
787588
646472
610390
930415
769949
771126
202770
990840
482006
708480
583245
940723
949199
369082
958794
110747
118301
905365
355399
174710
612027
316670
105012
89347
424910
111908
16911
880655
449492
8343
597725
390887
148328
533260
495366
867815
822644
828157
616910
834161
819059
181165
746924
457082
120609
270857
661321
97790
244226
410794
533718
639379
186188
937591
674634
981851
379123
507880
634871
351380
243919
158501
105352
702026
291563
718924
715801
365931
263596
869394
484659
21883
371676
830592
530658
447326
108050
694239
413045
546835
86528
577711
245970
332096
175193
169424
773235
537895
855133
956100
245057
721208
654146
794572
963979
247809
687808
394606
549539
558209
674233
368024
677205
870938
954948
431647
922885
306340
833173
773536
937508
700702
647242
961031
219727
779327
965780
804334
154628
532650
655424
631517
666945
227265
346849
395696
238523
162577
450844
527062
899000
693163
629200
219509
809225
392978
231456
152235
610472
216400
366238
397296
633834
415395
954453
249303
247840
507541
487923
440755
977872
988841
863505
830550
833803
719409
125025
258741
230699
244861
25139
467239
730539
15917
395748
571020
906275
628968
13539
13323
391902
145765
690657
667379
71001
698022
489301
330499
603419
751365
976105
297157
800108
670567
814340
429653
459443
539661
35829
548415
321967
872265
824056
523206
831634
58573
803369
505921
351285
835807
144578
617953
471100
626152
200594
877453
840392
434092
212669
513198
447314
376085
542826
849862
137643
881832
612813
771195
750861
763993
533328
57842
431196
172857
495264
748695
209471
761101
894675
488632
786582
168699
799217
858385
118999
214430
320614
523811
443016
725880
926466
194045
846043
887111
633194
356892
239009
664432
523807
45550
228716
253976
52456
970483
639558
998674
816799
277756
356423
223090
197462
664534
517015
26240
42468
179648
895617
798601
243919
770199
116783
616399
169175
386259
847624
653792
677277
16554
589795
398660
165039
969682
913830
554447
768689
946980
913791
123031
671273
325980
444351
867776
130854
18365
613902
145971
644238
821201
461903
391789
727235
494030
312913
260915
642225
472404
167854
220196
238007
979347
982276
221607
833136
929226
654221
215490
89053
598890
865886
468876
585329
705113
32953
335035
294264
838610
905614
911703
218148
680425
664661
417680
167797
302956
883457
902314
974404
654694
999905
346582
742381
700285
382232
815581
501655
162363
399927
313269
426978
418153
840052
397430
445355
553303
772362
139494
726910
909561
636268
58480
615769
252332
694887
934900
671577
100118
146899
104696
598852
662250
303541
105147
773618
536971
909620
693994
919640
178248
651062
395180
773874
478982
290839
929752
778445
546043
874502
123014
17454
787350
141883
844035
128802
962173
806616
803806
338211
587054
984988
496479
517156
221318
250366
771864
528378
910112
485612
112083
29286
668182
592031
820074
456451
144547
619354
871990
78793
420841
389376
672287
64059
58381
547472
363155
12083
705088
952574
472082
635272
929753
883055
804453
77913
586206
795856
707182
89657
291554
175251
154971
255223
912968
726023
293877
239816
160549
300626
513813
830163
335428
537550
279861
488345
747139
579710
165028
167359
876762
685996
408403
407482
747900
550624
142605
707798
643862
727550
65540
675427
885556
745533
450566
374524
486787
32128
898383
485493
426545
985426
844983
541088
88752
814851
255820
797884
771802
884185
529850
344124
865839
561013
449255
40687
783609
903748
264860
173456
850256
323678
461021
441324
359610
853694
379929
62124
457258
557342
380860
916862
546601
