944921
56134
513927
401351
438812
981652
444005
991710
574677
503269
298132
649933
348399
257523
407842
85672
592603
600458
102303
877685
333727
727861
67849
621103
264200
902471
867337
710230
519163
656583
678614
712049
235562
803769
755896
309858
688162
339397
765479
681572
312960
713671
116882
999331
278020
991666
224443
76087
68989
602529
177919
287807
189412
864956
944819
954774
620293
597827
155754
299509
411160
100026
758932
654565
283566
872689
336705
413086
798407
652079
970755
815809
232000
817595
492016
140399
921641
110086
593734
247044
461301
17848
978282
234804
910411
981717
554697
403776
458553
222412
671135
655508
325768
495388
533462
516800
862442
185891
185030
253841
947920
583813
259419
279372
887640
235701
73172
707014
810468
991203
138472
926627
151302
302850
482179
847209
13591
20405
162222
215680
980007
177493
224268
20552
452686
119329
284992
827543
129441
114435
617004
632141
559808
375419
950165
893910
932365
93994
150050
765244
722423
257661
378947
584038
86004
453236
992687
85618
26317
142990
493893
826666
303571
463571
770132
480741
48751
487166
992886
562749
435223
860100
688919
7784
399069
782725
941395
833013
378721
659790
570430
691877
288359
927369
795261
897444
665667
133954
858449
706914
514353
222742
643316
253651
541889
439418
588636
76543
192623
822245
414108
246214
758353
255259
108074
268916
933993
618840
915003
266621
857626
601109
200842
661653
748920
509305
813496
679214
742008
457055
42254
530831
728582
163520
106974
651918
324726
562877
427975
811242
364818
275596
213782
942087
702674
950716
509001
59398
801769
191270
606896
492800
358652
582386
959149
935968
989422
458883
97882
982170
468438
756800
925897
168908
612370
533888
143206
198319
158901
116881
58105
397178
987355
23206
436168
652115
184926
86170
157018
701106
244001
277605
337045
266005
194121
683610
36937
760282
339852
676186
603334
644988
391329
332761
60455
539436
329623
257866
843378
139979
399298
498986
819543
63362
984976
629926
541526
670143
201593
832298
598910
995148
228181
126856
991824
710797
863431
221185
210178
612054
750999
331058
999391
567655
746142
386397
407563
942917
284314
424275
108005
168566
991009
816252
811205
322904
913523
774659
783397
406750
285992
833696
191899
167080
120840
483011
847620
883006
108473
843162
627133
959274
637587
247423
985355
778927
994576
794817
271386
890793
46239
283533
171555
894658
240791
625402
746534
481678
920584
758510
184471
73028
979182
7087
63381
821850
530303
536138
330389
367292
385636
124314
978845
434920
613892
196213
329645
331945
730107
143417
205240
396589
735529
395758
581263
262149
6823
11032
193951
204922
756949
374236
722065
801798
540175
502028
79759
86654
477457
165543
620250
594314
755700
467016
71077
347309
551305
734952
57256
111971
530296
314568
667494
25982
221033
306383
513683
270613
227339
903827
981678
940444
9602
275703
209720
669968
173483
500782
289999
489417
465613
816606
284524
156593
913949
89055
301814
853459
501229
656546
431424
765645
727667
476079
643878
345504
638962
236038
514367
225318
743303
388967
6911
617763
726482
235245
978604
507571
864063
904598
615739
8803
994078
248455
320732
126921
465800
189229
7355
623895
266494
48326
826236
565982
142544
4674
826196
844989
807512
724637
778909
916800
402302
314305
513260
410370
322072
132344
992702
263549
151145
989900
156561
919472
871306
193086
881232
835435
273831
836511
783526
500730
920096
42509
219444
125996
63759
20686
516957
979775
990441
564098
410238
843241
857405
679560
641147
542789
554458
980208
213045
996313
616270
811672
424856
404160
788808
401061
639056
967737
704095
475104
392091
112074
768236
147946
732601
669906
371153
775645
149505
913322
15901
260993
87118
545719
777032
134120
39254
527760
524121
402919
20058
318726
496871
384113
612985
72020
345467
20177
729376
177316
303125
869700
78364
370108
937350
323312
290576
478531
735162
431429
395842
114996
846936
288879
53647
372382
266242
406005
298879
26709
300599
478065
982195
462713
935832
434668
222139
496736
814664
39765
173124
675235
997164
750174
203951
916674
208145
783732
21756
878517
82477
632089
31973
645584
910334
674463
516039
440977
317327
552834
50811
912841
999641
677219
417348
269157
668934
194461
568800
416409
45393
917958
845121
111336
146057
692164
285718
58642
392755
795273
627010
44761
353359
599212
44014
849714
667955
376293
328506
617669
286484
750885
894606
299361
659300
918736
501071
754880
360725
39832
737262
349297
655611
241911
182362
82664
394511
959177
54613
870046
661583
843203
244388
672742
302467
398804
869472
104910
802139
83670
643050
412206
202293
916593
185916
121744
263674
512397
35802
583931
756712
627249
447014
137118
710570
6205
178067
821590
807843
276992
956018
562588
52233
981239
460200
844302
888814
186915
835649
721944
855131
602757
363101
825599
680533
229369
168968
793866
910849
639596
361256
537869
779235
41404
693839
477843
627970
538667
279409
798567
550376
602302
447919
571967
509893
136312
685009
312390
62067
372078
347667
483589
933525
179271
175510
277677
154456
3218
646967
901827
775643
627268
344061
243176
537771
534796
724012
549572
247975
560725
54646
635407
652099
823640
413585
618235
978984
45275
512484
848449
850551
174729
339035
851015
866734
695791
386394
872683
325860
714385
481293
520687
249262
273703
992222
446721
217508
600631
978432
558501
450173
862480
600424
449537
932439
940192
84636
325381
608020
147123
770212
172277
198430
521672
759260
677780
430474
165393
400747
228398
833498
639432
948750
536195
226589
484457
763278
646475
496817
898832
690000
796202
809
981487
881995
410674
528649
172907
529556
651407
38446
172564
259029
879123
588235
370239
585628
271327
573325
838274
293327
741418
625952
100300
607486
105777
635787
992862
399185
623099
261239
802794
967264
333576
430605
659782
780897
826582
966845
586189
554492
328591
708570
656403
315131
400210
59746
465602
643101
347612
159260
121046
735882
932307
199002
672625
537312
640879
697310
292507
905835
392197
780953
282906
113076
962482
208270
304618
42864
859488
419414
125530
365721
728696
823228
16451
93402
25892
883400
978725
111908
235135
615129
756191
499294
30684
792171
615499
859769
346800
843449
752436
771873
639197
413692
188788
462223
937563
395537
645679
867771
353349
505080
583974
382767
189310
822200
267832
608119
445886
146401
963004
294197
233725
355754
650675
599505
287354
711416
780845
894221
898344
785536
395259
619574
895030
509507
508557
741494
998457
16120
879655
628743
226361
758984
115332
107522
281493
965299
238407
462166
352147
26064
822362
2964
608264
434097
579174
279974
108128
931108
711533
462880
574859
470614
825287
611374
874309
939091
255735
693997
28671
586089
560361
520727
490671
645418
676234
947798
956785
965263
805124
431737
9752
8569
114389
275460
24598
354579
954699
539809
751171
887572
186398
864565
596493
989537
434025
935630
423485
954767
333191
127800
125666
227334
590662
789167
870044
273281
818699
547822
282695
737329
762306
706854
504897
213185
266815
192522
947418
889461
55606
433031
362391
584620
19411
481041
370787
407236
173943
982617
696915
413404
795792
679771
791252
426100
247380
182483
979316
556081
124122
302095
443081
712958
612757
405600
830081
178252
112685
87786
833160
894841
770940
429851
737872
276175
273058
986680
5888
93475
544197
468947
942907
593630
933480
3737
16843
989080
857063
173960
650858
689120
471436
696317
810669
172120
88913
391339
195470
818045
535091
732008
252180
129733
253104
228961
195425
140769
660445
935982
668695
492130
308134
899392
1320
727800
524130
837367
423610
579157
635537
54608
404595
5807
299510
864380
898918
237861
596811
716492
791897
808697
734374
972679
838642
591099
186982
886558
336702
787847
8793
627383
242334
809189
808302
9829
927503
95566
357777
329849
428308
383310
596585
377202
319746
667525
318186
5135
320616
405767
226583
983749
583833
563235
572184
865101
686039
851969
966387
945428
918429
50276
297194
508438
795849
688336
947825
416773
229668
479365
159563
182883
882255
490985
75328
525999
795405
830723
664509
498875
109479
121251
849288
752092
103040
799200
250590
807804
603125
529978
839786
109706
417968
379742
304804
955408
385930
354311
547268
248036
945178
50689
169570
314104
670559
306504
386156
833869
131077
385936
638403
334532
564824
506206
812978
892949
952066
48211
969931
38616
651970
497353
643232
76289
518700
528342
284251
397993
252630
613038
40827
143495
134054
232741
957867
653949
13430
737361
579009
341455
930657
402957
170960
851054
910189
100763
12522
56563
79509
790817
274549
684135
808049
933908
953512
140863
544452
611058
761827
949285
118178
933993
195177
589809
244092
281301
674427
366838
949770
318439
813841
456569
424467
664289
937591
756797
122204
139965
754883
441338
346859
115053
573487
235243
189878
154174
181335
960582
879149
545622
944656
766407
76001
872988
716706
657958
507663
103606
919780
983783
653645
242925
866163
321040
65680
741230
432718
299572
409880
623530
481809
255150
481592
934876
832716
543338
443397
81322
797312
927837
368219
167589
156533
79892
550151
511787
783291
591082
595668
730028
436091
279444
63861
263753
250744
175894
561164
772696
329576
427288
962261
77124
673513
577747
609266
699602
311522
693542
310355
626046
432567
896901
221569
173764
429800
339281
812232
852602
46215
278786
786815
311194
66132
446144
535733
952670
410998
303185
627642
721284
481432
33837
797447
368369
158814
718894
269963
212274
19459
947683
769682
679517
14033
358148
316564
610006
544123
511103
85080
65901
491226
614449
524867
62245
565378
372080
551233
411600
75585
482501
247695
397462
789684
613815
879970
632596
188037
624770
628215
455392
864644
47911
264760
560363
356129
30557
67976
899968
835780
74853
654891
340265
802441
189947
909461
536304
485787
856744
967694
276227
229740
56821
651070
961009
98894
133306
888603
638865
846961
231060
3755
943809
810042
106420
699896
526668
787132
483540
181584
156581
453845
622277
602806
585552
519975
422437
509481
394144
76210
61356
645006
786331
123019
94821
214076
608825
442363
695033
187108
945611
684471
798886
144795
732153
819191
790415
973638
192932
748276
78958
491105
779754
739715
121957
643052
541895
863945
469489
240818
601176
770842
543679
160439
984827
87987
999001
666045
772691
830991
1337
543539
947496
263017
910014
371195
785899
908048
740348
601430
110167
394848
393390
129711
689650
700706
885318
966081
552691
737730
125349
984933
989821
981737
717159
98171
565321
166391
275669
246581
601507
7134
578814
921659
646475
857374
666911
845694
72380
691928
636223
587677
283657
104594
575064
301229
395234
574278
616175
573801
449078
299495
989189
239094
732851
322737
188774
648464
397416
160747
848862
490007
339020
94588
735371
602672
797720
690663
682894
911257
80847
881957
464475
838093
624926
667998
181040
484048
731101
937283
161699
463192
778293
909195
549075
187288
312924
810439
390400
945066
667836
624228
856247
673175
469683
795325
409766
862726
394227
671515
375246
360256
448008
629450
694550
756060
86650
706008
850939
38476
298760
454893
928677
491330
594453
62082
668757
24832
403103
627392
539835
228603
84841
465269
636133
792363
341755
933301
204497
980722
493568
217547
401251
769766
78029
754395
361714
379261
699073
318677
9980
959380
772423
625496
870394
154204
560504
115937
892047
448929
530974
960430
993433
584696
378324
268467
647402
138117
107593
28664
213073
350950
285219
194445
429905
546688
884351
338219
674035
314788
125847
92073
441271
385117
745725
263383
753254
726808
678020
168315
633667
821168
849981
237734
412064
253334
797791
681137
64204
79066
944960
382553
161450
827928
598144
712436
56541
162881
993285
847823
74655
600069
735840
107175
887409
284442
508366
846592
961325
506348
779099
113060
834871
881505
210721
506427
285970
767687
775215
287236
303566
763805
759045
963374
343839
208763
648955
267285
634890
812703
53056
493084
279160
394964
259776
986915
939565
965120
847327
216997
547922
227403
646115
814129
243886
297704
208622
757955
723891
311361
847400
906687
260469
646211
649147
934473
709173
464067
132216
673283
670300
293259
37335
115620
735555
83334
381083
396146
472239
146051
843412
80156
374170
933033
860862
73142
971820
249912
113351
812241
764617
388727
481582
604086
475844
314368
241607
983295
938161
204516
198491
177235
97687
176252
154220
376444
608388
271181
813461
514343
529019
465559
594256
791991
429193
403386
445074
197893
960822
268934
741905
182328
272918
197342
840421
253630
430271
757383
499980
742884
572884
216082
643720
593368
735104
751588
700643
344056
218175
194271
25235
92054
74134
487791
449016
174155
302691
752819
34113
233781
211343
560581
213423
530510
456031
797096
384818
748010
901418
968525
656175
531213
587941
747266
600803
4774
523930
262584
153057
610348
874167
826095
868663
349268
162307
177984
234927
903660
806443
68166
907441
926999
117883
263594
745798
555877
448168
432394
834359
796238
349066
790022
266004
215564
726695
93927
762640
2130
944681
43755
523657
610732
842290
656945
208870
6580
686982
326781
962842
931182
297255
502953
584965
317953
367614
611881
621433
989715
999221
814585
161817
430847
847521
290405
902046
394742
501085
158132
336307
521647
317554
655858
18304
472076
510194
107929
137605
190987
350628
443420
8284
153509
534361
576271
280160
99142
78301
481270
456429
571370
780553
942952
265405
424145
692790
252703
872817
608222
571020
919071
946929
573138
729528
217857
607146
228383
367356
419868
219318
474476
827872
245134
287834
402085
369094
542060
886376
472443
368283
807876
409989
484799
213225
304203
256837
642774
393610
293288
128306
928538
950840
976092
76460
345294
748095
121676
184362
433467
633235
955116
60446
689131
52606
870154
878327
816513
870897
636020
819904
901683
780220
103559
828070
488166
946009
290390
394454
598757
886307
91571
740869
227773
784676
291229
262857
939447
859659
813062
189669
592307
504253
843455
721698
973149
246978
399490
147736
50511
318304
203612
396236
397315
620549
581365
310899
856947
404893
413565
148501
69647
166212
603189
507085
49306
694165
134679
703341
578658
276321
700515
466110
669274
408572
459144
290020
109717
721521
4203
426976
248353
757077
542166
95792
16510
87289
25216
632977
20090
508729
673461
460516
882474
142897
31202
92270
833543
146000
844223
519930
510690
238404
32217
416089
767877
101717
921915
260874
31400
57422
368760
29876
919181
96277
656792
395536
91577
862620
785949
766819
558735
743792
852720
520425
283146
362927
297133
910414
232534
228310
976904
527189
222796
881592
770202
393692
436424
802699
749260
694646
584681
936029
870686
363128
614501
614884
795797
326544
961222
42866
907135
981198
930693
182471
867044
352198
436929
21825
139211
481358
680476
224878
52646
694947
62963
599810
563355
75112
596152
334500
212527
52558
41773
154274
389137
482511
503550
359174
736385
760979
208124
402432
475355
853814
492082
279106
10180
851809
514406
745451
775855
458005
249325
852891
592013
47814
493099
776485
783055
320100
709735
657890
197145
486580
970695
770978
902468
673693
137388
885246
78800
425023
170412
576905
616613
645886
695656
930085
966404
117405
908490
275057
294479
810628
15005
945696
229553
292388
330441
240485
494123
691377
539561
344202
283004
678030
9227
602592
361901
897543
692611
55825
94518
510391
508524
645521
70032
623882
298877
540019
907160
813533
585987
889048
925661
968642
904960
217346
670342
332191
588192
926918
586531
916022
433812
670368
459790
548415
840526
588193
641597
358129
501911
18691
648296
593567
144080
985629
87569
841279
421635
803121
584117
278535
570213
630307
140749
217585
958186
988485
591297
575709
853445
393421
326058
488468
529339
522088
415298
715178
490851
314599
895659
638
900732
821144
772376
702684
574251
624624
812892
769345
457103
876195
506381
600574
427330
917398
667540
668021
582959
124844
581908
132160
198923
475901
516661
699122
318834
788453
975052
270645
181790
181816
991529
419410
877126
271507
85628
626704
270737
347534
469924
904307
636021
364941
917910
84005
14577
379574
780326
767091
259747
675453
931637
185902
213766
185306
696248
771890
102092
375388
245728
691395
184468
728599
670443
375763
684873
273145
610119
823200
356118
269371
677726
223546
378697
218227
538947
69922
232195
75654
958967
996430
660057
886970
424023
938442
502731
5481
846054
656248
866975
899857
746355
103544
548377
310921
627687
209570
96280
987278
850861
731952
750352
228540
797054
683577
13023
853912
558600
147032
4558
453066
404090
80043
373991
532200
493806
81911
755374
752173
100724
84841
505405
682760
308727
358327
93823
195281
58255
729829
200009
82774
109474
974564
274512
612308
664887
501653
665739
258049
973209
847531
715942
658054
470372
509358
824799
353098
456175
905563
963521
316778
651862
30889
491771
938949
31010
234662
533725
135731
56919
711552
838574
102165
839003
123424
159276
421575
811582
995505
454305
766578
397866
471679
424542
684159
792424
832954
988375
948774
968204
450073
45210
520292
907007
849371
961773
553355
869735
517416
375364
882099
778037
159062
41820
594510
520074
873033
477943
931226
902471
141298
466484
885807
583472
208056
596554
806456
943227
910643
234337
908798
275003
647700
100557
884704
71012
785315
639207
864927
415802
268065
147722
8406
737179
757388
165479
717318
192677
68097
533254
909903
374661
336891
7834
279035
210717
702649
971327
206901
719761
546686
906642
613527
459119
320946
237613
998241
302968
296678
646845
807749
694415
971061
245250
450462
356157
155462
960291
703425
443871
362925
619692
115244
167469
301553
87845
177500
291495
407272
44688
696123
575646
793023
123902
926901
56412
872726
964750
798059
393649
548104
812419
576321
763483
258120
97217
102034
329745
404711
411620
313283
83820
188530
804989
250421
164402
566519
723051
604628
690625
991272
716049
430092
615573
409625
737465
203420
806006
835044
956805
832322
51201
850092
211533
295190
688784
573630
18906
701939
490505
647699
960574
86800
761408
736562
989006
614380
794186
330930
962430
540968
346207
401757
422871
174190
605930
347697
156375
409615
537777
403520
198437
119595
60188
818103
852847
49225
513828
65147
388386
910535
207897
478511
462917
580587
300879
832722
596275
376919
728870
777798
795187
189851
904629
52523
86069
692965
776147
357290
101164
206867
841089
536078
821378
405865
696055
313548
403964
532702
410250
87971
923372
997265
187382
716702
209357
921113
429006
376055
964158
998394
388157
238998
617310
929011
956088
759607
444672
105523
21762
330345
838987
697772
387419
651954
802545
469825
947526
719184
223114
993625
921014
196442
349068
266645
320148
173125
421993
408670
255983
602307
881030
725207
409985
336646
711315
748466
586650
158371
234123
497438
349164
506513
994762
421278
452466
378512
486854
989301
59837
480038
431531
796862
416860
265668
715159
160728
449191
894728
942959
339133
146856
880476
885468
680884
25447
522555
833830
825309
243409
285460
270187
753002
787460
577927
582011
371117
543098
382028
840083
194315
722383
462387
95413
347920
547440
903749
489312
550941
571554
368522
562737
941948
830316
431524
68310
745492
269155
12313
136491
748279
236304
2030
762035
872921
123775
107694
289588
386908
485415
344394
75503
277510
740721
94618
775610
21076
552871
608898
332540
157352
669498
237232
664581
437789
930735
998529
282887
801723
741096
248259
841845
166662
618443
673045
792567
930609
425809
781931
373639
732080
290605
860270
559595
623915
836630
293440
343503
95310
308339
217053
749182
320829
330658
6813
319293
343269
123110
438997
825412
834734
654891
142622
736218
252492
703094
949485
766284
964853
420525
171745
903561
658925
161792
610972
960733
183613
834419
688328
393544
563778
72522
643451
771579
706401
997136
683893
179758
895320
489219
883078
490848
529456
888479
267789
352172
38030
475525
257563
573445
92841
856328
616181
96846
964246
795029
393400
291416
81984
73404
213079
856569
500147
191071
332928
617477
424919
585334
19550
47852
75449
104252
166775
33520
41797
870265
121076
451585
50192
92461
710977
852598
526866
557846
164171
426154
81201
239518
974758
291569
601784
624869
832081
177078
363878
118374
938769
898483
733091
87560
3129
84491
302734
602627
896459
166727
849073
951341
42297
845483
336598
309089
24516
871284
778675
849738
284614
913393
776192
51985
769611
862011
853737
866017
731801
789395
247903
976147
422864
186774
890186
773307
125932
77599
890201
6990
788392
836281
290681
613166
303933
932735
304931
26388
687177
988755
316560
967449
955594
130615
767496
592033
277321
649675
73688
662181
679699
961571
581602
168667
188194
714628
789326
143363
411291
673340
522783
758416
606833
582107
606240
644978
952231
444689
339453
700604
103922
253222
893741
608055
38076
453328
432589
95298
988997
682996
386249
69540
782948
683452
390643
345520
730732
464913
680053
98067
469226
894197
433251
304126
475274
311146
254762
206425
621237
943398
356684
996964
162881
329487
17111
675904
857103
51666
240425
22115
381066
645950
613395
963632
726256
397653
224776
323664
812624
149123
891105
677243
554912
246891
206538
720855
432125
422428
953741
92535
978367
495010
111033
488260
463352
961529
830062
333113
777290
558109
690056
28424
423650
646781
21542
735642
393493
196109
796374
639284
139157
323387
166622
91381
899855
975097
358889
477435
448933
603769
86989
700710
23491
529463
651061
630836
76192
969455
769776
439308
701331
825136
543893
91158
831439
409225
631312
345223
828925
363167
451342
501306
899509
552928
945409
97850
752728
645010
336656
469020
901260
611781
490399
709833
13205
732519
707702
301210
710989
598326
713104
123292
922304
459408
282114
764722
939878
933798
604550
598746
532221
933135
942180
58504
243971
61561
530876
343982
273229
143482
626610
166301
378311
177796
375542
437573
338697
911031
615534
573336
510417
991633
580867
522061
155875
679873
39109
620033
550522
548441
979772
119544
13417
555169
720012
957952
576403
44871
494916
795318
742403
598964
122499
763810
149097
289019
308167
190398
724658
642475
833171
290132
829827
538948
178621
825221
638609
670854
982033
481381
74079
558884
466853
226564
73301
880792
717371
652168
634298
637520
550860
170102
53071
43142
47415
824527
80135
708973
349190
237143
637606
868615
420440
796401
729652
414675
664625
731237
155102
987684
986971
456388
752874
623693
78902
307491
320725
635641
958691
640451
21771
909847
440905
434513
679875
159538
110082
228744
699700
544478
969190
919028
154871
364430
90290
771218
857082
951619
132116
253588
95518
501983
321813
566272
907695
399576
408547
297336
603261
921032
1978
98836
329755
668320
259695
224363
256307
213757
989721
594161
961156
535571
445532
415930
781370
954950
799251
672669
720425
303767
851481
873332
376549
334075
790260
776767
264064
427720
937631
618792
903713
748808
404403
836705
578301
867056
308721
778473
245813
554347
120238
712814
669196
842895
131100
361677
890563
123697
650993
929205
836372
42003
979573
976169
909127
390460
817133
276516
302899
290401
376863
777110
117269
289663
437314
962125
827846
241418
903236
380271
187164
942463
933815
361123
88800
590742
107545
821264
178599
434451
632766
161597
720911
842812
961628
381208
994967
339365
380339
254226
239644
943207
457111
834983
163692
322031
759771
193979
661641
650802
611868
180256
582972
837694
625831
94068
315218
874860
873672
731560
513720
860978
952368
53403
720430
208021
563842
408932
139051
158651
80378
727087
380622
382942
979578
156414
78268
910813
374195
209873
189978
996333
546860
657505
748008
512684
640818
510598
114104
107670
771165
834744
544138
897360
822458
448242
751878
342946
853274
73586
856342
768962
892982
515101
820445
523851
572349
481536
856023
253965
155004
444594
605454
11261
87017
880277
366070
640269
32588
954107
653478
246487
994507
362661
21299
478194
845392
964774
432171
451111
488281
912870
992555
108414
673756
750338
836766
278705
869332
655953
954578
373378
495852
924354
580152
11816
4103
438369
588408
742117
94442
586040
320303
842803
887303
312018
463366
875612
165543
903899
436784
187369
923570
942051
908351
227122
280542
983041
691492
11733
813810
919956
386753
875522
595254
682405
828333
37106
734521
207272
644483
626231
379902
607137
683623
72687
175620
535908
566807
758994
516465
91892
443817
174763
794970
179981
112167
535844
898738
306302
162051
581945
933452
688749
955448
40015
409870
497855
60096
80285
989044
169615
641452
38792
895422
720987
738531
39181
200312
779006
827385
780568
355684
532119
209131
999921
480453
201417
567157
943638
213258
626652
413712
758307
739926
859842
209099
494318
664424
444787
420677
414447
377004
199225
941381
468380
879837
163464
714934
474067
922837
176261
105474
323697
377970
156199
710601
886656
546535
555579
570686
600588
940060
18625
183710
323414
969155
807668
441294
314466
78329
117415
935185
369515
950292
320715
14627
648183
494159
137997
101748
326085
962767
80796
171844
228002
698001
638472
939799
331739
50803
400326
536854
176716
982299
61712
724674
450903
691464
676457
960021
581105
132595
665534
537079
974934
376289
964392
485401
563420
359752
751311
915762
297573
990555
904360
394004
807983
313396
924382
860906
804422
729822
198799
802513
98777
364284
326701
576207
804073
66136
491141
819316
426973
602508
636828
840460
20659
899783
762101
235261
385681
294269
322288
538756
38649
537517
352397
337606
717659
884304
436621
886229
637061
428699
566265
819970
872310
175601
975228
161178
391888
514921
599211
467710
990635
532471
498662
757731
180166
450169
142166
567970
199896
543136
224021
831996
969669
193785
991790
410286
625068
178903
249913
969901
234205
546847
630377
438591
492392
521968
312481
628406
211600
539949
283456
728265
476127
525672
450366
246608
937299
21292
112430
464988
272694
659751
648035
851696
277579
288882
925807
67744
765476
351807
623431
512517
636305
176350
188802
344154
710706
257323
551232
585463
550638
542360
352807
728103
988028
992275
45833
804392
26078
229267
456865
935038
597038
266756
254524
776436
958801
443917
154549
29552
853512
888378
985497
7858
885541
191115
667689
946857
522138
853464
529021
528818
689581
638175
838661
675886
988808
261484
524843
804158
707052
757412
309589
454302
461894
244013
424646
17307
3290
475581
75300
959090
775900
931006
661460
762183
131805
577691
590081
165438
56738
534570
636668
131386
617233
572982
120253
621488
662405
4968
438344
480103
654720
233873
920427
467982
814528
986966
300708
507321
272298
851640
217439
767674
675811
205886
250076
290200
638910
782274
197999
241711
11343
516566
667233
841891
277598
633873
802676
998210
703864
654969
498820
656694
132447
610830
150729
982499
98785
771569
813945
624483
386502
916463
600906
801051
399586
364462
63189
652794
563659
266675
649878
385806
715493
995022
876304
825282
312601
627491
860430
147192
727780
68373
273668
257791
98572
656272
709779
284465
984109
222323
827243
359532
307825
86297
747467
715499
171550
958083
730276
216704
53384
433315
371675
66288
606184
852359
60845
567787
722245
855329
115374
206118
357519
701807
554602
10519
345291
103947
670508
652172
988775
174289
971100
633705
578799
43496
897283
203580
762008
245551
997099
676094
83642
955398
401570
614633
238811
499126
685853
921137
667686
155134
529272
914720
678523
130811
21019
478161
85088
661171
45945
742920
510229
383486
143602
763053
543044
638865
911000
409507
883351
182952
591119
496073
777892
443407
600910
827405
419524
885518
644034
393192
93633
488623
667217
751866
725229
334765
193851
189698
726543
674811
390237
489209
265977
984109
285392
105484
903157
407431
762670
226869
981213
279073
281013
716213
852874
869619
48067
79024
808357
359555
63297
263268
75417
13544
171869
87559
848425
71162
617967
614717
522845
458904
329597
670771
592536
892245
335002
17883
128901
406783
332649
187844
868208
567694
2943
626965
964209
41510
560166
268709
29314
499273
714558
943866
403634
316508
310463
601117
181618
917524
367769
431190
631693
993021
536060
479114
769397
309223
361075
734317
300920
956269
209579
332901
654610
445475
730002
740669
857563
153307
783259
441538
832993
340628
401950
748862
377104
966656
950875
165198
340686
369969
166879
827938
146020
216863
278335
692497
102934
785944
325889
168791
288403
313221
792347
704684
103367
273876
892051
798977
838286
451847
410373
47450
831556
644825
600515
326338
480568
877256
290326
675888
967807
707524
27235
747125
85156
597490
931817
6942
969917
484957
836455
220844
780505
282746
15579
175213
700309
585046
956964
394998
13902
78686
549769
37888
671792
463242
494546
46941
139885
922728
398676
636053
279754
298625
338763
324961
160595
939945
385823
265091
849903
160104
618121
456640
749838
633728
727951
28091
214078
247963
144043
729968
887773
313939
24842
84041
813225
839901
714352
605920
329267
879955
998008
782866
9523
222428
27513
461756
796532
405114
24453
70037
88304
726383
721035
162088
187958
611917
275804
808620
971271
722201
396938
984641
692929
708955
118573
18250
809715
713413
571775
351777
903183
625021
671271
534011
483133
881353
197075
786394
663372
705558
670078
133481
779139
383845
998161
934967
371030
710163
739557
477971
104948
722883
194407
276160
691517
489898
504341
978773
614353
538230
928741
639284
714884
621532
660036
830884
442605
346685
838459
750158
113182
155764
518702
8849
280366
168190
538175
132738
299377
888582
793679
769859
936585
424205
882213
295038
567254
882867
653991
326783
453257
589028
113604
745580
845142
697058
673076
865889
553160
277162
474199
984172
546350
736838
972538
173218
463347
833391
147897
761244
732619
731740
350270
400337
494921
237675
842855
462225
816206
742635
79430
652252
624541
951684
405122
777949
297481
143875
833114
853894
656591
472518
805514
982409
745600
146432
111622
428784
45847
95594
724195
800857
882345
473991
760789
512786
553786
449042
473875
831693
361387
70213
437015
584768
447953
164680
113281
210076
221858
42421
503579
877095
741577
581764
555319
368440
141209
346776
480885
136782
561053
12837
60961
457166
151310
59964
252345
328856
806814
11700
200204
931333
485809
834039
949117
340414
721451
645222
227751
926332
539428
909034
835290
68375
111096
413720
52676
553165
978172
934400
483564
705554
573643
856850
127319
816398
595582
426030
954829
230840
626554
264199
713333
931149
538402
163634
753885
811948
99501
798481
663190
345489
742931
664534
742204
220908
266786
402294
45780
492637
930925
785965
188174
172687
466467
800551
329961
974446
433213
300562
777077
919174
895057
124350
760884
684345
89220
912301
474074
107613
141853
133565
490420
19760
967348
279919
15333
703544
572169
706707
936267
902268
169072
813202
643711
197912
441578
835991
181307
603329
243152
3163
194007
550422
484264
436365
195692
677470
726682
526874
361241
567844
316732
422366
411620
993132
301578
357351
800312
482321
985649
884705
529484
374908
387018
510308
706533
346307
608228
475287
919090
795036
145274
435647
948180
917692
226116
631080
509889
271696
238697
835566
593598
648855
27345
185256
639625
857050
370393
322866
925721
735177
219552
331542
820541
602484
186494
257623
760993
880354
768853
976345
597168
88081
866879
202800
727763
611531
597863
506499
144855
336802
632051
561116
567468
931272
723615
121552
439497
794317
124709
652486
882477
154549
419864
128421
812673
83253
455697
221534
533530
998922
390144
188051
676826
640631
143140
23010
177141
354073
348053
517651
835217
307112
953918
366490
440519
897548
939113
612104
786759
254937
385779
579220
301144
457641
657566
787522
756924
187349
650373
174190
284145
428496
624938
240375
860372
651743
389547
556107
949345
52025
935828
539594
212373
466615
337166
560473
86836
350775
544052
35846
491687
71123
695814
866195
14909
388345
653238
373793
522258
420519
136928
327675
542285
846854
100951
148283
268611
831072
551706
684572
542073
735486
296422
107038
343942
335906
978597
270416
950935
634973
243588
511293
956621
236943
857122
158773
555073
508601
698788
490615
903335
431680
175845
87992
899984
77249
342091
195154
82633
665739
900085
244684
626465
215613
419984
741570
212616
608445
341001
438385
182803
947730
939357
746337
530140
94431
195915
304687
395719
128573
197995
191286
26015
800435
712409
823514
22366
696789
244041
517424
562187
317430
132926
531149
290302
497291
871062
206442
516479
221341
739069
153649
155533
970666
819970
149478
461562
831513
678150
253173
467379
699225
149456
656276
559710
470293
291390
102292
9756
415317
829591
730378
240942
185844
456827
833428
741235
492410
23291
848970
826959
688022
632773
357635
394792
75897
700280
983937
288778
706513
651926
471162
67051
187104
601175
927108
772744
543609
131866
460188
911725
835799
607287
173394
753044
200474
910064
876373
826341
939103
751109
288727
780828
722042
853670
368860
211017
497491
736771
463076
957232
68122
958272
938483
906384
231656
949444
406010
296449
238579
456817
925283
945590
501550
562670
65534
418339
713339
245343
96323
44408
752398
353014
873219
499019
900767
22307
747632
939667
849995
777255
692485
19408
330888
635782
594707
588937
702979
471003
183274
52397
109848
401093
883808
579419
874029
334591
444097
491581
120044
859086
403283
472655
450011
480915
381252
457726
522073
414912
627890
269739
161015
184807
749591
205710
549936
91758
946768
807351
787399
19615
908360
215408
496572
272284
22469
639615
466666
89520
497167
686664
179904
58112
843960
120782
944153
170208
362957
815258
919163
439426
159895
114932
963433
714249
479118
337486
434853
220027
62811
904193
826310
955925
939656
561711
168689
291833
579591
864775
7351
868355
97372
783078
933579
725689
169127
683099
637406
424992
472786
511299
164633
691627
616275
802003
672758
895567
393374
644148
609980
116082
759531
120009
101077
790785
325407
950988
396877
205409
836186
65878
306025
892861
762332
56445
901538
259582
236436
685271
237437
100249
824711
305565
3720
522497
27161
23787
24114
986238
968252
226212
699400
771606
692082
270451
502024
512807
808576
808044
475428
922582
719601
52880
536468
148386
849027
307632
363672
7570
997427
94568
875785
979405
725920
268749
340315
702024
413278
789281
990578
881433
331482
536899
207389
137387
604773
594276
659827
760202
564767
509427
250568
25758
294273
749403
739532
540661
109446
199586
370689
974969
738231
422834
912792
443201
694354
532981
435815
659650
744342
138393
81288
142182
993774
558707
223568
845493
935287
448639
895594
546032
447728
998598
232528
759357
332349
655576
355045
296187
578264
676409
451122
29623
257301
514968
144700
719480
76751
10938
46270
174005
782836
239286
153609
14119
455851
867737
858100
848889
259549
371497
567937
762331
516967
109831
484109
339189
738714
917230
327987
354937
756397
141080
919295
797137
107520
26367
245962
175224
630413
21632
403191
802788
234861
864860
670472
917025
211205
458393
50654
622201
893899
278726
402251
466575
7544
251483
289237
938316
990476
194174
308746
170160
577529
911650
460667
635338
964653
618570
352086
385731
189119
303084
583588
761940
368117
153712
406363
572120
886384
553943
691169
214524
886965
93753
86174
299858
647384
797991
499900
280517
659783
716591
976702
820647
801328
690813
285434
266278
740048
778462
622964
951710
161945
251808
690969
316040
289791
848342
663893
600143
31712
981240
499921
510531
266958
642727
396300
138342
351354
194061
179413
524708
689470
173219
392482
209953
58822
961100
592208
520170
819676
773919
881336
838797
828816
359874
490986
879620
273344
752433
808201
593676
147657
694814
670339
310932
31498
753267
623787
7249
360978
963827
440436
724270
399206
173182
408140
414561
422576
877107
534546
253209
400262
331119
715382
883219
723670
747956
308972
531596
777900
698086
508173
889169
943392
250670
467338
6770
72735
847681
400397
130005
179156
850427
546606
60966
728114
121381
818574
249836
79969
985238
595668
730167
598914
513717
656450
754485
559649
765148
349427
175205
451126
699416
131955
616995
667480
560269
941243
687521
165119
27191
52359
821686
401460
278795
307030
751888
142487
151163
374654
886790
531276
153049
851561
311688
176196
611091
304559
215032
562019
848284
408210
758225
824723
132460
882000
549317
768869
947037
113577
359398
953887
330486
609389
419514
538662
563333
21824
567473
910793
405157
21230
202994
890855
580832
740389
671761
901887
457389
529043
255133
892178
931674
392221
975191
58807
134149
666168
775037
146363
32132
762088
982979
38898
868836
505043
123043
23263
406095
465793
153356
847547
536903
774835
282422
745830
637263
687581
705429
83239
177896
231424
492075
544801
567288
715432
677048
797141
962184
610239
525389
179342
86244
292109
235519
59181
717285
350477
871414
756305
139851
325037
897893
653410
397124
950177
518612
568827
809994
688164
384920
801330
235368
536268
509989
205253
595356
567816
148346
136674
606680
404601
375674
863314
399971
109035
510811
872836
100637
432239
162999
1714
712607
57238
636224
11570
940800
287948
448529
237275
963957
359246
502239
760850
67216
478857
431246
260016
558121
609681
640928
675217
395418
161530
761160
210364
349155
528087
709149
606826
335534
832525
264938
108341
482414
884754
932706
927518
31456
816968
124336
74043
165556
269872
327469
847995
539013
964236
493931
120216
114946
440790
258798
640728
334513
655702
156538
303487
962442
799652
199432
514708
230847
109946
495890
644942
753627
178677
552717
308763
171912
683048
313975
994638
814571
453597
473670
269091
825322
379689
762752
665455
782349
913131
681257
745897
860930
722465
634966
583118
602043
188262
120416
89782
531570
315340
964084
493681
541708
812178
192712
657117
844827
163138
174248
208456
891006
518570
357358
979068
270371
994932
362384
713323
609965
963748
622739
411768
944880
359470
639710
238496
663065
487282
854121
920771
886443
437269
149652
127635
177572
584701
850580
164440
681598
129833
203656
444829
58705
587498
108922
577942
826433
942369
896639
665094
160407
130930
331130
538656
986067
69975
896614
418762
234395
289320
966448
408143
666219
654838
977638
624135
99083
839799
855551
241044
315632
765851
380289
204040
704305
324221
748435
464740
962404
533621
631775
67644
669205
785098
949987
408054
504162
161093
481429
400689
395510
838944
441969
789890
219296
733085
564896
17945
611407
574708
101894
230914
347692
343780
910760
962183
136084
843371
178809
322867
933681
218257
76480
121074
582196
471070
190695
342933
497
580779
207137
892081
651350
149462
222265
883815
303753
404239
75764
602878
915550
450511
247779
692011
229490
880809
788487
776563
690791
728057
976928
84135
676091
674680
564308
739022
666951
801714
125881
586849
734034
417870
323455
407088
636112
145932
177277
417506
771834
446734
218646
790809
135051
559821
58311
174196
592980
852524
5777
684270
766716
429545
118589
773348
375192
52336
28561
837107
796259
15946
926733
842047
666650
289010
27682
897681
876919
736328
769520
688664
398087
8607
104826
548944
647786
824049
763561
358656
266855
360114
27129
314525
162985
118017
306180
714380
33306
656315
66345
955013
545051
457834
213017
944467
958813
370523
579710
364664
201695
335181
452680
881581
331652
931973
378709
593990
270800
157567
538875
319220
164351
568895
866293
613093
360194
527237
491561
392518
788119
510686
763218
556328
336643
148695
742863
983296
877743
613645
616519
680009
102557
562848
750775
747268
138309
343494
273881
167711
774160
14011
385202
1012
134320
619350
913593
747048
725594
943863
8927
100404
535329
248029
805119
297024
207152
841172
406180
770411
735972
368587
120561
911399
927364
796804
367281
134338
501150
958308
147516
913663
7807
769130
125442
436259
517390
817917
222647
186443
737477
305245
386523
494970
884621
877692
383589
200625
217334
748070
590539
139895
693328
61146
202097
309048
797864
316797
713195
269066
190882
519140
678961
106378
292016
812815
284446
791909
18220
365686
900196
999027
937880
311035
833745
650557
707119
298494
192054
671199
966247
720463
497849
146505
105670
925310
822841
663903
872350
916495
177625
755393
433127
596042
193836
14437
198839
216046
921531
958175
544480
915909
988021
936322
2598
388563
341684
23009
630619
788264
927976
896686
719641
584213
88226
126916
802460
239355
562495
557056
400314
494527
653807
3978
676159
423193
685025
714098
302825
656076
510157
583349
780156
54960
127837
536542
121283
992171
557177
197385
257125
721470
271597
220867
123808
442107
654521
496397
780260
585237
228470
882431
23502
177424
454816
348490
886463
645399
795652
455062
969881
530988
737415
649546
562070
193850
522064
633321
396740
821702
172179
808281
99233
681924
435963
258496
115919
101702
958643
604487
923188
742287
992146
646208
32496
421958
419297
558244
950396
101638
211529
542197
631772
750738
867038
945666
252352
866854
128514
332233
587005
407656
602999
662006
336931
418045
128133
109898
838074
50553
482180
744343
171998
375278
851975
719400
771572
67621
276069
38077
799880
1963
786661
703987
967941
168514
375045
630338
201551
342585
928935
7585
866625
1046
701209
802436
842302
95087
114367
187909
780534
491736
271520
737441
556599
553014
655817
285401
900973
48370
493089
391864
193272
625098
307147
944244
736488
237633
345137
110318
789464
387446
137140
636180
832612
960723
303469
171174
442888
971676
131102
242389
445014
926759
897274
606535
840723
512235
31885
724344
487343
858288
123657
738682
56736
409382
857327
11357
447066
955922
71318
688745
654701
79907
128155
151368
758522
896355
780326
949761
551059
340617
112468
480735
688111
766059
524550
373040
30022
670288
231750
708777
886159
258275
718737
876263
578900
146180
758917
285392
68462
675897
289448
332632
789411
875266
888722
232160
929688
759818
809465
979832
901236
344953
501975
820549
617492
650407
999418
524414
812452
530282
947367
736144
321504
285712
301932
229794
800615
17576
275905
184626
807033
78523
877658
693854
920845
786648
927180
47231
612114
757645
311449
94256
202176
640050
429786
820076
684569
87327
693384
958805
574657
671485
72870
454353
35831
407034
312463
33551
88815
89366
827031
186152
207246
332891
956769
511008
405249
202025
417277
466699
429562
179183
577211
264588
511561
381878
235793
708089
813587
380183
233252
181466
219825
279373
858614
744273
359079
104101
159853
330579
458303
909970
414972
718740
453889
837725
41328
552193
696018
915577
285017
647015
79975
78516
492627
790321
394852
61322
982192
607886
243541
3092
570756
462065
143303
146462
591756
693426
994948
407253
746619
885074
326698
433823
628515
153436
447335
926789
74300
905958
389587
762379
464021
181751
590890
323041
987540
304450
290085
664690
57131
311697
824755
6873
937561
243773
427929
794547
701786
941081
226531
542031
151725
167535
731782
468930
763328
829922
564116
312728
545081
911283
911002
918373
93923
658206
430553
12153
98227
337188
755039
262001
218807
281892
610050
132458
41946
62307
197113
35025
680022
718315
273687
489878
118518
867087
236709
579711
679239
500748
255962
240089
556571
468426
130041
836361
469049
100034
510856
328000
705252
597883
404008
307021
599814
718957
933270
759116
281657
69574
351165
552508
169331
873930
86133
48046
383307
25621
493852
514010
161644
876732
203343
860428
746645
890706
878662
879995
832010
946502
307593
141882
982874
880490
112467
332360
929934
856270
200642
658242
649387
779851
781495
220856
318756
46300
353680
483356
743008
51942
45567
987286
470371
655640
20039
604021
354907
202541
588307
593793
917578
950478
94579
634476
942090
719957
591219
552551
973890
772589
169498
581968
589028
224341
419004
82760
112160
304707
403132
521635
414376
4901
5602
23673
556193
70274
832341
67993
176547
945727
541109
122077
988653
31294
942231
639001
619816
672161
581278
215021
671190
464044
972530
624634
158999
942729
21984
741617
223384
616484
246926
963719
746776
174775
271769
235973
301272
952544
860237
704827
465247
399277
175552
747605
942631
79034
379083
998213
557928
213938
934566
826336
752574
466545
727519
484485
531897
415818
601975
449655
747329
489316
198297
800652
63012
515391
488440
48063
525374
735189
651204
543648
886724
954651
456968
193578
975277
164646
170595
226101
797629
397483
446177
257154
796910
188639
663669
334708
899326
589885
40085
59294
326736
151910
376562
210167
500863
694626
958547
437994
532358
132996
570701
809994
904965
191980
433313
430883
380401
348646
858994
19884
130971
190256
925281
624344
346459
794777
996935
274571
163993
750917
537486
638058
867447
360781
73260
150475
917278
708227
83389
558092
775268
179923
428924
29311
88279
275205
175903
732355
841641
215774
871372
174830
933112
307622
83003
19110
560696
315397
838313
357199
520639
130823
641909
979422
34924
679999
812188
998860
342325
562951
392204
490215
257932
363941
593190
930818
560622
499145
134357
395789
278280
40947
3270
898431
317126
476273
77187
208495
248633
372806
753008
66627
856931
510694
10208
809919
339234
34206
237588
525951
881335
294097
812114
230848
407987
732253
523999
482264
176509
122781
98521
583174
379394
361031
757939
945636
640633
641332
553997
437625
54162
3072
934319
51371
75898
39687
459490
310417
484941
54736
925163
496551
813977
444806
76901
844059
751819
61537
378490
692356
939321
870820
770813
763250
593931
465343
290023
186144
112966
506132
699245
336134
52599
93719
897594
209163
140216
567310
656206
399064
956642
797112
792306
253320
527055
101770
179927
491451
609994
449492
488523
962314
626838
270530
494615
982868
194648
808319
41399
443703
106977
597428
786550
408987
402140
146350
17830
511848
103441
740382
963001
361111
640467
767994
980224
247142
193292
392704
162109
433765
431075
553178
4262
786862
176519
656861
364153
29106
961499
53483
563190
865582
505982
146937
767934
180540
471925
426155
907462
181445
863096
417179
701496
625940
295702
807161
433382
583046
800197
187404
845931
7582
793098
732311
863328
422581
278017
332951
653944
1934
422538
261608
513593
465927
467920
14662
910295
275820
25015
403633
605103
220838
900706
558827
311197
956369
193182
729883
885434
159979
375854
195156
322741
639079
494387
257583
827341
69218
110968
144212
146088
875757
648856
357336
776467
781064
995724
879488
441623
802224
747157
295780
284340
197520
743682
888815
22461
366931
309471
340675
26127
629913
146554
716665
582319
603975
410131
940294
491199
854841
486239
109689
711709
340691
607033
772704
402905
116917
539366
504267
661328
603020
92099
801384
642665
800197
348749
931661
556396
225501
465805
272853
591034
983508
244190
825057
281261
602497
693020
23232
327053
817598
517995
950633
241195
600003
98337
271013
59102
6480
920465
333578
191127
327620
243765
288609
326819
328331
338039
885097
77182
861877
859292
715829
115918
118625
509005
750448
620931
917016
935876
714881
602888
338486
666512
127305
443046
94466
255428
45705
780854
128607
288578
2465
559233
406364
493087
921971
70966
889126
509555
453158
851206
228893
571584
771975
162976
904579
743997
111817
462340
868369
194686
599341
466630
538020
893569
871101
991521
633812
142167
836082
783414
534950
301932
792309
55904
678551
182646
110786
838580
429336
331126
381993
674970
423322
567918
864751
179010
163839
613728
901521
936134
18352
391870
787688
323099
476748
188595
273960
928434
324285
329164
546946
127025
887271
921605
546730
405961
186618
582316
897010
644467
605351
610612
956565
362636
70000
510105
841809
309131
763927
478442
317099
387611
441976
579960
748822
892825
934131
76569
144174
446444
132225
186905
721567
823355
839400
946494
436515
549135
976393
496247
631848
544007
422679
698657
363599
165874
853154
674357
965841
875085
175825
323536
829372
267800
425774
69152
77979
563735
89372
143848
566644
57314
531171
89201
34923
412073
76716
612686
151876
884552
965384
408394
238918
622659
746410
900400
302842
671582
361909
650358
182163
292764
495408
657030
130535
392274
170455
29738
330267
973734
68043
578452
393054
978153
883113
334216
222028
880207
885815
449959
558194
655751
13371
268185
602673
636347
548390
805269
111739
82854
311917
145168
724987
137996
447737
600512
736785
113307
919604
343947
791867
271708
5124
15697
76751
935318
452309
910419
895716
84351
996174
719038
811793
734432
511973
134872
608781
364676
992654
956550
138422
43228
401294
535671
98541
167858
501551
333617
19998
376136
92748
965366
348957
256589
490188
78162
182828
349819
538795
209028
512089
32016
886580
105990
161220
446630
496651
912955
375166
451505
388390
340917
431886
909589
608092
623968
331469
555682
319446
150222
24753
655853
811746
44127
777958
64012
979942
704652
308312
162413
826225
803409
963790
247571
847213
899253
568304
993838
572017
77111
938793
892951
817651
766806
974823
470245
540314
75901
540671
434414
383666
580746
936430
327454
46009
76026
198906
280109
658326
75378
866872
269120
333033
338476
968102
284766
55549
620028
334840
851149
130650
808318
911088
176265
794104
95455
586470
562592
809230
964420
931943
300845
924872
93466
47226
400174
20246
202939
302974
184644
165857
424250
577967
981960
996184
970699
599239
971012
407913
4498
418241
629525
966988
381126
876536
582491
433017
746306
269998
266778
553338
192296
913834
597360
575578
116658
889593
684979
273725
184342
906644
741414
874633
931029
689698
649176
21762
820001
582740
347290
234036
857641
563502
562267
701065
216834
308966
394722
750394
669555
844389
449894
724002
372509
360874
769037
228463
385029
122318
326336
47473
3776
698274
914215
901781
467898
487860
300678
286379
135778
701361
209011
996194
455094
444260
422899
48278
769574
231004
15409
506048
560360
635308
853466
717964
202455
826508
465560
266504
90632
427421
218088
773944
15596
729546
82906
897478
425883
440586
871205
374614
311299
512129
924260
224184
718508
5702
34545
931703
660071
489344
440220
45006
507475
188841
564169
771514
648651
872693
669411
932587
743599
898059
365376
861908
341134
360946
850451
826146
912045
112839
95880
412553
775734
142186
303936
402169
906240
45497
276137
956783
544183
126004
510136
813672
432616
691392
27846
54385
207020
643527
517957
907419
968174
502652
97949
649226
288794
625084
950055
136684
542883
880016
336325
890182
54705
879439
814683
738537
626598
931168
581999
728580
196428
947166
232665
325267
382492
510548
414054
721525
104493
646759
502735
804892
812344
170835
229521
101790
539908
723918
994217
958568
92146
764232
177262
730833
806567
972820
778314
175052
366417
424672
970966
400568
975448
704352
136018
734610
742371
664138
105662
17418
798212
524602
977111
744947
705345
694005
3121
229395
293120
525578
421997
72538
218510
586068
920984
480304
92620
965725
430369
24295
276790
257885
183348
811280
406353
826016
888631
25705
687857
671877
375456
854644
95908
646882
877617
327522
863359
25669
146001
698734
658179
966166
739144
70663
531306
304408
852311
710309
975892
533390
997874
199229
572233
880698
700251
172623
112298
23104
467996
128797
41849
269802
384033
543094
606593
784709
368111
134960
244964
232872
514309
646963
171775
614676
825614
611122
866940
639031
368703
476213
484659
722635
87187
38354
187005
829211
354401
313339
477400
248806
816854
231984
49584
925532
782933
895317
681616
998917
181288
282654
85604
880129
494497
823206
431978
142890
281233
509535
223477
299542
946276
505444
290078
81080
672792
788395
914055
201126
503192
121302
495373
15925
408441
571368
878986
216320
24592
515221
784131
27272
366637
400050
949109
64437
412729
250763
272951
376635
675239
826899
454988
176920
938266
21942
363015
835897
298067
264331
866523
45564
662421
508261
996670
715600
70168
317641
522746
171449
539173
462905
799888
141168
703060
627183
260105
882791
217376
315365
803546
284714
866660
826769
238515
977889
693045
235887
246884
994738
877019
36150
36332
114819
153196
475308
544992
162845
749063
522965
589237
830252
323882
553799
809130
828131
616049
205081
935252
99836
300332
890489
724551
581917
712219
510813
219038
403670
537288
404050
342376
914439
838785
211184
44527
46879
823985
733487
163238
241535
150107
66194
397038
215421
562674
197441
799813
780292
595991
852788
593484
666264
264367
339659
706035
236983
910496
343740
361667
706139
45993
235300
422663
693788
742299
70206
505048
458931
753144
523249
663428
678106
636455
789187
925594
201806
240208
190700
776533
192310
833626
385413
185187
502750
705407
555807
945232
594652
651848
720112
514516
886483
177642
154153
866165
262998
782781
972067
63898
20708
26581
407287
453230
947409
649727
49708
102189
186054
557274
534283
359822
914335
676751
118799
749453
69234
744622
492089
784532
435376
469990
38783
858693
689507
245281
105700
963175
166423
735674
759267
666218
406101
914140
229509
364696
405386
359480
949074
494107
651719
503970
432612
362917
398050
853129
449815
139328
781497
993681
500828
542706
616406
899343
35565
790988
240430
752736
87771
292879
976580
341478
915715
916988
126507
735584
629151
992311
423080
800037
492728
820759
567926
718013
571705
695373
530466
612764
288671
907822
114967
531452
327437
922590
101492
203222
788924
857179
608153
935932
708112
527075
48577
128022
676357
571523
856905
92599
655624
20542
780175
203803
523682
223830
167158
919039
194895
374969
711749
989213
117805
63819
686639
84931
526928
566604
219117
620367
853106
118054
265735
849225
181384
49558
291379
91869
536175
832180
94612
790387
487557
28000
92579
403693
941717
586315
491179
758844
489258
284703
337134
78368
419140
505100
893413
803386
208361
705073
178533
518799
646034
467939
189917
542363
24134
387740
410300
431631
514821
94979
408879
543530
768922
379219
499528
915695
728148
995115
995962
116808
639054
38066
522881
338167
211561
903013
626655
720373
947163
599551
363392
649769
480993
388
308799
782470
418512
976297
2817
75009
402377
116899
343295
953198
885835
43978
352034
541494
354467
736170
793927
360311
320702
785639
269026
102008
989471
166154
928702
325319
992683
268268
334114
759986
271330
777341
39504
481118
790312
700337
158311
741383
342529
51337
7144
850388
638428
955194
677205
232982
865734
400443
406133
148445
799359
253872
284405
884151
804266
904750
372777
888390
94557
817259
189615
336637
9753
129091
174004
535607
892243
221545
558288
830835
782385
936936
384973
746992
140816
908821
160261
346017
478658
653268
217193
520846
499733
52227
379294
996935
132430
539462
770369
247749
657013
922800
154123
710686
855242
841354
436688
408036
683285
829124
498786
848732
276059
119989
720658
685590
83436
355153
353366
254189
239962
598182
538246
78877
178500
114386
389505
25404
951952
214661
118381
382807
962935
337775
294427
743914
347385
938566
291976
634939
295026
812085
249727
689427
236677
483044
652380
778842
968756
862944
951212
384526
232146
58856
725489
131808
472847
342419
700802
999275
638067
68705
4558
613393
307622
261916
305601
939636
457259
354282
972735
140110
695981
389042
81741
357422
960370
221545
487503
598544
513132
409528
293420
64151
937646
782540
390413
222761
181436
417721
886533
487719
67323
726923
507403
454088
104199
23403
230946
653521
216675
99691
275097
863539
410187
290158
48174
580352
115046
910327
679310
770635
472984
827404
417336
723484
921459
947142
829119
136013
921485
913016
814766
875141
442860
569850
234246
963662
480478
657041
119586
597268
602214
384636
541372
193532
548240
314846
336456
506590
17510
634499
345534
419873
833339
691280
304949
975794
417444
426316
412523
963936
903815
956677
548513
76120
877067
904032
886499
44024
880175
506369
494373
56849
964919
818515
925705
813054
343552
574324
989118
98459
342645
828416
184962
722340
806234
165369
745607
602348
684038
619792
744692
910007
149421
165394
970178
398644
342619
744562
799559
554394
443005
460719
397712
469021
361946
883810
298790
865613
386591
611814
677811
610060
719063
179043
305023
438442
609721
487353
811091
832159
67419
845510
233022
864036
824005
776341
911669
846510
602912
16547
624341
825928
167118
797967
894853
483467
368467
620317
17079
888189
625968
822054
330637
473284
626000
433632
963800
102789
802012
281798
77307
109086
546665
427812
491950
582651
79441
433217
459679
119065
223455
982760
467122
187797
719588
276693
220521
63088
726118
549305
814687
96418
838584
748458
230703
588567
242085
559211
772082
481994
134598
542931
843876
506365
986355
765660
609448
158354
882390
204490
119458
17417
562651
57525
621954
632087
931139
637813
252193
102623
569816
357418
494403
116688
350267
581477
647868
991130
595353
806391
744432
303821
574972
544980
551283
759313
191294
31522
247055
708284
382552
288228
899043
97043
130968
683262
408552
268129
135153
519140
659407
438253
942060
173347
806790
325210
487101
600012
778202
601824
632432
772153
842999
352355
913730
225661
424842
978157
348556
111916
733511
122637
882522
883715
572102
530635
707482
273142
373833
203078
60080
714005
445144
408236
820199
251418
95693
346582
982913
330385
282028
189950
687087
785188
370346
638301
861404
693442
21903
364581
173539
884268
213941
810776
216482
233308
410288
995332
144934
249106
213384
277339
115206
842812
679585
935347
111051
731584
648188
995798
248268
132010
646038
969735
704409
257517
855022
131538
925902
77144
783844
92046
443335
866262
537917
794419
795890
994593
610563
672082
964863
917061
671049
357045
229812
368653
946060
545875
478622
708236
778230
896112
144674
435209
111292
957839
511538
907720
818854
405269
714267
532017
778735
320636
913978
201504
686722
863920
547663
619272
159332
556809
706666
666372
27633
187046
987585
476796
659263
877730
753635
957168
680159
736566
522183
20196
457986
931819
778622
983144
938871
907834
400584
686275
30546
859330
265282
566715
775977
114340
3004
578692
456952
276159
968617
392067
985956
578947
510640
494461
546589
706868
78047
487713
15900
460093
327615
399150
323404
567854
542658
706562
189061
244244
265369
564225
588083
282932
240226
284446
211925
28259
762367
145161
280929
371653
