653603
982474
180297
737994
745619
980134
867361
771296
18339
79189
190336
78006
922060
554067
359589
78170
779660
871851
472139
363052
532862
419201
936594
107390
294548
975371
197775
775700
753267
803296
739629
142026
864106
129385
880830
979221
896592
876084
373922
635554
408250
596199
984082
501786
398614
968401
735178
751943
938664
496668
476561
287056
92446
944799
974694
891680
513169
365776
598793
464101
723035
639702
474402
443701
977551
730621
320530
99402
847577
261635
230805
658222
513715
263695
402449
290482
760001
282753
814205
485272
796939
613668
290865
270352
847124
673920
336582
132575
457627
885709
390697
748316
469614
430722
281985
547989
389733
568906
57082
505102
534082
158168
877166
906985
389667
482706
832304
827809
703713
653928
989620
40816
904649
677640
197342
750417
454773
953642
638565
615456
765190
563654
810852
258717
918335
822502
554365
522575
251329
970709
101610
670917
31007
640759
685922
450808
98973
238578
130788
15692
44682
310666
866850
804917
994871
42251
233293
554614
405907
19359
734393
730949
624548
792575
508077
591115
669924
433158
646218
549895
779702
762657
716054
574610
346051
709027
472099
590141
930294
49013
469984
168854
877072
504107
658748
775242
942696
528369
141938
943140
490627
101028
503222
3572
409484
820157
691450
513995
22576
903528
503837
819938
140696
338163
596785
463194
672068
260450
704999
446493
494017
170335
65241
257572
379206
61582
585524
147027
648881
522559
449664
566399
791641
182653
16078
399695
636367
975747
778941
747648
540790
807694
595112
794434
962364
641486
186287
855296
814388
391606
904353
195325
816722
574898
19523
789466
61954
703800
799488
272436
844581
184056
320236
980522
141417
829805
855350
764220
699907
735573
869482
835022
454924
779581
555361
198732
738805
712950
985542
423528
920488
867300
576773
174655
928189
892404
436945
39450
242006
318189
929234
604049
369688
378144
888170
364745
719878
637690
329123
774941
194363
655480
551351
649882
123844
982969
323514
966821
480408
217007
412712
145848
57589
303151
787143
735113
545048
285865
717753
820619
540376
610097
181344
76877
339551
587195
401773
862337
501766
198182
773128
705496
882188
527471
984918
480328
942771
797574
772137
364975
737848
466045
695242
689745
739757
548765
433819
285822
468980
356883
704236
250447
409562
259208
996125
474510
719885
580814
525227
705141
426300
752822
747544
156943
600969
403774
34299
749627
601645
397607
246049
133968
290729
845285
340959
163546
950117
882480
126070
630785
859559
273016
295521
992522
914865
806645
777213
168375
855479
612700
672341
314506
900155
881133
419530
114280
595783
942825
58907
828760
533959
415586
529367
711786
889856
995050
28124
649588
301873
243181
150858
664632
123524
55259
174922
879137
315441
112701
691572
390188
472496
278505
113826
316644
440984
809489
709775
422533
142681
8309
623082
969922
487186
80377
335613
540323
951568
165201
172597
490054
890661
920856
74573
195333
613280
185728
777243
754680
579374
94308
576055
393873
987404
63930
279748
985318
334120
238948
722908
169548
81236
73765
545500
782686
447205
22257
95433
1629
952878
326941
463005
936433
285716
669749
48562
609934
490894
662892
466762
20018
698492
967726
816249
150666
903968
841234
573871
82613
717245
375403
392870
906592
154570
592829
833956
929232
135251
421389
816429
790974
745965
103954
425865
486236
630612
862023
684205
281718
466723
475106
53257
881332
224622
320030
397293
384636
484159
670453
514009
643380
809068
511402
379423
742949
291154
397058
410871
878587
309808
856018
338719
50280
475362
362804
56813
714153
13623
64019
566387
238625
638130
652518
838861
398049
318170
587706
959689
657737
409022
98087
933300
641415
115017
97700
859517
474558
694077
255607
273224
200067
222799
10437
80850
389313
94367
139015
965436
110588
235091
71261
885558
605810
137423
442941
552009
751582
985427
560260
445312
311638
975088
695085
860340
664724
548008
111775
308147
906769
323041
848032
377805
46541
298950
115368
566970
634540
869691
222416
69867
996410
40634
947817
740907
825807
977999
811369
393970
665998
279148
62017
330183
8135
953706
608650
107406
308988
304221
268893
304885
694785
732882
448001
993591
275004
34855
699071
156940
112908
419911
529106
321326
26823
235010
459003
78471
103771
258757
547120
488828
663957
171514
789748
349328
511872
214847
255234
439414
841766
6779
628259
395320
992690
272099
118239
361213
11701
604872
554512
459578
401671
938393
263506
494776
124294
581949
90198
653181
81274
403205
531094
733466
56345
939410
328483
422865
137062
464771
707226
32
872307
571736
427253
880046
136520
186984
354749
139665
50780
170363
82653
948858
358400
819205
285266
460478
647771
780864
393599
756673
447760
854948
806877
279937
21884
254790
257744
492412
985563
101003
155412
834879
259402
891015
859798
691277
456039
503990
503903
839976
148436
863061
368171
681471
35291
369374
168152
521651
343787
196831
437434
550791
100673
356918
99403
352420
100322
656555
566784
558727
234500
508202
483382
57416
770125
335771
180939
647944
284083
366752
530698
497077
601538
53546
951422
897212
775548
153080
660007
331149
599258
85678
615819
421572
210545
556174
882723
598457
259248
825621
414966
727781
796997
595252
983108
275439
780384
913193
559320
896530
94608
184058
494465
165101
270793
777486
561754
622632
873926
840424
703876
259773
574283
88704
462965
102442
965572
806912
215466
970994
890825
790552
979128
810890
548803
485822
633408
111207
210024
792774
968449
214050
191138
683417
473864
945220
339341
897941
448962
26676
288543
557313
892914
892666
924067
804267
442493
883311
672094
717280
158115
948483
284050
289224
31624
64107
346272
515547
683120
785957
114184
35076
662346
849577
687437
259216
715683
91630
646708
392723
94331
590293
916842
321688
2805
493686
629765
563586
741095
876294
985507
508867
23378
351202
575983
191864
474539
350842
642946
88352
84568
157788
25573
689976
755382
424156
973173
840948
102103
264542
561951
992283
232393
766400
537291
628031
441617
499750
254934
250712
390135
530851
111543
472829
593915
44672
243907
563774
349861
90925
962891
715488
846202
45954
724067
31990
870154
271152
955454
859800
939879
861320
79349
942659
474288
2856
668070
954701
744459
663038
859961
941187
71473
172858
490814
271393
402082
272020
978354
625900
642298
83831
874529
619376
686492
41225
51557
681426
954954
285911
818060
898833
551639
363810
904216
922717
470771
804864
156895
321428
18278
59633
374803
3093
636760
793087
2780
499523
100940
160848
646113
100376
41709
922124
402982
650979
156033
766181
506959
928031
587514
379399
491139
441522
189099
992734
244908
315391
127768
193086
818650
547624
13222
295092
80647
435043
343665
310567
300149
412087
257020
87977
150452
839444
178051
671520
910208
771981
60909
909003
304710
358707
415646
277619
736711
656719
813800
731121
111318
567803
714401
652118
960763
880989
464271
674554
98938
862785
870976
667108
950126
427538
587191
669651
381326
257589
554304
330471
831889
785091
288869
354351
442350
785825
247673
506768
911933
445501
487185
105742
352249
774566
252499
892922
381542
777864
739302
857208
923919
674627
370761
782252
804201
313448
68224
995137
448340
243280
664488
556373
12927
210904
34860
87748
2666
348796
599888
175120
766407
909967
889834
984746
166586
62548
118705
752800
445568
315517
626606
155170
60651
233725
44687
986546
174795
795724
104922
649320
134505
644983
260607
916575
416045
380193
749510
549888
112095
498010
508263
489704
48074
182041
802872
518841
836988
551641
993473
843898
181099
396430
461547
316716
92082
876355
44823
700778
724088
137106
891084
298811
181810
883967
739272
660728
265470
607345
748599
927956
68272
668365
248130
553357
528682
125168
685822
131374
453732
149705
88069
306558
683468
813458
974434
823113
884295
372585
964006
142600
708757
204751
639703
779631
601362
690427
677256
116052
629144
677340
381956
831479
574786
769770
318116
412914
903244
814248
412864
201022
828374
890808
38594
892959
697095
656026
863062
767917
351630
205635
814205
246401
355140
572502
678977
3128
978862
737473
68483
636647
599518
930231
314288
872475
341304
948997
397458
838731
625426
535635
327555
244317
44725
238458
790588
573841
216065
864636
668235
766222
163756
895396
300131
643271
623018
79547
548365
592394
190185
176420
259005
561253
651252
979285
12607
211893
78327
586738
920400
838988
518818
950920
201225
725374
487078
317666
470774
508232
263324
773580
308549
348254
110725
526178
744346
370576
132524
874707
25856
238808
759464
906424
321785
372226
761021
739211
247478
977656
890018
115077
754786
68841
971294
911576
379032
528982
603852
595654
445622
536249
590333
351004
499913
481042
442684
867663
856679
59855
479660
498865
57180
174615
980110
712720
391100
281203
253279
989932
317208
34521
708830
70162
563147
261783
258092
790233
280628
930072
730251
40440
138110
551254
169801
714627
219866
992669
736758
183744
638798
952440
616848
838570
230695
627258
227392
270017
371338
950570
662845
766796
285865
821772
481039
416237
6353
686664
997038
979167
833759
775610
482825
211726
162131
362389
994402
24658
187452
771764
934806
118218
420499
811647
752890
764945
925284
644470
648417
432736
540007
837853
101435
220928
9645
444612
910424
137577
342326
110578
830602
585276
451807
130158
860199
895066
796856
985513
701293
234143
773428
640651
228481
882815
841850
277144
801616
62011
298264
515583
749334
390399
525143
446975
510205
920475
595305
767990
534621
199900
867327
656584
625634
30663
656823
650216
817611
570225
33459
875462
600719
856766
24133
683605
696922
423988
770822
919672
153717
458555
266438
563592
203331
175283
307741
816900
867175
72946
614240
411286
294211
583448
654191
945278
899932
13201
148396
520349
63961
971879
223430
37664
399594
500865
533939
248775
340806
277565
715836
450513
324300
661989
810802
17094
908683
904400
467774
47969
927837
123032
879446
98263
467182
300019
165836
869576
799194
405424
34368
405505
914421
935440
619382
244588
910948
675647
947714
725333
705512
663789
206496
533209
178363
266830
888864
252973
169491
504554
971582
738568
240771
918689
880016
5998
998017
30719
682072
202395
366210
349880
605497
645000
751105
916992
99207
33436
876575
429001
926327
223218
547813
106714
87477
651907
581029
345033
572501
569904
257278
655381
235553
721135
376317
89186
294865
985423
839328
616849
667096
517417
713271
972667
592091
397285
88356
281995
782717
226918
873665
806581
996885
413651
157088
777623
395073
359939
723821
263786
407892
914372
578928
117349
247530
675785
815791
56814
713053
166381
688113
753277
270416
164776
617628
613584
95400
59085
762432
202693
315291
333373
818285
978967
127648
239532
425726
460919
499718
257997
679481
315974
804769
653853
160078
892205
964511
10569
504701
358682
335224
983357
472917
83991
931972
821451
987479
870664
451942
53556
274873
840641
527654
568085
454726
968066
540509
335664
352034
629584
60105
516054
410796
512689
843968
171695
316604
637571
604546
37606
295436
955001
463399
683827
628082
885683
55287
933062
201931
997817
321624
507277
547700
236053
729954
525026
56178
779978
280847
351572
775985
273908
432590
772048
746346
155709
532534
607277
641565
593849
509271
964881
792318
880159
488237
642818
824556
153509
817518
697677
321500
182263
643395
681805
126612
835091
512787
535192
562196
202500
541306
951436
318543
741688
670168
247281
424726
604736
477126
450571
500374
667173
704420
380159
700600
945697
50190
225503
553190
438401
563885
137236
237998
724117
363753
392167
83455
822096
84412
420652
378447
623555
644834
134859
815455
298993
813229
885740
171094
406350
972276
183870
103050
442905
30955
223525
643230
786067
828943
325182
811781
439386
142776
580176
760357
964967
80
147216
915734
638817
631266
91792
744073
448859
494220
365574
823814
349553
835279
873653
645965
3258
637765
810618
470238
969642
523250
415541
350740
825479
474034
129170
415661
831110
152274
166259
378213
282114
460475
178812
243519
112344
632906
154746
212261
926049
1019
988273
106727
276621
429507
19456
138911
256216
274620
496819
910901
957420
874235
72165
867967
202003
516605
43728
59200
944471
931136
409779
674001
151929
763823
905438
339870
449930
331061
41885
18567
731560
980979
871615
288870
943449
737740
415874
101808
291517
884701
34140
459188
230067
598538
662696
715649
161803
200308
134316
968165
133411
879431
686851
445519
991456
16367
604780
589462
777099
734890
890861
307731
931269
126968
986533
875688
267176
730928
125933
681700
899516
39725
415594
822975
591763
315301
434355
970752
279810
64409
470169
852030
511164
752552
297431
313474
356556
190399
520727
682636
575343
420587
110239
215533
573067
866639
530838
574289
582160
786737
216503
452959
356842
54126
716561
840633
915040
245326
132728
236254
699596
995122
886092
316335
339959
121386
516835
621263
16400
741219
310166
384803
146761
710590
111909
161976
849423
912059
603592
298116
527652
500436
103187
436485
348698
383462
702852
318662
708397
762506
119660
791296
748734
94531
648568
189469
757480
354895
123868
885144
966273
509856
375131
877760
363823
581733
795509
64922
277412
530561
942124
636838
626807
758301
308149
769146
282144
146777
613304
508363
872656
192285
237956
369163
507947
468686
990035
793132
352995
736157
467508
922178
153202
431353
371227
676358
191348
822180
166913
863158
932382
572963
627065
493658
37215
913487
692817
372834
666769
776393
185761
832556
420572
246155
524467
697377
272104
866009
645582
29119
302268
649877
42913
44913
754360
175986
895753
862362
297387
499073
676031
378160
731794
870183
980833
57029
378286
806192
358235
77538
853632
569660
439346
931212
385188
23319
219053
181992
997703
169447
741472
638714
999303
936062
991510
548297
619238
301712
123162
82975
436329
191294
754082
870828
321747
609232
721561
586954
762873
918978
732872
874844
5122
171893
667424
277263
273213
328262
654630
903042
609503
320700
71611
984066
861335
635291
273927
132526
780944
633877
652930
997370
568067
82016
4766
231247
915574
790179
990356
953934
971156
761930
680906
10997
226858
895865
88734
725787
59964
6428
377682
172437
842690
483741
373012
198395
336322
129071
185256
650820
98571
541703
435572
553294
134923
169195
693032
52731
316878
146147
601288
25205
279699
523787
830679
243089
28620
685066
807329
567953
860147
915933
117158
370308
846084
803917
923806
890888
345307
90047
412333
858544
583146
343914
747557
613568
74646
884899
756914
18773
378287
464404
648358
254562
851018
887499
505378
98324
529085
815406
528797
34711
107511
277133
147348
540018
353593
824592
140238
926094
829173
180111
211339
421844
723841
840064
826121
478068
474808
447051
215090
690625
546542
664826
786149
250297
392781
46348
292127
2083
277009
593513
807302
370641
312220
847535
335634
5
747510
884906
947160
215856
181221
270947
931189
411285
465061
225743
618387
657485
610437
554600
64795
411555
555870
501465
900151
350495
377520
498963
213314
605280
979738
571453
310543
259426
6966
23624
133267
877792
42895
371296
245616
193299
431295
379774
140894
604056
412714
813338
994168
673391
459537
200638
26401
840671
462419
668662
581585
823608
466567
528548
569024
45937
815470
78192
517421
368559
74584
447900
283723
144487
247446
335669
637577
946522
119512
447653
233532
820223
429730
5862
752940
44671
150895
959761
909176
21658
474146
13909
697574
109095
10853
911939
381707
181112
136481
267461
335507
729307
460632
862959
957742
571453
256930
45
666008
99754
52354
996508
536066
387696
591588
690806
94498
234849
889781
909733
692884
48374
187167
122552
543787
454416
272288
280179
479257
367514
272454
547776
380150
301323
136649
987140
540528
605704
577028
144205
377488
707046
264722
177767
444837
804749
596481
337998
236623
465656
848630
961981
812330
199960
388637
41957
27028
853720
238346
323385
729373
826940
724785
979814
977162
241699
899326
218976
492806
265579
548050
281688
883814
540595
831643
536202
34199
47611
339279
968434
627239
778920
535621
793694
92332
418085
913264
828447
783124
735715
124536
581721
846923
396864
879223
154042
827139
456774
132941
846855
700515
438794
945120
333266
246158
809845
238771
198088
174478
944799
587298
441575
205469
95511
513783
737804
402000
992063
131756
331818
488289
18644
470078
47959
934359
349516
240299
355840
589588
374744
178760
505725
480122
619017
15809
121471
907259
275215
380525
421734
737533
712860
787148
450095
420710
38950
277857
372683
24841
684236
362086
671819
73068
914448
954161
388854
529717
857730
667745
341693
932465
935614
314884
753478
654337
659276
991369
199076
348066
792613
437148
957864
115415
689685
522468
512977
620725
625276
867221
357150
682763
95918
10802
50308
580716
969210
256355
559868
354970
136840
971182
951923
501520
318299
794005
796261
54508
865783
453644
47684
292407
768924
863062
674258
22866
196528
4603
61582
746816
364730
120232
128714
824970
924554
506339
222683
444499
16311
703017
875179
735480
527681
703013
138281
518563
434133
393487
817119
805997
755758
175583
806499
848685
80984
868589
702823
998434
885007
697831
40428
463416
647943
246382
298067
472635
75909
544141
821332
958485
849514
376086
85511
39941
222928
793243
56992
685087
26701
284998
649784
523897
410389
399190
593222
421625
389180
882166
720108
189433
507160
657404
633646
78420
576644
490811
390461
877520
438530
254597
756594
585512
743352
73280
362198
340468
771035
702627
896798
165751
734313
187534
859572
128197
720720
972612
34992
626447
332780
702150
299301
933645
974254
871308
473432
832518
497112
149346
799692
867199
160420
453854
600569
40382
660740
279738
321754
707641
419717
581266
870565
491680
660685
807291
104022
700100
646915
539133
293349
685666
152589
367471
330262
494032
969460
249454
39599
462915
658021
94137
605315
840699
686097
882860
532077
661195
889651
794839
538457
13128
557169
396475
909180
510926
261084
789856
227683
23210
821394
3542
881001
50343
842499
881414
60099
171960
751184
681971
861237
815935
891151
198867
602471
418040
132331
660100
584594
523205
399721
50349
319445
79830
156357
131506
486308
160628
514683
763027
276896
969643
747105
566754
907201
118418
597553
203295
750831
573432
444837
908465
171120
537773
449211
405379
613180
452778
424280
591737
651565
938910
497097
567374
745810
692437
218916
371788
308963
449863
281549
473702
961294
218171
274260
554165
631280
759254
143740
446093
343135
672068
335959
678396
715044
363202
997325
944607
624710
469509
868411
179104
761985
151626
297335
522895
427158
20923
254834
863900
360956
682427
331383
15407
518964
784590
770320
295908
542906
288104
724039
891046
318935
188625
259338
853223
883092
580529
81768
780665
627657
78846
453112
549004
564307
866238
980184
520517
424035
969851
245395
240055
524723
308547
236764
568128
832084
367769
404919
349890
5220
344892
188215
789949
537371
87377
702050
897798
839236
447343
366832
954534
862856
366407
37042
663122
564261
38830
346064
954434
400190
195337
92843
35439
39693
147348
356385
392302
305972
24271
226158
711332
235376
190213
255215
402661
851374
454458
67906
600942
162168
880624
316234
758458
186248
644822
330575
770372
603709
987150
121730
512219
73515
858521
265886
289307
440909
205538
715497
171597
187925
625956
449946
397789
69988
356600
75540
822324
17750
591166
426896
832434
66228
97640
159002
522505
358925
212446
281330
687417
707870
727249
665747
434339
700590
883168
121232
602445
366903
317792
910937
642545
198526
744268
860829
471618
780548
880521
737290
68476
551381
325715
138607
12838
780733
465802
299907
297255
487834
507795
89279
903874
879245
729068
357734
748976
23434
433424
617189
778393
978639
932419
978772
187438
766258
637627
7644
19686
575634
660715
653939
451538
840239
670765
346179
587039
280470
368714
432618
468776
391669
303401
305818
515702
554253
218323
805663
812629
700805
444767
736001
790227
502426
235071
770175
615960
443764
312677
27004
86877
571348
77139
993910
721547
139114
52222
409648
276016
338116
732126
195506
916896
568352
680917
78759
852454
941154
60857
998564
891430
136289
826048
134728
880144
96475
254215
257214
844675
862025
721343
679839
886972
644750
187188
377397
488249
922248
112763
660763
201518
378761
631480
562880
524003
604064
594697
252362
547176
791760
226003
433878
917430
372706
361895
119326
599076
292374
566288
412276
961474
95093
868219
695659
679894
141058
633475
98644
843697
983887
406745
580838
338028
107307
977613
131703
710788
798329
831099
391271
816527
446876
87124
902812
416410
801550
573640
847271
815586
629392
335437
952005
24363
817468
151887
133634
828223
914806
645236
713592
387014
28545
604426
849142
1151
68781
284048
758204
969689
1710
909086
979618
503664
439433
530098
799383
577959
651303
927767
304327
213854
608972
920243
171222
696144
2849
165614
84106
487372
806509
333051
571205
935310
976482
365572
330671
467066
785300
675958
89970
196340
382148
343846
93087
625694
116635
382622
858542
431663
414706
937481
58914
375405
64078
364086
190411
907783
448233
633868
34085
605841
453291
462731
259230
924188
177144
977082
934453
144753
54883
268147
833470
698602
338496
596999
246146
454958
787094
520655
679619
714631
898291
644496
757916
219106
12250
968842
744135
30626
159512
873629
958713
846560
953269
587929
477288
854147
919557
209057
731372
977401
147038
366458
596931
519951
695523
579125
261295
104883
174399
877431
966266
845123
112750
993954
851034
475857
505269
301282
350319
691766
791346
809750
945896
530896
543758
694616
824390
132249
367054
516651
720505
847525
676553
70912
337830
695160
824116
584165
248074
813185
206361
162315
166200
587511
105702
524146
736446
234127
733602
537523
118566
680023
334074
645929
390296
405618
387962
557117
981085
57776
207191
845901
207806
178569
21225
669561
385739
631031
846710
128970
538679
631533
947176
449534
827424
372407
929633
112884
389741
840303
774629
599920
324881
396953
822198
991628
426156
916188
506301
802236
355088
752222
758692
948860
800608
572922
737920
950424
651541
255905
800620
741079
994970
198090
832561
411333
805207
144599
905057
326108
94028
418950
112003
403087
756243
496592
806248
128242
962183
368417
397980
37769
670596
135157
375352
139179
628932
162764
653397
787794
346600
777865
370267
847874
945048
178157
113207
519124
185537
513322
437099
921247
136957
296935
217023
859649
723473
357648
911637
862031
635151
981974
676378
787223
308508
458890
659800
73358
535436
997329
888041
679323
888297
244421
159047
705151
687443
75113
84862
889055
124737
463046
709058
534575
445413
883942
417501
675005
327598
522412
160896
836439
169319
995790
361979
358106
851965
758193
588680
70553
139357
77600
38018
975718
380924
809000
46451
852224
592176
742162
75786
964761
856508
752126
543852
941570
932393
751192
894049
738293
492623
320954
252079
45631
785395
534494
385348
679944
735626
989630
414988
941696
803676
492810
323043
610280
701188
119045
339556
926586
769428
362493
639072
524406
66069
904677
429867
952203
101675
872208
414800
400478
153687
880268
247716
840121
400855
559449
584120
494099
132968
987845
449128
775416
410859
204389
441616
135509
675429
992690
787743
390626
302369
32125
469635
394092
78896
857616
361860
879230
462801
192611
713901
799595
826091
63992
154532
519163
977911
613524
360987
964272
430970
176858
166175
716915
689008
866309
810126
546976
443205
347841
908133
297771
47612
876583
173239
518253
736691
815379
297210
837647
589373
427364
26684
589457
649839
535440
364659
447928
146487
617761
548273
220562
459173
32912
159158
416231
248461
907324
509408
577790
265413
125511
330877
937993
581578
188494
211137
318190
735103
759811
361811
937266
85781
990824
399425
231876
527622
398377
151125
892260
876730
494487
802687
807854
338829
851389
967601
724167
103400
35169
164234
649506
682316
727192
298538
973680
100013
197126
82276
727714
583291
389746
867537
757404
295355
899522
123073
143287
58452
444759
828621
665651
106406
744199
141256
35064
471957
748915
170324
573959
583780
35333
562960
940802
534331
446472
668975
905812
496139
277092
779236
713150
476168
591860
883129
878207
589909
578822
327103
953952
179198
947502
99360
140953
254302
496071
105552
745059
346721
518600
869858
855899
117796
57214
562935
47184
718265
120363
810705
677673
490054
338043
30789
855990
886605
144991
649359
563281
727750
805833
377216
621552
85416
576578
966098
557963
753926
479531
583452
985444
253782
622350
55584
765112
371982
96736
866882
111296
67944
101909
681620
510756
322308
137184
621964
419901
103019
439366
613015
629765
178609
7134
753286
591966
761973
892839
477415
597627
989571
789574
710127
616367
982488
69018
227666
560528
327237
515389
150453
387655
290412
387098
381947
845495
15079
805478
311420
578504
257993
494717
305172
855247
967996
594649
894679
879836
440137
383409
425698
964703
187255
318444
393869
335543
428042
560448
383356
575001
261548
337516
831829
918233
444778
350478
243404
128664
230229
231265
531993
480331
14857
476951
805579
55779
37514
885263
911350
745374
49994
591156
295624
942698
838855
915633
986554
25841
531345
294420
460322
956742
21481
871422
290597
838698
738245
929412
425289
123834
211313
141222
753960
539961
777999
546410
985920
315190
124607
280596
778664
643802
697433
432899
910621
669840
401239
534379
95291
683601
744272
682666
880711
80139
782111
788617
892201
795501
217634
188114
79479
552145
257054
685897
860396
697159
848576
73864
986359
820090
125566
226746
463408
320066
5660
931828
617253
420037
659403
368107
924243
87754
376684
209430
748464
949532
710194
10529
781797
862807
647269
461130
440601
805202
278786
624476
825513
189609
300160
867974
372852
362533
527021
401496
500818
823370
95735
204057
749348
859582
880967
293511
404806
951569
338056
237804
565601
559789
337798
504281
30
250139
27633
327554
164981
504623
569216
916021
183075
359058
636274
639672
11386
382954
837039
583359
404690
19816
915277
310343
662749
603181
503856
368978
241497
527770
375305
858495
536350
249843
100799
885957
368215
895406
685930
164684
947597
551966
844475
589800
183327
36471
364090
59762
688398
778877
437544
427973
692021
926734
140803
9106
918997
456
680744
188705
262542
81816
90770
686373
102826
209248
489728
900218
309908
299588
909301
81469
806054
639762
275481
440328
256352
476939
702845
955336
448116
188498
665276
181053
708029
355824
9981
243790
686800
901634
971156
161351
784299
236800
38152
412016
355979
199722
849135
354571
311066
410321
895222
784233
420548
605759
145405
968809
647594
226436
692063
230222
94320
72734
601487
527612
869489
600004
662110
982479
776082
555599
726809
775192
149556
866373
147662
974006
227139
658628
305647
250124
832939
616328
15632
567460
362859
862745
12811
181984
359809
185492
81667
342488
925381
304851
155589
279637
486418
494460
924874
988073
759007
487139
140953
140649
894123
179421
581961
231497
136599
468386
311844
465106
478029
856157
947304
524290
512158
220628
566311
186432
914346
539311
425678
924218
280888
911399
21058
167325
871270
684940
674726
260848
370746
604658
121785
715534
956502
967225
19421
708478
357386
944312
900594
183920
445252
256006
730401
914775
908898
71524
403125
574877
608168
884810
154019
670919
190733
967885
663658
50535
444720
459561
996373
993336
931816
123569
699038
725913
130297
75088
851821
707497
836066
684603
489790
682747
336274
463605
78816
884662
664699
163326
48217
91596
851840
256793
233447
209685
770376
678457
861793
619335
292468
631239
628476
197588
17453
367314
287338
606177
43350
872916
358429
240350
245089
155101
946602
573254
734717
60255
167752
178421
892077
670869
897335
155233
454196
285648
806589
302390
816685
414111
181067
710994
685943
722010
979519
263002
730316
802315
515459
847287
830579
597434
180050
33905
459468
907284
587675
337446
685577
956343
124030
817254
141116
371933
884275
595310
438922
868642
452810
929536
215359
131123
33676
370779
857788
812437
77057
350044
703883
15951
912331
380593
333523
693366
318512
130870
846758
243603
569653
222510
816696
93938
26341
222303
954091
571786
522993
860618
291461
325572
910833
872645
934467
682602
286473
660023
2887
176557
603495
67376
611052
346706
609896
140898
59002
895419
17882
853120
915957
966990
699292
557618
425872
551108
189986
302834
828927
197968
353813
761414
254186
715177
423191
79194
345917
863094
224932
789753
436060
98261
218068
952168
985204
973705
902716
361311
631789
440062
73013
458085
230651
995961
52148
914375
857172
371552
314392
989620
816956
61859
19203
847032
699068
472390
575135
977043
682097
673357
229314
838070
426240
473219
579820
462745
644583
272870
955245
14651
940975
952690
19812
223095
811901
194696
76258
107456
97608
443131
947820
766009
45861
872248
841759
768243
770623
918927
755374
702212
722338
23842
806727
858496
220022
461417
689493
61847
683848
985311
620574
953931
943876
13644
367307
542924
190911
937904
471688
6193
212081
3593
945666
95125
909632
415681
195277
176908
302583
898488
980456
661697
261717
723753
720920
604782
225346
219579
866992
361270
781533
168678
668466
199394
934704
366912
515216
586102
49541
988772
620491
931631
260306
646141
598781
393820
150991
423412
632754
741206
488488
801652
20848
591390
744270
72342
92439
97617
515369
840814
466019
357130
976552
91569
477711
891924
634296
225921
393172
448074
896146
111703
694416
635598
692271
632076
788097
837346
512727
605124
905584
214502
793303
460664
857962
883630
64081
990494
80169
873215
747181
119414
420498
791911
793326
296435
105048
556534
260959
934597
752766
895836
394668
383679
862073
832545
905548
56106
841971
292539
994076
951013
288748
456271
553544
74167
279355
926215
727010
885363
500531
975692
80596
424774
397345
541728
352306
572833
465585
770587
356969
561981
50416
994944
278101
305807
206571
25980
862894
867786
419831
49018
577889
651596
731786
637477
432893
230758
550151
776443
49476
120715
962647
729419
93538
400468
748338
614027
214650
713645
275326
854680
47131
786720
630222
909770
300753
744316
709899
724147
126424
163873
614896
97141
882988
253163
315759
914365
599036
962489
993713
232160
717884
122201
71995
157072
337754
805137
715500
784954
441224
599884
588834
419200
602040
911328
497661
69774
389350
991864
431419
48411
181006
500323
468739
367486
614335
496376
568701
639530
494344
733667
812062
335944
999566
990225
150017
308464
283583
145844
337457
167299
124129
133875
680771
868135
498820
133618
778784
574432
734806
174649
204065
567368
108821
377091
319379
837227
225823
841445
119769
270337
622117
655833
266481
243592
699902
558439
375055
620606
774232
518639
27557
548920
296073
402901
38916
274914
270211
202633
770268
317012
115558
328881
237215
203532
487728
644470
626628
310606
348176
225512
597416
585685
861272
56271
32463
976692
254608
632783
20999
188558
221926
561719
49197
178094
763203
272998
21193
829956
203962
626074
420245
445117
743322
437526
491995
882110
673507
860208
885692
804668
174741
892148
997068
730938
633059
207288
45659
604896
731719
839678
731727
165621
509807
910143
499373
672186
864853
245914
853110
13090
994092
713177
556590
154545
209590
391131
545016
990703
854962
724772
214236
805321
801715
132926
194731
538501
276108
507145
842298
344992
256168
654758
213386
492550
504886
17852
254856
569454
91329
66341
707439
854031
693405
972857
258571
9218
503613
72437
806297
391797
492898
245383
576779
645001
689774
453944
930087
192906
691735
272694
619535
507912
442167
975357
478811
788822
923903
997602
492002
389726
595916
788540
993496
81247
68818
543535
492305
856069
229237
848726
611172
82660
917494
847372
486315
554448
661898
687127
66342
655195
230279
467314
561343
780780
862647
455286
673320
23864
646735
24420
972960
789152
179386
76881
375829
129959
356046
429167
660644
200590
729696
155252
248124
891663
407666
697960
441376
32306
826379
108240
672395
882766
847712
138674
531501
134880
330286
317957
838164
932097
448105
528055
618086
805575
136014
318618
584266
169339
835349
217900
260263
210034
960322
519105
311556
436490
428827
559119
389391
790722
166836
368854
414457
906615
405158
177322
548478
807031
280990
931806
189954
658884
209553
79759
746647
747047
473997
585034
691739
21549
322987
188699
158847
530115
883681
576051
990498
504297
352628
271093
860059
18774
541066
16797
351766
704041
918557
301453
914837
37703
34380
380406
952216
117589
517004
68063
603736
72851
128187
888469
346989
969171
85
318832
626639
343829
998143
724029
714937
759169
269697
412173
641385
320001
765137
863257
910916
797944
820426
944272
906519
817122
640380
892991
670201
675657
254940
421724
555468
917665
481820
804079
507746
585281
640854
679326
439036
858238
356193
573395
287149
871526
382470
843852
158429
869654
753485
807551
395113
716985
688112
785767
18536
388125
955633
40751
45129
453683
553479
866938
86744
640931
331508
805709
547039
386506
243634
862106
766249
739025
363339
648298
174434
393067
876552
595749
296602
147946
129793
155713
541224
313151
533204
187077
639723
371468
51313
506105
349804
469864
215697
68204
467295
52078
775686
548257
441736
443330
414126
664279
617659
234658
935937
303028
966715
668132
470282
184973
25796
703698
893875
814997
742565
227614
492024
334687
414724
707
170878
552337
683782
495547
628668
205351
187590
177303
964567
445921
170690
9598
249548
255051
556885
666564
472327
471271
28254
974246
442832
144440
985408
716000
657445
498541
770435
861163
593634
287209
35033
77654
51933
517163
457082
76288
56654
761247
193840
22320
355307
386240
874991
945745
622162
763304
487900
27149
731936
597621
667054
568260
726047
567386
255730
135337
772379
773247
579624
911161
510677
84822
717259
906585
863441
555708
197102
976588
287178
934983
631234
589262
181510
67058
195124
161231
120324
831458
195507
558287
945937
369300
531087
576146
605626
311782
221053
720833
224091
215934
259831
994845
355030
957531
45056
694304
892576
891062
67717
110258
437237
396564
615199
275076
526059
887531
723062
883405
134180
877422
22271
888607
417630
728247
71269
402853
387941
737297
4678
107900
770216
314591
391188
257386
776424
14315
14620
150975
494092
863311
646179
992583
432530
634362
994540
654888
190048
363936
860183
560031
82552
68096
168996
151249
805322
3539
296660
175120
839716
134862
28336
222957
393477
445204
225571
98997
818447
932988
25602
203977
658522
355322
993965
129054
646821
676780
44493
901581
452455
132227
626620
875671
751748
902860
811525
176761
378587
4058
432896
449640
848060
139730
757984
277610
516215
822611
755656
919505
626575
294464
461143
10644
424654
147819
18117
958603
312434
406687
151653
786567
371205
508106
876426
81611
226506
475909
161222
601067
538771
715138
938254
437824
984176
418897
377785
626245
496385
716238
413543
883858
651949
885035
795070
756978
878123
167574
995728
766115
476413
217350
977880
382185
746045
699239
562275
308815
416528
897632
923532
179387
214775
275581
4704
881453
901892
694846
297632
137684
368873
319739
304292
868621
419756
28594
288220
631353
445239
534063
487026
18617
309579
744791
230540
50953
753621
960528
340589
776182
404057
394832
765627
884413
72139
271233
318491
26690
894588
658126
556152
528361
999089
369165
167139
265877
727952
984969
630164
871611
387380
48299
862543
317922
412191
490692
133730
398073
309775
401529
226187
14548
92713
569995
51318
792197
113746
210817
854755
732627
966813
281653
475494
111450
285662
964089
224456
549886
894237
378212
751819
987149
41575
512828
317003
227889
54270
103489
251136
478094
875120
769620
136416
822462
259141
757634
166817
170534
577489
318321
382620
645493
64298
278566
891469
540217
357172
457393
209335
668445
466072
625590
67109
185219
163539
108376
882827
685434
281707
739331
911754
834012
700412
16150
419410
433927
102128
186860
597410
485878
160141
573062
37035
605499
171495
707094
922898
967323
14199
678826
411732
262406
462596
494644
369157
775985
180414
307314
897649
286162
22442
990014
470883
921335
417078
125748
271811
770756
900206
626555
78618
481927
152647
902770
666482
504889
698329
686265
930777
296468
740266
358041
935940
128140
79589
595537
671887
461675
447850
523646
634978
702796
640191
596454
239408
299187
165668
277665
206041
37704
846595
353124
80047
725806
385286
820587
632982
411332
250819
546050
49349
653752
834195
554353
329449
24515
409984
968770
157096
55429
933148
463344
839810
461885
357422
343598
150228
690020
389576
884752
890679
755047
541684
149914
683845
291328
437068
633316
420668
207920
560105
866342
808890
49499
980532
482214
455848
337279
176472
640891
132340
502482
353688
335101
263862
787896
707644
740875
256500
904478
297511
899064
974977
748406
433924
596498
475712
713615
367583
60881
245702
851344
409808
270489
461213
906960
425041
990572
320869
309973
930609
922735
61590
429160
388577
55767
785632
452753
758828
818672
221747
536757
23940
929674
351898
59656
114487
905984
281474
407856
33217
943398
893017
891960
689082
173070
717010
970797
104624
627255
626117
8345
264015
381331
639410
445145
214781
218100
497382
529245
529667
324818
903414
557820
327461
725243
921640
167922
43986
954072
883506
32375
572982
908503
201562
350396
444013
831290
316732
376773
833235
520764
726890
556957
551479
266907
905197
489915
83758
20487
344234
215280
562499
938981
764768
130057
634316
436096
146510
458695
551192
568717
550002
413944
347908
577241
580139
437809
54701
154385
562368
937707
573055
363437
801337
174712
608044
580859
851883
932448
386105
573444
181138
627420
140018
887068
380246
450606
972670
142923
818864
643291
329229
298963
125862
613638
631789
697502
786226
796203
894332
594630
970177
557940
147192
179328
5463
162427
943410
566118
689167
198749
658594
520927
512768
50807
822163
122605
899964
718016
350143
393938
38642
622659
138357
26144
936435
260599
271862
979548
833489
353468
597600
600142
596900
92981
37634
709800
257702
845948
446670
354832
535806
152646
497452
620172
553178
707413
463275
940809
444149
611220
54802
812424
273144
301522
587989
119654
122044
189854
970019
113798
351598
280251
425564
665629
454220
559680
657440
485721
558412
314703
86595
973039
733723
69807
28508
152704
452034
562441
647549
577895
587557
924540
203197
229089
822630
232413
92592
787929
47014
864398
730168
170576
401772
626937
76341
75750
949534
922410
806296
746311
4331
435911
140373
666165
172939
750572
348983
712109
971422
1895
153805
726713
159345
198669
22530
466578
237344
373559
357770
653871
779733
3228
795320
633070
613806
513420
657645
566558
513085
778823
371372
717543
109033
180600
339784
901654
205617
807761
813566
953801
649361
613700
125983
619379
747389
122139
569190
583373
238474
513140
621992
845594
941548
575389
718121
295893
746138
482632
752330
810360
382222
556203
375072
64235
563624
257975
643937
306888
472818
93298
972024
107079
28350
905395
920120
26251
936300
216185
377644
318920
976072
454569
363085
442447
594000
450915
535565
862263
83731
857792
384144
269610
826740
25641
817146
505481
754382
512535
831331
702461
241
267106
252967
932827
370635
510920
304219
756467
249891
937277
512986
30837
889022
220969
825789
370945
265956
966851
528105
275978
808060
943304
174593
390565
629460
523031
667452
87412
557117
727660
849298
652521
624915
988471
848209
90681
438491
948440
523916
107552
958149
95738
939378
153482
385616
118793
399612
172325
280716
117457
50240
333761
172219
33140
563555
165984
171409
357064
332972
364576
601051
577483
302899
77762
76412
315075
859640
304662
663122
703735
400911
300229
876086
12163
488377
795770
544418
336988
432207
252718
157614
110433
10903
97808
131763
328281
24761
972173
961552
407695
726411
329857
194955
50631
348361
836410
101583
691804
64928
487332
476691
60855
297193
894999
125212
186158
979635
442106
217497
372599
925753
455890
182763
129095
810867
6955
780680
276107
861384
873185
516405
493378
710944
129099
173744
505909
725976
949637
80304
598164
560207
211481
549316
676591
562973
193930
984984
604749
6884
629052
670295
893804
472638
602243
701482
493270
609814
722630
308510
589917
610962
166671
135139
314291
277358
877107
570864
683496
550372
762265
233796
334528
407111
74920
607432
320432
432176
75153
92433
46773
327247
725110
74817
560210
754019
448501
579852
411684
370564
320598
697176
886627
899613
880525
926462
360567
613688
192939
596654
446196
920114
231527
873007
532404
705869
347397
706179
456464
754468
845281
731752
125051
497593
267994
23099
829626
761322
515550
708088
649412
847427
152077
422620
488242
36397
511180
312747
716642
227395
451049
958862
796334
153861
118438
141460
672708
221797
739556
115865
474402
305663
557230
504772
226417
114214
470430
443050
558587
482521
885999
385616
368585
286293
501601
445197
677981
442500
680003
334990
314248
58131
169952
423732
237162
427617
405320
412632
393476
372435
290490
498926
762555
385604
764203
575047
124140
201434
603573
18224
622054
860404
353567
198904
851464
101567
12357
204879
283704
885992
645796
787850
761405
322924
182148
366403
475322
489482
550530
600030
838280
284442
762873
995302
880878
510776
804493
325525
749824
719896
130707
460914
424977
281021
509472
199253
847702
330245
810157
905222
683288
518684
637284
253636
940181
57617
392521
529185
787956
324549
2056
605450
146916
145727
901975
853029
157712
328989
555143
106195
925120
870950
816685
419989
400335
752378
246055
89674
353029
866602
460301
220374
104593
718564
492662
515423
794916
5191
834340
56561
378028
831893
450189
778050
281131
339910
653191
418191
321204
275961
585615
264484
703874
324486
424117
627579
849973
645999
713768
777148
12138
186612
106714
421667
863733
283397
315343
771008
372862
782098
830087
581463
394293
935359
469894
929831
149235
163443
530877
513480
70766
839504
878422
396461
386649
373693
418017
98762
255574
579678
80918
417615
436633
754853
443974
829138
865242
397186
207843
742346
957174
326070
417192
842999
808675
902661
902246
812896
261966
325066
174637
816372
232275
467492
15187
880786
465816
464206
937060
348068
514183
444877
328550
277286
147174
921154
871623
231685
105940
915103
185381
553122
550434
589238
362234
871797
23691
320301
429347
898382
719954
158734
24203
756727
206135
345083
217080
568054
857493
650175
28018
397359
676571
58943
331723
152101
914340
16079
932304
566753
924342
937633
585866
181675
483220
996376
570865
353973
500800
956666
149934
773784
85265
102532
18251
995766
195308
135832
563258
752894
482274
941074
277631
414989
381222
412920
492282
21746
272745
903439
513941
183114
188372
252234
175942
518538
726049
311966
406337
399195
857175
248241
701310
554528
715360
276592
673442
842707
177160
592064
481933
850509
649172
542732
674943
113636
569149
511485
207079
327214
401160
313416
852106
330468
261315
31520
786124
933922
973533
592525
985503
101835
532451
92245
381957
495690
850323
876054
442115
671027
459039
227253
386724
872327
337407
54513
420134
812119
763507
939281
691462
482943
143188
534588
132899
68628
4182
882599
92945
646040
882845
96808
448829
957162
669176
458602
369528
258235
809662
793849
581026
952250
239299
726845
618356
475282
732343
11652
898409
223177
531932
503032
318090
496137
8419
919280
59541
599740
876450
636577
962889
952208
18995
313973
560721
5210
301611
14004
906826
316886
360629
313247
298739
707597
170315
35548
531632
490063
691984
351050
84027
421600
258957
854774
860072
304303
666951
362279
568530
20097
720377
554644
426983
391597
568884
433270
931022
25920
790927
375992
615856
760896
228812
259146
832298
479054
796104
634004
436813
408549
434910
254920
723856
21951
453978
34256
53203
187286
973461
847591
666128
331463
643698
274307
766240
607251
664051
480752
985064
716672
666873
633848
198110
687389
165782
88318
900667
881826
155472
8299
39103
833845
675125
15999
336604
53001
754838
377993
644288
28321
99105
164786
904962
35507
389663
557747
580584
237863
53958
766695
38547
600958
715836
630331
910088
765584
871593
471105
22043
610798
194359
276132
412410
503974
461993
633462
56979
590820
663189
634917
889379
551477
29439
726093
621212
373287
67092
362087
197554
25165
289856
65438
702723
337695
311852
542914
294241
615614
278103
812053
273341
962964
376400
522179
889457
663706
16141
914032
197417
957747
491819
710313
858223
859062
235587
807804
360979
245961
236965
326243
384627
369320
390004
720411
845356
794373
706590
29651
201501
907274
785270
294720
299093
911994
520943
839181
388057
526389
270455
16368
850963
261786
814829
99992
221337
76230
260481
154050
263449
715131
842663
801707
917663
263453
401016
867104
300227
520853
464165
903473
618290
985944
858264
316356
827927
149698
453737
947397
366309
698396
243513
755387
531844
567293
325999
272886
392341
681100
412941
939492
404324
151715
562158
77892
551081
447247
407838
483122
295931
921588
789526
272992
301458
440462
995794
446757
536567
195986
270609
716015
534090
46386
863401
997013
857199
791616
650948
907399
734679
7466
344122
930855
259558
62563
873037
987888
262406
554147
636091
785108
84168
475652
99780
662693
635954
812621
255480
809705
774249
443020
446523
615760
775228
43548
525849
812865
880970
265735
600192
978064
960082
465732
862622
719948
998549
49249
768408
225142
447594
59388
388579
838284
672862
426283
5443
697730
333125
895803
