913858
687892
151244
223976
459484
362205
48188
35407
651903
165655
150092
24434
593909
74694
574335
873739
606036
983650
753564
833549
944857
336167
387098
865475
434397
623305
168039
466132
743158
483909
978837
486695
470701
188115
703010
89123
360727
311672
999714
187087
523218
936055
886347
807577
497886
708583
37981
80946
498517
858272
563180
400854
50952
299407
420619
359593
435448
857706
56343
496125
694446
168701
372317
187248
473591
171042
918057
416307
325952
896462
325292
828773
479498
134152
406217
277213
885321
249014
703228
102471
649375
280400
493287
360421
589232
114613
16507
713399
734241
337564
250623
452214
754290
345571
81600
843322
217526
25027
231573
145211
189163
337765
162126
213492
864058
470861
262777
337187
36876
409973
544016
590893
420678
916405
540162
139935
746275
621597
225180
141520
543277
126117
131348
928610
553496
894588
200178
951399
521531
946556
93660
363424
446443
190463
603708
141152
519990
498571
728080
783887
572025
330728
528077
830026
737375
534355
609841
221672
824758
21003
310244
832856
579823
69128
988618
86566
38322
759691
818664
501468
61596
473168
298352
581637
723222
109345
721322
767629
599699
162373
808897
129540
796774
284821
706600
357377
953917
260718
403431
366307
885118
667650
615878
497011
112252
353033
875604
320421
81238
288086
725396
551101
399212
30212
184261
276111
865727
6927
225677
996958
508964
702462
951617
160934
205669
314238
604947
154230
771060
787211
44953
942196
45837
126407
454710
586756
913703
187053
603815
791620
796758
45599
501036
754415
578176
716891
383248
87393
914809
24588
987223
198457
47486
747645
603268
40794
821451
367080
329220
818124
755353
687853
128122
167361
308088
944990
666792
265393
701380
292599
981751
467494
271495
490091
298019
424212
64171
524377
826245
573728
736666
444381
98494
310721
455028
890819
239677
144580
590892
138391
679534
466473
327040
588056
891200
169515
653458
623883
846224
246365
646696
483947
326199
93424
162813
506365
595757
418193
736257
407682
297112
784239
601332
250630
573109
786906
390166
118946
309127
167324
701903
208069
589872
416059
927568
327133
278936
796849
754129
526307
214252
789286
441741
86108
349637
31820
479003
640702
591051
639383
305947
243644
419507
836316
246667
325168
57704
379013
901369
502052
398472
716655
394003
702077
505733
586464
738970
421765
73964
401768
548469
326676
797890
391059
257634
353561
65290
61319
63175
829450
652388
337857
918375
718374
164752
846247
370416
883427
770191
147593
753776
17018
765162
593720
586728
193419
474188
698115
340153
876397
920970
212427
311419
346390
928643
37506
8237
421924
976931
187972
656902
744006
427009
480785
395882
962058
192168
436583
917944
902211
929907
505848
290304
686422
512402
74829
484050
745889
734441
233015
75058
893001
972631
66477
433511
486303
816212
868359
198322
747439
962483
841430
407772
711844
135495
582942
500968
698715
417634
856177
63976
858050
433272
919080
333036
365
717091
476993
617877
350837
785152
479056
66503
992845
856886
824547
324477
697250
440407
588215
716982
957998
107038
842960
953805
469082
142552
435833
938022
7950
763040
78488
774020
124822
84995
327341
98104
521970
388290
816999
589364
215034
134325
58275
919166
348716
307852
631362
256128
575764
529649
802725
663036
232662
505801
780232
378652
864795
13082
701496
799015
974230
271111
514226
980752
136498
874998
184858
752617
767258
902930
275413
640757
411556
613356
665347
983706
150555
356604
159068
340405
336551
957318
487590
617992
342811
768024
541584
155662
152091
748592
685550
663280
880744
225850
217362
250128
993802
642230
470467
35330
519449
627896
847581
21594
86439
873161
666949
54688
131853
111083
182150
769952
132497
886458
234061
853662
384177
290798
457277
920743
320335
265917
809328
230915
147512
60061
202443
64583
93074
808679
443581
355847
286818
633815
185108
538280
61048
862704
976764
596946
384183
514109
618196
677509
333189
685169
758062
569091
784971
750192
887651
234091
497769
958183
261265
257446
912186
915670
189875
210426
329855
722286
469275
55676
907562
78868
689742
545186
859401
875141
791356
987511
979661
755925
867546
806887
118263
459536
87710
349562
70302
747777
581783
687070
526111
79824
765606
309532
256993
245830
462492
782317
226563
168173
458098
696870
781861
4435
281375
955598
712976
288941
568986
253264
914243
534039
586092
417227
29275
684281
596208
818439
222813
903430
966698
965251
892963
246558
628482
50858
594722
364179
150108
128419
53140
70537
440405
348999
22022
513335
385755
890414
990464
196746
254825
209698
277196
131112
502238
318965
770981
672977
164089
511087
930429
874594
141683
707551
934315
792116
319545
701906
766256
290593
592645
674274
518948
133926
722712
1830
426050
778148
79958
764935
539597
310977
43453
291634
741405
758380
790915
110377
520201
695037
637772
294453
430322
887226
770437
968694
558378
43702
429088
578970
199040
125843
262060
491116
457641
453161
145872
558084
885645
432127
104740
366237
101099
789878
577067
137859
345257
651718
753393
840171
33148
514015
64638
237661
141872
840369
874548
830604
879764
101383
611658
807046
358854
369934
82981
324678
501527
382772
88784
821095
519514
306540
322072
597555
471182
758542
360839
449498
562661
145818
54139
576318
776688
56349
28193
832043
510314
209836
812243
133476
669342
601613
323404
562904
746165
958646
926596
303028
716192
473197
861357
546194
822878
452494
686728
115151
736170
266731
97636
85946
566533
206669
616308
433639
629147
468697
923276
694884
57621
107278
223864
2947
198074
304811
193081
139222
636738
538094
954205
653945
355449
502966
941113
199561
895117
221770
212102
599475
968244
974386
625430
852775
9340
654723
106993
736554
899376
789369
298640
269771
193124
687420
744373
333421
216670
830597
55973
277251
464929
359386
199428
715803
511127
773877
148107
970129
879834
435907
188456
951524
764383
306632
937586
108965
284543
846367
211910
346251
268195
41055
525123
298084
715020
194330
584480
100198
460029
602623
235941
582180
238661
764127
418316
179996
334125
953100
81717
201517
417658
614301
624320
639845
311839
754703
675019
131512
886850
915270
950792
802894
531753
904945
694713
934259
71617
290443
878795
144114
803851
6461
424972
657979
956835
518944
727179
823105
699375
47457
44811
626081
180640
3134
522083
940028
362216
679085
282997
619493
253368
570139
585993
115894
398068
881553
779781
599485
313462
57331
451659
883092
396988
757091
778159
96014
731375
675458
991955
986957
991121
637206
164385
273713
582914
434375
533349
841195
633966
258564
607109
86319
187222
870595
382493
787464
340218
549285
441467
962821
223456
311927
415412
849041
413252
381333
671585
477473
460765
664809
5306
515718
233991
13073
97677
895330
23889
51039
259162
877687
221605
974202
637518
424155
794768
722977
764890
98696
764334
597136
679984
660752
366771
110843
473754
602605
328024
557047
708342
98742
953504
466680
415250
793710
377093
769013
869344
995703
307716
411560
380950
45988
367938
690161
725093
193004
488921
190746
293075
465401
619780
700405
199479
595104
606179
988386
770129
283948
847018
501869
223939
743315
276012
176404
474224
469194
22016
683749
261424
831924
529869
944070
691053
195893
759352
785807
913117
729126
989734
524817
231132
769057
324144
621498
484005
616571
20835
866320
826732
730705
810800
702363
719708
529467
746679
901280
506984
180766
591274
574407
465168
668382
721761
747102
313714
572336
151418
401014
773578
429069
325675
655659
255048
593986
97702
22914
104397
172132
453991
893547
577601
748322
718749
176357
762899
66099
154355
218496
100814
871598
169593
20670
154837
284792
511540
740179
145787
700631
582974
732748
326337
853029
544731
758156
302701
988705
645402
701552
350723
272672
431461
728596
975971
692833
326885
108399
651262
488125
8532
896858
792566
818877
654816
446574
339730
387910
830329
742602
357082
487791
920504
412148
11925
36531
746347
343639
111709
649858
797377
789930
481180
653426
512783
333810
179365
493458
250684
83805
256881
349087
112079
147407
183668
571216
65299
105531
252635
309004
830885
771303
404773
183612
409242
416529
747227
490618
274127
457392
350509
81256
464270
640339
845611
992990
758425
310438
858012
503995
739863
15956
52735
942364
132952
817734
166428
117611
320455
939336
336645
408783
884395
815949
878510
557825
103641
676361
387622
606591
941946
272508
920945
822681
2037
28751
109124
972328
47929
32855
499229
375774
425448
835702
285820
865145
14819
820832
643713
62482
399790
405819
915555
997010
560768
447584
859594
904323
820906
635391
951883
167492
740961
436383
403134
875799
407914
976258
350332
457749
932321
36262
416890
694017
173413
423080
332989
207225
870307
801988
261817
515912
236734
566007
929930
345113
883288
773701
888846
745094
6592
407639
253533
616975
645432
297212
671845
461479
474913
119184
776039
778599
402885
138106
691464
701158
557761
523151
301461
753632
647757
811284
669398
408210
409194
205344
291341
180776
534055
194144
539724
975694
476111
600116
647792
729251
899442
235959
106109
