530285
167069
246954
352583
852418
527997
639076
93588
828188
272432
707852
704689
865805
636975
125338
363682
999939
259652
680672
210232
177617
997669
219164
118968
740040
99189
820972
208490
652351
675154
763297
655743
975603
538972
927915
868063
297927
482436
434164
49039
530348
445708
139530
880892
402459
634400
729204
855014
799231
474833
286821
88044
757105
303658
279566
495856
955419
529201
213966
858342
863934
154620
526981
355326
120718
547308
893574
149292
591290
31179
658603
430032
955594
196606
449794
307527
895266
794023
218596
672078
804515
216793
761638
179725
435761
745976
371625
374088
386127
470701
631117
775709
17509
960388
412162
820859
748132
286882
598206
945760
871552
234662
527947
438028
517532
516506
916536
446727
10692
218582
858607
280716
185683
774385
264103
345553
740917
384165
489904
410868
863111
868606
863851
993987
431771
707391
659996
573288
738199
944657
189144
252399
423933
941672
951193
410934
899973
820277
139824
331056
154854
367745
447129
79445
74739
884717
547242
538986
645154
166339
680934
181288
630249
458744
311342
45836
585217
744641
976983
219322
795405
661326
826839
860239
668371
475879
532056
78722
447272
989282
403503
724277
4139
617342
863910
490014
149031
14816
695605
414477
197084
192871
797968
617177
936728
803246
108058
44267
503294
831197
87927
843110
160488
508460
20478
67826
737193
268406
479950
133860
426923
27381
971448
201931
962295
811104
383002
409242
973140
760606
363659
770733
612166
895141
970930
820985
921655
555124
24177
390933
884404
904489
792383
408095
17550
421184
975700
262540
645345
694632
525309
178512
455281
45955
380431
311782
63791
357435
621240
509245
841244
425148
282737
996415
827013
871185
467983
872638
49068
177503
102713
566013
216071
199160
142516
903961
919714
730077
310682
760787
984351
85971
711914
568315
344606
25440
118584
523257
516215
580322
184709
251771
156132
361357
138089
933046
317500
54655
854061
822107
187994
375682
651253
61657
48220
876509
509978
150920
746247
812119
45974
452665
78024
331401
873432
149271
982421
127903
718712
871225
558130
386347
755013
299976
596112
395877
910713
576840
543888
122435
573710
478724
857381
631025
101226
782554
452823
586222
323253
414496
809059
177346
701067
156466
374464
203039
758029
276762
763004
466004
786258
421466
825157
316648
716923
840536
367620
952025
7524
746791
176100
235569
249143
837166
697841
865921
574618
753591
346331
87741
210376
481430
523353
674548
311870
908468
652650
722410
386251
440247
502134
488403
572938
750607
293139
398638
29613
943456
409253
933756
274543
140743
782493
469788
951659
398283
781217
145157
318219
680162
776460
124063
263065
258653
96844
263486
71281
897136
948970
799804
769559
457506
322215
658033
321509
411277
147777
833618
541149
577491
419861
596131
412893
808670
429598
63002
286384
675665
23067
122834
943424
397328
457295
453288
771626
186216
397602
258998
792554
750877
461861
881642
116853
856335
151475
361282
221606
379016
584179
549542
808208
146916
485241
340321
245106
562973
196300
417789
188744
982579
753090
943931
533566
622580
719688
230700
48576
689645
742334
788783
544812
117357
947455
870920
434345
891186
611774
979224
554961
451699
180043
40639
679178
618505
594293
978763
900594
289659
664394
404507
730488
437349
774010
440468
360584
15683
291738
966847
723038
60703
477764
43198
627708
981909
322267
153769
227894
132800
102252
353290
98859
147075
166064
555824
866126
718902
557550
343092
786018
131114
192765
419398
735556
765467
905447
749618
247202
222001
429162
188981
58442
795827
900696
902262
201885
375625
77022
637475
49634
758188
657121
380265
169910
520108
302660
672079
894625
624093
429638
878576
991173
118815
331465
677907
627504
869193
689197
259113
825872
673842
522907
423778
388166
748507
454814
321964
774931
208060
511979
254345
114351
446313
32001
805515
311608
609249
72171
634863
493383
850099
464931
130388
610591
226702
888593
295702
733951
546723
193968
974603
57687
728121
278674
301657
476375
451917
847930
966963
310434
555043
717991
215406
243809
843309
146160
439876
753013
57239
993738
534436
779972
603053
799143
700019
755380
809066
653433
284771
371638
175070
595989
116206
648058
176506
118962
367920
996800
190075
896912
798815
192527
620145
346357
729960
978942
796907
687890
411238
445807
589762
319045
380033
533532
781438
860344
577185
742409
491816
419558
10190
839449
862637
211902
267814
42493
157291
189728
695353
904007
592091
776708
230725
362589
53148
353338
220233
405512
578648
559435
258056
454252
152277
334399
911836
165458
437722
956856
39987
326561
382843
886204
725483
159340
179971
856592
239238
646181
792574
229823
7434
53422
171168
513402
401336
246032
7573
690073
707558
729412
326246
550464
802811
309039
675781
978268
408903
293420
408501
78221
152573
561281
317528
637598
215821
241586
327511
620591
866658
362036
357992
502900
799221
99386
321279
946774
400588
949356
940755
647031
308115
49078
539147
269331
154837
746749
795077
97858
71383
13355
985795
905753
674449
865707
488755
869745
258186
314289
848794
554175
689423
385264
563292
846818
387087
191023
160490
614614
632822
930952
209271
514660
295778
826938
819241
525802
511320
483402
86546
529504
807510
626041
970754
403782
556581
301376
646104
352885
842603
878785
738341
434336
898141
463567
171054
858028
364369
446422
222608
604458
186097
893609
517182
940653
534540
678247
830310
338061
410310
803080
94962
443190
117744
765641
636779
834221
233906
519986
64247
722977
32357
225089
648003
376298
537661
932277
431356
78624
346787
403768
297014
554778
595873
994537
690864
334018
269431
868038
171119
851346
982218
441715
590214
130349
522172
706921
615095
991004
533271
412222
271540
552355
954210
827660
98302
669952
665302
215873
209007
603583
541291
911363
998355
256381
230923
60349
472560
184119
691240
597963
885350
376653
967657
331710
521457
351193
158847
963468
820556
835302
215574
603607
489904
40783
833960
208024
385019
328758
893291
697384
447211
611229
808683
183083
314121
76964
557490
375129
585570
532960
929507
595242
520496
910356
777126
316958
415384
88526
752765
904806
858765
527712
237877
673202
373266
763002
767161
427800
426332
371297
609217
610782
726677
607758
76775
971812
510013
178277
451994
801393
9323
314192
763307
75416
165298
642936
409797
92166
979935
516768
242746
213291
755550
645533
30840
329987
374075
681270
181658
167552
262214
484180
528219
447958
181969
871014
165669
103714
313619
557972
525831
672824
970927
478109
754630
532807
617614
280399
270794
287467
154280
417890
175161
607632
801378
840946
306337
231933
958866
527384
757135
118724
424350
368547
857981
447301
604226
663032
407399
986522
920432
788803
818558
331426
140305
193497
840502
9325
104426
462316
923130
989185
117978
884202
664831
444039
252543
871218
653430
32981
316537
968947
641627
561305
729094
701283
974955
742174
955725
887770
96114
62590
211190
746057
601282
763493
385206
704665
60288
674621
968744
992548
836248
660604
426263
369930
24656
133062
565528
102513
533690
621759
850260
916189
445188
803633
940964
230760
713385
362071
267029
844638
634506
268676
955082
450551
679255
134707
49921
781682
480103
270124
777838
813770
938408
178767
908291
29655
158640
401344
939089
451140
162994
359279
292936
809257
177676
775234
310106
356485
198268
769762
815166
361817
543475
858719
740625
867171
92098
973121
630359
440246
834161
544300
176350
729266
263791
689518
273283
954598
329315
689193
36686
216639
694560
155544
57209
431594
996408
965439
13006
490446
160296
22195
717102
796447
200752
167939
245229
884385
444038
865730
816219
705722
912288
355570
29918
803121
436143
513167
995963
212105
982892
687413
853107
901364
870218
643246
78218
252854
734411
482332
48931
516823
474607
885631
418694
225284
311943
354404
363268
667524
664487
606699
733298
548690
631673
479027
182864
605787
116335
97316
328142
201237
334352
879128
892260
823801
521972
994151
603487
781535
820299
588301
843388
673653
116119
868858
402733
338716
855802
630967
640120
323872
686057
55408
971135
479121
436544
949986
251674
556290
835504
725986
269472
393310
395795
122759
940101
365538
829216
865269
893789
930810
593210
225095
954495
827196
207843
399960
439621
492539
983949
860206
499311
294345
330897
348036
7015
312077
636793
13235
352671
175229
922935
53884
919062
904887
477305
887156
599674
