447841
196230
230010
523588
790588
252194
552537
982411
600974
5277
885843
531759
615508
581608
892122
2337
562461
302361
472744
50960
1882
386536
867544
891966
848136
717076
445026
30640
845686
778915
581362
718271
272885
402822
33891
613260
952668
409370
489757
6481
67317
971531
323911
366674
923720
564051
186155
876850
628865
137313
363046
167457
271552
849492
323784
85939
273406
871974
621198
456716
82519
272358
817849
670968
903544
373789
141898
868503
456869
207122
452061
560181
697063
810
556831
439480
137169
159463
485998
56498
797038
65425
466252
856983
229769
395250
775870
507080
577753
654202
27271
843982
277062
42819
605564
971874
285404
655215
464900
409192
859467
103534
658478
196476
373784
670492
164655
523877
690020
662727
686454
821607
426775
527438
352622
980277
145065
216484
499664
850114
911181
910900
885089
859000
599610
780959
854095
891202
725655
999969
79780
855172
616194
197329
133029
680874
733245
1863
824330
28382
415541
560088
211225
479635
330993
811068
899361
548991
287507
376529
782608
988901
718222
728056
67761
604816
705701
368989
660358
322204
541659
205653
174014
675053
395005
347232
793748
832323
485128
649293
494660
239078
725880
717693
775401
315387
734894
381887
583864
967801
870909
886811
969427
46709
364241
6762
107467
425689
212284
921442
665461
113075
122462
759408
766759
436969
825009
126590
665040
421835
841327
495252
620465
670849
627296
742746
612092
321827
551683
826556
358983
180200
753048
228838
83821
780661
444872
963375
256898
854743
109170
418514
230256
599436
883411
613142
562738
55932
325265
995344
151405
831045
563684
909311
65062
112307
188770
644629
741476
453327
291493
411861
630115
34638
21275
677015
866098
244203
233001
902953
600874
962703
331260
215952
622347
366635
502895
380076
615348
426792
238930
561977
950847
703094
405725
118641
225463
746497
944177
439695
769398
946946
803207
805167
879712
972594
434231
549650
772342
116569
456039
400253
705239
849540
782414
827392
472729
728980
764772
178068
671616
504755
145384
775390
415193
451554
886413
824272
326838
834478
133378
154159
695687
198849
780317
476079
360912
165909
232611
228090
971276
22851
596278
688591
832286
504506
421980
1479
243888
471499
486696
796148
908139
287840
928647
723106
197265
179917
876137
125055
801594
187263
425929
868759
768361
904976
968859
128695
504010
649021
224273
104051
269962
873903
488843
939908
726163
194613
868377
104137
967523
177811
603181
56878
152648
894068
23778
744938
828602
106298
416611
458466
592980
69814
57
448939
282160
109683
204789
913197
810271
645741
303798
811426
906370
778591
89880
916222
964809
385018
98042
828329
608197
951345
432681
83688
660075
311665
968622
152985
387815
653422
516528
881821
281690
377049
136968
931280
4722
387822
604384
151667
491301
439977
311814
418987
532426
943192
509651
348770
267412
122444
79666
45452
951339
689961
935887
665924
308841
793053
617182
332500
877486
240045
632069
468436
235104
856363
39591
693545
96130
712772
133134
261487
46704
630326
648884
391217
416756
561374
535982
721237
433800
434159
601910
245845
797033
237567
739795
979816
253525
601723
560231
965439
11809
221307
541397
11498
677624
954993
297485
633819
427188
294394
778613
807427
718098
222935
876341
477337
223446
854837
586143
780665
886522
739048
905594
892009
776276
540086
283818
570678
808451
239376
338365
602173
712789
916060
936724
777477
103801
295661
543468
100554
652699
586580
716296
234965
750626
42832
555325
335750
755778
555488
698137
99636
648638
208826
156529
459051
113278
292884
502726
43860
395208
542303
345939
741426
697054
397587
57526
116296
776052
842469
691000
511577
36301
879190
399483
150535
79857
336357
523711
701149
628813
923813
819601
137192
924199
206761
624720
904192
886331
494427
697053
147748
950007
774380
429342
487299
993232
854949
296047
121047
950719
596956
977767
625900
95708
412419
740290
766655
309845
888283
443952
221633
874251
241478
168825
383739
277961
62073
704203
823499
103905
556816
587490
401996
944037
72955
757906
583700
778879
103254
491124
177174
188718
435351
975531
890024
901405
206368
829202
606560
149282
780981
723395
289431
604944
69063
926086
233615
770617
601711
737365
939569
115779
773494
393225
699567
183781
989457
389154
895048
566207
828074
743351
12138
558036
90457
504312
665969
326565
314930
967709
661133
655146
537463
352686
639746
964527
134638
964397
712714
275018
952398
32739
858197
617397
343827
126982
650224
322444
284785
590340
624131
674660
946084
787758
569141
724613
307430
447428
435690
434054
409338
984793
838060
320004
488230
469475
910503
751166
700029
492321
482830
682512
936538
301737
672348
793034
820265
946701
956341
602285
786719
370665
100139
601345
503626
920524
61212
484118
13378
438145
723704
585749
655231
317433
928672
613953
136453
905622
421162
842768
590650
89046
217409
872032
418264
739802
351465
117592
46973
756626
889889
955228
567519
155336
983713
678316
985822
32261
202179
763866
660850
545315
741374
597734
468419
727793
801613
755767
648856
976060
428782
616440
925031
233280
319430
954829
759690
526507
396321
329905
4691
766922
801752
170862
732598
866515
107596
45943
483749
228045
167054
451173
748665
346976
684001
741708
629579
980661
695959
36794
730467
153033
635863
332940
384008
322516
879872
896428
96502
35472
730152
450218
245166
884456
437886
422710
914919
47998
505357
76664
788514
939545
212961
339020
836763
355754
135108
988509
728603
575801
224801
759581
755883
629169
240842
580766
499747
22596
43733
897872
821856
365116
51553
132695
133715
513056
65782
992712
445878
815039
337355
434945
408795
172955
578529
734626
869213
381301
770700
97836
869751
407858
282065
827380
898867
700519
44139
907267
804538
140358
263784
990669
373258
95588
874609
414925
197703
701286
407782
739513
748264
11400
357607
202087
417170
249033
978416
283452
409474
891702
7196
302924
869987
997522
503178
432020
256831
940319
260381
803727
842834
408332
118493
201720
613306
431931
285499
867869
864907
281454
123057
314013
340288
544397
245192
120894
834380
744342
376307
939757
634766
632033
145561
521299
201762
682959
883696
843600
104467
323535
869829
230294
879535
243468
795672
637605
742324
540727
680675
208222
176998
676268
841723
635079
610754
541635
607376
839770
776972
891894
967503
87178
504325
340010
328294
95059
749113
349788
951783
847612
691316
142121
577862
462188
857045
385209
656636
786022
124986
272970
672462
147683
23707
827541
263976
530763
688947
136670
716451
858447
561112
19485
243750
2086
810668
137028
508968
475489
504428
186733
294867
734829
619429
322018
477188
122917
761159
122056
237167
187538
165202
531368
780000
351808
221293
825243
582428
221437
634709
494610
49126
956785
766002
676352
496605
721685
182726
598052
750979
535313
529470
332662
378520
971318
732267
981805
121893
858901
72202
201259
492500
873530
160383
572934
32892
86728
242529
495092
649339
452082
108782
146514
945148
776148
155359
281169
690457
836652
873879
529598
22490
341624
308021
229164
464794
486636
583688
458495
918666
848272
723106
490520
544527
141748
203973
21400
713031
910033
209211
915411
983401
917438
494146
400211
552138
400203
460387
262150
388540
302974
469155
746693
902353
941991
362771
250049
626557
27682
548994
91340
544346
369321
659091
806465
993156
549011
452905
167762
9124
180333
536190
147244
423307
467124
915859
641673
569524
702764
635266
882001
81324
47519
540847
270510
135053
258421
329245
520043
959397
98029
770781
472775
386294
268534
773472
946076
795287
372332
90478
562407
423864
512882
870639
57268
137219
407400
195559
261863
115165
917065
6847
522280
469771
625508
961662
394156
194738
798261
228567
173917
405879
191840
524827
424678
721669
906505
994127
917596
289708
123666
105112
960780
479334
602930
682835
353949
344438
681006
318913
761570
842026
848183
766047
136255
667327
220769
846164
652788
730979
185531
295364
543179
195605
867983
740930
343642
952233
487095
909602
276278
207847
696602
150059
913460
207763
929730
635820
618397
327560
790811
706918
259693
406462
528907
484262
710216
938538
632488
149750
309050
925508
927450
357353
528489
512100
216847
460117
984154
381830
544340
349662
823132
863149
403159
447916
775188
973219
893686
573886
130214
705885
307203
65560
983294
506685
2391
389720
344248
323698
604751
830503
612018
763387
452328
802762
252459
161032
716403
995864
29016
761985
165429
989126
310403
293600
322397
579870
940064
980537
866850
355343
589934
482970
348217
39325
226502
723789
293552
636153
243332
669306
175274
733995
87823
764201
382647
812011
930886
14310
899215
998992
450504
249341
789676
102368
59104
582885
859265
352454
913932
795065
513050
304097
832680
773665
512593
894008
840252
161871
343722
11276
556831
257125
948684
393798
87430
111349
144925
366544
122476
971872
408696
808320
887712
131231
423437
726638
452454
200096
713366
163494
63883
902472
701234
407417
209481
436119
883680
585134
92754
145450
35929
408662
997500
257305
192777
751165
496906
659584
847468
685436
517139
699355
899010
57836
683794
28491
398318
361589
537609
969013
90673
798404
819410
763018
172093
263323
90627
350561
518969
339330
577149
428543
896017
902939
759826
649273
990134
725011
574032
438769
847737
471861
233582
818044
455039
151384
390354
866404
963554
757497
372477
23241
743397
791075
968916
487650
634385
676042
69388
537633
748848
974136
104368
264821
269925
490271
315986
613865
245414
602957
914700
552233
685720
972861
622769
452453
12614
542921
578902
741134
905341
272381
480822
456318
285510
313224
440582
524916
745344
550156
91542
472572
288026
992404
28704
87534
176811
981221
445745
458637
649902
380781
709169
891471
255965
463448
64337
197500
142184
818882
54031
652399
647506
539847
150569
957689
820073
399413
662236
387941
69856
916451
63255
722583
509002
186203
42241
632270
671029
591602
693028
818184
501729
439289
964596
507077
731164
929548
268864
959651
701947
520711
308276
33512
764663
451097
742280
529183
423969
413104
987337
973977
825603
256468
155842
812756
913749
113424
532807
473274
330905
71242
507357
420352
614163
71476
115529
116143
757096
789723
154868
184960
756307
998429
993143
180383
943998
480376
389897
867218
813635
266621
536450
825907
90622
475107
686987
898841
545422
116599
730917
198805
321769
661553
877394
323672
465113
928867
84323
265906
980887
233994
617183
928373
76354
710023
17357
157752
490364
612007
97183
662007
966306
816734
686587
502680
345893
622867
247911
570441
369354
83605
100112
352900
36730
41963
551222
73524
369286
350856
664120
731954
752508
634141
837367
408040
742175
231753
693994
728278
181893
225324
971710
660595
405906
661337
623207
87915
62092
396969
243464
689991
143132
946796
418171
81579
344416
523387
363197
198712
153199
933353
998905
539986
675946
87448
714415
917243
327163
779687
678337
85918
668909
613897
658330
163240
379048
13617
278459
29457
941511
130473
390756
616889
321368
244162
69019
578157
898095
361382
598492
437448
525799
693001
157213
640374
915383
966526
575868
541460
765932
729574
692999
514035
288776
462659
942888
120124
277431
460971
946539
698861
818602
887319
918126
114561
835091
667
90916
167598
986363
283632
333381
42120
180867
437997
548182
304387
736565
667989
689104
363862
804230
262409
141872
782394
358634
893918
39066
923025
434004
834121
899754
961700
764745
849143
402521
126341
552992
638905
468041
189971
608728
522653
74862
911580
562325
538264
300440
173213
868601
883551
438561
57700
67035
557396
125807
50647
851367
471261
627238
535693
165522
510033
34541
722521
655416
742604
209116
136168
584595
791714
80255
621056
961946
226352
245193
867624
714164
582094
901593
414183
100951
455520
303137
254564
741378
528844
216313
477996
229331
837766
27391
999059
607109
243270
485480
611441
654154
271068
20264
12558
552705
78682
445306
877592
118548
759343
351308
111824
956785
981203
62155
693318
151779
369182
695750
946681
328268
659508
663681
823008
465089
763035
91353
726086
891330
463853
432782
129040
93525
455976
195634
953754
518462
686499
151917
359680
246940
963868
129962
441017
647970
298732
578466
124253
385969
878619
825091
697799
623823
377872
395836
782293
285319
373601
359912
106060
119261
103561
296020
867481
658411
982583
927343
785330
195804
142147
470861
792283
474628
729723
410456
577733
155803
591068
518163
66192
640981
507805
550348
240945
220447
401060
386206
802991
634423
210396
161248
996616
610664
405086
572270
837104
162529
939020
873426
908025
851249
210045
853134
689422
227618
72850
404040
324697
916207
538023
953682
930949
516835
963109
807190
499229
622735
366965
845019
117779
812263
84047
301302
459805
11577
775984
93199
254778
463755
174186
102670
728851
525777
531093
893539
231932
761992
39267
612784
285209
898674
456018
436563
871710
773934
372026
477651
960814
530611
268486
845030
351781
897001
593727
48284
418609
582884
494660
475628
405019
521725
434518
34138
546212
327567
902032
312193
588042
720715
52276
361346
923946
444025
746784
52489
350079
645964
753439
282233
476936
737184
627931
705268
639432
743954
607344
611016
524775
477116
624669
474681
995574
176011
603220
589927
16400
243071
263985
917788
778331
784511
666759
751988
160942
543063
614613
282537
166605
227919
10327
181306
414095
546665
153401
260152
574881
400374
405286
107629
463459
679893
781055
432297
749296
419401
365544
375338
139515
888118
913084
941607
565268
897016
668640
856953
371402
618080
284533
281639
984043
426380
604967
798732
229287
454178
939107
952039
959763
449065
523877
348223
534601
227012
392431
210097
261548
6219
845717
654040
695945
228295
289461
471
690905
616714
195909
399493
369635
98089
456325
643126
52478
370456
658451
289378
399412
796576
343901
358197
966274
833343
622128
787762
572989
896860
593071
348421
610254
39397
637216
219811
169566
370183
602785
365024
204557
526793
623032
959693
282459
78662
194056
482379
623401
803205
412574
326961
224666
665142
250219
926741
195732
257996
401037
129403
596003
531313
414533
899032
427708
794474
968205
226817
415838
772809
970755
955061
753108
640969
499646
316099
504855
742793
313090
973849
565649
679016
919822
437675
182333
272953
517586
212412
956202
744547
899005
614412
535326
701144
156341
745631
45143
202224
162208
236581
489581
464545
927627
830483
128861
703579
377565
897916
382729
842871
370710
23130
512533
193829
3206
827521
551420
529109
354014
50091
56858
3335
642395
434708
777893
187009
499917
164486
404681
619485
354307
283055
327396
375610
155669
506094
808411
262611
54670
167148
666455
667052
732596
986983
515296
686056
707636
22282
881364
572792
437231
297144
182915
403246
849179
829800
154026
178863
401815
86506
518859
871623
516496
36296
157797
113431
364873
177864
23253
227049
368522
32141
537865
886564
364903
713309
549341
26715
875755
129917
791636
577471
713570
567416
105204
111797
645824
659455
385918
969411
278897
433450
55624
895203
416958
847068
23737
84282
448472
255173
385249
858210
15493
413058
328882
549347
384420
120735
737695
157313
549598
439548
439440
716271
221035
418829
790783
363937
698942
744635
550514
274751
993615
558888
866389
80437
2371
831056
365683
102823
571065
382730
222097
835010
5811
539310
472551
266542
349343
582609
989948
825568
358273
719404
123613
135755
64704
440923
790073
861430
323082
380545
8476
545897
564196
288520
457542
106049
737041
601798
164903
704931
483102
594363
53626
678349
437960
42359
558907
326152
793611
215384
184710
955578
995209
353201
899726
167063
811603
588743
218870
681336
363478
430965
864655
226180
577125
929967
701871
207498
306398
400867
666282
236657
42620
942331
191408
291719
732473
3391
311939
915189
145758
914456
201747
151443
201256
252400
875319
826264
29144
641140
734602
982314
958168
633915
769632
20756
953157
613504
401380
547670
638749
776715
488656
939797
980358
187375
850695
719603
583289
887020
40146
2809
519369
17012
127349
886833
191700
704395
541549
502353
774341
394503
928521
603409
339523
311415
65762
698014
939513
385440
312505
399143
914819
554019
773291
939412
839410
898874
483795
505750
368508
946209
8188
880985
51587
745041
891137
180823
719936
29287
784964
614342
390092
784676
293895
264433
998795
806926
208874
870373
873845
181491
571777
945281
797442
613325
883409
809713
740017
517633
527656
171124
82486
709442
667670
719000
433342
562770
977995
894280
454240
819753
968398
488700
703201
744302
413912
724238
824676
392290
370955
274285
821548
454684
936722
925610
747152
444847
912918
845680
802554
508647
340185
4305
988955
226546
939827
906299
602095
92252
571431
676041
540264
793267
692002
42357
947706
602825
438159
573292
604866
804248
161881
513274
435795
199616
976254
900004
492511
898091
426061
978453
232127
894737
714300
258992
795487
364055
808296
278340
175369
263507
902889
915165
58380
292843
557969
816887
253449
640155
197058
369678
214233
864916
237801
881937
43742
311106
690779
193653
102693
738342
6282
527269
773941
814754
482595
794774
705591
539092
865672
261625
850561
604569
868965
859338
52289
465523
164465
301894
245506
666629
506755
89273
871646
150075
610318
103925
249793
593926
467323
206110
247509
948037
872482
333539
281231
495359
85284
92295
900950
921037
366375
901725
160011
635285
403631
222994
485177
56689
168662
609572
659802
822061
791848
304881
730564
225071
907741
118186
987055
172338
980723
819366
994275
867690
918952
993107
72194
894540
974033
97223
188719
555366
135194
97909
323162
80873
216475
59706
348906
816711
964498
824023
200389
917431
284099
581434
87359
26646
239017
811893
667612
714215
397143
6480
824836
950907
404464
888889
915842
595180
266495
216602
595320
987971
334964
982403
741411
91129
638780
993478
537223
556123
429564
897954
412919
864838
22633
345431
792579
648850
140550
350681
911806
342412
687163
800863
771178
940699
385167
158170
421315
821315
818498
882371
707045
197192
384266
957197
106394
795754
450088
296058
35524
394895
901157
93322
119907
231871
11886
323277
861700
20169
478537
906522
212807
491522
979571
302616
607691
143533
378392
205561
892600
351606
645038
267271
309992
706201
54383
195606
863538
832608
230833
839514
809237
78473
123363
453009
552062
498693
148326
904800
256118
755805
532294
884796
245611
837424
286355
529151
292826
739159
868384
52507
233877
104553
530007
829546
489398
970394
167223
448547
60128
277502
244524
280361
394286
971564
5066
914557
525052
243325
272229
173780
478094
966580
967695
261572
594976
819383
588527
400984
401994
442876
617986
705808
359295
664593
748400
799364
265263
86967
864631
130392
514217
362349
217068
964164
151387
701804
905874
697872
578699
504575
347309
107007
824752
24314
772917
644120
202238
842202
571814
809874
883455
390843
31988
248795
844381
990768
253660
506437
529148
779971
500502
97805
924292
935561
128167
353802
695036
188448
550290
458415
99666
225351
816750
829436
955639
658075
214419
431431
2215
927274
746606
462051
849862
81142
265716
337066
43878
377224
395251
969005
157413
184749
394052
649012
778675
292050
636573
592756
98994
541239
902659
439692
49078
853331
695644
926907
266027
832197
658147
20771
845270
836465
974772
781618
639156
586879
278215
589043
593470
729324
706873
992432
267854
84811
262470
206721
40348
664348
168980
493302
278305
677959
245736
81500
510172
234550
936507
577584
369458
149196
296167
486942
394736
35909
980412
616052
338605
188779
610544
104744
90123
349746
276786
287298
884828
873329
893983
292455
244896
741821
359694
682436
730604
36388
483014
757331
687207
766851
823759
328205
611823
343748
521637
865708
211481
386232
304137
47964
725332
692557
267443
592189
57134
618668
680098
1495
78257
238898
615379
920987
644902
72520
947664
754194
926969
867489
42783
142949
826876
813007
264476
249159
177478
51203
349025
653571
977716
300575
96417
549917
551119
24314
791828
639080
93838
604527
867212
871780
86770
292194
322407
833681
301455
187345
385245
186004
671403
728530
911353
52101
842431
719086
840805
743443
246618
306138
71901
951957
277221
914062
173446
486766
961089
53381
979608
224411
311501
347151
946485
285660
813955
162774
298526
181756
733826
90219
260283
636991
268902
41868
628439
415784
316947
88693
594799
685924
233169
480095
547295
415894
935441
104665
789949
125568
362958
162434
820033
440778
84687
718625
890337
609906
890505
905953
916668
532113
770977
921516
273324
814086
211214
690146
895358
343105
889181
727862
607614
536622
106638
883941
364779
526971
948700
492820
576393
345864
783002
175878
109078
71083
794489
825719
521108
462108
109478
10647
227461
453892
993936
922086
831925
752797
573063
938792
341617
874757
469504
427590
474645
366053
310837
260353
191171
121720
391529
645267
774896
471995
836105
806564
190232
146992
599790
22757
132946
568974
329343
635533
979518
878536
994484
668654
552922
763896
991477
231411
609972
138216
805728
737144
862458
985405
184810
71750
934573
727937
880413
872106
123188
158603
117119
526192
48205
492621
167699
498753
778974
698490
266489
962518
846314
393426
675632
126168
159775
180299
839228
796118
796107
359069
9827
640418
994351
661739
595089
580233
18604
672777
146459
842540
455514
529006
140896
633919
366520
766327
399308
474974
129085
727893
435382
827591
699597
988885
270313
357048
706119
351627
497728
673830
657723
725018
238314
902935
381241
265057
972046
657565
574084
449733
582728
564911
115110
850391
736336
970661
905309
455010
114620
460432
607475
171028
781980
887219
154795
706054
532675
694562
30871
340842
307685
106550
178247
73296
980700
962154
284956
869589
73925
550678
224570
504552
318727
832581
952795
880122
119923
995125
588289
333826
732807
52394
100804
808810
432077
643887
97545
189081
131233
925930
252115
966686
586511
282203
899955
430774
952538
331825
8603
688826
736730
279113
822033
83816
498493
517764
104447
846988
776110
87299
648294
362058
977042
958337
847987
426251
361839
909070
867754
105474
600167
70372
427135
31834
356195
406760
62660
442878
563851
902462
435707
693700
737329
537033
580173
116918
307853
749438
518100
554495
17187
468388
129171
756975
411137
432106
933317
652587
536100
739812
104658
536180
590586
519716
153118
896850
686979
231025
609916
106140
573905
141415
945473
819239
191470
612714
935858
644361
885148
70024
645471
53705
415415
544427
380809
176805
746039
898807
608382
162686
387090
296390
184006
331940
228990
904765
432118
109050
202452
839307
968097
356870
772304
967038
380590
566935
130421
459777
161029
279443
46541
861686
850403
117980
365582
800940
394190
277919
232857
92029
439330
759545
408091
977351
283529
210437
161238
873285
509385
606086
585978
892745
594871
94254
813741
293528
587401
515721
514410
236834
670025
699913
116805
300444
596198
607406
101581
604924
776741
930194
472906
961552
511860
752654
54821
286332
622303
401484
703719
299406
361500
294571
510170
134527
915008
830664
144459
831625
975892
875824
424689
933471
691843
205726
352680
128974
251754
216882
294358
172334
855122
126705
314286
799044
461562
86643
761747
296376
648524
229229
294484
280749
255986
268827
371478
415170
58306
38026
500623
43621
586645
336767
790510
562767
474293
790408
308185
793696
225652
113885
489422
730327
581850
682417
34667
395885
816694
347547
135305
780623
146453
464412
986178
338039
895313
986444
447827
914278
304960
441510
629213
805184
177614
23660
196614
309315
565669
180408
406972
113125
686344
410849
321946
492170
471231
110854
323171
869919
460653
650170
974634
653078
160957
195404
206228
886078
665083
822321
959478
366013
496575
74704
482712
966765
366915
296682
774683
923665
464790
616997
358518
696051
642986
174388
473308
375963
855495
257060
286842
942574
276066
657796
854748
846816
226761
632818
591535
554391
466613
939262
971169
513758
121922
765758
54565
713026
860858
429934
658962
974157
413965
377217
297707
309212
128733
491144
372537
372511
301046
108542
517845
466669
392219
646510
504514
698498
676923
687617
574070
197462
170051
759080
811961
84826
335629
868642
433703
632529
509045
493226
558544
279753
978572
651841
350014
707382
679270
364819
253654
787817
632334
395208
538071
822834
614106
218218
361536
155855
125209
195374
106382
238287
619176
299297
623779
478023
135268
39856
754562
585456
190009
818900
828407
749340
416729
678744
821972
216723
462857
539016
278037
69326
213973
367288
755429
664719
487524
894766
758330
975131
380518
750509
556251
217877
224042
822943
172929
938553
20427
580382
13339
19953
942154
704287
657132
49175
770168
135163
366288
427720
156554
85851
725276
88545
938575
329536
961058
434713
94845
524269
965268
806907
280487
219377
257600
161726
719755
510548
143161
543874
326535
404830
747030
864490
310764
928126
400532
447888
98027
399838
739543
510569
55724
502145
85517
876599
276606
804373
240115
842917
388712
52187
734002
788226
375390
59567
779617
250333
865936
190518
658990
29753
458908
641252
480598
770733
620195
208296
835729
38683
693496
459572
599948
156490
897013
636780
769358
881571
228200
614826
390780
534853
772779
490156
246712
474053
916753
474651
786723
143173
475836
575352
937731
525359
350604
309093
200448
350671
847666
120654
175625
368011
828898
783794
832276
305023
365543
511186
784642
227833
657104
981940
789536
657038
220360
864020
598538
176919
859779
153128
133098
188491
738965
392719
557342
193978
820509
496981
14264
378724
3998
540965
971102
598068
836462
810828
912850
850076
315591
938277
899980
464462
173754
476583
379139
258452
770948
326919
587724
423884
39673
744715
613465
933700
455133
251309
434722
553838
704274
880296
288096
20800
952427
351714
773622
788330
430110
402165
383467
582901
806296
681691
389650
282933
818731
149238
906635
589866
917475
702522
169762
76409
976246
371768
915732
678210
12953
205319
772658
933470
238319
58705
551583
832118
414236
253751
685555
194563
846584
392098
234562
760989
687328
831720
232503
723906
295334
932438
349465
559206
306024
291424
572080
51185
303358
41570
99073
137562
861517
602770
880756
574494
896568
233477
396759
912796
928823
940954
703611
621456
998656
39943
11772
299434
581345
205182
892254
418698
100655
123067
689747
215579
555224
976877
687194
932809
761237
832126
953729
568224
628412
279617
415947
705410
865778
286519
14188
413957
804350
281598
884593
374503
774712
806551
315388
169966
932768
994706
970029
705377
42251
817176
294877
905692
773623
273557
642756
540244
395392
207744
402618
356520
763628
841480
915227
909983
973600
68381
820803
70788
120950
346391
369656
167387
121510
255431
925095
389759
355233
409241
85447
943065
751420
359266
679002
975295
33225
963084
551954
770663
285698
75419
39376
813510
895199
356571
878791
15689
353351
833256
757759
602479
338978
475930
165494
144961
273293
958027
448417
668847
692519
596678
80912
86409
131144
678669
256367
12182
868050
319751
408104
109652
547487
840196
969830
754125
612634
685294
563637
80531
881642
137679
130949
171800
829000
711161
882126
992556
476657
490902
979981
745427
247351
74060
839980
909186
702515
705804
122687
699638
16277
923000
355819
902450
731996
299439
691809
282259
60192
155638
811208
547089
581644
402564
56121
227924
974122
779626
645860
579120
116503
306269
415311
765311
789077
374497
43391
618906
402175
610132
795695
793204
605655
962005
975549
578962
629628
85135
212964
490923
794423
973350
134564
494936
152052
651516
610174
343479
292173
862944
387099
490466
403138
956052
160973
480071
761925
750713
88237
55140
343666
765145
434658
642466
876828
741457
879299
836042
374467
847001
370452
302952
164129
814385
839597
478523
461667
167210
907193
500245
679285
952783
48601
456086
107638
444014
982888
842175
174027
62598
297626
311541
448015
855182
84477
803477
88296
515936
450530
257198
17013
434560
192405
128671
340131
250253
405767
561550
169695
3907
462413
401794
993446
569835
5057
986206
178488
480480
414534
582331
170666
819518
875242
843488
587291
774696
267940
228897
508351
270774
346172
758737
398167
532602
559370
278565
318401
970093
319126
838694
409771
287227
128095
522194
857571
5864
337719
255248
922826
544989
107083
536655
517224
243091
666753
97530
630105
800155
282426
32409
235812
635271
626486
702279
393324
681145
522007
709260
187455
123078
295678
186518
534283
919110
957586
475993
351601
347002
967519
489856
265202
106266
870234
988750
21063
66491
633411
691862
869261
809114
746659
896275
427868
709704
647029
88421
621240
36209
689825
459113
303712
522954
858915
599859
857028
651799
484682
477099
826004
667286
61469
407105
276596
780939
622296
892430
928523
485033
132500
373320
514875
968154
302852
504098
905771
802667
643867
998526
359487
940247
857932
933456
731113
587375
824041
110224
37913
436194
833069
20827
251472
454383
330261
673639
977170
682276
449192
945825
809914
32593
426328
754341
987879
402574
216065
518617
298452
722470
433742
281191
539142
422687
901051
814037
137758
492199
234484
806018
498702
655581
110237
367423
912041
623800
148203
996743
925650
60504
768943
95196
903254
452711
998067
761024
180886
269548
965437
813646
851421
240492
3696
741555
429712
510141
578514
497995
825987
158696
525225
565596
866344
764538
245950
150633
994146
896104
851779
236340
435256
296668
343440
373780
364260
750240
30729
377518
781067
460198
830748
54803
388040
494129
52135
640694
337889
695652
319094
546568
899355
906661
752874
826738
29098
682414
696949
140590
257472
664496
605825
952707
674374
57251
108272
817499
138600
335791
340158
487042
298763
607024
987203
567101
1498
110762
968406
410437
29246
472329
916811
565215
13996
940434
601628
970841
736600
591980
949029
909730
634439
774469
415625
720391
910146
482210
300787
970438
609574
416135
373047
623697
288920
654847
981078
649440
768343
722249
312864
867571
680106
673183
559412
224291
70648
533540
325155
325284
714614
74409
336307
5850
75002
728412
26751
361492
604079
788493
791740
663401
835362
215774
44502
402669
761912
933319
360760
594192
258114
167748
735467
290644
617769
326299
964054
776554
301764
13517
595171
329575
938185
616729
403139
897384
607519
933095
650695
167167
101521
521432
878703
284120
241567
836903
385920
566893
205423
113084
623246
153697
64545
799629
264026
61565
427391
799857
165780
68038
586707
478083
155137
254263
805011
422895
386999
269216
292088
757660
29190
881883
271277
868790
217649
836902
223458
139863
901594
555490
508287
696209
701563
679143
67446
699738
161808
38978
945329
978837
60371
13068
711083
246073
929695
83624
630747
113696
276726
730968
324554
118126
742558
545085
706374
877404
85478
592041
785263
876448
219270
976098
717422
488379
480228
869878
846982
645918
187507
594550
200898
247930
469174
242512
886862
137827
37347
467469
364642
762976
540770
72035
32985
486865
503924
448440
293216
346941
42353
812084
605513
327351
933097
566273
376575
539949
753516
998882
795924
439821
744678
799277
48375
989780
23714
667110
216641
908597
160751
353082
176174
273634
332704
929109
90216
363193
599340
212128
956351
658958
761462
747738
41334
676113
322280
320402
214519
3356
146360
846782
704422
599452
113421
338107
394578
889433
670394
50530
836936
576803
271208
653571
941890
155355
530259
902337
4413
136219
313771
813194
222568
734019
644122
710641
173240
501665
262117
811369
735192
524796
543468
79328
722622
765821
989771
58229
116697
303163
798755
111960
71014
290850
808883
563645
759842
994942
604447
182077
923802
408810
535699
183881
444254
924111
445697
317643
788884
294811
396294
808539
902568
166720
513771
398810
344865
990694
590982
245679
444879
269999
55233
801948
875233
221604
766258
42620
174931
73665
838570
526171
719428
844633
831242
990962
358437
33127
359822
779261
276493
773171
632365
639547
14890
635678
177689
557185
608211
836554
650273
19260
747641
332904
911286
813441
33275
993439
965707
330386
333720
448278
508117
394992
251262
312798
213234
756120
337794
821695
178854
588571
555369
671006
251328
168541
771747
139079
102427
110442
377943
808605
395712
936432
585817
322779
786217
364189
323769
493766
600033
114262
719349
760817
247047
306192
108558
620972
347120
190031
428280
91018
108844
508985
465130
811150
569313
296214
595926
161778
640084
779943
880115
82643
418567
232863
169333
435772
407996
894210
919454
835597
738199
859609
44846
93831
407649
798159
402742
95159
484521
514668
78731
185661
464517
27883
577557
102777
984438
298297
468231
708049
261097
195277
288361
15904
107546
404767
344144
985982
310548
289350
727024
247656
28627
627825
530312
390860
221258
358465
550907
617140
833599
868482
689791
755212
502420
272645
532590
435729
157538
333019
664250
12441
912254
956656
41406
568249
874397
163265
687663
189846
19988
150715
507569
470347
145655
672562
469318
569524
854435
699386
628193
188437
624408
732518
305753
353131
813950
98203
796921
402572
94408
852431
971380
781437
271926
144228
312949
473616
527156
895067
650709
789432
475424
41142
355942
661035
171945
6959
597420
618098
749651
129230
227116
272080
643735
439403
223836
130957
209382
865920
364985
982622
910990
404714
775096
322226
546230
918012
565076
740059
402051
560576
69574
125655
393437
810251
477075
386939
371212
200060
266239
933755
926844
303441
853087
759000
432223
670565
197324
82278
612721
844938
562419
53689
918295
700095
207242
267692
260513
826382
803101
449101
61295
934789
12038
632168
161455
412878
902971
931118
798788
660589
485058
62530
20418
358934
859583
293985
16406
134441
908974
898411
709187
239435
595691
251346
841223
806114
46
57694
493660
492588
44757
498138
429402
351037
895386
262815
994937
740691
957604
849594
367924
215319
153529
295421
277130
787955
886800
448287
721247
651146
267204
144912
276479
969177
851365
270366
4290
704616
49321
245501
75018
526188
294592
896886
331881
336572
781765
176239
172512
496238
146128
357907
786626
593038
776360
51741
387512
335418
839958
95174
33949
418141
423508
278729
497609
363398
327077
546384
553131
527140
199742
847933
871312
557792
314466
235798
570560
718295
134859
615693
534919
563827
242948
739883
852113
719461
787348
249433
147375
315649
436500
403211
646390
166005
449122
404425
375750
287847
844846
797979
741032
472171
124849
586065
905361
171678
30078
126764
335875
71265
302961
882477
545555
422837
967620
847479
648517
466800
904448
364515
920147
50714
227536
548833
901645
109671
929136
256581
581594
701520
10565
399925
55004
113360
945479
784110
630194
674296
439257
234030
639447
219119
175930
988226
196583
541514
663379
590124
651266
148868
545136
863024
674569
433818
639116
242875
968198
175302
601412
182897
82600
483029
759598
231314
570411
324199
557379
413576
969558
146179
934263
375503
279838
11860
274218
48001
796776
427652
210678
286205
251052
503540
338216
714547
561589
359573
102220
682063
516356
506278
945634
124544
426773
784778
844781
871204
145145
462853
599145
573586
579234
911507
511388
763331
17917
188261
208005
188701
284794
947193
910641
749342
504615
453460
114157
336737
197434
246623
718934
477968
573293
924700
333516
629927
553604
722179
714309
105633
809642
820605
580286
436609
391097
291068
329163
700414
997977
999285
568400
263692
391487
463227
472712
687747
534039
772345
606338
301294
936829
812684
853804
76339
684068
377659
129160
512858
677785
8916
11899
462011
931042
846820
329476
113992
763520
158418
866442
383476
894804
981528
541582
82751
713182
726559
233855
223904
571104
594934
532716
601742
336033
589104
843156
572138
545613
600663
768793
864268
634682
829136
368723
440424
122245
23053
955777
150429
528987
426600
134747
325594
142996
877219
569475
546349
248441
4921
736665
858154
68390
832544
322989
2804
253195
524318
727696
916843
364940
184069
954179
257394
363976
884621
268561
772315
506871
546380
613689
323762
164397
756308
235779
270819
473979
736937
217011
66312
845812
578205
88091
487187
553549
366858
520523
951572
458654
490348
4964
168616
494085
307608
178251
953663
887786
548061
433657
539592
598300
210934
395630
491963
727770
678248
842373
760962
666095
299710
602275
87045
16948
857887
840585
350097
1273
280137
437322
152036
882559
329132
888726
134743
50908
394277
331700
105832
394241
158613
440398
92195
632728
615006
446502
941677
983047
518714
606375
678125
889810
875959
534
376792
307869
937875
973991
611095
464782
667440
778092
766806
535953
605684
620904
958827
718517
981375
387074
961825
201076
456266
150037
891489
934544
951897
722020
202172
840344
157596
424555
439383
847754
56872
978448
255924
323026
253196
432569
288025
774065
165139
419255
536927
487417
293526
290463
132952
916084
994555
934906
811102
20901
740238
754770
282933
801126
708090
485485
746396
500656
138659
147798
167221
124345
24739
316630
307854
569144
219168
828162
366603
911876
512391
91630
823218
415066
839911
221183
36371
860861
173612
764638
637394
492024
551734
573449
129170
354559
977877
964675
771904
236148
95908
664684
61177
101317
107967
331563
896153
755634
880290
149447
162337
940140
730783
865237
369476
861273
745083
350028
284686
838068
483046
559220
644786
527314
113430
77117
692526
43583
136255
165420
967005
71111
983153
395632
163481
795409
838925
534931
746058
947493
605029
186380
548048
702221
49519
374257
470857
415578
103078
174409
121919
394686
641662
856512
588273
477654
326018
664179
155900
948939
95563
910699
611494
65806
266847
743208
424007
647488
34467
757714
717717
305588
790334
862612
814602
559244
638092
942213
60340
829248
525756
657339
786585
839229
669639
287876
265092
498985
5133
534575
745905
804357
953102
552773
793424
853804
209537
338518
28409
233848
634005
513581
709229
483204
579329
832165
848197
836875
411530
963669
4154
280047
191889
766886
659024
952854
940182
50886
424991
799343
675341
928053
494399
886354
287899
361789
91279
11142
829165
825535
123682
59740
560245
441511
333192
773496
105091
565825
38964
306160
446908
153445
929743
764876
632313
424462
29912
300781
895806
44745
390325
220299
55445
461449
602267
521559
750342
620119
110551
450047
818166
892454
355959
562512
984666
275141
559511
749685
813014
120045
957067
407517
439734
954234
164582
577211
705543
87415
199077
42471
720147
501458
546044
953122
198968
281006
507002
11894
333668
876823
132891
840700
589359
390033
93162
811447
66581
120265
295249
336030
178447
362861
825535
574199
516876
557015
789300
847007
342161
322212
613740
276710
609002
501731
474085
720151
744203
313705
519823
660949
971017
940546
652368
926752
510574
213314
237873
482615
580604
226361
799912
822488
84673
915012
629762
749859
245971
301888
801645
361628
832489
881114
820703
147087
94998
601090
539431
639950
335779
849982
68494
767254
232583
418075
926185
385232
520773
106814
12478
948659
919587
902744
554129
695686
628866
646200
154570
358403
328415
855226
329348
736664
111973
834845
7028
351559
357036
406131
120564
943213
737554
807217
222251
136991
995508
187558
510619
194672
33034
429321
399943
127247
633116
92267
94591
478989
941221
239371
76169
180541
227203
799944
19246
416820
393623
208753
321950
765232
197823
130168
775232
986901
953517
644742
593499
596306
17636
770216
229658
351395
251727
358502
622271
444463
792446
991540
622503
970641
177341
826498
47093
133556
125523
322222
958942
124823
379924
740377
819985
696176
522531
713495
501569
471980
654472
123136
103376
55765
647530
604003
612505
773901
260201
277147
660122
138615
407322
943161
709117
909237
745824
339552
770625
892363
852899
507568
709322
107682
854512
9691
734337
156329
772973
373971
516265
639254
194487
616932
803968
574411
922010
411998
894605
490003
940908
893546
908236
129931
603846
210941
742068
37277
421664
253099
100898
413800
945864
86163
967715
183804
755199
723449
175267
765441
124528
689521
62701
21623
187854
820662
753693
394199
120073
727450
873066
946649
764140
961752
806602
681615
403286
223365
403393
559342
145810
656549
616138
367597
937814
434714
341920
783686
724885
19383
354985
153754
507777
660019
285184
723505
872033
8313
629213
72159
965962
709789
391011
733314
409213
154216
640135
692199
261917
536532
470104
161868
30667
652627
250286
470592
38112
864073
140403
275111
78406
695579
753865
514074
360179
301087
100439
838443
998403
202483
906868
517510
641457
535529
512814
297266
672498
83360
830454
811959
695471
265326
581036
714970
862429
634553
430467
113156
720250
745125
822417
52993
796325
623207
584246
234339
816923
700921
684262
230343
992650
766118
231572
159215
414611
563781
106236
137807
306017
57282
814413
59811
697313
881239
940722
633981
129501
373083
592956
52381
633848
985841
111470
208056
869256
19041
424484
450651
533707
543619
824608
34665
126600
583831
806194
18496
175812
76658
435588
541434
495709
337235
545535
813327
241222
863956
858718
21144
482335
949564
917581
266670
327600
215793
23421
345713
734530
966730
85191
458789
497754
775427
569722
654070
443347
84042
550147
944476
41238
343350
612728
665177
15545
194647
451393
946400
479794
785000
742307
689040
333814
531553
375210
426141
557683
387241
721459
303888
63398
183401
63955
948068
438041
57596
128231
696018
242877
334338
827514
591271
380000
775444
706252
291664
759690
51666
79301
209208
125562
597975
539126
323912
891064
510798
928263
589837
629143
116382
318403
380792
575177
616769
879421
413822
256478
427570
64285
150112
804635
10373
715466
303493
875955
758736
675830
899650
532261
290439
263361
108668
44081
557094
502346
752741
844152
135
593369
838882
388143
892115
244258
683661
267327
771221
346679
653846
25597
263146
359118
925636
186945
405269
103849
612378
529573
772527
350248
791828
960412
727675
750887
358224
480684
244184
438485
964682
839049
12879
140691
849024
927056
992268
920836
569204
639773
864426
313783
345360
556233
422247
538734
14371
681603
377975
720587
509514
210826
54580
812374
701610
690820
176178
193581
115545
15550
707633
375881
719900
738305
811819
720808
268299
744205
398158
321756
721361
302453
778308
888624
91472
499030
234733
413298
726177
476149
694958
955554
141880
668468
69923
925941
842726
69233
802480
787398
305913
54332
226165
584986
880062
698674
679072
62862
550439
616442
253084
225056
771719
191580
160678
930710
293433
434169
604417
300878
935393
873195
539776
126628
571914
574009
107072
73017
19567
136119
989688
407974
282581
243320
733609
19325
940693
389297
437295
534840
626104
89900
449978
63745
622651
587365
484758
778589
230769
723845
995813
281142
850952
201080
703407
158659
409827
891245
63632
647766
180327
778346
447376
943810
540114
354761
835792
755430
121669
157651
489887
455003
29858
69111
697580
338166
313104
675046
710294
111354
98011
607695
80159
417053
830009
379698
73280
541109
190824
542115
941078
760895
383730
458589
408442
994188
830098
416833
906670
238985
724977
336042
899954
134633
832265
475245
199415
691697
5355
521842
935275
496735
831067
642729
200755
268152
362457
144940
737655
247661
10107
201903
463510
700393
855733
584422
73019
477434
649979
993652
907399
497241
665085
365067
733550
655576
511377
68132
909406
548263
547119
80860
67481
204098
210325
682
948515
593851
353675
379257
872343
999903
902785
423462
503701
570248
943444
389720
590294
276863
428591
258998
251936
739403
103054
639369
278164
960858
727454
435504
720421
347787
769089
578234
552035
605910
335149
429988
720373
864665
741684
35438
824550
427583
63326
956188
567702
620047
708082
906694
836433
575055
790484
572892
846524
890578
769608
268474
9131
680101
389908
466148
942032
859794
677956
894494
569743
942223
924167
173291
708013
192391
412535
428128
429990
187394
195446
295907
504989
981491
186228
581061
181358
709470
680460
400954
626655
546404
522766
396401
594806
653548
823704
22996
129444
611312
482973
427294
905887
510113
437895
549587
269
806584
286585
889633
559836
200346
283309
593041
440686
350503
35389
428778
18930
520160
83261
736610
980494
795826
496325
18113
486136
288995
548108
779989
70820
40088
34351
850252
642648
830593
994450
8241
115867
48097
448285
244422
286475
142013
460456
530042
351566
658017
782449
705095
965857
415049
956298
898794
957196
980915
933840
354752
610422
199103
122197
513594
772948
435071
997087
385853
38333
854945
689354
749529
453594
7030
316040
909539
409913
502302
816393
302384
380480
300818
391029
376817
627774
345550
404694
865190
394397
390233
260627
143936
165812
442674
897047
205272
638009
380185
600145
490821
942804
337847
610324
915165
467150
546922
757470
617484
570280
701873
817269
987082
761864
648497
980781
361596
615822
467042
3975
301097
477766
823833
710452
685079
938230
177138
23991
598593
540566
919961
473896
88248
72671
27894
354260
861716
44860
973363
924610
248660
720989
523370
566097
465689
969323
306672
381948
184892
130390
807801
430464
836423
507145
640870
222932
603543
366207
980402
951319
436492
579311
646708
95624
179498
502563
926801
722862
873167
219650
485464
933457
122588
919422
324223
800243
539692
492804
292807
953028
697239
41031
624868
940181
290988
64373
444698
369813
30036
551206
307868
382091
794441
574942
355990
872046
630628
849663
273287
54500
359123
29710
477381
100374
279017
233567
290596
581932
668239
815456
305074
547690
765144
265344
296281
10406
132915
132154
968552
250085
307065
915330
627883
874386
592486
937354
249910
16026
582117
602929
792705
729830
764868
690761
138541
408246
878215
797955
93221
379863
316824
617081
48543
881793
63452
986456
541122
676047
897504
323113
676386
750235
98482
173818
495462
831029
489612
317101
139339
642240
799788
816284
464385
341674
607487
377704
459379
624518
126075
813149
669220
482696
674956
622147
654645
729628
533734
427460
286147
183459
864441
764277
738349
138379
754947
338818
46643
736905
758591
989051
624122
492534
523323
653877
408620
534660
270855
916446
450492
773147
150153
382689
726279
387540
166510
763250
888278
651088
86779
720182
748288
576630
432961
760402
395628
526217
877487
933455
923764
547106
263425
408039
50150
417038
357463
983215
144100
609542
307296
675296
843051
359367
280373
502723
658096
483598
292994
345273
533158
973810
286495
908772
267613
896605
810877
289846
301380
283688
899003
908244
71119
41107
615896
709862
592883
732958
409027
423422
711566
678022
428687
908002
22053
282335
850434
853560
106629
32138
22476
191309
543562
353044
408213
121793
706174
305451
423087
372051
63513
208638
220907
837893
401126
893232
330439
810219
43591
97400
349125
981974
750607
867736
29463
773911
712205
406391
392566
226162
331176
373917
949649
839201
867814
3915
391202
818177
703623
65909
821021
852253
960078
611549
319683
173014
367199
390541
973907
745324
491075
341745
626015
407275
787785
901006
270780
228020
27464
689379
451091
874471
740607
302107
99668
687146
587229
413291
845451
587225
433308
60046
376971
123210
340167
344603
153862
66555
537949
89023
928126
348827
836942
172893
603158
260529
576034
534463
984002
555437
756857
584055
658525
764297
428653
793494
921370
26396
628691
174984
691026
506107
731489
581835
897595
231436
681065
523786
959161
124328
267395
797082
696398
333932
820810
417808
815214
638045
900092
176188
717102
422901
563013
996551
463194
264398
192469
937892
22373
153834
472557
402678
433467
149533
857850
766846
185843
404120
814552
129919
245920
730258
628151
530033
822791
228180
101083
233053
632874
161890
80381
461851
312963
960257
253455
870758
701132
603305
488861
513241
511803
953417
787023
782537
784332
444338
981963
197758
711350
58657
809463
171918
929983
328428
440604
177432
289963
66247
74598
177754
143760
71923
41032
975664
819909
842629
95420
75050
721401
284687
135400
955144
535839
361261
25116
589076
590727
921517
784696
696028
523592
520284
56107
925195
371546
665385
336150
174116
529792
549881
170062
415066
344034
69830
847424
413966
548601
500660
236143
235045
355683
817522
171226
972101
100758
914057
177081
406125
789873
198725
400037
838446
724462
418556
6935
117834
776372
250879
112648
884072
494281
449501
331320
162608
62437
813583
455051
442697
559265
782403
584909
352364
539406
986568
142614
424357
408931
697490
223753
360102
770766
343851
439158
979976
536427
824631
570016
675551
857810
866
640280
86136
208459
21992
588872
755058
195037
163904
476940
899382
164483
161510
284218
434836
679040
725059
31874
430203
31370
279868
843441
509333
466529
501780
838544
263101
995523
805759
675113
479838
959288
164356
961513
9001
547080
506637
206753
151922
737805
113870
482534
852520
444067
44240
191769
527151
736315
691225
963841
186844
240399
725626
434260
163916
82800
402229
692245
420897
370747
982216
74327
652186
953962
112410
908767
566158
911558
251713
15783
795845
613562
306990
445951
358323
710083
557366
951566
556754
993220
963389
719223
665883
433591
365121
161047
8800
589501
130752
71722
632009
561110
403336
668173
335145
892267
182041
563358
140156
548936
533688
256767
112319
133224
434643
758394
74860
533033
336780
108543
63825
566623
242660
509192
859852
299588
742405
481245
92005
619725
682731
829811
751112
186392
909616
713392
548509
753665
996724
617674
17734
385555
745446
577357
712756
480347
123889
742779
737062
685465
542277
714189
491776
701776
919488
458712
387012
787773
450105
760779
616047
360932
42153
196053
944114
884485
330295
941731
25996
201006
874527
578631
439680
986410
440638
186036
886136
699159
220988
346982
292918
228501
611414
524766
681971
70170
549702
900171
327062
9123
978770
107268
561810
238789
265391
36018
796956
8098
166991
625867
61640
471798
549326
5177
236159
29201
812468
479897
179551
254943
565288
855647
965935
868643
304946
239574
863549
75203
96299
957509
251607
104444
453316
38509
664674
76981
155183
352944
796442
691570
661869
523596
402086
435615
659509
390852
625815
838668
348734
927647
816381
614264
126121
198857
625958
71942
654862
266392
527348
613133
227874
777130
550938
11083
449346
786538
223091
213177
70430
969713
833726
349753
253765
834569
697658
559467
517064
211212
51290
951968
470350
524523
236070
717670
244532
279370
791918
448450
556830
43337
664106
292796
768351
180126
439219
197012
729281
371550
226712
796626
679025
904090
47134
965243
484234
420838
868504
170144
578748
99957
760286
875152
26009
724448
791661
315629
590844
511173
204571
828636
232534
920588
984885
77910
334166
961285
739639
391516
476596
925869
349671
303559
460955
924304
105870
356733
742513
621704
611284
173568
164932
640867
873975
674464
541394
656675
895976
869905
292469
729438
449410
159127
401833
49478
924007
969885
24635
994947
446073
570662
933521
722364
681650
685146
56336
895989
447521
621250
74861
365075
820930
423951
978644
386554
102840
922261
873582
852375
547561
965333
810259
926266
567798
508663
906572
831450
75157
145942
750723
118461
417550
70198
151305
452911
487630
118801
396420
695023
440107
237390
734707
193258
152949
648083
421344
329503
113397
379633
234465
124897
305285
836094
919690
325115
783692
89601
880690
956141
638932
490565
264160
724373
914633
502288
78547
211305
574608
973806
712235
460769
465217
277030
248119
395953
984451
503054
29020
247092
25987
33658
553950
476324
904336
238864
22350
699270
833046
193399
921041
868515
525558
196718
210504
162928
850366
734265
696673
275279
621578
896629
293498
931566
409334
630861
834541
214286
966654
189125
286780
498910
432629
485812
630426
739461
575583
120335
980500
159807
663531
625311
935322
504991
148944
727700
464302
467762
752322
122164
624296
11204
861777
77868
641507
571580
141663
604039
826504
413666
106940
196028
629173
116289
644064
982433
202761
697064
489988
984446
798286
89482
933149
765629
827204
229701
359541
397821
906438
146624
922856
420741
186971
94253
48313
638869
339612
361646
302031
780377
862845
280531
311567
55351
302649
795074
940503
57991
907678
387440
618963
217506
891442
644235
846464
966611
342209
686906
905019
699243
450884
975164
55749
333809
406768
14765
190294
749045
383064
217959
238810
420165
629951
20613
523340
324473
250238
860483
567918
107817
897038
18113
105314
851391
72819
269798
626216
59623
496070
435298
775029
313059
742557
888459
240364
806458
620760
122089
768572
215696
677387
303693
27989
610193
958275
195548
836295
511175
87287
37097
705338
639052
602125
935040
402948
95321
322629
884032
133226
296060
353158
753184
975670
448296
875651
712082
585713
23014
855818
601796
238334
746
447081
837635
322131
267521
819709
299386
623572
229797
1304
641881
661326
65523
27022
265297
672461
142196
111005
41659
343706
849431
99958
421784
24532
250688
750380
121715
748393
950649
897720
604835
716978
144582
943654
181293
764137
189783
712928
184134
224071
781719
677462
164085
623230
435554
639942
582615
363728
129043
956205
764732
523915
685818
370506
613999
137057
23021
195467
925972
465960
817654
665623
81129
769514
2346
965879
717359
132778
730329
564065
912610
642292
549153
762659
170083
602911
481693
506217
279095
956259
150011
313131
904552
942097
642667
383221
277641
969971
613364
49172
479639
641344
424800
182746
895931
281148
501784
712079
261356
667498
585290
917236
976690
708847
264198
257141
791301
804421
407145
757610
959764
984664
743600
403145
554849
597888
326894
395116
107785
605084
98520
6075
34594
818247
38526
368758
101565
329274
713556
411938
813706
445118
754543
124045
590043
868620
993099
26430
791809
900739
510472
950462
510610
189188
883382
472317
94541
972653
541445
320227
13588
155569
53599
487796
221143
207569
182609
42847
622738
822521
443108
806691
910380
746489
549194
404703
182720
429598
675636
208116
866169
634349
161473
825560
738519
984059
90128
638138
765390
895404
792822
377998
690573
416390
665867
730420
885276
235633
200991
650377
901022
942989
553226
474249
797622
697072
289313
842718
35654
759483
314309
222602
516947
228759
66261
695214
70212
18193
47427
870325
362890
11408
228932
676960
138329
300719
983777
444910
56339
996283
46123
651175
51014
2698
340875
937285
139852
381110
597240
702144
149713
204597
104193
646004
548018
320086
301770
10034
19328
570074
593427
305376
462051
104749
559796
475533
414491
353216
428517
661525
917794
741124
191289
245869
975662
70532
291883
550860
133394
524063
799377
390967
189252
793057
343405
850535
333753
85118
221219
36568
516269
969578
543108
662513
272767
703448
23048
894475
654264
951180
22491
114527
195820
404447
801166
182097
25977
980687
628270
787475
87980
870656
472626
485431
660228
176595
800589
761749
24142
856738
128996
420309
620655
984789
206810
829850
448320
603940
364998
175628
907987
66217
749510
425343
198164
453728
993645
964165
554507
595263
946008
334349
414078
229292
131998
47670
777268
389344
764901
546804
558484
484886
761106
153885
96555
104943
739288
264529
719692
449189
252018
457732
342353
295530
795435
662506
787200
36444
876250
626237
13194
997415
63660
940974
241517
212088
964761
4262
434488
328922
69369
484983
680431
250287
665839
914276
788548
886475
250435
915913
770437
971440
148430
196649
579798
871970
306062
798162
806995
256231
222874
843567
43095
487709
961455
111594
149595
575863
836584
236347
897974
54485
862156
991250
277954
876544
193793
608989
925983
678847
681119
544502
486417
608728
919072
455468
48709
74534
574515
639469
222577
679956
310639
123597
912281
380211
447589
646069
241069
454974
664334
828779
634703
323431
285795
665465
142899
193117
617036
3837
228064
249949
506096
498509
125971
335090
87659
937156
340994
454091
229534
394925
66046
268471
11551
949579
207217
601791
849553
58371
360327
933472
773455
965416
346794
945059
2434
200288
539109
445723
661395
396151
388074
118331
620281
918848
570607
929937
917939
756259
227634
74019
336914
460872
480414
309348
527918
389599
708806
803731
79865
581833
426509
156273
974832
16166
142184
823837
979885
478268
255548
610445
233306
984064
456545
457963
182912
467205
692360
944778
732413
149374
583481
533379
83604
261169
766516
256944
800798
207163
940153
563972
563295
764602
623396
328710
142580
204762
361584
852328
705447
109375
49756
453384
657893
281228
21802
389698
965191
318991
350724
527343
439372
826569
937338
423231
695080
659869
44006
254319
143989
855443
611569
585318
185672
266314
704238
575218
93087
82744
221732
559130
693238
347039
347369
561311
431736
64079
224041
877972
335699
326545
277318
943063
395620
98039
578457
761707
197010
237758
653783
398963
518326
554845
122832
213197
424312
885229
957136
366281
866869
518772
304232
992005
353884
738959
11847
183270
650392
593468
279361
785269
102119
963586
302706
601107
863050
517821
673852
698715
148565
912969
468843
174035
515174
352331
962682
720461
696242
113623
965231
771808
377083
945089
638689
905086
739486
91011
402970
494130
368840
205320
608407
826169
572489
243667
340140
646970
448064
459343
360260
166690
416246
392755
815750
819616
78344
486097
649236
460794
789947
792828
27437
602890
911796
701076
82354
213977
487423
35120
243910
570967
120333
790118
605774
482932
21819
648825
842264
92317
4045
338848
75864
480854
304889
649199
206412
738672
255328
444580
116673
370920
449495
198417
243184
125276
519268
117601
581504
205866
835653
557384
620463
954919
433577
26955
46731
369721
214722
901417
916634
995026
33010
287013
252185
787401
729186
611633
942114
228567
334130
879864
126502
792362
173002
519368
355802
79465
312399
665755
56367
566597
287794
613825
592633
376824
442914
22763
938481
74718
464226
778838
816086
209196
197492
403025
565870
363089
873205
399341
782570
443495
9410
470145
576039
158358
98072
407639
743569
658054
107130
395447
938850
97342
186187
608269
905672
68318
529531
902329
786725
450869
230238
804147
382256
185344
586328
620377
943096
377216
210549
254615
36297
166135
319765
865522
478631
418558
134276
183345
234807
985926
365544
856616
333821
280937
614611
23266
895232
589548
88377
476458
77834
900884
770555
365110
85964
791521
803234
893489
764126
570411
110631
565156
879523
130328
228782
1088
128523
943352
117204
12234
874418
845117
152797
892067
996710
54170
725328
945843
557381
471286
260703
89842
209029
12749
684349
389011
667918
766372
260244
708621
951298
264999
354639
521414
383836
832864
944530
427935
68278
100566
758602
706070
194340
549696
849694
363868
803838
495140
748612
197236
649212
340945
792305
579780
346745
836661
737128
315068
761818
611356
614068
333856
838920
292166
106801
477747
837784
379939
301060
174978
757196
860845
69034
593418
468147
98018
330030
816775
555435
520349
524724
357466
52423
634064
988211
152981
955019
898016
414656
589926
248596
147613
217989
909727
795797
832477
377104
301342
940732
208244
525511
465182
976883
977297
191098
915224
240642
827832
409937
526167
238673
594967
169316
426583
167499
534984
80490
183897
833823
884514
791048
140614
560352
995644
487755
278909
244108
624127
455665
6715
479978
422503
936418
995302
3212
291926
672444
839862
554164
381461
761996
901249
270547
649064
326680
315361
54509
921228
306968
734915
474584
651087
191238
207055
100962
817740
832075
623855
783762
149954
256792
894334
658119
523984
642070
168143
868286
649040
920437
519319
933551
853709
650401
436280
69974
163618
40083
587115
571791
569776
50244
547144
245786
219067
553148
119349
263551
352418
562504
359849
843915
28665
281865
876700
289208
239109
71977
822925
617706
255571
423657
215791
904278
504565
549142
886257
60669
175066
111835
414505
326678
236233
844207
785756
961162
223994
682350
663532
950169
695249
753478
901406
407258
581047
779336
504775
579743
673623
992030
820052
10679
295538
573276
18482
949133
752736
162991
637792
199469
965988
243954
852879
624103
126698
251551
190514
827020
423071
722786
646824
851861
535213
696201
167748
777828
567698
687064
952949
491042
664988
548986
352919
699079
507779
989649
565397
449015
348451
266094
140920
255562
27156
988700
779537
580068
307943
961623
78975
674051
487744
389146
665822
969304
539339
753622
732684
839820
872796
288126
286105
424803
911271
537023
917898
431102
468760
324878
904394
964154
114513
459737
503406
131510
803838
643231
182243
494643
765013
242907
140407
633684
404975
480731
623232
155460
660158
