870722
564496
542212
508998
524212
859927
266185
195157
770771
56559
644381
770131
939405
191083
352037
38914
882837
535784
284465
908844
524346
871604
473185
666268
53589
678937
335523
970368
892317
932553
311002
521689
83029
909927
381978
609436
467876
461296
525136
46185
12037
694596
975935
896037
984853
328853
529701
21686
854281
955883
585148
992538
773890
760529
465116
295268
87161
384159
459901
357333
796117
719461
1755
624019
730076
740657
877042
357896
265029
348734
38953
644506
508907
234617
426699
326786
522718
383088
449968
723276
977172
470042
844922
697898
939837
332605
417339
352564
882804
747840
95028
328512
690065
442253
910072
327962
932443
114594
295792
478048
760155
276917
436407
399037
977164
29314
541157
478208
463278
49330
466793
6744
142457
7017
576464
59950
621871
26668
744098
577567
835210
987822
931179
151380
547029
998902
285143
280960
342423
295022
857207
405174
83497
971594
234464
879397
978537
560274
820146
252081
723847
723662
852662
138798
672573
906574
744801
275003
958939
462419
899062
503673
568128
475741
286663
252391
885925
756754
186523
479068
499091
391816
676843
789919
156149
809455
735751
701734
933064
34846
921046
76522
319086
359608
637242
65315
488930
367419
41426
952805
315526
438629
906009
24087
624025
774850
46635
930892
744580
9175
425000
663935
792723
826085
190065
610736
345793
828314
849936
755605
274348
689369
385140
314111
808487
832612
831193
885067
825070
556772
957510
266560
793268
583510
161072
653260
36761
582161
999996
991574
815287
876087
635618
337983
911196
196536
441517
22395
982226
743998
90271
808069
71321
998457
888689
550660
268022
553927
685751
518200
358116
25278
496162
742624
185833
529882
287967
872940
307076
636862
636318
95770
40834
390248
642925
525104
412080
903862
622914
427669
23531
781199
977687
252619
629395
459824
53872
251724
782494
141139
17336
671041
238729
652733
232841
209689
406313
193445
911947
755596
261087
918588
726388
835053
471337
831197
696749
953317
293078
758611
58837
252369
712850
223617
332638
366138
590815
932338
299797
463277
814884
723646
920768
28343
506655
62677
14816
675071
161655
477739
388630
737856
697133
426432
42658
138145
516144
826699
98310
15666
204495
281666
55305
910853
771337
549129
229207
645287
628864
549620
286086
200250
96396
435579
678323
94704
633708
51449
459723
974950
714072
827489
614
573210
46450
698750
248845
465547
554650
767268
794972
251180
660065
955512
131
991236
98069
833305
935078
650917
928698
957930
298404
395590
942554
445566
991989
525056
772468
937054
576813
319009
889488
12409
76253
402033
207730
397353
962137
690303
778669
857374
234515
989606
308046
331625
489574
663777
555193
352423
579183
513672
392850
489352
226582
184359
639058
723003
927914
842681
583353
406136
318122
92678
107554
243049
59873
615318
42674
148854
468201
799185
557226
28779
769807
581620
266077
441480
674071
308978
678267
324006
707094
300453
215115
397633
229950
552111
573815
341158
151351
195378
930945
829818
154215
619175
207764
746020
53204
770335
881909
999448
674209
410836
418456
6913
741237
760107
130767
514635
499449
270729
53597
879562
629503
172879
499241
127434
119168
900083
667662
967732
873790
728060
93263
594009
481736
499290
329832
409630
857308
332703
273663
512388
100198
16222
619322
337491
207655
103263
789418
196643
298033
443644
620772
240263
560334
824859
344113
64470
170561
621831
904091
990359
672356
633773
807592
800456
251760
721649
8419
503371
773147
888619
291861
609710
206556
454274
816083
337238
289674
661474
102705
975943
307938
985437
511380
92113
195111
359324
424677
417178
656932
851391
641314
215109
472333
148185
829262
80381
397252
89089
322121
984160
647927
248918
923450
474890
243494
691603
289896
652028
645122
71563
389480
12457
444145
249025
976433
516893
464495
149734
621131
95626
163726
804655
154150
814385
336542
509907
843335
778857
801447
382814
387613
360079
614675
121397
760434
650699
822185
968231
822205
837242
105908
514667
619028
822333
514114
421436
817278
416926
760776
951438
660199
558426
236131
906731
311085
684303
966905
929711
987351
153667
745214
169692
777253
108174
430418
962395
58562
361510
753160
51152
641622
251205
996098
997976
634360
782649
717880
931490
290753
783047
888599
383335
92091
369469
811526
898055
644665
731347
627331
74625
530752
10301
378988
987599
798179
682448
154778
978396
100716
416334
861096
853923
889782
748816
996945
512805
403096
524943
43639
949831
681340
423694
357824
979525
475789
75496
982875
726487
360846
503090
549857
462815
747144
933196
575574
337419
760284
75913
910798
437709
672246
819960
164972
327604
322210
622863
660422
163687
332088
665075
562276
755838
667699
700711
596839
3709
416352
277134
416647
450862
356146
715486
441973
504154
590386
789603
421983
634851
491219
456493
18898
484993
63012
30232
550969
586903
979102
214710
182275
944881
773149
840155
970211
647837
519724
628164
795441
473827
261497
700644
814254
995938
722791
607885
444516
804424
367298
411447
961324
707245
3790
873329
533193
298573
730424
858017
778034
856736
443950
903481
660078
586008
781834
663545
129303
171126
24553
43290
315328
47562
486683
266910
831795
271621
679923
260018
608979
213308
763261
647932
188192
28220
312271
36935
379865
266948
201784
78728
557948
104931
850070
280973
94441
208623
812612
986945
822373
503775
726767
9630
213817
248902
484746
710191
174138
692652
443736
253057
890788
103307
413478
818150
810464
399203
819355
653413
767077
959034
375975
686529
288186
77108
278745
574244
456986
241226
699789
47848
956720
127530
413890
841347
753409
424747
44042
808588
696361
709740
687194
194542
694717
908808
278081
861480
650128
270647
499190
283454
164241
244420
227978
212928
55505
468646
872572
352052
952419
857790
313195
375010
630428
42028
916070
523261
606330
558926
420447
33449
868833
544919
324223
620077
419904
896071
111955
757175
359571
124620
134691
951622
265409
560181
781923
466040
677861
949775
471235
28016
896426
223774
277601
193763
966799
460346
151070
104896
528586
332611
490318
843193
674825
487426
301705
340659
426195
644317
738399
412806
293261
980727
220136
535153
227673
360418
101432
556253
49753
458561
962482
967756
238609
971327
203380
7582
426026
335270
967088
875776
179923
591197
235674
396081
61058
975553
944893
617714
163609
339486
286697
796106
243939
930698
565191
1139
540861
326814
97549
989733
558609
183506
24716
588988
701246
809012
497254
228552
368660
46789
263582
743665
962363
959472
375752
940101
435251
173607
147103
652960
206773
680988
946101
175927
719737
312666
15173
972289
754001
114749
92324
81026
673779
493908
650198
451125
112148
262609
749693
918677
96303
338539
909933
328648
37348
412305
945242
621800
782014
367562
112819
167600
870733
215597
36552
57536
151218
946810
323685
108365
767673
376788
977987
237288
319136
879964
157972
337833
771574
386923
702397
129144
78687
866411
393056
129335
230644
542675
339030
423183
113159
274045
10492
583766
731716
218917
595813
103130
672050
912576
206893
816205
303257
936183
66349
274189
254782
487806
823882
427214
627722
288533
727016
383142
174345
159643
295548
117492
795726
170762
885376
517550
765299
782483
662399
360710
860093
454935
348752
419641
764191
1727
1119
742708
716053
205048
919334
603427
758705
49806
582076
840471
355443
135908
334916
625810
717520
448782
535494
175858
901397
297547
401946
335160
966437
545186
562432
449589
311134
64919
193037
831760
960346
647562
51136
563702
887186
589037
418803
255710
382940
507936
925357
310904
341653
849643
910740
30321
369753
167767
855040
644261
559663
268649
829354
498786
184450
451516
578115
419349
393354
334394
550625
783892
541770
529975
185428
719303
393970
332906
431959
873460
944292
483336
680802
264101
57619
312767
248092
42167
837704
643020
652398
159874
343231
799033
167667
370976
711854
662582
398795
119452
711013
589459
104847
965689
162512
238424
856735
347036
791770
254466
68886
669782
687660
889882
115039
18450
305235
359282
439841
894040
68224
5695
513558
540347
314344
855118
170297
634725
712332
235685
86302
595453
886099
291319
664923
180978
985363
963586
984036
481575
657966
501193
117429
160955
585817
8425
463848
815092
366520
701019
54182
424327
662501
807301
152826
59206
37584
685181
308161
969510
372736
440091
51646
57772
734328
619897
736202
940276
326004
345034
427112
844702
878226
97108
70199
28693
230030
639627
627904
615357
478054
83659
599919
235385
734748
407538
438623
666006
91418
288920
876750
597207
516847
826093
36080
939805
440760
412269
185119
231283
678042
380290
515375
58484
80427
28662
714464
592409
635120
168402
456365
113187
855809
28248
859265
188129
539017
901978
664159
729130
166134
53348
86891
840957
723759
903735
270853
803895
721000
740702
143778
926119
424511
438205
63133
180059
219011
961332
993019
955490
805076
614833
449625
397741
703766
928095
301812
605967
501841
697724
366229
103908
308328
417288
931415
94861
560372
183897
909462
897625
341757
558091
476278
743679
669781
75093
539853
851272
877776
270520
52142
501129
672739
8464
887571
936782
803416
254541
473766
33299
388203
75707
625132
479787
567557
2109
513679
15492
254738
294040
673350
834370
280961
553195
426019
793287
976663
621885
891192
978580
935408
569135
293799
860809
104020
887568
476037
818760
780914
221519
473514
835192
920188
81163
793752
686629
751838
392519
230214
493381
299356
930745
395144
560534
709063
283009
97180
660642
923739
820343
357203
936100
140472
994973
59737
808901
300411
410227
158308
383551
894265
825706
985781
961763
513815
895920
789390
11893
97801
706090
390001
106229
919461
755840
227536
7865
17379
760593
92438
394933
274804
336648
107344
527325
437755
617478
852666
737633
586540
436479
65826
771159
642240
416801
247995
410231
744018
50542
874049
721983
18969
234219
146691
401655
952643
766768
554130
989711
713386
168544
20868
11812
311221
841331
500901
137953
394830
786991
322172
356610
674171
328566
608821
245492
106459
435128
220336
875289
568256
570120
572261
118503
584099
353356
813617
514352
838024
896783
18882
387772
386863
474417
540124
439186
353012
107326
290437
65622
876740
239643
445843
499532
488444
400988
203600
810363
555359
340339
62855
589292
904116
754372
370158
773137
983738
677268
375727
597827
260617
783007
161237
51044
227079
75464
831311
491044
792259
5675
542820
62686
932657
150671
804020
198178
389379
343927
960103
696014
600928
407639
432564
283413
844867
915620
3024
715682
563315
544964
998769
877973
872538
313381
235261
17963
316485
861673
26388
865853
347959
388543
986935
637663
767146
943373
533395
281833
602787
427273
940718
850450
388400
845927
636653
109687
967361
267437
589503
767996
811745
586146
441066
331913
865615
374180
118128
418038
220733
562841
199069
460417
186020
288126
46256
438908
923394
111899
570468
276676
13746
579927
248537
686827
633062
652648
154724
880247
637634
607650
288880
929220
661848
720433
756879
243396
424636
794658
402593
762087
289796
291931
177439
839126
875166
780843
847173
946008
747278
283324
795866
928728
522306
282405
399453
770238
10131
823260
17165
751097
179930
831881
255957
390558
1005
234101
771539
514282
515637
8609
546116
846563
124589
790707
534541
633117
658937
873100
395816
792473
834465
326261
115689
830536
474344
367415
392876
473133
777293
977289
970782
575904
43421
208740
249828
19566
42675
257907
848171
787166
201998
945766
203981
79183
918221
224486
335261
898621
596297
699491
665231
363426
823759
600648
25479
383993
72889
19280
33596
341213
626407
561010
598665
384208
479519
387448
958480
539416
489919
387822
393483
324100
779227
640117
651761
418637
930039
908087
577536
921559
534690
709877
465517
508247
820653
770427
431334
219726
831879
328501
632128
591475
891766
564828
710978
915182
602420
748873
493645
661313
494372
576042
720550
310913
823087
100754
424482
186562
285248
417386
906221
144850
820888
234309
675254
44571
389134
437266
535419
952620
428647
397994
243628
189905
118349
464457
559167
792158
927536
5338
634192
944587
988982
812075
199730
688697
540064
768832
463382
108051
874618
246531
439510
411152
7806
906009
706847
344532
951687
108239
44025
557430
860461
651635
899765
643100
568385
29632
946
850819
391270
562097
657995
60891
619978
8694
119392
672527
260096
302468
479360
93602
194236
203591
966128
779253
299114
560307
849498
261413
594027
49976
825557
367953
803564
145428
444557
434937
989797
291202
456015
428290
848684
676624
987764
818774
281523
128910
383847
84776
519076
594914
438484
798677
736279
966329
804142
852134
277230
507992
976925
654898
343438
58512
923779
859808
661818
950160
617898
464586
872013
571988
198092
453054
954388
477692
392637
75998
667846
132279
19193
22823
250913
924446
166086
473742
287137
925469
834309
482438
114399
153804
452827
674975
270085
50204
119094
409608
693930
249260
4670
391221
414606
61563
503066
979420
70387
69688
69148
379545
362646
64118
967306
792305
347337
337531
40202
526515
776558
991864
293161
22330
452690
636498
950152
160784
127331
84702
230627
935853
954191
860972
166143
718429
48699
389370
715248
941055
589853
78474
212548
75113
978679
964046
589648
43945
483889
810879
418069
440102
66833
887372
904142
114278
250713
814064
82584
412585
945853
659932
417278
614322
475327
992084
989792
14245
605801
421654
6208
930828
287846
962356
467498
595251
932734
15555
8253
953908
509869
97708
570201
788877
325726
334239
474151
346349
397385
74280
753599
464206
839718
20890
448506
697211
362956
514087
933974
772787
555755
442258
698879
617958
22562
52027
869120
216988
139966
449497
287366
895157
169872
771143
347532
741067
274026
662773
508008
964787
161590
686655
513970
695907
27890
675034
712460
152045
837836
856426
360211
797033
473877
8178
702497
322290
12581
322915
696123
998087
343628
623189
837790
635985
160368
468179
905185
560963
467784
382928
321031
549213
990644
45112
506019
562188
67702
470562
390056
855276
549457
487585
211277
1197
930044
254394
578201
611411
497347
641775
879696
182807
11323
951546
596474
160363
132320
428886
642956
695963
102349
206902
522358
196047
144662
125017
449032
594605
140229
848565
751937
925787
59440
947856
456758
472610
737779
455214
584668
571246
842832
421
95538
753586
768543
530188
526925
15464
676019
654418
169729
765110
818380
453867
610857
82796
647026
641636
244116
68586
162100
174424
621388
456479
727101
535355
786308
51308
592591
871379
517917
132198
677599
870855
640597
99386
816973
512464
894861
117484
539391
909324
968245
165176
382489
422065
909078
220441
619802
324830
587515
363495
465558
726733
90941
542363
764812
576421
972266
685486
939491
468140
949393
519712
474054
965786
960237
150101
471833
211144
413740
248154
828502
760904
214618
127301
17033
757518
93423
939513
353508
862475
752433
19400
206848
732762
208711
870260
81073
218451
159836
788302
491396
370046
709164
923904
480215
153250
312943
111270
298453
535803
936606
427798
670477
11913
618342
809408
55471
561157
95080
47921
794530
476463
215787
36146
924612
192258
565599
670413
973247
421577
212175
403247
231428
186699
930914
482921
809256
325666
699917
893777
204375
540394
246745
462725
113337
268436
31500
904591
763231
754202
80823
369636
414058
683789
715099
836423
342969
100618
303161
66187
960844
440075
983029
789109
164218
140633
80422
779711
232395
324895
997629
980345
97971
371931
427343
565387
69996
672173
562112
736213
494
18450
288206
824311
200334
690218
954103
954796
193776
558517
571400
367441
17514
953564
742404
878916
132855
935340
356525
38055
744021
854429
224433
437956
182460
296657
584692
305483
80955
480472
456694
901686
468720
929392
456993
436813
261347
969034
771186
874373
479807
666439
760065
794692
525359
302402
882606
642112
155922
588934
846634
282949
732058
963936
526495
432469
201990
160016
797565
379113
473977
261721
937891
952022
380855
442232
114982
920395
518141
890609
571008
138487
626298
952836
827032
630599
431725
242047
424489
804365
608156
844461
571090
298364
953262
135404
363194
987280
806758
473180
518238
708874
473276
324019
844025
521945
166234
792750
492751
542613
459504
700578
990037
642724
7988
5425
916544
704127
324537
867032
705960
568719
724971
192996
412889
967601
179173
196356
862775
564313
451951
737146
36171
747538
156631
890028
289134
914019
180906
849175
162000
277454
470927
967075
570534
71154
560769
570705
427374
432848
95656
152016
870688
498154
532370
858927
903538
992775
516178
449134
959240
19860
833973
105965
942391
661732
296606
472390
543157
493080
354557
427958
15390
142106
741296
729398
570341
578307
670710
569192
952597
681565
71820
368109
120835
79362
584358
463443
247123
415139
494347
241708
568675
317349
893197
222137
172887
268261
180516
962629
383554
658588
810151
478799
839149
721822
841958
893728
199368
262525
49574
317242
734699
80970
799034
443313
188231
866171
576698
133843
814957
514536
346723
140098
95866
131312
353995
325731
536351
785016
216383
436975
797897
209043
616378
298983
129073
526590
269060
650404
122689
590722
18534
828108
443233
744380
32901
583777
602270
820537
898979
258355
976567
124155
991981
476918
45763
757337
413057
117422
402690
818178
517633
192006
641534
480545
832973
584257
695517
535901
141920
687304
808582
843448
294729
835937
820654
960855
742147
708352
659902
749536
383155
752184
205027
193599
658495
148682
416177
782404
252422
862558
712373
778470
855551
464528
999061
681195
754225
992673
995430
411807
930060
875726
659531
962305
571555
735486
428676
704638
540103
340180
225050
390869
670273
936356
67685
832665
924331
756547
195321
224725
380651
216440
277355
402889
492365
930318
180739
548691
379964
610379
89856
547241
368989
301435
53570
384963
183561
408293
66584
702742
776549
180767
746470
176122
159199
895102
138419
119788
137030
864997
58829
335856
864134
872382
886489
803599
931135
338055
324603
138366
215554
832260
361182
815327
339239
768211
554144
249824
499662
964572
290077
737090
57520
722854
974231
544436
89889
962375
148095
227677
412836
734772
400546
388665
124906
898294
153459
524187
128041
922110
600817
163344
684886
726287
633845
474084
901439
195609
579354
170046
499078
208038
765577
119270
229245
480365
58143
515687
692315
785028
540222
640656
564761
173747
817517
611220
275756
765220
685548
704849
876191
499574
185241
719854
872396
296368
662328
935645
360054
874770
305123
893568
526534
696328
496141
785384
568033
257144
279412
265016
600738
351610
395619
878504
315769
345703
994145
655589
152671
809674
511290
254934
913461
862516
155367
146426
41593
712556
218844
174509
32227
618435
445998
368969
164770
942596
595424
112553
303470
614538
98825
956873
653770
663213
115107
959177
833240
631636
204082
696209
171992
708078
410702
552654
136447
174588
188175
300953
253680
407045
130069
869497
430809
416173
269874
377215
868077
696352
769716
904592
314873
828713
485330
613120
508837
951711
634737
302616
319626
965310
949652
965050
950314
934035
275487
282972
891280
924497
827526
422576
828101
235650
200983
348260
636140
402071
39392
471109
713147
914528
929790
968510
193750
497751
430339
789695
322313
441942
751875
922489
342626
835817
964283
628933
330857
711358
568031
155492
566782
720313
357247
993185
550349
956004
283989
167379
245551
229508
654573
578751
910944
746374
543537
958298
963161
154840
775120
123819
884298
144917
16523
124431
515894
666264
123548
423767
558122
982642
326723
858635
133659
607926
825518
52946
107227
607729
587971
495017
413496
405559
271182
234833
305073
823064
536642
358598
777558
694770
740270
787881
695163
358496
798909
295999
657624
794064
882729
114578
891712
389939
106558
377461
535100
426573
740359
162597
138564
536364
747095
743627
887641
999797
989493
155807
860098
463001
450405
637542
83297
544871
800975
911963
784176
453820
856911
366636
397790
507221
655704
875995
466560
205573
564165
31429
56117
459585
334654
172608
327067
155737
580483
808989
299112
698242
715032
410188
972838
665486
180301
990431
890445
231036
198953
716839
469886
532716
628787
326651
230554
35051
7772
884055
461501
307756
527180
875808
478875
736664
953223
253573
326645
157884
513532
271874
285175
911585
926186
252862
224561
569145
488047
416085
537968
433461
349231
779120
960696
919924
993053
899855
80737
627605
469673
312104
514251
106349
675334
339369
733120
180436
722007
700762
343332
272090
919029
526174
513243
614103
130143
848856
250487
247776
512639
351339
890332
77718
301845
392409
348147
297368
204610
758861
799111
687640
165555
119796
608255
513419
575080
193029
848952
241018
44960
483554
554687
406070
956387
902358
504616
236841
872876
464894
657742
389191
669360
925637
740071
46370
745551
609672
891330
934877
428822
926744
557280
311416
480367
148061
526061
413003
973094
303831
921049
571086
611992
52672
214487
140053
748922
397262
679666
807833
241219
583124
322247
795120
449655
35400
543651
89439
484689
479711
792121
948486
386445
205013
818560
980153
24847
137993
839975
77551
992371
203524
342518
574484
718258
925018
497795
831929
837229
719337
980749
662955
82522
449919
185016
862241
125320
5784
814245
159183
327248
219588
679789
8023
465690
271591
175739
242079
770761
408538
469251
83581
423684
893424
566563
962639
898274
591699
31316
911784
225329
907532
618444
469221
69219
128609
361972
302493
386262
359640
429569
427382
707711
293722
102770
882965
206770
837811
699428
930669
352912
7158
774549
886585
952333
496573
621427
282628
551260
7438
425760
434661
702906
363738
682949
622473
95444
52703
851280
877225
366230
919149
563915
923162
41234
945285
311578
208642
573704
508124
669649
857128
606808
199168
800688
568101
127425
211602
185852
871287
397653
599409
35642
208245
505595
975223
689483
637404
485856
821405
390687
821575
183868
851130
567959
173437
812605
921704
401723
123429
533202
51655
883412
653524
273109
553947
376808
470983
135637
48465
836048
911788
861439
792031
597175
695130
506089
166985
923441
395618
987452
208191
657653
929853
159163
659492
891001
980260
560052
815977
878569
708031
682433
56344
345539
442997
839611
213229
946578
457762
768445
767774
500356
170983
218256
985788
544554
71771
259640
880561
974284
255198
704410
378985
423271
618574
225096
88654
532741
397011
881259
634795
967735
164950
471308
380466
888304
307791
778943
658137
870273
540858
841004
830942
503660
100843
767419
215532
942696
414841
227547
64534
363505
181846
619696
323392
16264
264959
47383
359645
537486
998094
366934
368018
510969
512621
957285
52153
370544
35301
662163
494786
842441
619540
222743
390389
688669
522557
220660
517523
425412
724153
305991
771354
714162
643404
706864
430118
969709
137555
692251
997044
919786
158169
785514
850370
960387
758088
318209
933587
158424
112892
282541
270
232383
39667
319602
806918
872233
511201
245615
688533
70162
909472
402032
987873
563556
9605
112272
340864
330665
307982
518665
406840
730603
10423
966490
559071
409131
231531
283219
735073
767418
968024
236992
523680
638326
489115
717040
239862
731364
706459
513441
720981
794599
711986
413065
752080
750171
813317
894787
432051
54417
932788
749397
496076
71271
799917
869466
318157
982018
981083
805328
539081
785963
104316
870528
680220
880771
454353
176582
248040
24292
529582
450236
532025
238742
622385
351559
938122
731179
451599
835901
25953
257848
451018
717490
76117
149872
693951
162526
356976
517342
100571
233836
994287
862206
450222
776481
367654
595065
45400
858535
12544
306620
440863
205174
917733
136244
537379
709726
294836
801256
199208
774643
844143
459314
988371
177109
405814
383515
176816
724698
759020
125010
830128
179355
470518
652297
374704
594328
190306
361261
61812
447304
955876
433472
70642
60802
317563
687636
125387
518529
250674
45733
309077
660055
124930
128596
356947
871537
387476
412220
581446
206787
330341
232051
942556
878672
14531
602847
758919
395991
541876
916850
296233
404765
113717
556739
907179
674516
869344
357258
897965
162981
423079
646008
778071
415903
401340
870513
745230
230971
935443
805863
172739
581707
825599
759188
33381
735871
299385
923859
538679
435156
226624
357724
562620
191642
837658
424666
472526
762208
594680
286635
408654
957182
828855
82804
683381
170110
8515
304157
938249
778407
997462
199088
916844
204136
77342
948298
965838
912350
662077
715963
270211
870594
255722
971072
478384
584242
734196
143834
793630
96730
38375
582474
641200
828479
897095
77228
445809
812776
931513
510381
711623
567209
814082
857643
187653
892365
515622
255527
801308
125791
847346
902569
781168
885205
985750
572849
552969
926490
934698
857941
557664
981238
456529
672060
656026
859485
699451
978741
820305
239057
571844
403829
370253
457588
798138
999723
708305
970414
558140
411650
433746
334519
774333
283635
263171
844481
661288
379075
932235
608133
183390
241824
78936
422889
7706
16916
327949
488267
786742
858212
460567
149549
952518
476999
846429
875709
521442
352518
978965
914111
390722
64429
513332
728921
911298
328939
31357
719867
685188
996171
416571
863785
674548
428623
819210
461286
492775
57382
309455
886526
988189
47883
374407
888368
521701
468858
458941
444407
66847
45518
874198
310260
200093
555516
303046
739066
836707
674726
176421
747765
841998
428765
847388
249079
224081
882998
301369
99169
483354
417351
248739
708522
235219
451839
109799
387791
715012
52639
297008
998423
258581
189977
792021
583298
182513
279363
660941
153166
826631
876216
301886
189925
118250
559372
22066
117542
190296
93033
125546
355150
646104
209098
553421
854467
733436
237972
126009
634237
632774
866444
232507
85713
356071
762425
907161
35035
37411
660311
569804
768584
46736
798069
284683
329470
704829
423532
526338
127400
729070
724540
698722
918689
455622
278148
958097
735484
322686
751390
797314
757166
508625
464917
40672
336921
240506
337859
525028
390261
785941
358860
243463
800861
450466
777073
120977
666420
949033
662481
324047
265458
830903
77698
263010
25230
939654
999176
186612
389514
603514
456496
987334
639318
293064
744524
632741
190114
319601
963467
958140
498819
74540
834484
198722
694465
183714
390079
631764
799803
357907
418448
904605
966327
659670
587857
604721
417226
943741
528299
901817
262304
186327
2400
968521
633513
61071
806280
462478
712608
572273
882021
601379
412729
672589
399269
551106
207911
113908
608629
998999
509255
427359
989245
416752
199660
673264
563259
382225
361800
493584
540991
750053
322995
419511
284289
330510
317147
952906
677594
430173
32777
860574
42981
78749
456268
618586
464563
694474
998724
996411
977061
932575
39564
162802
761962
909069
201797
529576
483286
363527
466876
480609
942747
176762
132215
11326
758950
553755
804193
488028
53336
156760
32463
283419
783391
843696
932718
527737
278449
237150
319243
732636
595557
282289
519295
72750
422318
844215
528245
839778
468212
217239
390426
576086
614416
787774
55455
712529
592740
866354
193006
928555
863318
559170
682087
281228
910951
112542
209621
449932
987059
256515
343090
265466
839239
797006
647763
853944
541210
883442
463153
641540
956650
82437
478998
984785
130293
547125
749089
441811
161808
602647
506229
499482
342630
312160
440132
364118
538641
153388
858931
503609
539534
875516
86123
500986
169632
263421
548796
549429
502340
363075
135149
235887
907340
822741
233956
361784
445467
618657
791662
439273
450172
263248
766508
625741
26527
774900
909787
107356
994480
777310
790142
929186
531285
157645
859946
932927
812997
373761
762030
398151
480000
655725
441117
776714
790382
641034
157945
85165
621336
847944
136893
346359
87485
854815
498886
58728
117330
222276
658080
639555
842586
28408
954665
81901
792797
807482
967076
326126
981960
325917
597213
92116
601313
543604
290804
158518
135524
600425
559879
175510
487679
887981
162880
764768
997223
636937
114296
52367
324949
861076
161350
12591
848545
200061
396009
811517
982137
640648
314189
4586
480382
832406
880765
339518
544187
123740
593958
722202
157314
767478
576644
702102
761125
226836
92076
905352
135502
279570
392692
879590
177532
412518
396866
515203
474330
664499
551088
552501
923006
924730
332441
231256
818811
279984
810627
704619
737955
241642
51945
226391
813404
196276
316835
606992
845469
113794
72884
585173
676806
976638
10800
849297
93146
930624
175240
901028
415642
224796
250163
644475
881086
5972
717755
290523
229522
749038
523490
400766
614188
744289
273647
153172
547270
371241
90392
662954
859452
903802
919437
765480
68323
872081
333023
827252
634179
990693
537227
76661
152435
83964
33319
166898
167696
741531
158056
531608
257561
249046
803021
745690
362090
490501
565036
246643
725715
785111
825687
398343
346389
398528
676523
535975
785912
474766
370869
61235
424652
375258
858624
573338
992826
303769
780031
454974
165381
250194
716947
663730
669603
330154
180346
86309
348530
180635
690198
418584
146329
230403
121557
508683
407484
605720
391745
738102
573147
385850
750822
640947
217544
933921
666715
125817
679235
11445
844591
809666
131763
952317
204338
528526
389763
812719
848477
418497
977239
747430
724254
403304
272426
775089
839620
333273
804422
880711
516612
772984
447390
564057
948838
778518
690443
38784
517647
551219
553313
30742
798955
725412
908974
993632
883382
58832
433103
540136
779688
25428
630894
664298
812347
714183
54299
615268
462362
818519
551046
35280
711080
728274
443671
354350
238953
109313
391210
697402
585361
538863
86890
293566
132391
442759
542153
311104
968150
878235
218905
86107
976976
647361
699530
429227
700383
414808
412544
350434
409738
964520
637840
992184
662560
173287
936280
538175
104740
846040
862904
744980
991317
485326
135217
675953
427736
887887
254488
278880
490308
890771
365302
99658
444810
833516
142783
384366
524671
126399
405805
815597
219656
340144
983865
629057
275681
273052
501942
663438
913930
534912
435082
243153
100494
44279
523529
181
559857
518816
102384
349124
570997
576798
59898
120954
908425
759992
105762
31350
406031
431585
929782
336010
588872
114067
586901
331505
589087
472532
426117
945120
343310
148763
259763
859893
721713
303308
355912
108364
436133
591198
895972
789297
479964
377117
133753
871343
605249
713419
552391
9351
819138
481762
296879
440636
826815
23477
129975
735563
801357
114228
652761
347513
746662
651406
882952
488708
725169
257265
592064
102203
726442
716333
472712
996073
34478
103414
842183
243117
439334
106056
17792
372645
766349
935397
634540
547273
653471
956858
8115
146644
638432
142304
540742
302492
723910
62462
675291
496131
80644
745099
960838
7046
520691
936881
850801
356659
432671
633165
28792
83639
77100
542163
894499
981845
210404
165327
745985
139123
377502
925382
393245
631502
895563
576571
514656
223886
116960
378957
798275
495925
796571
814013
76270
765616
139381
29390
284722
654032
844899
532741
152928
744594
569608
546640
674180
874522
860666
378755
855041
913023
516527
746493
268362
335743
157252
752873
358779
847187
174057
579168
898770
849694
698029
383596
275916
557951
322658
938984
586144
503238
406829
866883
896594
458306
367084
246819
435766
618680
636484
810022
780674
804657
732230
952579
16206
441643
404285
784271
150698
110639
755286
417820
953564
177858
334508
115260
956020
418293
474288
277347
477774
495127
519602
99882
732900
413771
696462
781936
674637
678324
516789
407835
897494
83532
174935
59004
395452
318804
118890
690513
190915
927078
124826
852579
940341
662438
497677
836368
851002
858071
963985
50979
81745
658570
551717
150431
779625
208817
43745
116699
894558
245521
132226
242439
656787
390358
692054
508172
587752
413248
276992
362770
88472
719163
235305
778267
397042
778445
450692
686028
907890
138665
288443
969100
539068
760928
397051
956421
392308
969271
966681
98888
475260
149971
194463
211021
828107
229713
929655
907544
181350
231218
34803
713014
358910
557940
664311
745191
454823
784380
316548
495446
654128
968494
388833
400067
730915
894303
754728
775169
944346
393314
848746
953755
466300
620607
53568
979410
785043
921474
846959
74498
709195
94127
622647
462434
178250
515731
75704
697770
824806
288501
563522
210063
94919
46124
957815
521898
581915
867338
461343
960887
248495
881078
663304
957048
42097
706455
288792
385529
93311
7532
542193
211631
574571
537273
900415
892474
714702
73308
333089
50122
676677
927038
747761
611677
103949
478629
92338
506854
596087
980901
512341
961226
328903
687542
646376
126595
334191
131297
394716
431975
77603
633621
491377
536067
629337
865238
283776
71393
420191
388565
974564
330985
954712
699930
352966
82340
376340
947870
681220
449179
811275
445813
455870
307422
285494
578920
397820
478049
571851
578657
820927
224000
141715
33599
712931
39203
41577
481866
299309
494396
644881
874176
535863
714669
552946
385806
370869
700935
391346
817434
654883
326894
600684
347965
253773
856216
894416
512334
956538
462708
469080
606809
786934
111079
198243
629103
730747
20593
299504
827863
797819
846446
80696
316642
685709
474169
607655
647196
880689
283435
871865
987487
740930
255809
892910
673729
802487
443611
431657
949805
238677
805985
985387
412367
934261
224832
269798
75049
979437
432146
184641
994883
574558
596892
946087
853375
660506
451121
485452
665930
983856
370291
802750
657583
310805
163129
75555
366406
535536
921229
716373
482953
97025
560652
332951
772934
655663
155120
167090
306033
73454
480107
685040
110737
549514
716777
712372
778587
994898
447928
372340
468764
770403
608452
429589
968207
634192
367739
611682
57422
587819
990031
344680
804581
96243
756954
841200
772931
359642
604251
436633
397770
452977
422878
910482
819333
772850
260666
924146
887097
649770
87668
656500
881300
509825
15105
816274
354051
740839
514665
594556
599647
106909
351239
626805
311111
909277
940461
486027
708489
863015
695716
319921
723769
893674
241105
562170
531748
55819
973043
593972
581535
887060
79816
395679
41336
455356
283215
415753
325070
657423
383529
564295
537085
707898
432601
231058
182705
593141
52074
21691
455388
718797
130224
433164
600002
974989
503590
789949
706609
943176
406391
109392
66511
927558
502808
61961
122251
938121
354322
617805
639157
284538
181981
328214
278570
846325
621160
80209
61544
256942
581302
515733
689024
672126
676130
138367
904681
765134
458307
120366
581488
860126
514794
943128
659021
133491
943368
789383
583122
329435
429
924468
190013
746846
615019
43070
44332
47235
751257
405639
593328
289147
159795
2924
312697
116910
343647
438750
218737
111777
999114
870370
286438
920897
177457
130337
865695
196111
750780
62444
145231
587303
353028
488017
868391
121710
922933
202898
810886
19607
582671
21192
246796
395347
330055
836564
254284
582419
991562
565501
843296
84027
792161
468331
408534
591716
779503
130815
543559
913486
468056
260301
295304
56609
761340
858359
589498
869918
178785
954151
799869
496103
919535
336552
931073
227943
754388
766370
791356
769631
650440
866864
337848
503758
212586
907872
520324
884604
173641
556358
180490
620452
606976
707261
966081
239036
630393
60283
908217
128546
267090
865488
579667
572644
882908
524923
825619
793644
697152
975337
859150
133895
565756
28811
517181
693648
88075
527251
93876
85437
764515
152266
422700
528901
952856
644369
874428
12909
653726
363762
767783
91438
794987
443106
645582
773317
726011
946581
40710
936535
365485
745086
436036
402878
768203
761570
452661
700084
89191
437912
862379
816603
424864
193055
172849
851046
115076
511067
324223
175592
993231
965870
640073
833591
913554
649775
129138
582396
770415
824842
588638
729754
39681
80180
781028
902457
167704
915849
285091
830894
475618
762243
214508
182985
567077
99609
418844
734906
934376
344178
895693
468512
919026
685892
93667
674096
38890
104014
600385
185342
532061
432622
505566
230187
545694
542687
297842
7212
625544
385043
787210
700658
103647
618601
356475
350651
981141
568651
116915
499125
808872
970599
985067
990154
167528
800968
622712
48396
352535
348368
254081
225983
772009
825748
414923
821629
66346
914900
349104
78730
746431
502550
57903
910965
658756
301085
23196
143463
860693
825547
354424
810827
491304
670160
132571
575322
537559
280462
772750
402753
463292
346891
417781
256306
384182
857938
757801
404612
261960
654054
599012
561224
517855
774116
482389
983529
149428
690228
637012
6975
144520
938475
17904
933872
419468
697601
429667
947907
590179
579114
272615
532611
488639
371859
378401
137036
691496
840634
850428
494837
762395
658858
240721
819673
120335
588946
438594
248388
724179
472897
753894
88375
497107
190529
289886
83673
838009
405517
100166
938042
37487
992431
332488
8580
108227
799547
465290
228928
480868
582626
190407
880834
837705
377075
399355
11379
715761
167732
105976
468601
200773
527705
218838
232773
153689
127647
134600
885112
2449
611976
546121
538162
816928
956403
882612
497273
971564
229847
968115
18499
577422
812892
139088
641185
669109
643158
387047
922056
406634
652958
667708
99900
336877
635983
928873
350235
306239
566362
547056
773507
821753
987335
214767
376289
272794
942153
658033
718807
365214
514940
409376
952713
59465
244861
140121
106501
602371
340582
68184
802636
493533
305316
66258
123329
943729
292855
305250
444461
903016
761030
889115
113133
354198
332893
446588
577273
637695
327620
27777
815505
561213
562749
619030
773509
529017
344025
59430
828130
583255
892343
43986
432244
550638
358746
54206
610941
192180
458342
20421
979504
21753
694391
988940
742442
839882
329694
46324
623022
523126
831481
768169
808219
679725
598510
967512
93997
572163
900484
545021
393516
575380
608862
143514
18356
348546
79700
445635
250018
212698
343151
819734
293656
205461
815041
680265
720494
266426
662815
867804
502581
709985
407741
711405
398441
298322
266532
695210
376370
791307
141330
246561
313687
578400
635118
505075
225024
497021
837862
113703
182118
469511
585447
532506
900441
692001
996344
268564
565485
595211
164852
670775
410242
529956
702562
560273
54255
189968
91954
269520
765963
863732
229718
316437
691991
824798
984123
62177
201803
385986
28259
607020
349692
330591
44065
890388
418534
253441
556720
920690
563676
331487
687727
893449
700809
448740
553533
192600
729506
95051
782701
740239
745258
400995
820134
705182
964961
864434
71514
750696
224394
428214
939425
192086
59416
58951
15409
338888
290676
445528
239740
399655
119469
173276
189926
311510
425597
338245
953058
295367
997620
269287
924136
318762
578628
638395
451285
222015
555240
442176
885535
826253
270577
731068
374834
318315
602158
836257
452332
721595
582455
787082
968178
239223
823062
938724
519341
514723
125587
368874
570533
808674
818651
65672
546616
308453
838668
539745
60598
389758
949471
197868
109084
99027
240563
742905
867564
541805
540594
273170
639397
506608
799010
127484
8804
780005
846666
154013
182615
819059
656254
74423
804057
666669
106506
292306
536688
775172
945271
764920
238239
966749
204605
192090
844455
376894
47237
139216
164577
67937
118872
17406
419185
787563
36330
166098
362088
710774
640061
272553
620792
61835
818612
200593
325524
479147
576565
440745
437540
634380
819001
889189
733538
8417
977267
385070
937300
564370
514330
3558
140710
523787
790869
266761
358627
441328
248578
839663
660752
405870
536483
849070
340645
119789
21926
529884
122537
510114
811728
951858
576745
478400
325189
99788
988372
399630
850742
163404
223414
100692
497319
764575
80399
447471
968604
928919
950031
445828
431776
312568
580657
735121
494321
50638
905137
571807
269003
555515
229931
433492
576143
188687
66898
205797
439888
693328
733641
861288
766779
983449
989217
151815
263200
140382
938160
974608
725729
71757
268490
936298
694581
286032
54879
735267
429018
704367
106609
921060
42325
713491
147440
582022
412775
381413
748019
38077
435470
985045
351061
722034
304052
644279
838698
461679
870968
930247
868701
274420
819288
700301
114919
388966
507064
524636
320238
688487
33617
296500
672056
478145
708985
816519
175882
842491
37706
540953
388385
240398
820786
953472
363468
869874
446999
579211
257700
55505
967589
206079
801194
699293
699253
242428
164539
59517
738459
87295
734322
644194
254924
344641
863706
385400
212010
176892
955854
593209
371118
566669
278064
196891
137457
878709
304898
567018
201303
646073
551972
118704
297240
671338
799530
134928
738220
263103
150041
32626
742099
259230
72127
864280
741950
368569
29932
204111
247773
414869
761424
320514
946758
486246
760754
418921
674239
232471
6603
91806
346920
164965
31613
695120
109704
354347
819571
63952
546994
567224
919382
493577
909203
868252
462376
515405
499035
619714
986049
191946
860614
308855
578084
179419
474438
824265
543870
580923
906703
45386
491770
949524
874238
938420
569283
495477
700263
697958
448599
830115
444922
400205
110021
192710
720784
105822
319811
480964
478552
441919
574382
110571
876377
560005
452062
331400
297379
586584
397861
169045
404054
977011
639013
139214
106830
773768
921163
172324
365098
238336
492716
230411
48824
102560
697786
99246
719358
314183
47970
452802
763815
456276
727174
337976
851273
918756
656594
193612
388111
955193
731901
771835
493960
412150
970910
989393
154506
282246
290856
58016
69956
810909
899268
627917
983968
280471
194890
698884
44177
310972
574427
913675
920510
279141
35805
831092
343306
291192
547796
465261
370048
49806
558810
689393
427224
259894
793083
369889
758632
16787
852271
16365
985258
829088
207092
490668
262694
12116
624456
62540
788156
65441
205568
595683
774800
129622
561224
491236
666322
240036
753848
967277
528552
883581
270926
413500
620603
680856
843854
185154
180315
886545
384627
110160
152720
541102
233680
451246
719678
668093
693256
911691
532788
559320
895590
313102
876305
453899
765146
445258
450259
400076
602833
4433
298621
385576
805232
877151
595684
196991
843500
563831
546263
491878
899144
415052
698281
6762
355564
308757
180253
440564
773663
683779
672044
417544
187873
656719
936821
406311
780584
598700
298498
353621
851189
795484
356530
166389
684817
509663
930505
180560
684905
427910
943184
186996
861507
329189
980330
307065
960220
453414
169013
780831
567456
463418
816153
723603
217733
193387
921200
412688
574213
137358
636946
805923
650806
523860
573628
285127
449607
159295
325468
13102
745817
823537
747835
63073
955063
734879
415047
153598
7540
815269
318780
512929
29792
299188
664239
572062
773094
912614
663031
41386
644293
398962
176568
384153
849449
456379
90445
341313
316262
206979
361873
401534
522384
435196
672906
659023
923449
852223
269747
796190
311880
333654
319845
757533
40434
98803
793313
420172
514648
792836
1660
440215
512317
595166
600360
638235
915362
198870
351066
470025
488960
678383
178525
233443
482402
57773
335987
76388
855836
944776
420771
552380
868267
205500
151332
531897
851499
295421
465188
45825
672175
516616
123893
146492
266560
354581
798357
148878
358709
19817
676056
211010
437740
416263
939060
589506
494562
604806
773289
370947
747829
102718
275595
413117
931891
785180
722029
192792
602590
674070
964204
919074
449407
854584
328917
946621
415715
312348
523316
386518
195446
663735
762938
830095
442171
865616
766410
876863
124582
172749
927392
315727
792406
943462
724894
655813
141746
877690
924149
202653
390431
289344
723948
598227
355995
714646
416144
494334
827129
357237
816440
644758
391673
494214
757940
900118
684355
337357
853522
956093
507328
125059
981644
957102
626390
455171
931793
435511
881214
3482
514798
444398
242371
706753
697369
539511
797081
794534
176154
174691
426071
892582
984599
757427
383122
512216
869754
464954
927384
884803
106625
36320
536774
166895
250337
509571
176134
659609
510808
677751
715497
122048
894030
55662
29917
400732
901415
513075
139019
481390
439144
595920
914192
434610
962051
406480
509717
507826
391040
848607
422989
789492
964746
563917
697354
54100
948244
527281
7805
450604
347750
622506
549640
843503
292360
328065
645889
181973
237769
334442
836486
740208
95660
810666
379832
544734
511088
115410
623382
930647
294651
145513
241142
947238
751778
264872
115041
678325
901464
512350
825932
735489
842032
767924
314351
66220
822160
511435
212804
624817
520820
751361
748318
412850
354716
746835
411172
713709
454356
349852
610920
148365
786654
257788
476008
27037
688445
278868
831584
302807
719392
283565
862089
268507
822634
145016
470514
167867
873114
232112
300154
778675
232668
646108
449319
891446
425131
335152
486759
63395
164321
499923
992032
522070
950428
646396
259382
981147
404111
897973
814809
821438
940706
102018
26311
819902
788359
279579
976101
40736
953307
881620
205622
977631
452660
393181
181749
136960
819789
362662
999701
385924
117131
740827
432403
353399
282155
727373
715892
811686
722955
946096
544929
423213
542353
236993
915931
520622
50684
517760
522716
196830
390725
554011
950860
966777
95729
48811
835484
301078
246646
441175
493827
680341
801735
324246
495443
583028
833726
851155
209335
721089
335525
697641
82187
443498
971618
870541
521752
444592
873852
620619
849003
782650
349582
371817
217296
512262
808903
630440
51504
464314
24538
799784
984452
895833
497161
329771
629237
557201
312458
959666
14418
453680
228307
502339
448877
202423
90247
631628
889747
530119
328253
722338
840037
598328
354217
556898
800279
491593
627561
744376
386757
75569
151150
159614
621933
503173
265340
973901
251281
624705
859214
345050
635576
162183
432931
172570
252121
27190
246945
349279
157111
944816
910246
507360
575516
62410
242730
454197
755078
387980
434240
151406
24255
281317
432635
858065
648074
304494
676781
887791
822969
605209
687499
128162
691228
229046
24556
111013
356372
557857
755888
893072
998021
115404
848382
402158
645162
29925
64293
837693
696450
219747
181348
594881
864808
971954
986373
955269
331008
573945
57315
810479
8077
575876
898317
428415
274656
555411
749571
340132
813675
326590
260445
992891
622708
908675
957451
974501
711205
724462
522103
915267
431104
990692
256711
542288
706479
320971
216318
998620
3385
207257
864258
360929
264209
475832
571192
873156
375433
567827
969611
970857
898276
595648
271948
952499
377032
435722
89268
685847
497810
112601
58436
328155
265284
733568
192269
699761
255513
807395
265996
701610
157498
131395
704877
641625
18633
500776
624240
244613
390297
339882
524969
381898
873537
902811
658145
474316
982662
343764
757595
714777
338997
430747
5809
221594
707474
25262
538332
442870
522602
558191
505682
427332
629189
111851
694857
490474
369720
731848
933722
235863
222359
631819
513793
28505
927047
631044
187137
632539
345200
179735
510628
383295
587090
463655
633184
237588
836143
380448
903765
306676
584614
914401
577011
258109
983456
464261
534969
775146
990691
339213
324120
759565
574852
364587
28726
536363
678073
650285
508110
896436
730700
980036
180020
561885
734636
137777
646198
186076
176990
565067
569822
958847
240529
711407
843413
280554
368270
150532
145890
216939
650446
677033
915855
871419
207077
433662
632428
502292
319325
158732
441517
821737
986974
730194
820590
958663
285960
556781
301464
594182
420195
440611
582939
841707
41774
571083
341019
180702
218708
811997
119335
675330
224124
920466
441636
860854
705023
826487
405000
383848
69429
759764
91586
145041
296808
534323
141047
838224
342186
802831
360424
835751
745283
244571
290351
297356
635010
777259
102696
825645
782132
703427
727341
543812
837107
822971
371385
407378
475798
177803
50414
808315
841478
705657
719217
611709
394224
589084
461875
42830
386838
827211
788107
138962
306113
852647
871039
910774
740945
712130
15266
638892
591796
498667
133399
122755
145909
303064
5811
871457
642284
14126
672961
905184
418516
376943
633439
174083
214521
965568
713285
541396
301264
459542
160614
272347
487009
26173
407599
754236
765727
908677
500780
125742
245144
644297
776202
489108
203463
151389
345847
683770
128903
566931
645413
927213
34402
379498
130670
825079
687240
712020
58450
731765
64283
22691
497371
945367
253607
157647
306273
464180
81071
16870
894506
61576
97826
421392
471593
441227
265069
181694
963431
418030
98538
274991
16383
123892
108790
360927
550659
547371
413856
600972
942333
270791
263420
680741
154960
469145
242136
870674
905084
604913
969670
614811
934399
862861
778776
620726
556313
391484
956714
18479
229929
864083
809497
626486
140211
158219
485586
640896
896579
669046
873925
877083
282154
206748
675895
261843
112999
262582
557879
346937
815650
446534
108520
286486
45393
235537
235453
475116
880765
399418
285956
132325
349663
300925
562009
17307
362404
4804
178363
782787
990032
916585
130427
583990
665215
90505
210256
395870
968774
356993
697608
278649
969463
931592
946457
479053
284227
260841
371222
623465
778170
603611
917053
191763
430959
868094
228269
236563
247735
227764
619252
593755
771983
423386
63558
310097
557533
872674
917771
61563
774863
425999
632143
646150
12320
703115
521501
790259
948281
922024
860069
815583
366388
728689
903130
662829
813243
38893
806617
517330
60111
772656
996547
229628
138597
853853
521963
193248
650667
812219
913515
30238
520104
330291
241809
153684
239681
706916
492535
519036
524823
133923
586160
844930
924238
605522
617182
77991
849897
741019
42913
214603
170641
269002
128490
466586
373940
999364
100525
213526
637578
171048
818165
686268
937203
507777
199441
973974
429245
855269
839724
933660
591681
566253
162619
960520
986028
250192
205519
199925
77980
997278
174154
48499
717472
617943
262254
692138
117602
522534
253841
195879
159393
985469
44077
162376
633558
107534
788052
118272
377976
362979
295616
613768
738203
2458
591496
121187
543283
890753
207343
338315
229239
377226
92119
589117
357345
737643
23571
644638
961874
722388
68953
748041
115793
460110
249238
466166
352500
838317
649692
533448
591063
497649
248759
281011
372233
590399
617437
310791
546439
101815
115011
979742
726112
256305
276428
528670
523639
142873
324252
192236
100199
317028
373771
842862
309825
504110
988342
372410
139504
560882
952623
118880
224382
165861
443412
768976
998319
497775
575357
48618
382923
370567
780303
54241
920890
598506
49518
456906
390599
584247
354959
991175
539783
247210
570155
270538
743763
569651
146191
855624
606128
45810
71440
594300
407824
266386
831645
547157
963698
41151
415469
91518
720612
221573
114198
711175
401640
899334
601023
874741
