356913
35406
466899
544512
879694
599291
912371
954356
821908
787256
150398
549744
52695
149632
964998
859300
908970
872056
937737
171266
643370
53679
443475
734617
397668
566151
348465
59202
375332
854701
516237
893171
958171
681475
509035
989425
387756
960671
614207
882466
498707
948269
431336
434368
732914
33968
491789
786922
583354
615653
763923
147796
884274
913416
988280
551967
85863
777008
385551
141892
479153
320021
666392
448297
556893
669042
900219
210262
490236
228037
947425
255041
555463
104500
559215
716037
780973
696010
683680
833137
952059
579806
652286
815037
564775
561172
869117
405656
454969
691581
742964
132700
114967
737882
10297
328675
41899
98494
728343
542387
715635
225937
182766
104533
537188
480624
896232
609411
187772
689330
380692
772607
541539
438278
304352
614336
922685
659896
810231
267271
316815
68818
47925
570193
627467
971039
95619
155749
116730
729547
418580
306381
644292
958182
563643
932001
294815
342023
745702
829118
670866
342029
48507
319446
50469
558081
582477
371169
276007
667159
813627
944114
305307
71315
841125
538660
386560
860297
526028
175731
634236
275325
226501
194087
744100
264680
873562
857642
310507
537692
883326
763899
851364
602367
366186
797563
852085
352755
299992
591717
730778
689302
893147
280091
520083
114405
722585
839707
888876
808763
385959
681680
862183
119480
313215
911173
415175
275645
644960
340212
771515
901651
913154
760957
653542
764395
828789
880754
4103
602560
405781
886863
223498
716440
353580
829127
822314
59114
291236
857529
927105
182426
387687
23426
480173
485600
856917
268971
50721
346502
751265
821635
297925
894928
902665
360456
610507
462581
165232
13567
958992
941260
200089
552867
646890
463810
323906
4538
589908
516615
38299
983618
529395
817929
449825
554699
213252
866137
877276
820254
659685
790185
411441
104027
869884
655094
940644
58465
941640
62787
574831
130853
879938
695355
493815
893926
990127
528568
188401
537399
575813
882081
230609
767867
835767
666797
285546
364335
876703
419975
677991
624161
734536
893898
806692
37439
925077
868139
810666
470986
274448
158710
106117
123498
75411
308145
864452
701402
268045
734685
722829
796419
421937
545434
133274
47335
973505
161322
585748
493748
573875
760334
838666
522361
550013
962188
462478
874612
786498
400722
136428
157257
367129
562804
76360
857552
555766
861522
175635
376837
111991
211541
742953
743843
596301
315160
705931
285066
738757
716899
630196
225884
690738
96850
792154
28008
707001
997332
759042
616318
515193
303823
191744
327778
410132
951713
313226
103067
806559
855554
487672
891499
764130
726021
360027
491224
469452
633469
801847
631849
244406
956028
526302
56685
141586
317047
212842
660532
140080
987781
305366
860193
224108
191238
149689
48087
295736
359008
339041
49041
69442
380133
937352
160782
537153
781009
879414
942185
526689
775599
95346
321926
472265
519706
875878
639913
378757
389281
728782
507681
853845
833924
278108
221921
464081
309595
512748
974446
48375
518678
860831
113588
807059
897247
623190
418676
742858
836572
175373
329368
523330
487632
642897
536936
275185
600481
971423
996244
588097
188724
59227
200689
188317
234740
754794
743553
260251
81330
949420
650667
608518
343335
333785
372937
871750
382612
492663
523424
184238
879306
225333
158507
259427
706566
754280
120144
152676
677364
616607
564916
295609
259284
443300
18602
165948
473402
979282
874182
482238
920943
279118
140624
842712
867637
183331
351060
145680
208744
267582
648791
403876
114368
218435
432228
493750
940915
366601
595395
156307
325240
796409
650443
29025
351397
526782
569231
465829
418490
137833
986804
217583
262582
27045
836387
972579
940903
198737
395417
466532
289280
724287
939227
241118
587426
176393
928135
313712
962493
244747
650822
470517
807888
585920
130142
455982
477516
540028
501156
544909
554966
936643
820367
544352
155244
931141
569319
66456
123295
3575
831579
639094
448382
110095
583346
14737
184019
861212
338394
579142
642375
201023
410909
155900
745504
327050
589425
28050
259819
352243
726958
288296
230773
402548
72474
339719
454835
600771
994912
48110
462017
763113
318432
954426
149511
979970
400351
432625
336824
417232
783711
83627
483572
206651
722378
18845
16782
592937
266952
617731
213863
980406
841008
741161
318713
387088
499034
840535
453040
676530
666131
382551
118258
484923
433194
89252
383872
5930
746663
839537
979508
496249
737883
626194
330602
973395
581267
192715
251835
903922
747686
792116
357157
229273
983086
598661
322886
679275
484691
436100
815623
43687
798723
500936
96150
458305
457022
833064
885515
304797
902797
512006
110380
182378
392146
153393
357516
812569
671931
878075
625102
714873
727440
785177
368135
564017
216684
999472
573377
501593
185609
16706
892124
193909
535732
647860
502352
385038
906783
293563
571533
771375
460309
905763
380611
105657
881032
106044
683774
193123
112646
180001
690025
768530
329098
884710
390195
950417
229231
789917
676174
65645
692096
266949
687828
895344
93290
402320
424004
616248
202003
831696
308907
413619
574531
852221
997918
584313
915328
705573
752227
929925
215033
202544
931952
491281
6680
968847
451531
411342
703610
575361
920528
412925
247227
318594
403345
756269
503722
6608
141080
531537
208796
24091
357383
78781
86556
707464
269281
21181
374656
314210
334945
522066
933718
691230
526344
467530
131902
777353
144500
99835
142417
13264
843436
413339
936255
446315
120120
515327
305335
565095
735085
122350
304511
969552
655367
763298
288995
162871
106286
583514
758090
29093
301147
284895
395236
30812
717076
891089
37759
528710
757267
153900
912569
220541
464133
597917
948368
122998
340974
643579
764117
887435
319593
652196
803007
844963
298189
444469
913820
681215
391532
816805
979938
506852
45685
501246
84452
594849
851001
997049
777312
722940
664971
937078
644533
710013
995840
469397
407346
85206
938197
287604
623881
717997
765232
488389
31458
615944
859391
266954
182220
306964
987517
25648
768846
800082
679635
399110
142940
97695
712475
699608
372197
708446
853055
158828
433673
957508
841984
777816
94696
823615
825875
459006
708438
773252
497445
108774
153322
284340
420736
832822
207349
102058
606597
457808
666768
842531
365081
730248
357583
396426
768861
916033
259986
532704
85653
315299
781753
145221
4266
790330
356151
952805
523402
630382
215744
485506
305069
214555
708252
355865
830771
977228
459102
341428
258025
451545
762093
782668
313899
11738
32193
484504
428579
325511
682218
73334
624367
526254
569482
823157
709793
493327
933347
620477
541344
414167
864075
70939
770731
501752
800060
909997
868350
967777
934600
432102
72397
738975
538985
776639
126957
982928
360055
196987
112018
232383
369394
805844
173875
339553
991231
361287
195338
207019
429808
828729
560375
360526
115708
402117
613956
636880
648782
242851
987523
738568
103288
10294
703188
810806
879112
335282
699203
758013
65011
558439
785934
347901
617582
466223
959684
55697
651612
352496
449032
263138
120354
147599
465269
772710
867094
106674
303260
695033
176341
275823
451048
613334
910579
376534
203811
789938
728654
810391
367057
63221
896315
776978
539642
774485
596578
382906
418245
994129
689638
773540
174592
513352
74684
955122
655613
510643
634781
84950
352022
547461
439958
922757
692432
30558
523389
43387
769181
46310
401342
369636
301563
300428
620947
946414
264955
646875
147794
605481
502876
436214
482976
64087
360150
933488
944515
520598
826034
942794
756886
639335
112278
64394
295381
255578
968479
692276
330456
523096
116327
738856
95837
110732
45734
629976
222526
780079
639540
851875
264641
800880
216492
608083
347086
931068
873388
574832
163003
647087
310586
402623
573955
538903
670529
267354
613526
144800
174969
329325
488330
907682
278564
65994
401967
664260
232244
847210
114047
248971
214026
659713
578996
815491
694745
954620
363508
234632
275753
545818
873128
673457
576504
727908
141738
761178
208762
845771
955869
698509
83649
308508
754838
139917
358841
992290
282935
452094
674250
376344
171677
571700
188064
401289
79215
102870
417863
224390
784791
435886
81199
373507
588493
937553
249423
755599
890639
620133
951142
41327
188781
143508
676957
823510
966336
913228
278409
101890
268411
499888
825868
959925
102489
690526
322843
220558
187062
882781
169114
558277
372346
158947
881187
944512
681200
697025
673509
63060
784372
571308
641321
609179
622027
537641
904048
574894
286093
7764
66425
124351
738045
159884
844702
531030
731385
99199
509854
323750
680652
453261
56566
774603
507169
347483
267048
309347
151187
511287
650205
501318
588831
435875
154470
368931
569851
891584
50910
903032
416576
640920
14060
358317
63042
231176
24037
813774
687360
124168
639630
172899
9015
946585
117950
207022
586321
84618
102242
935425
673595
466662
162843
556473
476628
301821
411010
897883
854464
670862
15435
410121
811805
606862
467655
865696
27470
761367
114499
393970
878130
590320
479566
372443
870905
172853
217752
706178
774029
909219
788214
19694
411243
26178
763523
535810
709141
229615
719392
559318
862944
223685
229275
649588
271848
273896
420973
145452
852900
245677
277022
296084
429524
940073
786307
885664
668887
293013
396583
677786
71257
279195
200264
635454
72425
140799
364088
483956
366824
314861
224357
411434
997469
392795
419250
657421
988326
76506
779203
898021
502793
154623
761752
964939
896873
671592
623441
362439
325780
226669
578192
415306
609081
178341
100667
422468
348279
370834
369248
472803
960784
940970
300596
934954
64508
347459
564596
649001
521114
897946
938413
367455
877633
211967
218262
557480
490229
812129
299291
91172
460022
340274
146997
240103
424050
255734
385332
758422
530074
46765
632030
137828
125329
937883
150001
353961
769921
952305
210117
557852
193352
627353
487694
872301
486032
99363
378877
802818
989821
743175
960965
218635
243519
386454
948667
648772
744775
559618
644182
277447
440661
178630
169622
555467
355312
349043
795266
611901
22192
258201
491529
674489
483061
960270
226762
783397
6586
813150
693423
754090
224387
864527
939316
241168
396404
174671
677574
169845
505788
967356
169542
419050
676654
19280
283308
432298
530096
718888
178953
973496
792524
726191
869541
159892
251300
890027
437062
624985
162178
62308
435218
912374
788814
839084
201100
894599
184408
9360
621882
678607
758165
595417
245543
487636
66663
343487
438788
569880
743957
923179
855146
347247
946586
926311
706939
724482
548697
893477
239398
786270
164910
253161
758472
373241
161119
611155
970288
570244
585841
892109
311867
133862
692951
905421
754718
62554
472965
962695
616003
92326
341348
3507
623050
103030
436894
583926
619824
567254
160408
487472
401293
872649
408064
482529
645175
796296
287675
358328
489284
744090
493889
7674
74925
445772
790277
306571
810895
918734
325580
341149
223115
629418
160479
126386
269516
224737
630364
970127
24680
29476
794854
316159
681824
471148
663292
183040
934210
331958
338855
929423
596462
62879
506765
843211
493813
27287
901411
3208
94813
945029
467072
447667
94465
582583
112588
448413
867989
925316
480151
254118
975943
541249
76294
125383
979010
170012
106600
325947
174540
632856
580071
601547
280079
698085
916697
271221
157109
443931
38262
756984
536172
442323
246116
388671
183497
346402
485871
138727
571913
113203
185492
166959
781170
766272
984956
816955
792664
574253
300486
563525
978875
946369
445949
290529
15822
971265
123241
683946
927378
583659
546753
443214
509089
452044
921790
531572
143431
358270
905226
340229
546315
288450
342999
529182
906699
523126
264525
422736
777221
444531
586651
641554
848562
553413
17327
211268
760588
829064
245440
477024
17905
154011
85768
70911
243168
980804
800272
89286
602911
292896
663843
837163
263039
708485
36900
802343
46455
355702
793532
544122
126382
864706
369451
751382
917205
772025
479360
377001
631792
458764
354531
362570
972660
954048
859152
884415
617164
255438
747678
613353
9270
699419
775997
399821
581322
728847
420735
791871
579355
494612
825997
776749
145846
49069
228154
923141
616455
660016
237172
548484
144795
302562
709270
220828
36608
218861
718683
772097
880841
874176
369902
399121
3246
397827
172765
228062
675664
184630
819755
471961
157145
435045
195972
666012
76098
760010
599819
136531
456750
413247
659792
120200
332084
761438
579101
10187
429242
575351
69167
462330
595900
406445
503170
995762
910380
154477
782469
293970
585524
12300
579501
961769
746263
774780
940390
967932
652341
201835
709219
309237
952237
397561
514326
358378
740701
199635
331580
601289
975748
554225
30032
608286
635913
568680
51487
883073
280213
247724
786747
783327
357595
977638
729417
140003
218359
832174
918518
186112
849076
41382
971270
519261
373224
7154
315853
92382
442234
220503
296950
636812
223172
425839
980800
241760
339923
685254
3977
449329
25803
149141
695939
665143
130024
480537
261827
829051
813087
40654
300664
185117
943586
166413
771320
686657
577411
444031
80118
339672
921072
726589
609552
544262
717980
814278
879429
566773
659647
307164
315460
521462
643763
225659
469279
582031
325567
243895
676894
715621
927537
926961
504432
210759
247716
727413
234301
423764
152290
389299
475607
253323
295330
185688
277326
731053
997554
282441
899106
573137
74800
534076
515987
647236
485554
622707
716053
515802
401158
752341
692000
775510
483603
996714
98339
954097
576798
47986
757272
763082
636329
759075
247603
101227
612277
262910
613684
677876
128617
728077
837916
506151
952971
592251
601852
675023
76586
488399
843432
806605
575582
803975
282507
434880
785512
752781
636628
506000
452275
916760
596238
766232
84028
737762
590670
84206
443725
175041
93701
698000
475940
652709
945077
221676
193971
115821
753665
340299
617409
927782
89053
881884
728046
811936
788836
784729
955283
555567
814280
388120
590536
649787
667299
847024
677055
281476
407597
22278
941453
312823
409159
947699
534345
823269
389235
880979
286029
553126
721447
182445
434586
912585
278262
273466
660376
990070
838574
15508
694842
99747
814849
958076
543680
18095
500187
942920
195606
546014
902290
625127
356122
134578
529660
266130
860155
257570
274138
949202
130108
923578
683953
599080
97304
790222
884345
991644
46464
550044
531119
904933
404032
249277
298629
374705
110143
11144
857081
113171
52197
752260
993731
918151
885399
360455
413544
168226
360285
53423
132844
599002
374181
666876
160548
583535
98145
813705
198954
605622
392523
684453
626665
427840
396360
488850
34583
937515
962666
883673
954755
723717
603920
492488
260100
834456
534632
888970
790289
216086
902805
221473
616495
450530
966572
744642
880965
247032
36055
787149
419979
197307
553756
561383
743009
99098
987000
282678
885180
567965
595173
103864
901051
738642
641595
990464
122200
576910
306739
530511
43641
961634
866886
198155
177958
618460
604788
932510
805718
376823
461600
117742
333282
505120
712792
490484
7643
791397
325683
951611
206071
17788
839827
650295
218342
565678
124682
638912
426242
400863
888281
979498
166245
398586
46932
362369
753814
160765
534241
397350
39003
844446
806175
663169
395506
908441
528995
362145
619546
384215
487389
39352
245836
317244
252057
530348
97671
393805
544034
687003
396745
330428
762881
119854
331353
952978
12451
781336
121089
383608
340568
334124
441306
82658
293623
371033
861695
216537
684128
61955
513443
305891
791578
196990
476927
15824
196570
229161
739876
764772
981349
139813
537838
811804
108236
503729
536025
819487
789399
574628
252333
933507
797501
953285
552725
379768
968526
131978
928462
200021
697011
92844
770235
455933
510030
458531
246805
466669
88763
994499
427391
54950
509048
324147
290231
234737
316705
679877
377769
548884
415507
762103
730973
294671
453619
658629
765073
242643
903111
621033
856546
992192
971009
434161
777059
504089
123357
198266
40144
517895
533344
405006
133981
576646
90623
84568
669287
907376
783138
244352
288204
883172
529661
377191
746774
106323
176542
314048
837394
995367
291910
287241
527167
585744
757678
379494
35426
85996
64235
315608
28535
927505
971179
258014
446913
785978
886815
678504
626050
899277
152755
708148
96391
874565
89976
613128
118875
885185
436003
347914
111196
191848
790447
717055
657642
395575
738781
160478
268027
859240
558364
167184
649483
727360
288771
420615
445297
44790
29562
497784
552909
788731
516153
87158
983774
703082
256744
587373
447984
469838
158822
560823
69106
937034
356134
727774
803621
335209
106227
196527
722673
456003
370388
308151
571026
284936
485002
353117
439919
358316
350838
613148
315979
958127
31639
858139
572564
777992
985841
302506
230745
968365
93834
25691
142297
800066
653327
383803
602358
410267
293075
901612
545993
328816
131191
817248
620239
117916
653348
563060
734656
895825
611957
923174
915776
48349
363890
22517
634671
635985
558072
545428
619611
493267
944948
854730
344981
988866
509646
742953
253537
923649
38946
215080
713991
878435
668265
561887
130054
726705
701238
829727
569512
741722
40605
675244
968945
92024
197102
601625
450417
25083
47903
662910
210297
654388
981447
26071
510506
567616
132679
845692
208424
583311
753667
787641
738030
671056
852046
46985
700924
55867
254052
842868
216043
658554
531856
780226
458528
387573
80814
821530
591583
785272
597323
628284
376631
100739
801960
77272
648859
197295
567262
630665
227409
770808
182619
760561
476739
290475
896266
73009
962548
195501
328977
128261
287116
433317
58804
760827
985172
823175
154006
82126
1405
12990
596384
566243
698394
689525
255546
793055
160494
592067
625719
609507
547744
326897
919373
232741
435915
279592
305089
75884
750450
293308
258913
322088
68240
752015
779883
10027
835918
170467
398092
713928
498894
375168
348738
117831
871140
187710
352930
374401
720613
629552
542326
239006
386967
301677
540158
870057
363656
782268
659799
341517
570042
673883
739066
666735
194043
239276
872155
454247
390419
730045
735473
486428
449303
805234
480341
67322
356187
698897
432964
536467
183301
307754
904511
281487
687356
803553
749138
620817
562430
758170
117681
287721
351633
266815
319805
633391
764561
379057
479526
271874
991912
848585
42539
871453
22428
414089
865854
38226
865411
524644
802883
604199
861777
741414
635318
346186
32530
943553
661867
122545
398259
865270
201393
104402
649530
143900
858704
471740
290326
829328
34098
853009
122897
500346
622686
705248
584353
554103
814559
353059
37150
332840
19331
471378
57423
357846
507327
738978
903197
584129
968752
763933
10473
948036
784188
108319
811961
848806
418839
984554
691725
356223
45282
396327
431120
609476
626477
343930
29866
843378
290333
831424
659506
662420
421161
139112
932225
393840
224190
623915
686818
477652
334787
372713
316709
676920
45495
808929
562387
999376
355189
843853
512699
809329
360153
230808
707435
403997
251965
446589
928186
244909
874781
46205
986626
800538
943257
666812
597292
10279
648088
558521
313828
111279
679304
976937
636715
277190
877060
688814
486218
937103
552975
968441
705060
265498
309821
258233
681253
608695
539313
219070
543959
7900
764417
805487
955219
512430
992822
539108
479380
577007
529391
726433
778599
810693
626596
355696
611390
23523
324872
924122
59748
329110
435848
475713
208908
50286
908785
120541
702466
604295
10990
154577
122499
376563
994670
27177
722984
627397
443172
59699
1596
738941
414952
543799
319663
746443
385595
663252
256996
595010
128808
459832
970021
850010
289541
792955
489206
58722
423961
487961
822727
458240
611928
849418
148418
964838
246985
100992
492805
961107
140936
644796
25770
554307
927784
963022
935617
551989
800432
162727
347295
392151
650886
770332
525967
620047
675498
761145
482919
404648
382233
170112
181430
889047
887697
315581
770394
513066
333684
414215
109806
544972
276038
627157
576288
479543
905233
830138
527584
942454
281000
164030
381812
197910
417608
523867
778728
304873
741722
381905
887843
885750
660245
635302
340118
618624
168320
335742
781069
761521
233237
462930
107688
806307
970753
443344
841955
877259
843144
677903
410064
461443
35206
587693
398375
702643
83600
154312
929460
167835
74553
106005
927406
809855
849200
32672
921576
690862
506439
733344
664992
189553
934094
610678
364405
506509
895070
946050
942966
887221
165810
670626
448342
32336
985007
183881
404475
922146
525700
82103
733749
