898865
509034
545745
696650
52031
203668
384130
227656
811139
77252
737275
892973
440633
346372
140183
204439
970519
604613
650038
766158
530093
855636
804720
740310
674983
954876
365543
821395
451952
238329
517878
749017
14641
400788
258630
657424
292983
697888
276287
777088
314419
591631
482266
352383
194330
674417
28181
228468
398701
672779
136896
800519
71955
401552
855541
995687
602082
300095
86629
56503
326524
714520
310284
238294
331542
369532
748166
209033
697556
310560
817276
518728
842832
812909
821238
858466
830266
72312
138901
471309
185497
787673
484824
150350
229552
225194
959451
865473
408123
240414
895009
60038
707224
238139
300102
629128
151491
464245
750167
709739
501050
240553
43901
135953
421951
435890
676308
80073
308348
922668
858201
79318
241792
865539
555010
42007
443496
871286
385192
209431
537177
16110
572192
908467
359337
157621
222055
746468
212765
682517
647611
557097
593613
518350
595014
798226
326372
933746
484213
90154
2436
293537
297000
804546
720070
708573
321090
346262
119711
930825
236447
409695
642654
9411
812901
174004
914833
332442
134260
786142
889671
178990
822263
65975
542961
9443
104604
962749
314594
774273
781600
373880
860022
544492
393283
712134
97294
289659
796955
909760
324089
183158
48069
42827
664942
642033
571574
445565
630837
417471
614063
206761
273958
869077
626831
430729
76298
257917
371202
159623
370398
404915
682775
7016
711285
662752
898864
434005
559485
663024
357906
135880
447514
932818
604381
922639
384558
141324
688597
760064
4858
264632
520222
653306
298014
660318
392455
520275
396604
690031
325949
985955
503227
911900
671648
33772
691367
874961
992690
37732
266294
530066
582507
556833
615782
642672
401259
255585
421569
753319
119879
751282
472258
183703
409156
170564
576274
242525
605794
535305
892715
690702
326031
567110
898462
350032
606269
563962
550383
603476
746189
729127
884574
914739
487786
171521
259201
794532
297587
617842
325004
562776
831696
676360
411443
542450
452134
30012
386534
662182
121445
105952
298235
39981
279486
325028
348714
393762
4850
520580
272881
181949
796934
882578
289368
526825
866899
774619
41551
464323
392249
594041
428659
858225
266164
257973
198575
454813
751815
683030
369471
266317
478548
611339
146128
222433
480909
566512
616772
142568
191557
73984
134097
915422
776224
323352
762825
751110
823913
51428
46836
641056
57794
688616
993113
718472
668214
822381
635420
841131
381739
974726
335361
397926
350835
743357
188494
63805
474753
960351
595919
985972
625656
857313
836723
481485
395935
388590
360532
808095
189041
213006
678228
325776
134225
866100
499683
13295
336027
285860
943068
282096
505046
385983
272655
715589
519109
775980
112026
371413
400605
834405
303792
531675
57744
770395
797051
963358
485512
305671
514142
507912
451119
266255
847507
341606
344875
494865
230580
592891
700263
920654
547029
571777
667085
19766
78222
9917
9872
275020
833110
672894
529573
361525
935242
331698
418385
48547
478926
903908
41053
316569
161162
724822
21479
504154
458454
342006
905107
239922
99120
989633
875806
485664
9962
868145
101842
295518
325921
611492
207318
735439
892391
638539
733597
565444
454402
606219
148287
919851
680846
507955
224548
668629
398461
915866
727644
500130
82623
693653
804045
522700
602621
824915
624068
136652
690366
91733
826732
191596
854956
164812
229596
404395
559793
602000
145866
182790
278460
576123
999261
174505
681568
734688
440609
220530
630235
909163
925844
322590
478131
394007
730077
897170
705212
662918
689692
152136
97975
536256
685788
195796
429269
157258
245733
384658
489945
117410
205103
377774
794971
15254
956592
642768
593576
120126
846998
143586
403207
769052
908753
868031
849879
928910
251143
862137
679828
536749
998763
20551
426040
433030
664872
483786
569533
199603
958711
956474
669825
262037
472720
763953
127491
927727
181244
101332
156810
6050
909961
492954
572773
767361
546519
218106
756557
230288
638800
237045
978214
954206
911285
826749
329380
603452
220691
674817
136075
28825
676372
761558
753295
975355
350193
893123
316505
673884
426309
735465
289323
884511
327933
488653
221786
111405
59500
893252
20730
508465
914363
424890
609177
190380
138942
450718
395681
287285
816417
233581
502625
975057
417665
42010
335013
496491
922135
953175
461249
959664
538703
349699
529133
828681
745335
731888
8394
712694
606034
868623
703939
635524
957069
238651
864974
929066
880649
483871
731730
640774
987479
161924
899235
921903
221186
937594
94888
452534
314053
384034
466142
372734
402397
781463
200309
908469
605817
33079
103000
163310
969231
68369
372298
468701
546888
131181
719468
125614
492571
768242
922779
475970
646648
205880
993206
312647
390938
641707
332861
110642
208511
382424
977045
880156
614068
965143
502952
692470
246537
142485
136041
367467
607845
720317
237813
790225
338546
406851
541717
931146
441336
326221
8736
55421
853896
352574
573757
649836
526158
230175
825158
117491
294218
677548
856713
160220
338648
199097
392808
349153
426219
223359
734880
217215
838872
574535
393958
507315
606670
934770
383213
223764
857124
494947
800773
258892
440011
326089
925661
73460
455651
414156
169001
435211
906217
646547
235614
641107
642573
193904
770330
154505
316257
613225
38818
86847
638958
15012
992387
632151
765537
876462
711385
586654
624675
647464
796526
609218
513222
438606
372026
432498
374426
769637
30537
960913
82656
413441
814522
661142
392470
643696
524771
729730
23729
909446
319570
306047
904553
35206
62958
972946
496430
235242
200381
122109
433912
791504
886655
931828
205116
956865
538743
336953
48378
87262
586889
81046
845363
157033
578942
950327
598841
127789
404069
234465
642846
277516
677973
386323
716430
655779
595021
539575
453369
67227
870012
581637
106856
16655
176348
193525
561201
725781
689976
285022
90438
35243
649423
7472
347943
336896
798033
233483
972344
698908
158022
126521
158445
632684
166286
840655
448481
559022
40003
758427
452550
95797
798330
750218
367799
270105
598185
974937
507242
372799
268962
770742
370177
557057
883005
695539
313087
677369
500757
605605
179799
89135
89000
942559
139552
978909
503074
207366
429926
910747
264563
852753
462170
177003
313180
891936
635049
817251
156298
187637
443881
220339
255129
499475
978544
614930
673785
216817
788351
233162
687470
577883
574428
151516
359601
743398
56061
719249
508020
118158
582624
686302
153987
548590
174072
495474
175622
188122
994305
292512
863779
424924
498805
877092
850432
485770
809687
471892
674726
557249
707500
467684
469697
797824
11337
533846
675140
933091
901832
25468
187817
119417
513684
667691
182486
880773
892132
447742
660571
884046
324421
689732
474904
491875
825423
955655
243644
291759
632505
32186
385192
706420
770313
478398
978033
119912
555491
424593
788484
873449
153475
728147
869028
86749
34118
173750
855760
455338
388002
772418
727424
428111
604791
73603
296141
150813
140861
919952
220208
729686
524572
105784
539106
590496
578906
914762
878115
154150
922094
694529
732567
741516
322996
847754
400266
811020
198202
297908
931156
164850
786167
949555
604248
254192
826075
263377
791974
13343
245058
738866
686529
606867
985090
247618
912698
976153
706979
297917
811323
328655
227694
979674
71456
247904
362462
900949
721471
177628
252531
780888
895624
490928
187430
617925
912904
105542
566199
655843
883976
98748
328226
506146
72530
451129
606448
619020
489875
603698
927465
98378
672476
815672
957351
225361
813698
696187
276997
593127
345894
66335
138487
619926
639503
194297
1588
104875
691379
420070
267789
471531
815765
571656
226721
866516
263112
376798
875753
711307
112593
872959
889455
895335
361322
938931
340636
622552
664355
223278
557102
737141
431204
844330
355336
214818
551629
493919
404067
228826
989758
420706
180899
271007
456498
244184
434564
538875
407878
767637
985907
804145
841688
627541
502585
581381
142090
189717
329234
103397
233638
446287
139420
492851
312348
514449
376747
152368
614054
411641
985401
730694
847052
136335
778235
443442
621187
93823
710542
63948
547185
714801
907472
187956
417164
73607
221644
648859
189408
429938
499725
614571
420719
355761
997523
283796
238002
38376
493347
174836
114302
827929
171833
76066
907074
127809
646361
638232
633325
94865
212036
67258
829036
755399
273861
572039
428945
411497
973226
201499
160527
834718
205136
498910
688738
99049
64920
681869
954315
798658
626934
721379
259129
768531
257000
820899
349764
693580
169539
44997
616914
712739
420648
910075
993244
849708
723542
420254
488971
340240
695193
400506
921212
538349
906401
720242
678499
879242
689965
452754
524939
104885
119782
620783
824059
49403
590280
380669
847092
264068
689531
969453
481752
966600
45504
790272
413733
175346
924743
341613
760926
471119
838301
668651
814282
470707
916098
284
647958
424105
750041
889494
31061
616660
946552
455310
900648
439974
990687
297635
128761
275644
588870
159557
121761
834709
71183
616704
924458
578350
638939
343017
811438
614139
964280
361507
696286
478787
903864
60366
701343
505177
486941
986702
958670
483698
515760
977715
65060
348200
964593
526026
343541
782410
202920
558335
241170
646301
77658
529709
687119
4724
885079
849476
982431
875431
887856
614934
869659
24243
519751
128062
327713
896046
615999
419245
982169
148005
763025
715730
95315
23956
821952
600870
30412
900417
655397
323345
8208
881653
410532
97020
358841
458072
175295
455668
568597
176616
980617
274167
233958
715093
73586
483231
892675
126077
672769
165352
500635
797759
350241
695136
142553
538942
759890
341098
16164
120500
653504
109294
271230
925936
270449
574049
301644
454061
433111
863212
803444
36049
404357
901051
594210
478847
201471
883429
792358
509785
182506
130419
955959
868821
287330
284879
65435
128314
8298
599819
824670
518968
206526
813514
118719
649506
685509
35791
608235
517321
885026
745504
461153
419190
891818
444630
992116
955331
39216
61444
44207
938966
420027
382530
387282
361467
496409
193493
636795
178014
164813
770876
561696
91618
9699
970137
485369
589152
272037
893243
169594
207871
118246
118404
619838
203692
300283
408124
96255
112694
62793
487729
638146
113993
541434
741512
28944
139333
863946
554853
298974
861243
173565
22450
213262
214532
176691
574416
585678
824957
492819
314136
460767
673634
177189
318348
426160
713606
418236
711968
425832
83116
755856
237662
291843
857990
502442
659578
334036
10887
268024
714290
471272
264039
624128
836001
615755
646451
859378
235618
524452
105294
187350
159003
15611
667080
858852
806445
250267
515480
642994
634998
339091
156281
427912
672769
933654
517343
537871
906443
590530
309461
60904
5939
307966
996469
596122
592381
127036
592515
248931
14786
538590
503910
501423
174392
38005
702403
432486
612698
162212
87351
944096
255476
502435
508913
55796
677709
106015
863339
74926
480624
708287
837571
526686
426649
41154
743866
791309
110457
67396
989448
562315
270950
513887
906905
735908
734114
701998
546024
623537
802438
380461
847735
50506
199180
124220
706536
210393
743926
96515
47419
338442
357917
787951
146277
761566
588569
323225
852745
244063
683850
410568
139541
311982
159489
649485
64508
496760
903055
621133
945739
505543
804903
41883
639274
756530
120195
810482
777723
27312
22116
188389
160999
47813
573301
309646
143660
601000
990632
889462
802963
4771
662827
180544
175440
73543
430027
890978
764207
983600
974003
725888
238061
411185
911123
441575
860067
757723
527260
224418
26909
965103
608359
882429
34057
307230
587381
550612
61899
459832
474449
200854
805229
233145
475794
937052
468148
253933
614653
394720
844942
384636
348039
474011
614439
667030
444151
87743
570970
464059
430634
309646
472516
572455
856304
410453
560181
858393
119380
231113
365312
6527
115898
963964
391474
854720
512736
993340
347103
956581
599111
823817
629016
5861
625067
691632
873848
820555
725805
144712
331166
151878
73938
125448
403893
494477
567972
868292
401006
198637
542454
791746
71375
656304
128645
270461
464229
135404
630330
245813
166805
657637
925517
990833
827857
944672
748611
85587
584806
262917
892311
960790
588529
163631
966327
970918
790641
254292
661413
928795
724408
734476
384190
88404
598524
695871
851608
503916
483018
979056
52292
160540
951450
267040
419954
198573
967933
169312
951220
159959
596723
523895
296987
229819
170393
651563
819710
502778
953215
60336
762521
624880
180120
883690
113553
31249
68426
605089
812053
562462
256038
381504
54689
961347
503154
125066
608540
959568
365537
612698
765409
661138
546596
129621
677275
271630
906585
919342
737738
752793
511522
587669
749986
731799
858193
625597
942098
300558
903487
726152
497442
178086
84732
640850
192181
588415
757216
778391
924846
316527
373568
585346
174511
159958
48188
678739
679421
345440
796406
841835
431104
623063
33245
24183
446182
104931
194151
215543
178150
717727
559517
891306
904866
48600
454032
262104
872421
489316
675305
55483
803340
374749
576734
772491
449026
486969
370945
682597
253668
97799
108530
850135
619203
280904
90997
868810
875655
165864
504158
863949
464432
307607
586345
267258
897336
229769
559142
232583
569493
827718
352977
568683
891226
435502
356864
419498
122877
951949
834101
172927
407091
690647
737427
92837
458104
195136
535534
831107
87787
925754
336059
448754
477461
401548
209126
707180
206858
692940
796227
730002
320104
393721
344988
933849
113596
988535
759464
166867
720581
318439
108765
73558
990480
933090
394589
613515
638530
359379
14283
933781
998004
993454
966785
290523
85240
529873
433818
966580
407867
208245
769514
462958
473283
997265
492365
834939
177111
142027
795805
106233
460797
464411
849661
241500
162974
126015
121682
220795
91910
738517
804050
880115
473032
219032
879156
960956
581182
355065
575239
779590
406638
909657
66079
796943
141065
46817
999977
387908
574157
911679
660704
838801
907018
445117
718488
435591
439809
975807
122168
858281
202919
451225
503493
558931
238474
838411
123417
670408
637963
779930
113074
315478
868361
636556
161510
447336
320926
62079
761140
931304
476483
627110
189623
918287
45583
307489
57076
823690
450524
639160
816722
667082
277258
626613
294505
716329
161245
187995
305330
558004
494210
710918
813855
44633
389103
440800
576900
703214
431784
19133
572978
403611
194717
517524
296869
263590
696368
561435
213779
966489
312981
320638
315236
64530
64979
480571
226881
928487
321639
502173
40774
175219
959239
931026
566417
370306
343812
968427
134012
505557
358216
466097
795047
859858
945599
414686
267566
406923
448915
49855
421562
856233
103375
164836
178035
482805
244709
98944
104595
610434
878475
182692
873366
388411
781439
242323
770765
382405
544620
425089
10834
88976
391909
20269
931414
509567
152398
831384
416278
162609
931225
991904
198509
399340
491118
472382
913794
189158
806820
473113
715489
874927
887404
216324
142248
958462
220238
554523
702040
213526
738699
448821
829899
543252
812128
184838
590596
214104
216556
895572
566690
262158
87657
457684
979887
470296
84182
374049
381141
700634
750325
627928
891504
9057
232432
548050
541823
957616
530775
792255
813427
681
720196
50203
645098
905685
781664
514384
819893
832400
175358
790824
512405
344596
305829
369005
207237
376736
259435
763296
476017
280388
129660
649234
265156
572044
125050
667938
468127
896134
37695
362835
563237
31026
347133
427144
830451
624198
398151
583583
432045
829851
830824
183272
266100
945783
454513
513345
616307
477560
801553
686927
559193
577561
447900
189275
791137
888740
232942
473670
475404
333300
736105
828266
148209
976934
754137
461519
481834
714780
28153
853767
640880
604781
862735
860519
675329
744876
417714
632930
14717
146836
510572
575939
300369
832397
981626
871687
676746
484445
310896
993940
650123
2030
63417
105050
695578
315063
790268
959621
138900
544394
796635
244572
140225
405114
380181
520569
506562
875175
507019
461605
258471
858024
134368
287311
746077
708563
386809
305193
430276
948140
428580
485600
644255
934183
969429
31734
524901
318427
332555
90813
118068
504454
424593
734258
589925
315447
391840
936243
248698
73884
722977
385886
718196
679400
786129
600456
287810
174368
654590
382423
867283
802435
765934
97341
462476
262996
804446
784401
188758
167045
726504
249867
100302
728002
254782
567004
28768
605399
747474
393512
999278
765438
123672
955681
460585
438857
555939
975553
304899
43880
544300
638372
136699
220184
587186
136063
6743
928105
505659
241665
230384
278761
135032
339524
748199
213810
913030
521584
661813
508109
579921
799661
455713
16450
846099
182722
821450
136382
254522
799247
805732
83294
686504
57507
384704
747806
586260
350715
407491
959577
536141
230296
654776
725948
14367
640251
225026
510539
870222
303360
509226
745551
571135
549013
570967
489627
332855
8789
341147
156730
351098
375877
161961
744504
712341
293353
307621
973385
541624
786116
14100
795353
220219
654955
567667
708848
465665
616581
226723
709697
607162
481313
593025
804112
365890
345908
314260
720255
727975
659758
542560
697075
428936
340663
357399
431207
151000
918475
793519
619725
342530
170607
688335
177692
249703
90318
626082
761979
262658
245237
301390
743944
65645
515688
854527
185925
646012
14175
30813
326239
412679
234848
940636
27549
965830
498298
911665
457634
189972
86939
681762
98526
226582
873679
887862
501271
70133
610133
75020
82576
722311
312544
779848
150803
316875
879719
126056
796000
548499
133033
4724
187890
259324
534529
123412
352298
468761
370913
671356
539803
334254
96366
865986
456817
68568
462840
921935
838398
986954
725844
693812
395874
218802
684568
477332
403351
934330
755635
415103
854167
129706
757606
973728
979498
443498
672675
868364
601551
580645
785920
890426
397638
379274
624088
96786
300856
200748
634239
480798
768708
668041
529439
230493
73256
154984
611956
940854
673607
747483
373792
144650
910108
591652
900459
43298
88892
621492
992795
944711
889601
573967
173228
629041
20441
766411
601261
225943
275817
284406
487799
402661
49503
366167
880458
229516
303571
511757
491141
598515
966681
71061
311618
254987
317797
234279
515980
872768
535963
600511
252158
401995
707571
620281
869625
474340
396038
317653
375553
503189
195895
941787
45300
263466
541504
956056
862633
510981
902872
207750
143905
872718
981950
380553
952044
228999
492901
71702
442012
391613
279164
210734
979166
60954
978329
93768
197946
63320
968705
705677
28135
379920
475478
177661
47563
589744
844446
756783
801039
814283
308140
847605
553308
97227
632429
659486
130676
560705
531473
207125
229871
173277
324755
964454
294864
974329
682663
617953
873539
378575
691584
982935
946549
914508
210747
626689
707152
894268
933355
168769
450770
773156
627649
986240
117961
110702
356568
898614
66349
532799
480795
257287
349849
920933
936596
237195
776872
573612
478417
662822
963496
976975
29877
813462
100926
553740
398808
270284
27606
531024
275740
96113
262468
22418
842637
461577
329980
523260
571892
495797
807466
502851
200441
215442
997679
610776
99634
686847
303801
400182
825484
401469
944254
794972
787476
116527
412565
195733
487139
717632
692657
78642
47588
150819
531962
570714
712771
243254
651146
175864
953780
709696
765505
47570
228317
782105
596613
198202
920417
841961
523865
358877
620106
19016
377369
599416
302610
478405
603855
432747
929742
54338
940214
739366
379320
675069
848777
304960
218455
120873
518406
723686
372429
432378
313348
968560
785981
585280
416814
530575
59287
346283
689499
170403
851393
313773
749067
851497
983267
688573
395265
755346
589967
902391
104440
750126
118796
61728
977795
826183
608830
751624
711108
26763
40499
244680
601608
803296
337996
966571
21182
241116
452422
954217
665234
280781
669028
430542
862571
314290
662587
233338
216381
805645
280857
818817
626251
260112
107923
827506
203325
449780
313642
318517
462041
115561
482457
77902
178145
132200
610686
9598
181321
980196
934754
986312
334292
518686
669415
624529
845130
524376
392141
528353
9304
624609
504993
3782
150148
253135
41730
533399
8203
857291
584721
515286
217624
898438
67445
707311
54499
358218
877511
814173
201701
562347
865313
731884
629363
144412
396798
255513
871358
7070
473422
239381
669990
46546
364569
929128
122166
322032
422797
457779
666240
625168
197542
403534
174614
58470
494648
950095
477410
896971
122076
431020
197603
319862
137077
762616
511173
261193
95518
427081
337755
388423
378162
596667
810875
858724
703671
145549
990518
749493
352871
600424
686066
274247
464157
818560
629478
561355
195033
597011
663602
224943
402352
976847
715865
150087
58451
127889
505820
552746
357113
659911
818932
218138
103084
59190
259563
951579
388077
559255
554519
695652
67013
922845
717364
745267
44586
712850
457117
999867
783690
532127
756007
305529
674294
540778
440218
24037
135598
75546
738957
768707
273285
857270
540445
721944
217265
743595
35401
874298
399025
403628
556461
208449
435739
501300
373913
846042
814849
179047
885902
385849
10303
684374
161492
102062
333028
107617
690363
286801
373563
523575
528748
765208
679925
271866
404394
232199
892980
366525
389163
577222
417334
196719
265165
504270
431708
818001
355511
673725
435350
828835
565581
458634
531310
101789
273551
174354
631661
952345
358479
484689
896493
638990
475661
97132
227133
732214
891376
547946
243626
337169
157091
108675
319600
779267
138954
973265
760637
481369
486688
557795
943198
753193
735279
310193
892745
341207
412970
558441
850374
469684
352042
787944
439482
134912
529284
747268
154769
870352
188163
5894
965255
428619
243463
786037
713812
18446
513017
938573
456754
149872
766889
847311
77580
453023
782471
10354
171268
46057
702523
213495
892193
893143
408673
169114
904788
740276
682788
988900
508453
576363
322550
480861
383295
181198
901161
66527
223508
494003
431597
558470
929902
819513
690279
284292
694484
932904
902058
712273
989397
257846
257748
588415
530932
96294
835527
13483
175215
322315
579011
221776
217710
134123
654749
515381
868293
106622
75358
728711
523942
268374
791995
227713
820582
347608
27948
737735
849066
536296
662763
529043
607150
981155
631882
500870
700273
185414
718833
99616
959169
116268
744179
490571
974302
387636
532557
993234
493326
951169
159674
302767
414205
286362
927734
958273
45006
340210
912461
72796
352898
74691
640926
119483
773443
482323
740401
972496
885966
690713
476210
397500
925563
287736
733258
558490
260139
588586
146457
393078
191245
79800
717329
778780
772172
309733
790962
677514
648089
694059
482910
733447
744144
279965
412568
848845
882826
776235
941597
343841
944702
614340
460895
302212
903124
987798
870234
630657
240776
470705
966741
553319
120887
919305
680183
178257
545418
448666
155780
152929
526332
182054
799602
42059
601801
838106
710956
789517
277492
912207
662178
541693
771381
462508
359691
234234
304126
159016
481784
18180
873897
260077
151638
49768
984064
71448
996416
756500
10472
744477
420799
350665
344170
562440
188447
310573
207455
7774
909743
296640
272888
415266
629844
429927
713192
716147
642826
60836
677934
579474
176825
131879
170818
43074
864495
600893
616923
485128
239744
584551
296987
381906
883575
289798
803864
149748
436728
505073
681928
74957
671604
743849
426696
75592
101831
861796
766665
802046
840241
433157
939928
396089
135791
867629
450952
619284
398453
53163
532093
814910
601867
474575
402264
338205
163329
846748
592506
622031
33040
238299
854967
6923
824335
95564
80473
795238
896654
946552
299534
404402
320723
493410
246575
26753
864047
608795
585773
646663
628411
943029
637082
256797
42676
474127
85138
858018
579184
251664
329732
159036
611453
995439
675232
524028
565973
508590
530207
397472
192895
272230
777578
374961
413828
497790
611304
584461
602188
430965
686695
689919
466710
24543
66982
603082
176529
383725
381052
717893
709401
273316
512681
333024
956177
458928
935096
658244
348313
704850
18573
878937
229292
571700
114385
950881
583705
678685
2998
572161
102364
342015
462313
659232
966233
20782
546260
356200
218164
810603
832972
316586
324367
743135
527070
330526
726817
713699
306801
925768
991344
955196
839768
206197
837291
763108
124215
54820
396646
637059
832462
681346
545138
495549
888743
701262
107096
759140
381208
963548
926322
794830
376182
620405
82343
735042
269974
894043
842241
2380
889665
888234
574189
383408
298739
620505
260430
302779
885200
902752
540541
974133
888804
763252
371426
250354
277
866030
550888
14087
595944
660362
959840
357146
971628
417994
566260
51731
577095
209146
905157
811887
552283
426127
40612
815859
782996
774377
838890
206845
434576
726712
638069
453237
631084
34618
804031
7011
189351
324194
143900
315547
117302
400852
100624
200915
344100
397453
566922
46613
556066
446112
416129
673487
138610
688219
64682
336904
172460
507208
562643
123693
243436
288911
111775
302858
995289
357945
153438
988628
946962
229391
453320
366626
103286
430113
183447
368508
50704
49250
289022
392460
44382
116145
511945
581682
148925
465779
114642
167923
296498
550811
875293
624209
990807
994443
391953
213365
425760
821716
394964
733321
694153
745434
987009
976034
771358
911571
180041
404635
105126
940526
607331
996413
489709
311056
944369
224666
702893
759161
842353
23161
859800
677765
830172
157291
764421
828047
143711
827772
36404
780656
530163
563525
988543
267621
995291
632542
952032
744270
539065
153970
866777
684371
990990
378027
503876
143073
132301
415371
977527
507538
89178
821916
317331
910507
726052
608704
913642
791359
771419
958882
545418
875824
186896
799757
920042
96341
825513
528731
175024
919351
164029
967621
132893
444022
379858
899354
290198
486345
872560
752331
378192
772643
799201
492003
283542
140528
317128
590611
845434
360446
524124
914923
659926
834873
69055
820389
332542
984655
505791
259484
415300
451890
228840
511194
397414
550268
630851
686990
358936
631148
287600
350300
315306
20238
934427
998735
825239
742905
117086
785386
119657
763954
394675
388060
848587
866606
63188
62097
169389
687221
365169
969765
757198
564514
565901
112499
763753
621063
530806
922508
919870
43565
268319
95044
99643
790201
428123
46950
288711
764458
310136
536455
356588
314238
70774
582200
629534
835700
227491
186453
292012
605229
333908
209850
947394
282860
826434
63701
638808
310716
346622
243095
242875
586929
702866
255300
476022
529734
591094
459499
624989
911013
723436
526127
378357
624518
97977
256515
566403
868207
437696
318004
742448
759705
247484
625376
800534
864563
860505
979460
597225
659392
490992
994227
81156
430491
200541
102563
308303
266139
974335
261474
602187
690065
406476
216806
358842
846318
323534
720833
910510
64258
464382
899443
158892
664607
928827
452953
813819
574684
287527
338436
347023
974069
110943
108901
127885
321744
699797
51556
321019
959066
815435
440911
97734
999696
690093
215663
527598
309274
839628
550519
16530
798161
125427
552854
504339
528289
659816
465068
863208
294666
802816
721048
996286
244416
890079
904304
502794
95027
440524
161354
606764
241385
875949
382519
277697
578566
597731
598928
13061
83118
756484
285928
659043
256513
386225
623457
497308
518277
78164
877146
526799
157602
92857
459526
552042
769990
257285
472344
337582
60137
787735
222618
92120
257770
378873
526941
790577
614744
925634
126923
174388
105550
89356
531224
351511
210870
600462
827543
904696
609134
849109
547305
940773
206343
101092
984208
844104
224234
743716
405857
260461
45461
583049
689112
834738
506371
238980
153989
946314
731946
355166
804261
523501
585118
795512
776140
984352
734099
633244
353981
889564
206207
213439
491100
798878
790494
935125
484026
73546
897103
360721
733136
561277
935580
282168
260744
729902
98327
589473
391412
360703
938399
299467
945249
750246
68098
572251
780614
981810
961980
157488
749783
835517
770718
539237
656247
982573
535306
960930
845002
622630
890843
511583
122728
321168
765281
38391
598317
48256
667529
470692
929389
519621
665692
36957
519045
788690
231326
739529
166029
712515
602262
767262
742889
807757
704366
455643
594111
236615
853232
120222
772098
874895
76144
22307
296557
59290
824393
121177
951436
964764
214591
298786
346100
939472
639428
808104
19
437476
822678
367255
987554
484229
390853
362490
718199
294530
718930
219253
842102
893535
125491
532956
967080
9273
936052
91759
811428
540305
933495
346164
336361
304374
986588
529135
720782
665683
421628
100927
112336
86739
941966
68952
127563
374060
171564
866968
810692
166991
14448
597128
235555
937898
975352
126770
129982
189912
104842
975322
368975
386343
50576
774810
528904
344323
840068
132445
341501
851075
235879
448824
432576
966352
789610
909280
604747
413934
79600
537868
520981
533928
524139
335272
897799
308764
146019
715058
794568
730016
409109
587893
624821
529616
146680
941856
189036
833142
188891
298307
151367
737684
915178
319013
853863
17104
886543
108740
704294
775037
930356
739370
13358
585986
706279
438056
676072
607337
470231
552946
889292
651398
87483
676886
9815
404097
477906
287002
251483
582659
369925
271538
838512
685753
779688
95067
653320
799560
729183
829527
540128
856589
326429
889541
903571
530959
148104
255132
190217
239044
542585
309188
517772
832508
447135
594449
50491
396078
446530
728861
578839
662238
109925
95872
664506
540775
506374
731822
708456
444074
915647
627758
856446
726419
257358
224179
212743
485893
200306
26457
39790
280930
803692
65021
791821
806904
764325
90617
668900
713675
505646
926779
749861
845883
442977
941376
452907
243922
961255
759090
349579
703916
707028
699420
973891
531267
711916
250246
392784
329431
227337
718450
813275
234422
908820
147185
458835
379117
556336
189346
948950
835339
169271
586824
77576
14414
696412
306503
250822
518893
56240
637627
361141
598593
510848
661878
295156
775249
5147
114388
452528
674488
117233
252859
981
183285
188246
86004
876066
825551
613798
52769
12949
959075
902467
4698
409734
875916
927290
352936
150608
965677
535876
562013
200873
94878
897704
129102
857107
84400
732414
46575
639019
219423
727374
124873
644639
222483
65046
923994
779261
396435
502506
961033
266534
96071
764086
718212
544609
157607
427359
566008
431756
230726
821384
321452
302445
345333
474673
887867
253030
773973
19961
816940
219527
252221
785988
315823
792574
775875
793527
969655
136553
337387
727520
345774
204748
485162
962227
298586
461854
501525
743983
580618
150334
34987
170144
803708
46851
480891
775549
802255
437872
450868
722609
202335
949510
951431
17015
660546
855092
831995
638750
581662
123754
310157
334060
324709
750027
364289
966111
833071
234113
544201
89678
300018
695786
794705
637743
138720
431792
542693
105970
802782
740086
869760
81482
433372
961454
421874
818827
25685
569223
839724
213166
398245
537732
398379
785138
773506
471464
382911
694173
997336
590157
503927
45601
212805
795285
551019
126553
256430
377079
967974
241842
767356
501755
922478
165351
814711
888705
559792
264420
360893
125306
652877
483276
949790
167674
734523
145174
644055
983142
985881
291282
302826
322312
468372
908362
2774
805569
139503
720515
698744
597214
535346
213475
741566
892611
782961
33644
678660
57347
587383
942886
110029
641298
749136
769883
847455
964178
38896
671164
9339
125641
405571
269601
515639
279988
353298
363502
356986
746676
472271
335377
878420
306215
994941
459367
214327
221522
185470
872382
446614
135098
867706
802229
11609
929746
719913
128
838650
388238
583614
193480
969151
842966
76401
951151
635924
207510
398119
547569
66692
910578
707199
7974
592084
358807
256059
451236
281916
3629
505545
15297
252739
142568
970734
735350
226550
128830
779854
338655
307716
74419
68634
191646
380537
908047
272086
274016
663253
651697
881605
44407
228361
662654
947956
402855
398413
772914
96161
786812
605728
41302
228934
519640
479261
725330
52485
749131
404215
44314
449137
750427
905105
870148
86262
986787
834621
761914
518119
187671
308046
779147
407138
564389
384731
596060
412898
637815
799507
721211
943713
139413
69112
228052
419496
398248
468474
821052
936244
262233
977649
970027
222727
844568
360117
443911
785160
432825
7197
750491
325079
59128
619795
165158
793649
41501
282321
68240
36669
843131
803770
773175
313201
387858
97111
882600
542372
635220
597292
685546
408752
600453
527926
539380
994179
584443
36612
433086
737283
208005
673967
409652
246235
799016
495928
525063
765031
668100
372732
802910
89720
261718
259286
253355
117764
857879
544465
740504
220717
210689
430408
699423
349292
555377
763229
767993
884634
376871
704978
611630
37019
186923
295751
311435
608807
736843
976656
64370
983606
674559
544882
259723
295944
377325
117755
301080
313870
358343
959099
155815
347704
909202
981282
599072
655516
140610
599736
512894
408127
478530
475315
597403
505156
929231
523064
762275
118575
830660
165745
993323
561940
334000
764551
618458
288352
34595
919868
13701
390915
910728
348456
247705
230201
300716
339151
906481
224180
960349
439003
90120
943976
395949
44986
546632
706802
667094
401494
611457
236262
207671
355501
372853
369651
228285
617806
530896
759093
456349
694895
291253
996631
142589
772269
838899
22307
341682
985632
430550
441192
742820
449050
374298
676295
406478
427517
969787
8730
892962
45494
526055
845504
875721
614170
608597
687753
353544
990683
938159
849403
801790
147111
895467
734463
341578
921821
404472
641515
83337
961004
320083
726573
937021
9226
56632
709776
138249
257486
952822
516078
576920
914859
245275
208947
929246
741066
661839
435977
356151
620035
237501
266597
720043
740087
948588
867822
853331
591052
197996
556485
810773
171014
802731
457909
572426
805951
835815
718009
434625
896899
499838
532132
918941
559626
883041
634161
860697
233170
6631
35047
189996
198873
449150
59240
346503
2420
391804
647255
41788
650511
35219
24740
445816
190530
861155
595894
116593
510476
832746
251700
565083
117550
895574
799343
632595
549414
693627
591215
751967
423238
754784
841944
936909
49
281652
217464
327223
313074
785374
838832
978920
331385
575218
751037
544217
593267
660543
73891
595732
9413
905477
612149
335034
133924
58500
426947
894496
322132
787439
441952
251155
792890
43392
318222
368508
825504
615525
415113
769759
359110
584728
548397
442173
110495
357196
381188
622042
229295
978755
954992
811289
413502
89852
351921
960323
212089
946442
18068
857894
151718
956992
71865
880282
424514
171977
705919
834719
219130
983508
577038
705698
622082
241900
959616
445086
774548
400165
449261
396511
675784
740658
353105
590563
455628
652948
857116
455129
178177
985517
901655
86731
715123
871283
748142
546583
46386
322304
534622
959128
390737
403717
522811
545061
471419
233887
237086
591983
667117
427458
840107
3214
988371
685905
990715
394965
765187
141392
975082
235489
339344
67953
727422
364529
65740
445770
814898
450159
314718
642280
439903
915725
854587
274813
435590
9675
802820
563508
924988
580309
663932
203173
443634
62344
240229
10084
298656
831509
48054
977076
887246
589054
500538
958745
583871
743870
885959
482635
647290
195205
172570
10631
976438
225057
360780
493247
636321
58424
349043
23665
59853
912562
265496
42517
455224
237683
361744
819183
407286
38278
430329
694917
412925
654805
746579
918379
446605
938004
982648
486650
861050
813950
380281
387679
291543
550008
508503
312399
307009
226065
437595
32216
549957
370347
901650
885011
416943
128243
120745
877558
196016
907723
2016
597190
9194
556426
901806
668969
182428
149273
159858
398489
879013
896062
671825
108533
48118
978293
684848
260273
297305
535674
518927
262958
46808
50852
353472
57957
774091
201707
534148
750972
914114
798410
877313
213435
430667
12928
755041
543768
367392
10736
432585
405550
204016
245224
631732
213324
953288
919038
103724
413546
847454
857366
43429
716407
468794
230849
485238
537358
237953
995136
452852
824902
147296
117286
454829
13416
274641
782811
347646
529148
726029
62716
388818
604796
81486
673888
67127
72682
921984
355254
301150
213821
198340
258890
207023
103031
435167
440294
479239
997202
729285
390165
963599
5336
2750
677827
194426
442002
349683
3712
739482
457240
351832
957027
990752
292167
352053
612619
231150
664721
362578
259457
116187
993071
412222
253433
947458
378865
933948
552760
413383
356213
513547
188175
996776
491062
541841
575877
561275
337916
27683
267475
609034
607409
967155
483528
106055
718484
628439
537485
992429
696326
130162
914243
95542
270210
400705
235528
358259
364650
481924
379801
374347
47548
14982
694545
332946
163043
45707
906768
650053
59946
288534
205175
494944
7435
29780
938831
478300
341094
793192
244745
823240
826893
503764
396000
580035
658748
614336
101595
418772
484646
322347
634990
880806
269610
207979
602880
717219
979877
430434
385672
812843
997025
133823
323920
322673
45418
944302
833692
714866
25665
206238
780068
733715
605546
962028
800060
51223
447456
586609
673044
494714
399657
245541
885532
874924
508868
785390
986432
921389
153854
946057
260177
450817
334819
987475
739139
23505
297746
22069
393491
393886
325482
265962
345857
606498
707040
982831
276155
610821
406579
557830
369434
318329
916342
996262
488005
442162
625548
420482
975027
364869
136883
221364
322319
424092
238902
785542
256756
471380
249542
545949
462807
286771
710884
229187
314052
477449
364789
896079
936129
432866
332471
502451
455247
575524
405203
173154
413582
197452
47816
707740
120960
265151
34183
429015
598374
592656
163614
471180
350854
577485
714828
681755
588622
954502
294451
384667
184339
504219
873643
603842
761266
152449
72498
654510
732951
70737
625666
747662
573724
916044
528827
746351
901321
797999
246080
829159
7290
393711
159262
375000
942174
120914
567397
396385
89371
73962
88091
805607
778639
658862
133190
157435
512690
776246
66344
952872
809687
47827
379976
107740
551697
150856
273898
918897
360242
754473
537568
917014
442159
713615
370425
902494
6687
737078
171416
706277
400738
654387
690465
750043
701151
461140
482828
201838
321253
144086
171355
115416
679411
441533
188648
302786
350931
323412
819864
829075
83808
273089
950444
563418
205865
116356
434486
139540
697582
674892
253544
579738
629319
532918
88071
894954
132772
468579
675455
375184
986159
265140
69713
985840
493134
932133
212968
133491
132
154115
866313
369228
569591
36107
979687
144870
288012
915681
71254
634156
650158
711721
376664
38772
611950
629446
304916
832713
440133
807213
208356
412051
632948
205157
57741
509413
611916
799837
715402
541027
207946
82473
55233
463246
59674
57307
206871
601134
159548
734586
89183
292571
669316
353442
822445
882087
731963
29623
714889
917611
20900
393671
661887
463469
112921
979132
737172
112171
815251
196858
381523
357510
907079
641115
408197
4686
833710
384836
616062
194918
826910
228580
164436
320724
926996
126857
206315
771111
463123
441630
202732
276613
963685
361477
526164
310032
82048
413261
670312
545525
341252
186512
565383
806737
298913
139884
391831
404863
285590
944604
497569
584642
338452
427122
971129
861836
862337
189939
854102
740969
964824
768527
889600
301003
558701
531515
937447
20658
952142
12333
453519
781496
16837
585523
814633
947958
238523
434545
640830
336151
41911
847797
354308
468471
132163
657081
986323
97655
428271
99828
943793
270688
176047
734237
903433
589681
8543
570365
418875
406342
37863
763695
336333
307943
350522
769591
548030
771819
734648
940157
211131
667015
478516
675429
526827
286712
901071
117067
293349
78472
818819
800544
539777
647551
640444
76060
34060
216746
506080
839967
79957
435905
510576
495720
29988
859959
35334
184048
881866
722979
273726
310820
621460
428742
631666
874174
788249
881016
103709
33791
543539
82228
993761
801163
745034
341628
732067
725408
531212
123690
94228
320692
336761
995797
97099
754603
741466
329244
545166
719666
994321
38418
160752
298683
294220
170118
23636
645589
657875
597485
188495
952935
367233
22511
487788
573704
745808
419723
612233
136830
205517
450343
278366
225746
443690
997432
3550
974028
429618
331658
141237
989777
384023
414316
749618
181205
301095
180284
464703
750398
684701
575498
848715
677463
910484
196332
729608
723245
105047
158814
168784
605258
770515
572179
486051
270731
709486
475740
165835
490208
606960
599924
324832
858080
535711
325094
206632
112967
671530
714011
155094
551437
384187
833284
991411
725987
370095
204704
514714
730573
333858
895146
6621
117079
454947
429219
828422
536437
975751
871735
757943
620859
494361
1807
445427
318709
414703
481714
130805
365860
326040
536088
377790
357206
792113
990157
384045
53024
203415
990974
602566
532475
195382
556452
649557
320249
274304
208458
578091
535842
197946
437116
896071
138607
270448
867086
9809
790498
499273
262278
740031
10176
572405
435431
425882
422316
508162
465371
269787
674850
303758
470204
885679
256332
417495
880767
146266
28228
187118
703421
14135
390695
936074
822879
731358
906450
477689
5414
310110
599996
543730
216469
914025
516784
357509
607355
669839
928421
3763
182817
824099
688060
719770
210892
166778
628821
490761
318383
920273
195789
361458
92656
565326
179608
333373
175509
91295
744120
686713
385803
203775
395032
977517
738515
188695
316551
16653
489225
277569
491220
805192
752338
645351
611970
52990
354914
573258
186088
6031
104040
56735
108520
293455
329942
156947
428425
521045
515280
189616
70964
866355
219568
630680
426888
936895
683188
770797
731802
713104
529669
74387
647948
6341
222308
341453
574664
752191
844531
997956
125338
913774
659422
735142
946088
617801
567908
535723
706702
92759
73094
819443
328794
266667
475978
445708
566817
416301
117612
987663
414076
956882
247650
735657
969059
107693
210699
895799
470051
118623
698291
824395
343423
486570
453317
713292
42849
221220
578894
634810
431867
358023
491178
935054
17727
752933
513933
890367
223863
764857
630576
560993
121217
362840
388629
374056
535915
184966
738233
998411
344103
306148
397782
31172
247659
170631
290194
473523
103976
466149
241927
982306
263140
828841
367856
43940
610102
587238
499180
347158
546078
491879
228594
60999
968062
775396
305170
655732
624441
31122
890980
705452
235751
868754
806927
580818
786354
493321
121847
740353
20816
397263
59652
731594
735837
838080
698892
758552
77395
13873
453916
798389
6697
613757
724072
635557
179974
377853
369228
147568
754785
431829
54206
31230
861431
852011
267539
318618
88039
604979
673002
823897
739885
411046
225017
604372
387321
521937
244658
125648
295211
4874
706385
18687
371822
342525
841029
723487
574702
521188
805112
291457
365175
414293
204605
384932
688876
530037
776469
57792
385824
647818
655390
367390
665684
6319
717913
488228
156046
352352
212118
860591
