300930
790389
824901
577888
507972
396485
550793
979164
213141
720338
108496
640345
378061
174043
827582
310253
388865
918026
860403
372793
335698
564319
82356
408998
295583
422715
488491
938369
758234
52619
574917
735601
176312
360719
917113
382609
491778
531142
699561
778862
615305
391288
65569
436254
352182
595680
412028
452923
743999
810355
495333
942203
129526
397457
121787
164013
669115
681927
458126
422354
148754
98623
609094
97174
459727
666373
384868
826026
387118
399158
108959
302463
479167
311623
476400
153568
897726
65775
789930
174636
278145
859826
282240
158319
951690
178315
561387
195101
801404
105206
890595
339178
205419
691095
384586
914953
341196
79754
250408
125438
113228
136520
470161
900002
810044
624370
973539
736947
342377
291198
658476
47893
967498
432251
331688
46058
326802
182594
740583
67209
43430
739515
989197
568733
282537
434505
925620
581277
767794
524755
208108
95139
139935
566832
924770
958252
267523
595950
851678
65259
618938
995711
686182
566986
749278
67905
896320
306302
532882
84329
13269
75013
522555
505739
96817
425599
649935
948232
881127
385894
404101
768916
792978
694060
15724
375714
619638
949423
169176
225839
616452
210140
891959
604008
484348
855325
321281
343737
988845
313344
592014
244659
246488
91238
654017
84953
973875
390627
218146
887880
948681
791417
91850
327296
785470
101228
805495
18259
199344
256386
134591
37672
590522
268825
686114
679468
17042
522788
500856
447127
943698
347524
623369
349846
94996
258623
65531
915547
200694
934879
767078
166077
91516
49833
739908
236236
528981
995448
663492
650421
847350
294199
987645
721294
416867
774712
846848
268800
544268
865843
342982
523150
827732
197341
940680
264262
342572
940324
683758
370050
217182
563269
714335
343515
708710
98123
778871
118700
803771
911845
86998
728062
199403
211938
815445
661909
652068
845707
970068
804182
421903
537821
719663
406355
990806
447713
93839
232629
953798
193834
364700
461061
839760
695851
583248
703127
951274
245874
176807
472339
293459
900741
436019
178977
550899
21655
671052
228976
675040
648679
213156
788388
402109
45622
142072
387674
654717
555939
204002
199128
643525
470628
6091
563350
95472
572579
650815
559907
958700
592947
241625
281846
607937
550829
748189
922450
256626
373035
80036
206932
751164
183456
25970
775772
855931
781971
625763
235030
321900
777334
595652
475748
705869
257575
367231
475754
951585
544770
524270
286581
986703
500768
148112
984840
702634
543601
525337
183813
908108
526258
510947
469301
993627
62794
165059
587188
947309
949511
765942
281788
320584
747760
918395
141964
393602
107590
821754
335732
813319
390044
897569
895040
710137
48400
317008
82175
632178
441253
560554
221935
350501
650430
329484
892742
349346
350265
405850
566047
311032
922342
855797
285247
457140
432163
369481
728260
73416
899477
752450
808297
47879
13957
138398
980792
966157
960469
387933
683533
987836
973149
704214
15234
313569
352934
683876
30844
416692
943169
727357
355729
133054
433989
149474
320277
386645
246372
85938
565568
251715
650537
362650
193021
145797
305937
604135
255889
319727
912323
109756
697446
702061
751980
506975
746164
496676
370811
710445
929739
33078
274998
423790
783551
185701
431735
266243
541104
188751
61255
990268
33012
88855
525654
842246
870820
392228
54868
304706
797696
840451
914606
275760
989311
700328
710504
514314
695160
718802
107539
317549
670758
47180
268588
8818
847835
814287
77521
190236
232964
498245
380128
838441
922517
751208
882798
688651
636113
371785
829665
778033
16951
414317
689515
158014
569356
174802
680547
339931
998466
38927
848194
387816
832898
828313
576118
210253
648027
394977
349798
476783
575302
455387
914883
852287
603605
571802
449607
29548
205240
852503
370446
796024
308972
619601
806349
921128
395777
385166
143539
808917
299078
392383
140122
297120
838930
960449
429546
659267
97778
711360
537227
923522
433194
210934
237252
874304
50346
277713
634485
100589
904591
856179
297517
799517
326034
203091
63465
18868
109713
983169
508842
592382
294264
779334
179058
499035
352140
287849
418138
186391
417556
318606
686163
546200
893028
120122
410551
204976
439559
411570
485131
45011
306056
369472
429076
196450
612765
87767
243986
635557
901745
929742
792541
199256
659852
420168
33691
491420
171170
112629
490908
328398
991989
859057
358226
470197
538983
171210
212912
929813
643872
852511
683485
744288
74903
175971
449429
323596
699201
562561
568861
593984
342932
968538
595105
492264
805687
979370
555563
684968
11976
547720
984258
892908
555785
267276
472477
708510
630376
4875
308290
961585
426857
949501
704448
61914
895794
649152
636869
271519
654963
389109
621789
791752
798319
528520
61256
757297
73260
239950
611062
333761
336947
865159
227361
381045
613572
508290
490375
306390
797786
168160
525315
506889
885846
335856
43719
281733
414987
411578
909368
471199
68389
639639
938790
555073
870390
797437
236839
584377
280863
813657
384271
687917
136535
189077
787213
238893
351835
688953
489125
274337
90994
991981
502149
346017
178588
454237
223879
639267
489623
275125
478978
529423
454093
517260
389773
619119
326877
806109
695313
302018
710916
432559
714506
822704
209000
831191
644250
130519
137601
218836
323082
51267
349476
637784
602718
471741
530285
468518
124307
753274
256969
629206
889463
440308
667230
743862
2725
444055
705687
3723
339228
903057
346703
596533
275772
722444
843609
520048
720220
39800
992874
795190
477322
174273
219044
349506
68128
508704
393663
213168
220159
248397
510742
175425
499115
398418
164428
675706
449091
223035
757017
458411
242395
360362
616692
449293
921720
877383
551007
560197
722151
779348
401098
502853
558330
962206
811173
358354
923104
106191
987525
300576
726944
408865
126322
364953
477618
86125
820491
175932
906362
225890
562582
548834
150689
950353
453672
944924
905234
298852
746093
179449
207758
491759
827733
123748
124013
20318
459419
476521
215730
497038
471987
847640
6985
892473
47760
993026
182687
595273
559055
992737
163614
671245
720963
215636
801540
580873
312414
210247
99999
498343
379960
577137
712231
910796
605567
208503
921912
13446
314748
278318
979498
29921
51262
458430
495951
926553
872741
332641
116168
724969
571724
796363
620612
712322
915732
252964
91350
512407
436746
295792
292914
852181
622452
709520
965636
582192
664957
841314
597550
5529
907130
552003
561372
514956
582296
597172
276804
276805
646500
359962
194495
462738
834807
623647
529855
271300
131452
159863
225133
599999
117856
540861
831328
962801
879316
390651
171707
138719
79745
937992
294627
67675
964298
920780
475931
862802
692727
413536
722879
952834
57475
682448
82266
358152
214531
144898
485028
921943
965040
548080
714075
444869
267412
327184
406524
823871
474446
934166
409950
207837
876353
47951
725356
674576
392991
21934
403517
667896
502797
892836
402834
333714
940020
460584
970987
112527
353508
723862
381318
366080
257956
495284
675445
615788
949210
512079
741082
661892
84947
790404
1026
922670
207600
107610
648988
212861
451950
985933
67285
954370
660368
458534
407569
30268
760619
999621
257415
897578
178382
849089
458617
180353
569035
650918
340175
231098
225639
184797
216271
483523
874010
659049
708027
294485
371458
952461
755080
48869
472939
957324
254262
513268
45299
866952
939024
585601
665885
465740
281538
537311
672373
325669
365650
902113
320986
91243
986685
28721
380909
651421
664943
619520
958357
48042
672094
475927
547372
623948
471299
806476
871625
497359
715318
853393
885035
136048
902693
461415
775678
206816
349680
516976
785357
871080
856036
222049
885637
574182
762259
960342
557218
677557
457292
785087
828216
889771
347452
820344
475616
271483
823137
171639
222845
348539
274535
63582
539562
700993
729313
378929
939906
550438
13477
528225
576139
504108
374468
483271
859199
961596
996068
757228
284025
541320
752125
38725
396217
538127
39980
158908
370580
300222
989239
390633
593019
146292
268446
164703
952293
120158
232986
461923
191388
919105
405045
652024
459554
723415
438341
548758
80061
557712
170822
758585
322150
795065
40979
544917
318922
339194
26945
63142
678971
212090
490392
942182
420598
656093
129263
529688
31953
942509
84003
570882
662401
939030
475187
946935
849285
544587
778683
164562
581875
131335
164044
587647
499101
772014
890468
13299
529056
615506
345679
874300
137353
143505
721305
608946
686371
728795
461486
891405
184033
288913
932561
217232
295396
88137
771445
158819
676586
941294
858299
822207
191060
821508
468105
410435
761107
546890
10179
876259
458606
740280
450857
881664
223666
161768
919821
468178
148150
879505
131695
549377
93385
496750
179895
956116
984699
148349
21070
934016
500933
399651
600153
214946
510549
825068
196242
878728
830842
281713
969733
495850
505321
10770
769637
587830
260906
94627
27977
798089
767202
650084
368070
484473
336253
380327
204073
875599
897911
33558
384657
990418
882120
72909
976615
480638
97002
771427
583676
15444
983752
319942
692349
723595
288197
226052
445525
253732
111013
347430
121311
674459
264476
431671
873094
286905
145329
234466
462140
695239
908175
421881
965651
471901
860648
500306
456123
234712
24262
75468
856473
6249
946416
51311
662976
71370
982837
998513
176334
432524
324696
89941
984742
162829
483032
717999
76805
443141
553306
839426
399747
313919
42613
378058
474153
646180
281306
893525
598121
291634
156638
428619
13758
998988
11622
975951
461985
555308
92974
351550
11940
815924
979574
881685
485615
266337
167689
818735
657942
887072
140395
274411
818899
548795
623390
100268
564837
335084
61521
536378
87172
143762
259366
202629
879551
358401
628318
186378
398964
248884
687396
985551
893292
585758
72370
444936
27921
723869
165348
356444
401868
589968
709399
183361
504127
839871
974013
853315
74460
106489
466433
137636
13472
775867
367953
991518
296880
412300
273676
885252
53838
58086
589386
731975
183928
110670
337794
65555
705565
243717
558876
838041
293692
734807
48404
816616
241372
531216
236487
830005
671842
845838
296030
9657
978066
557170
962004
647993
977061
103984
865445
419105
885378
42246
678741
937354
779228
49930
366746
272283
151273
587547
156263
75275
333691
929402
104661
622980
807868
248625
721008
427811
505546
991217
948188
3932
477165
50810
365219
941691
425841
685171
874652
315141
197989
153177
917368
806461
371694
351444
118508
209282
568200
540837
495094
548885
784155
200124
795151
134009
191222
853927
464620
708467
362154
598948
590000
272433
594821
966231
597041
646471
557418
347863
429541
383060
339402
905506
134633
257155
679489
271345
52397
123630
875407
733607
71488
556380
942321
279139
613876
202475
714075
332212
257006
403657
658709
236268
557836
531164
523759
447245
737907
314946
999778
765920
283379
238194
60421
948965
536281
218049
445481
542501
300562
225921
134161
282211
796919
114180
959185
254001
555706
696574
551490
902878
6058
718088
11166
24653
865702
822465
361855
953953
909660
933007
989807
190036
159037
406019
720043
637287
391359
954203
268729
244468
9294
535009
88099
994015
450576
832688
668047
674283
640723
97366
121212
579944
792598
867989
186075
608330
654897
459396
704071
94806
253217
745235
894307
1461
441076
429740
685327
982699
24461
868340
304583
371425
623381
161264
304344
196894
457727
643845
877182
791636
402293
421144
768543
890775
42852
162260
46494
789801
908577
534281
575454
568880
874230
574769
484307
655624
826381
977487
347718
574325
953272
715633
764517
356273
822619
24916
239172
647972
245367
50662
384820
871346
942931
561382
938558
978670
775625
851751
11965
25132
885610
864052
126869
345715
498575
248654
188115
633553
707837
501649
177507
398537
266036
973877
251880
587048
434068
561967
192060
616246
276717
196535
163908
120967
372129
21029
28462
543729
934520
324981
800138
618968
204864
277737
155458
249700
448671
419534
712120
946708
680055
348758
198522
655916
275124
398308
479140
166922
610933
381543
86163
109847
244756
972893
465409
108696
910100
515321
825410
4068
860262
653728
329626
812016
616088
177229
904184
553094
362331
623636
58579
420693
130991
872451
919200
963809
377837
444388
271981
215579
274608
779999
947869
662731
460961
364860
156801
995049
824414
30343
624463
77068
815367
99532
2625
986490
584740
407490
267852
555357
781494
251460
394811
630487
988313
742266
363752
973740
546130
809814
373143
544990
921467
369978
532911
749654
337672
482423
684758
607102
581621
137649
833896
97324
681614
806558
887123
345784
367194
596269
565649
269230
385381
591235
966531
229023
649769
928480
494311
505234
219800
680992
696630
163992
307273
500830
4381
924093
582012
666099
83733
326042
249996
830044
875105
107464
128112
520762
926052
163055
448941
574322
400028
315132
191644
432245
666367
214705
421139
628058
667760
545430
730483
909414
283550
288077
332814
277614
567994
420931
97906
859859
928850
784578
215383
744237
988111
947300
82977
528131
627783
536739
54929
428661
631168
765707
918286
740925
293698
657680
203596
252170
98008
699708
612759
630860
708323
145281
323518
371470
479386
998444
403422
673020
883745
24826
984650
577606
848005
886917
995732
553821
136402
682263
539259
505499
208849
518816
182769
315071
887906
495874
270407
805781
738481
89864
544183
428980
735576
869047
575693
428577
492305
375869
370676
480466
807190
433350
563865
186188
636056
774446
632254
978477
299672
730704
683485
177030
316132
38909
894582
543520
785649
691657
645879
74080
268178
670591
41608
425349
780243
23668
813104
303181
227892
812153
513767
277240
160325
424106
178808
811364
889051
891299
464210
368279
763948
96339
456045
525211
788684
274024
648532
143940
816965
909226
155410
873933
465228
58916
851837
332129
912678
347516
361114
889205
501207
214884
82923
316754
750658
643817
635612
922352
286946
740329
623750
969342
870563
351138
294749
658559
394974
457509
147965
555150
996464
618024
561420
792066
553206
618427
614923
143788
888998
579795
198463
743229
568845
488514
543158
627269
743969
376200
187256
703766
186050
410627
583500
450439
677266
668161
719587
625812
326701
987254
112357
725795
131335
200521
919447
537313
745633
219977
770854
78859
275496
988733
308371
273353
235690
961816
88058
508212
849461
370507
294912
158969
221326
555125
787352
511957
813835
157430
468594
864512
582798
640609
345666
622950
342686
2383
471080
616080
468899
159056
542657
677090
212734
48701
809162
333885
497219
407465
956332
970180
870932
417974
476904
956604
523419
363075
973855
521165
397347
483267
964031
246437
112723
513961
707270
71676
372873
387007
142580
785394
816079
847766
359121
342868
241021
237016
998680
771453
40939
755321
234431
23961
562000
934348
183332
729413
553852
145330
64853
719378
297966
661549
465148
239721
722515
814354
727333
379912
420636
216093
874670
247402
391738
598047
837578
298757
634745
77778
661873
409645
701622
299725
494632
945942
585726
159506
660200
247031
71301
528965
164974
37193
497088
301944
322335
537006
936351
630497
157461
294319
729514
301869
263690
588766
158711
114093
42783
148826
477957
174575
128650
50481
292025
214952
435547
941600
941810
944909
675689
426613
650635
486720
126365
96085
763308
997351
499610
382042
391949
850137
682120
159700
285833
318066
713788
494193
806683
690502
534789
753975
667063
621042
307478
332653
1863
48334
325387
236314
47232
125438
79322
380965
431137
753768
322391
752667
388040
962112
296611
911376
354993
893310
532658
507484
655499
264305
802360
237574
540985
54189
496688
266111
523938
785824
371145
639301
492405
358019
996717
15208
88252
511788
477998
657322
868444
530240
823056
247551
820711
177157
175405
63667
767390
559253
745737
298731
930374
742062
189235
12675
458597
526503
716756
56087
663193
89853
901911
346205
657430
40972
127605
986544
738426
950873
261275
513640
650255
407564
910203
962276
363612
973243
917612
118569
832808
369057
906111
79844
460620
333101
320863
779787
795316
600183
264932
571554
175538
576269
721524
119514
177918
223852
459798
48851
533518
457738
325269
516354
230222
260432
478093
362606
635517
735590
886357
188757
103332
309414
952072
792811
16755
887602
482034
213570
792825
65441
860180
317509
581631
989012
180628
102942
30530
778727
15877
228792
96076
480899
629454
528478
9262
780817
191993
419074
676700
112009
938650
988698
234213
751976
948890
596261
770381
783936
838815
134156
985992
936425
964890
701347
330965
160405
133036
121806
404277
16130
638965
239104
49608
239176
903035
182687
4226
944914
81204
730244
953550
211625
155185
974814
756095
642988
55719
242934
868143
163548
247258
875917
430198
894100
668263
902497
875017
874709
853039
227470
120044
904831
433308
143762
331477
675613
700561
999465
811167
769303
20914
188631
808359
888842
155149
729668
286407
384885
329699
467969
660845
621130
536983
270313
28759
176677
198642
704674
285421
106072
604881
356739
392890
18020
723628
872144
679048
417477
705219
768224
539608
836517
870502
414751
325051
501552
195745
233904
954448
635335
690819
417258
558491
320846
109578
599108
800382
339296
224813
385419
511830
150690
286086
717199
31796
71605
784537
676894
383734
967813
668805
893608
426946
626174
696902
955842
287262
270943
340388
480326
749295
602022
952891
701079
507788
731371
946472
63554
599551
493961
368013
437439
701144
231479
592130
901976
145709
476340
121432
408097
381809
837665
279243
488421
587375
746344
203459
30689
937892
599194
476999
844905
81399
287575
786367
389673
710038
107110
997028
289351
875054
516837
953862
961699
156422
349786
222265
148672
188921
743719
37789
476412
547726
942556
181129
144315
793782
356007
531284
522786
314657
956070
404991
832639
652541
393757
230914
117766
412428
169987
427057
765815
430496
604983
942283
892315
193654
773136
802912
876780
480045
258514
721244
854548
807841
357884
793011
187470
459560
487742
462315
257961
452521
272455
125185
162091
637588
561341
917817
745490
776193
504710
280261
418934
92137
800451
646417
762378
867131
188253
655977
852929
125724
839671
681480
382157
522046
920323
310398
742850
235164
143280
864061
373721
678479
386433
976384
643025
240016
171129
547799
481073
628875
670963
516436
85928
509532
60046
564108
432404
43624
908357
382858
569185
868890
413148
576086
141770
104057
253558
54557
799803
575651
191172
150525
744151
191465
996312
196911
876373
363014
611479
144082
658053
64508
94477
880848
607345
765389
30811
612847
392414
148947
974667
777014
896370
923516
727812
551737
556399
942310
411097
39748
20829
184595
102715
403040
529223
734601
666191
914564
779995
883273
106970
691676
941557
411561
60569
732142
853365
667280
534702
411887
346764
492238
115956
486817
303254
635798
732339
842535
238050
559513
688687
304487
617101
298175
490011
507290
394123
650692
338475
757747
551239
844141
13575
970153
705443
245030
486555
185059
236824
364922
209931
418751
52481
746286
85956
654143
448883
197242
642350
498129
230852
105509
923005
428538
418093
296572
900519
499294
238538
513710
415280
84334
226366
865927
93217
190894
354867
119111
476503
695330
938431
518495
377847
178324
825890
325703
22335
172421
791724
635135
472312
238190
299451
572448
959943
977457
7970
802717
60899
411233
595942
12700
765026
511595
807586
475563
738476
442271
237962
762272
491344
926687
291660
54162
33781
393634
368146
568301
52712
920421
88292
887606
904853
18416
62955
245148
674577
452993
605136
461175
762900
777175
608259
993440
912388
580188
52376
38956
405612
939311
84683
254533
203211
641806
592420
725351
612489
658269
742710
814324
987653
229973
392257
188789
592137
755596
43319
553646
611679
301852
459484
720733
649469
704051
186886
850638
637083
104759
150532
776222
736102
466836
485723
470922
259468
293603
617452
293939
812152
494136
155377
707120
711640
682248
426662
924112
663833
149749
141060
62827
661556
332216
476456
9699
839138
602538
618259
947068
174251
305775
227018
765141
919196
757887
963998
474435
51095
222226
240454
713417
258372
952744
918952
6133
177382
817842
554743
442841
379720
312480
574453
249765
421846
737672
973274
104222
770759
901424
453901
415933
340024
464440
732559
92902
455573
231
53495
822339
292656
519696
116695
670333
226740
652640
122366
39575
130802
946503
542103
242663
341722
845249
664303
163441
594631
627008
14804
569185
468273
3640
910424
441125
873158
973318
947445
414309
965778
310846
905290
240224
835546
402128
399940
774884
590921
347669
131608
571305
439362
66876
884780
627851
850580
305612
598549
741347
389643
899797
430651
908481
993123
709431
390489
84231
571032
393678
602017
207333
883417
240377
449981
242092
194714
380421
266223
626129
25545
382331
762393
569025
20248
336835
477721
288539
501817
639732
75148
426703
740776
856761
510004
140689
833058
364833
611828
458617
158067
875842
94008
16890
807597
892747
152689
85500
210548
938533
796990
944601
205687
710662
637478
223153
84473
490322
881858
706411
115661
453805
924792
573384
881504
672290
730529
247653
962224
960937
857228
901197
595675
618968
175388
748792
223762
525673
742732
123685
38700
944804
989203
128591
490071
318569
862883
285263
366377
164508
898891
226765
200596
735405
579196
151460
635512
889154
230440
983058
386707
56580
348934
138456
862996
144771
850546
17332
302029
635527
503154
107193
758726
538164
641172
877832
986413
176984
437811
337069
570923
781013
195608
244440
70995
28198
486524
593270
811508
938895
830956
553899
845006
971941
162245
802990
891745
676087
711263
59394
162016
235672
731142
398861
343365
812810
430755
659094
969662
114825
238202
731808
551685
533681
784973
670557
80141
442124
503197
652689
117016
684412
318288
563845
346790
969090
812590
624163
488199
296680
966661
702197
84370
4689
980333
425717
599470
75867
803878
951760
460365
255470
28317
629692
477689
963108
622158
415026
990982
600597
585667
725066
209063
922813
210618
574771
644573
670732
447204
322123
147658
183179
491722
381217
868644
46310
88458
273156
149445
674586
120832
73672
508766
758588
849728
58581
829068
572323
410175
215275
396867
37619
40337
213046
812903
975879
300940
701257
314745
367802
579468
110522
699438
200018
505361
662683
490716
715466
666754
934288
769869
494651
482068
917778
57270
288998
954694
552383
930626
996512
618564
95195
443527
466522
589803
32935
977626
142668
684908
855964
385982
212414
9610
647876
615415
984755
136253
430710
422909
957938
629433
636140
319692
707890
491656
850818
639448
176417
280468
945485
183390
762961
744385
392342
921174
949568
899127
905330
399812
854210
179005
191487
27950
136141
320768
917757
632744
945441
428916
997254
417163
101650
701266
468203
25604
864051
569407
293869
141064
818593
271757
195861
899493
154089
106394
95217
206900
37271
16534
368043
785963
592220
543843
480519
238351
849883
463317
557624
818118
715664
8600
360352
656586
874141
645105
924323
291578
460915
749725
242918
848587
291673
760469
847850
965851
13532
175859
363263
675302
775891
274158
736806
413777
608014
646849
306951
270116
889179
979947
214603
553749
521652
637391
483287
115327
708168
853051
845030
996402
858468
61829
209666
43363
720318
840786
909151
333188
851550
146224
578964
893999
135594
972387
624759
150460
823692
593597
195283
860721
806530
802662
735432
259225
105153
174396
107584
254125
855239
592147
822281
184559
507900
233181
782228
497750
887748
252453
629129
562788
697252
170230
229829
640211
855822
720472
827953
218925
566218
53242
67328
299771
474563
690539
481477
936981
878508
230914
135982
793369
336333
228190
324769
277815
204526
235912
540657
386088
925662
595893
11453
649534
348256
483047
420581
545623
162291
429938
547626
421035
967421
167068
22753
782341
921747
272094
928852
355535
315367
746055
65589
403589
471631
71360
449152
745548
557422
960234
108716
130331
956673
768099
162637
320919
432584
316776
986313
235261
482959
447893
749556
10617
713239
232903
28683
84243
860710
146658
393610
834313
442792
322734
507370
55223
509057
167260
359163
263091
933936
730855
44121
758645
267553
583190
571150
226803
737167
577053
464772
160075
2899
957603
892901
187034
7950
358175
63953
588458
232752
721180
525691
339208
601698
451419
690401
122290
282774
258839
768870
263407
300776
662947
799629
584185
820529
228208
640660
925270
413993
631147
506091
668805
669110
904515
410575
624083
756821
339784
878088
469965
895908
909807
509691
310543
890441
43314
52460
792507
774275
628308
728276
525830
925515
50434
718811
396844
393510
870869
23027
53572
420170
341812
658001
930157
34218
254935
911943
586728
610912
708838
401154
460672
394614
248767
452638
448932
262290
236823
913505
133205
415995
691704
420379
739898
360204
790056
906456
73297
607412
971754
401663
549888
933734
827102
268362
806857
164580
747459
235170
213980
66788
355037
833750
125575
872924
874034
962232
4617
887791
611566
170068
947332
781171
891686
646094
942736
514334
837753
199063
601900
451598
461010
41931
543823
388914
367819
985195
514589
805528
558828
189170
840565
624595
283217
158933
653607
3912
267113
526556
122819
105622
159323
39832
965132
885407
408387
516864
29644
362743
119065
526316
74945
761833
972338
595693
493941
487136
40929
86599
716459
512889
815350
210636
386613
870242
629414
46870
904995
611695
929035
920736
241621
187385
113474
343489
80626
939891
135794
155271
203633
808267
602668
372652
612117
712696
457838
934519
895925
925606
16962
859122
49529
205180
84164
514436
367905
99590
612864
83306
260735
760580
887865
94934
447749
690894
666183
902180
87289
814434
476184
217781
818309
113932
566294
629802
636842
713456
441897
622591
139669
36215
197844
675201
792522
714772
775482
388013
72253
997554
296579
841703
728575
216700
134426
958484
466645
561992
315150
890452
393125
272289
432792
392799
323210
489903
836476
379
796422
449221
106888
869207
100503
625671
322489
831624
710882
14454
8317
913757
127500
179354
414676
442720
465576
566091
760720
129004
545034
955675
294331
919270
267642
45603
422423
688153
471685
413481
89856
857842
6125
129323
436142
153684
781248
275019
994583
988953
526662
122838
805425
671847
399188
401138
910165
761130
40829
934180
608319
773875
33192
158588
150578
878317
68221
199006
66168
759287
311097
907629
481159
141155
267874
430037
803199
911627
688404
324021
308944
273866
951289
717864
235385
165406
828887
698159
408683
283608
49347
910780
201228
638717
310643
779869
175319
639165
416625
686659
503840
961485
239340
36207
627061
124067
161961
840760
134689
311822
357270
282235
171146
596911
892223
847391
563770
513560
405977
545155
147962
548543
949756
749447
57882
848094
411566
141492
760142
615851
518426
779209
784627
508207
941792
70307
204143
415301
884422
991943
388661
545458
414988
957647
281128
731291
255196
315184
671575
801383
178208
427940
228775
138610
867630
713848
287630
442282
542687
838836
443899
990090
752701
331362
846868
222641
910938
740477
902743
604446
251773
353784
704674
853130
505080
979303
6285
345442
887637
778446
97205
959392
526511
182469
256212
645
40860
338756
246220
457333
235464
918993
367363
310255
502749
174083
377831
75239
264670
94641
642066
269569
55187
178300
869321
449708
684511
135606
238687
960153
183085
455342
182199
685463
798729
967130
949606
540301
681611
1567
246839
421075
939821
392831
66568
983917
806142
929183
975185
281764
761712
23668
10373
146883
382027
550538
904465
703339
67780
975793
10945
375827
663272
962308
553090
183712
174899
100631
979266
691165
127485
473852
911923
941463
219476
913842
961135
366168
598629
112043
606710
474750
17619
392633
999122
14967
450346
748564
487260
245018
74349
292490
939607
991589
868363
441219
125241
789199
153072
598512
386314
373130
794808
521808
227686
30999
937855
980063
442908
839621
908180
329691
757241
697095
917900
388787
994911
969969
730866
843407
558286
332303
890396
383798
681925
45474
290265
685536
344705
213368
456006
509849
196644
598183
421120
264719
977777
588901
496563
80760
914292
653703
577489
643106
102783
370964
362527
344408
999950
219142
163689
960622
147020
594524
50262
98346
703791
844574
352470
105359
50174
158959
787319
501639
167026
743432
175191
33260
559546
717463
31732
333491
8665
944947
969312
763253
159275
539770
76752
325404
724805
847113
629779
298150
999865
548503
101407
823385
773624
785454
661894
658756
605651
170119
910408
628909
143578
955202
990851
305948
146725
98047
761030
967811
924017
229148
651203
894984
72993
183563
204258
260209
229798
584142
615282
838507
811066
110226
101626
157751
538502
495333
241838
622002
555108
270230
511421
934271
970622
589544
833735
276242
685653
233970
772204
848412
127966
107222
644864
676302
869255
160348
130139
350796
634903
579818
967116
399025
321587
680802
618029
11512
473404
214488
520593
391501
96918
351278
581210
814961
306244
783823
642792
112260
368751
720324
380524
877618
437638
279414
556762
20221
359102
417025
537149
827746
796539
113328
939492
696555
118983
293787
845690
357776
298238
234010
817523
575563
112973
834597
352419
572151
759311
711882
721065
585508
196246
897033
411400
371897
856459
838607
887829
51974
406189
728141
626380
183654
438389
374581
429822
430093
527258
500305
653222
58356
898800
189248
552089
85150
435820
148557
435419
309509
900482
421229
735822
72102
760431
45205
764485
834086
302163
519158
93622
145056
949750
606166
538510
783308
478059
665548
727583
697997
524753
119320
839220
759830
584694
859548
499398
547194
284951
895867
960327
497680
241859
706637
331483
923007
20062
483068
674022
281388
124416
930494
372608
405437
936829
837679
619333
174216
127872
607050
714186
80285
6736
242052
60906
281708
949301
274629
252350
749589
777587
903235
787051
306251
25205
761981
221076
624995
780933
721553
250672
354623
931896
491515
884791
705553
814375
289195
238711
100942
191511
896578
26755
88241
723194
199656
908234
656745
550351
359948
181253
925089
255780
862521
401290
797865
946108
221330
857790
879686
199307
839594
497576
48659
790750
833410
338720
330001
643159
208096
937446
572627
814678
424392
542094
17471
979572
785050
552089
212417
94441
986823
698144
387026
688013
534129
845866
242656
784827
625439
715868
924251
893394
664346
731792
224092
216149
707046
270462
556529
91698
727776
258390
503497
751712
555121
439024
495289
496353
758124
250523
755497
122023
365322
920466
232862
272659
378367
756237
262116
842264
630328
537139
417367
822974
73012
708908
158350
18883
71356
174613
365093
764572
31424
258317
733606
86233
767632
64556
235347
195110
866740
749204
699667
483757
521768
704863
334135
664985
716343
431352
707751
348022
190322
317701
337901
482740
485133
185730
525214
428683
620887
261865
82208
214520
687317
318477
811869
631269
264185
378439
2947
398118
438532
572615
943412
546272
988213
531276
747089
471428
580460
623150
820126
222649
64928
64024
612370
543640
738106
989908
315646
105296
912588
552255
186071
288938
511921
570523
257442
619880
232193
652483
852987
150662
70257
209465
690945
993058
223686
306203
154977
785655
251060
812341
57278
230213
653015
452720
271482
775245
375181
207527
154340
426296
62574
144026
530622
356375
284393
170171
681513
75269
944444
330022
578607
342441
986063
836014
343533
903832
83886
16274
502107
540951
744289
72015
850682
34110
797994
710671
171929
350712
447515
263167
139331
113574
944017
818174
214024
703907
858065
88113
322022
667618
348413
558387
818005
533428
748018
704682
530092
559847
604417
202869
306739
388040
404361
613761
416134
94152
822190
882491
959842
530876
310456
732384
560975
234686
987722
785904
382442
298161
672380
363136
307982
505122
337432
430575
470047
546123
897198
168688
142770
815089
381524
934214
649372
840173
316222
307151
975830
48647
564918
900087
919626
698237
770359
915853
143996
444772
516524
804466
645528
848038
145472
905198
565652
542569
183905
448988
833473
664145
267159
953734
511796
422363
102843
984075
258123
525418
84245
430781
133470
355999
133398
326983
129860
704673
774702
244043
587135
570620
616971
886858
492613
132965
532592
499069
872555
891420
817901
985792
375024
342506
842432
934894
519908
729034
388232
89672
818548
738916
235106
880334
111506
937652
690083
166384
537285
601737
550832
410846
207626
180586
610236
961660
255206
83795
50719
168625
324425
780125
333200
292383
351968
746235
707647
742317
437816
876704
682513
318079
413258
389758
470329
26439
76007
145962
436464
245877
370561
331868
640848
337738
432339
169618
478547
577674
135598
841811
534435
610896
891490
415953
593437
243835
63557
447848
58023
806726
731939
952323
876522
609974
636930
509469
222894
676716
970832
151653
633297
18714
824939
540539
32292
350546
779277
977304
505314
976954
167314
308746
907022
990748
60648
398940
810984
697882
342418
985876
333195
331839
946008
610517
529126
915504
390159
24293
416341
138561
275905
205257
300955
654308
152120
512845
603198
154044
685740
468192
772671
925199
405190
805723
84725
772634
83344
135458
193221
170623
322044
451427
928768
641178
202126
581948
497433
409393
316006
23673
462529
804361
889262
769083
923489
996245
668188
231028
48500
731722
506724
150798
905406
681614
949182
804971
761644
396622
956495
320263
332617
28655
895159
615674
998491
386396
226614
718298
357272
461694
333627
972414
239880
902858
416843
621277
996344
227763
454154
40084
382424
200001
131049
287814
155954
307898
66989
606942
46023
220412
394648
869104
991240
546988
833718
856445
252398
777161
446277
374229
460790
524250
527170
739159
532285
321990
553356
183252
897907
404738
72695
852562
275071
816548
833136
246892
801199
280215
542856
639254
140698
978599
633311
370751
883797
934332
279662
305615
492750
90788
191216
391376
235272
387273
902830
215721
30259
499778
354534
433668
572007
794244
977495
575889
899581
975737
422380
742628
847626
629609
667330
766458
227769
638741
59992
87705
469572
871331
315538
311957
564175
654387
386282
902958
20961
802575
631987
170967
858175
935745
633163
594834
828583
80639
422429
562550
195238
161986
366544
417235
917462
130677
714832
705260
364728
487240
872631
443618
259242
787235
873175
928562
590661
270264
414503
609621
280917
993265
711559
662854
598325
770377
795569
176736
128263
246391
579710
119269
190222
602820
278162
632539
188456
920573
578534
352464
297387
186885
951280
575743
967066
329410
722225
911947
528643
884919
985499
621160
800825
497394
881500
266777
390122
985116
187403
22419
83228
385838
641518
366081
674888
683587
571174
764193
834771
715336
729527
316492
88037
391247
724472
243282
923240
989507
894867
163971
137759
381174
45050
573259
711776
479830
221159
796661
977072
637695
10701
645584
572793
259114
679648
827375
385642
709058
284350
641801
554219
391127
980473
394305
144060
814380
346946
546049
651753
406122
92275
201791
653228
97528
853176
826466
52063
247266
871963
456829
828892
783414
103083
20473
895411
229934
841481
19986
88391
943047
42255
974904
112965
130096
475421
604757
257986
661150
355713
253742
773808
20348
76290
37923
941309
856192
488906
103696
701001
329561
922605
839446
760449
399044
386330
213044
182557
427198
983837
805966
303410
282324
346510
473936
9268
676438
582234
298156
433548
676394
88427
592703
44050
564412
977463
637393
356392
300115
621666
497403
753650
829631
969617
869091
593141
443631
726156
948067
234571
290463
643151
644296
700864
470190
939182
858934
671053
830029
913058
273193
592366
38355
998324
643286
745058
615790
202756
301360
532095
255029
94902
980678
300271
627096
356794
756425
764043
20025
297847
468460
134738
822867
665556
189028
719494
813528
882019
759439
608995
213786
829161
486449
262845
289183
509454
63897
763701
115223
645150
496994
455767
916841
809017
418837
646675
981289
540957
670060
657366
26151
10254
945009
416133
809697
49376
237317
986774
857752
904033
273213
266954
827647
8421
285607
149707
142416
506862
72810
862238
106810
525624
744651
346180
933237
63711
954124
488371
86133
620206
613743
138412
103228
919301
112920
294137
744394
767654
89296
766021
826864
850460
997926
795223
261827
464456
104432
5868
458347
916105
174895
278449
187291
118791
951312
494490
441435
938013
341839
492898
377216
119329
890934
424287
942910
536336
426052
647937
40340
672283
643368
335783
759781
851016
368812
521117
245735
857351
877679
32118
416500
532178
760587
553219
177406
980095
252245
712173
451104
358629
339458
286900
241679
708777
840102
771588
891375
871268
437976
453233
629954
639794
34162
847120
928123
236698
724021
309681
888881
412629
336009
579132
339631
774269
220833
458215
371624
187475
749885
422097
216135
624237
883657
916798
643813
409722
641059
755568
945044
756083
315194
447582
333208
667936
875090
596819
211893
561412
839459
621734
708388
877095
471777
828242
976479
886142
614167
929009
591708
437432
375405
742106
918870
487271
869384
681491
153478
150922
842960
111541
592305
288691
479053
410459
64411
697561
658027
327558
495001
921212
125916
11089
381188
566577
884828
225483
141705
866121
915152
451126
818654
770018
98440
728091
826831
953289
814947
955016
694006
680842
610514
4264
399689
269719
314421
447037
775693
836241
208545
460348
985961
796597
844739
253700
733781
287014
429982
992509
429041
424467
69680
902474
144818
148228
226802
158634
761911
990663
965631
897584
823738
609585
528332
408605
58530
661523
170581
501143
336885
470715
781913
223112
885482
839587
985787
981398
489372
510971
130058
907130
830683
768462
311514
561279
239005
568211
54353
413721
140178
376083
832382
574816
867861
511729
123491
950887
790526
974747
847123
970045
86676
748364
763702
842368
103136
85755
65834
398488
801628
394787
292484
29911
848139
702320
834740
243371
680802
154691
696966
927742
226020
97570
816197
579819
773195
871551
142458
763420
403106
226147
339346
868548
803824
718583
945757
631030
33486
78319
138291
19297
447706
502100
185777
314856
640132
751020
498529
932002
258821
689095
178552
252907
924208
311529
555000
481701
591265
958351
833654
479567
899921
438432
101366
160319
931404
104817
955826
524863
381305
548021
337850
37634
938712
884352
690677
133442
883979
533558
600389
373495
269003
639252
672457
213301
917115
922714
454332
842339
69849
609556
533434
45779
355601
31492
568739
220291
155692
187438
262552
645871
882725
874240
538338
102737
93212
449435
962099
133687
517412
578370
132676
100030
96951
654494
640093
87600
209033
685547
5939
445112
323769
525699
937579
288638
84004
337413
747837
817123
689044
670114
268724
732570
820758
585540
447377
792545
691690
458394
327375
143387
514003
486276
525826
130828
931149
496920
477785
915120
597406
346575
126658
706360
744965
178832
316460
782498
685199
39574
933928
906612
521865
885952
594345
80852
658768
870389
494122
558855
110404
637297
933679
244868
440923
51953
972963
904244
211153
117943
126240
379593
551165
439098
932366
298808
344639
592558
775458
374036
33110
637419
143176
232585
894926
274557
898907
998897
762646
832967
88401
304406
389040
704596
246196
442949
828289
118460
659467
953675
657608
425711
770007
299919
434220
53537
499513
375947
498221
55634
811889
752680
363901
482488
124289
418614
511848
780620
762672
92805
44718
889966
607530
817379
859505
480950
360900
667954
26505
553816
155678
363428
717109
263219
754274
149590
717805
259958
996328
41094
475219
158127
270012
383603
984903
192946
436919
801808
782617
105186
852425
582628
663641
43295
819929
99457
757579
578060
4547
110302
104119
764411
681856
353939
327260
273528
369636
732145
21637
22703
350656
933756
920947
408315
919591
166471
600633
188427
404046
208362
61991
714931
433677
645345
293214
999437
552770
838724
395715
506442
447380
570014
586511
461273
954517
294125
292802
230385
690689
368950
660279
767167
320163
609730
188563
8615
170903
424056
677591
701497
418538
85656
49749
351282
814493
42962
930816
942700
312777
808833
122460
525731
135772
588743
816852
28580
552193
261317
949226
354068
315294
210295
436553
405978
550135
874987
492150
859434
962352
551196
877093
262255
574639
928943
185832
781204
37664
424713
627586
475248
438482
543819
71962
783116
721215
47659
92491
883409
313513
446576
372056
158035
255775
124234
5565
82740
927
625867
557280
172982
817237
640774
723110
143201
849858
711746
76515
367949
504504
881691
372713
309133
49025
710262
667393
194296
162079
129631
972664
732053
607535
303809
389968
117282
985511
192385
518488
309761
428414
28599
445462
216896
654891
90185
174624
538883
62725
996390
111690
628752
461449
77468
513913
92407
295482
49431
299990
227036
934307
230903
910687
719459
348984
864396
725335
31030
899099
750769
255198
306998
299514
590658
523227
347707
156501
282939
432981
895114
701085
146350
466017
514386
771128
376417
488630
503587
859681
722434
343772
845484
249453
171655
861251
311727
336680
926438
356848
625347
829790
972206
602066
833093
80821
349441
23347
526941
787191
799790
235530
103784
206126
120623
807533
544839
193384
286396
418467
414787
566235
872521
345879
291675
767201
388771
990185
784301
689700
795043
976863
850109
980501
222668
469561
184932
511381
240199
201634
676119
667127
574200
867906
879955
610589
886268
488241
961186
754558
997249
948933
388621
333258
688515
519884
707679
478756
9247
130389
894161
253902
929941
801641
481303
330339
730271
87703
591174
928445
613992
216685
547104
418998
642731
629891
971838
83660
60137
827697
955608
306590
815430
821600
276468
14291
423745
414718
947753
437530
807694
438347
608655
622539
274962
378193
286854
552813
577275
757680
421471
897489
313
925335
849578
250075
421532
954511
553053
379104
939851
427633
466653
658027
530910
756984
568748
62554
628697
501041
263856
307878
495430
796815
985628
512768
782254
260379
144957
958614
619187
915912
626147
829812
954317
146340
541034
755912
930591
176939
349668
542910
927477
579574
765220
280394
327389
651601
362922
406532
822815
187946
181158
630316
89881
385380
208299
788943
265532
648907
111473
819267
563357
736034
155078
649676
697785
159897
661331
827809
125832
760411
211143
753096
277052
736195
860514
168222
592086
503982
567136
860467
281893
986027
795968
2898
935709
62607
287791
423582
415376
482342
21590
813463
654539
461572
574333
318204
295632
93625
9626
249227
662635
786402
605370
804580
751155
977564
213067
758091
687071
105812
401476
131724
297346
68090
714609
880953
838948
301588
756894
523343
561791
942959
524191
239799
774675
792880
949435
792360
658854
871432
849523
461353
832604
836422
753842
111732
601326
606534
463954
66743
652874
625543
840520
814004
583751
361755
414702
391111
983683
67895
645932
841736
311388
413610
36034
966662
443975
135595
286131
520564
632080
689098
776721
17632
251886
170761
690914
133982
424834
353476
340268
691971
520812
309963
517026
657293
190986
588752
763755
763680
183758
669179
998923
291435
637499
398492
873904
181225
556348
190776
492507
791620
227681
732612
360169
723796
435319
815216
283326
24772
476098
448538
995021
294229
295961
594595
632325
143805
499231
385183
894747
583079
309465
514470
122800
459678
557489
215047
528608
712068
434374
570076
382247
136636
206126
521337
363951
819688
540361
395710
435450
350732
109187
983116
137768
261137
261413
913812
197030
889702
620441
368459
467955
983681
689528
8634
246096
286787
779345
460465
280452
281722
880249
654492
879113
649664
90314
232301
579158
591872
382394
429945
542218
132313
903896
655199
148722
369051
887780
854370
794807
483630
177036
703448
413671
918417
302527
643964
139614
486144
706544
471326
505616
267439
833705
543546
66358
99700
558857
296485
432723
282753
299676
334243
225890
693006
857493
705814
820062
758357
482218
492305
807277
922103
741772
680715
904554
405500
623490
325039
48462
192696
706529
623248
611450
424585
574954
731706
600867
837500
985920
557988
689882
593999
191556
403777
804151
542609
710991
821109
211554
193254
122571
687717
449405
612519
138478
310311
645361
429670
965589
21529
938900
65486
508537
819917
342516
183657
567312
809826
874115
297532
258
574382
868190
486477
988102
991639
9339
3653
341081
127425
100655
831472
134811
883041
429530
71136
83846
829552
359600
788850
673227
876284
834532
422504
963147
11416
715571
746421
361198
573684
21514
196632
936100
479943
712468
378272
613110
210344
53476
420941
835656
282813
997884
180375
502765
990026
419896
476104
75623
840811
240730
595332
810234
353949
787443
796841
996587
581814
259882
853777
556058
379573
776684
974964
303225
120884
446704
966251
25704
734074
231845
434383
184047
79789
822075
79360
723031
296548
537355
464514
170917
814235
469476
624257
503220
328512
455027
139637
279598
831466
304718
418144
372710
135913
108701
482740
567125
73592
668645
635027
853424
705103
617650
580206
487330
111829
624545
868622
624875
880371
732680
13425
847381
220484
728386
996492
558030
80552
311770
927984
123751
132344
284755
696775
832680
509203
187921
778429
464717
549335
759720
136635
325922
290028
131712
857358
430518
49210
456801
67878
733439
10043
124641
786939
48842
28394
298855
127050
567836
847898
532123
370558
223147
276196
412780
394985
449842
635193
683837
107313
113781
247382
231981
923016
480017
176661
670529
458771
176702
396831
254449
306860
368997
183551
308108
83587
568536
767250
671752
393439
777970
285979
475626
34562
492749
110195
952078
826667
594457
724253
842452
769525
723359
349303
459559
520285
730771
302477
321963
762145
653903
894088
962754
151299
518450
154116
90555
27757
165844
666559
224153
782126
507812
448876
745019
119458
268449
685544
888813
972016
853169
8452
928394
423150
581537
723328
798091
333791
484986
621849
475761
322076
100348
913082
580299
827856
377466
848462
169892
518044
700498
582453
860621
575068
813062
647380
526466
53889
185532
209927
556924
76189
577742
648242
995603
342206
513359
204469
121357
815089
833307
523069
472647
23592
616922
466167
26046
197366
566737
115616
175290
615862
673252
165113
269657
628812
737772
860438
404660
837507
771697
676436
310192
726934
880708
111658
859235
658762
845052
921177
327648
92408
252043
153341
246369
498665
978044
211846
342736
757850
117003
622912
394610
207326
78368
329165
210096
144611
192298
572661
878276
640588
882004
616468
597756
858686
368807
251505
559662
978167
674876
861295
165241
995736
220060
138845
569715
991555
769846
135400
240052
765023
95484
680624
86846
909176
15386
866999
765512
998404
551827
132534
513829
213952
233914
110858
603158
850105
290635
502220
27689
560167
682980
33598
93003
996340
41635
49248
129969
487130
630173
580707
72223
447977
582839
730165
579284
509608
645413
430459
693970
692628
815421
922205
218125
974916
333303
441338
221424
966316
3843
356476
111046
840448
764231
221447
394699
606320
2612
257291
306448
967890
521540
153017
24581
473182
578962
113747
80486
973266
972117
688155
843909
155318
485626
211501
116400
452602
500574
934825
697790
378235
209381
314312
351163
968996
134650
782992
361133
659889
183459
739042
261123
770447
622271
842097
799961
725664
520927
801933
565418
13850
254655
687645
18195
840911
74016
339884
647168
409287
771395
29786
506357
173769
570691
693746
219323
303353
940688
337820
275045
54683
736452
425833
214974
103413
995875
467276
546768
502035
566260
591976
507219
845348
55990
73092
937009
678338
680129
353692
99250
288399
864827
437329
955785
233530
747123
299456
521338
304225
662237
722159
882086
793041
721642
758500
553781
213800
67907
22736
639710
602460
488355
362153
132054
788308
661519
540501
747026
124596
327154
232962
561723
953014
640537
106130
551278
778292
34311
665524
228908
869634
51190
379598
180901
195895
825195
342358
152348
133069
110004
213888
931126
703646
951681
960401
553317
185550
780253
403155
14956
843592
920071
926369
217934
522080
492593
765730
534551
199192
131348
992722
512198
783998
896430
151164
764693
187699
414489
26500
462759
686150
949641
443040
691469
81726
751970
436391
428917
787383
34548
558146
300080
294243
764308
459391
19743
726066
748696
273668
147385
10636
514926
627168
813562
344123
324377
337405
449195
368422
148554
730994
821067
982008
105303
888053
954967
779680
83354
489646
981563
668273
281449
144870
760213
911145
321325
530462
254882
294926
653153
991932
622215
733108
227689
913376
377214
230940
958668
290645
804955
672951
637840
345572
67066
167176
794545
161090
332423
542887
156029
261097
476714
358305
755279
473796
303949
423421
590118
918723
429131
218329
708129
999951
994422
251507
18841
425175
16261
558149
549979
697481
270361
752135
659328
212701
931562
758936
302059
60363
967570
715575
808159
889757
710710
891627
394682
581790
161869
86275
627538
92338
721486
299832
49579
885951
961786
168814
768146
120073
368387
101209
464985
391452
5464
490301
675694
584034
573198
110669
187930
771156
993260
839989
697236
281997
374803
520627
638079
286651
782024
501664
694535
46638
74272
387085
377683
825811
147399
184328
843943
904186
643628
801342
194522
437714
163021
662650
818606
406519
464538
620364
888593
257954
778376
732805
773103
260415
814901
59678
919922
704668
366387
64248
606615
277437
307188
412350
791150
691212
409744
336422
646446
55213
573365
384471
171826
166128
194667
376293
783636
951072
591234
842359
674341
105848
92827
427786
232326
958005
445201
116622
504550
718343
829698
316590
95768
147681
95229
239853
110607
59760
72586
851628
601401
670440
884112
771528
224438
959993
992551
69408
418228
705504
673403
538484
483177
36699
965145
883112
663019
912053
295897
633704
53551
587007
497384
929639
89180
742111
839729
643584
334795
188994
685672
923645
953502
358317
292659
21941
656314
124017
902581
712271
221282
273533
445367
632421
78513
325517
588981
653061
762228
566848
796547
316241
145186
925832
62362
723270
770488
664315
305156
222745
840565
343302
188895
484221
362991
922368
575057
264706
512657
344412
703944
697239
823218
956281
441260
907248
115922
473364
405860
291650
890931
476125
307970
272619
880146
213287
862668
213999
623232
354488
377960
414942
330146
699200
156323
420305
465537
1255
320478
999122
703887
293631
42005
414235
155639
209049
708173
802423
599135
296819
687770
753350
299709
299855
693578
607452
602899
797790
450674
268168
904008
767835
878610
447025
587621
505397
829223
815772
973672
439524
562702
866763
436232
925341
180304
384384
470663
42208
639630
470304
565229
594095
845066
558450
28518
566169
770063
193350
513146
465524
934079
667826
868900
188136
593783
834616
302802
370280
876128
704836
486777
810748
678229
956624
279441
783226
173228
242666
951732
133844
220259
186830
387983
973002
136105
308333
91586
260352
797510
493967
490970
376618
608487
847508
527720
820195
394442
401046
867838
836894
425538
202858
875333
89587
162024
901638
443006
450971
70366
246012
853971
337463
809025
283364
114201
575690
233002
128920
238309
146248
783457
402137
393864
176966
329056
92752
798696
484752
992319
263214
692156
470873
629440
730612
79395
927181
637177
155535
689506
244995
378010
532315
203320
97678
915418
883656
483616
30643
672771
947674
613731
365684
375446
227402
952983
896651
820892
425866
445688
739442
331338
918630
424736
333983
728400
132294
193894
657230
323966
897552
489169
852150
552339
937578
861688
64733
579620
933021
563511
883207
1062
84309
929615
835722
534808
764036
624923
23997
565007
789927
997611
422351
68383
266657
309183
970611
647459
370627
66274
454457
644714
281005
713440
210168
266110
211150
347109
133352
549394
425094
1523
508108
513863
675053
502399
505676
798939
828589
140841
497056
106671
501770
581207
236073
303475
632834
864365
165402
348336
115728
402986
576595
320753
760650
798690
45646
837839
560170
438163
909362
708120
593769
795047
794821
626395
639559
416198
150335
390227
41448
527444
190841
200942
650392
572494
754372
301176
439983
181500
442774
457705
845648
584532
791456
121543
633099
638251
327739
689209
239266
500696
789952
783210
400809
875047
151414
709142
736071
421879
284582
880756
496153
629105
936459
537216
117173
259685
403942
879652
202507
128579
592302
102722
487848
505714
501987
654945
917652
624464
124675
677553
18524
664199
667926
789308
570410
75656
281252
714604
741008
477543
999751
605555
705443
265363
519643
497178
410692
710320
417809
19882
167482
171219
517731
408177
376123
411865
474658
162481
188554
804
859627
874795
984121
204148
216888
202819
821328
885470
827218
238480
716806
672235
921380
246082
402348
987663
662123
975408
966761
780675
731146
495358
442464
937346
242682
331687
461038
54621
265823
2925
878479
684156
805877
639706
864416
741298
185961
452977
678655
748155
239748
306166
887822
111189
637762
678615
134359
693496
531457
684342
485065
329394
914133
689236
639265
594531
527416
611483
221348
614739
218719
75464
566152
946219
210280
398259
270451
614231
988014
627900
450459
981237
610495
142740
702604
282426
151781
894757
294408
3298
200993
136351
796424
893521
916406
530080
455393
938443
322145
535871
763522
558925
740198
898486
88026
146822
910725
873897
331094
748725
133900
882711
431240
375008
115334
635548
340707
352174
967057
252256
781411
560162
703693
397600
864777
314036
561136
549655
869572
163149
667895
341640
236715
714655
115383
275115
830311
260960
745426
705778
628142
471457
476548
807926
8618
213391
455709
878403
503992
457988
1161
281596
679371
994187
454347
166189
156273
143919
621768
575660
373038
440638
81088
434154
919492
762655
536663
901787
681556
941389
521617
98688
369438
402287
784733
238285
709413
687510
942024
277564
717870
381650
263954
306542
598758
260593
814686
203833
822947
554773
746498
546514
520579
247601
869311
720024
589297
78176
801418
661691
198278
924002
998089
730119
567627
938035
322905
119953
632605
214858
575372
739324
720810
834219
362992
169512
69143
256937
445130
411961
606340
607740
63522
59199
746279
337914
283640
310535
563669
277366
609620
992061
78303
419698
721467
139964
522329
69569
15422
916276
723574
954942
189548
615607
43663
506402
675943
705504
914242
781382
446612
294048
555703
375798
921452
810214
48062
109550
249328
304939
540564
308660
530169
223767
101893
398097
229165
89939
955115
470253
133197
941100
951572
877702
238572
469536
128194
214733
480891
418953
874443
704669
739967
193187
662369
528473
23075
965820
675308
519072
933033
879095
594067
634800
697916
543804
60442
341396
589730
209408
702630
786891
760973
746988
393883
126519
30032
246189
570022
9278
171887
229271
629974
581249
71887
301430
563429
284279
14412
843635
397845
455973
306666
584800
485558
959868
499555
609952
636612
890063
891614
127286
742381
849199
688897
55464
255919
705061
54877
296015
482528
599179
399688
131902
38855
441415
3720
411661
292392
243813
630635
621633
778014
631888
515060
856345
646624
661421
670064
526712
624870
409620
552998
570218
743972
500012
921196
545940
85429
556834
959254
188989
985171
935942
879498
313587
873603
440834
363311
604763
66446
139639
715524
678617
893289
380598
952845
760471
928374
87767
698151
604214
365091
998330
998269
750607
920304
278616
838099
350181
216975
66692
416576
446825
231012
598212
123896
666792
92844
272838
712391
515797
637049
532225
699674
609263
643739
169129
432568
502606
538843
240206
256718
576528
738593
965010
704615
237274
953269
339269
942138
438157
730658
340575
288797
549575
591351
719833
261016
856467
389671
503528
407828
51822
193488
259159
181171
870647
575448
692608
578361
45682
263156
705958
491367
374008
24387
649650
746088
730431
88598
157448
577829
964162
26643
907206
40755
409357
477679
784793
810604
589735
45976
989755
900443
852251
215285
928525
768785
939813
92549
490892
474388
99702
937188
8755
137719
34916
932332
746862
446149
770225
985080
85750
981015
249591
790020
747085
58181
503981
706288
579928
127097
699544
514467
867092
889311
971920
73804
230966
60344
880813
414148
534499
858958
191183
556816
693769
209346
654727
653122
4824
207553
800550
667518
468577
589013
660575
695386
743433
218776
608539
500191
334633
702467
816794
150061
71622
131876
921153
902842
714152
530798
612100
305403
234201
122474
619696
157019
830204
900044
311189
379496
878023
967072
231823
103245
286366
294883
89585
665274
911373
752494
121485
582752
534690
136077
209249
792856
948069
527791
543009
800163
310517
391925
328668
455372
550721
432813
945230
522794
895391
24024
805059
393346
137228
213095
244579
594953
325889
544261
299166
933702
114478
34766
988660
457686
602966
29725
888801
631305
809990
989378
985892
847082
974579
329043
42795
341597
495407
115481
944413
506400
782216
317611
598595
264307
302461
177113
788244
215316
880094
114687
451419
951012
945087
989049
189127
617253
25304
516981
467279
596837
233468
455011
709568
328180
8116
921930
181412
643344
247352
95796
483089
594658
351561
697098
249611
941281
680366
653498
673559
959829
974024
999124
466909
806390
771860
971380
433400
616691
23165
234074
953566
195278
204764
819926
521127
801764
429517
746526
432892
592523
530671
628546
923165
278804
271607
214582
10574
955439
610097
444110
860191
523182
538517
324809
569303
458978
852994
911428
809020
462369
89690
859663
593602
164073
452409
428189
709774
83039
645458
742613
134117
840560
837160
671429
27573
641689
140519
264310
792448
738177
829981
816730
387041
375619
240792
408994
626749
806794
969500
255660
122183
382550
490753
645210
618991
435483
313127
965758
113448
234632
134039
778609
874260
975525
196536
513283
203279
518613
379627
388876
38869
279483
183491
268193
530449
266617
681060
980835
228035
309524
934839
683377
350220
9971
825671
579645
809561
892870
69627
496444
251562
666052
815792
900599
89790
875340
922866
947967
954973
718893
737048
107005
252481
417601
184377
301351
990626
257460
762382
245839
555485
285603
912038
755670
626624
750815
938432
413821
258868
80144
502088
800860
618504
822262
116017
327531
6998
162187
359531
252093
29652
108485
234754
668237
980665
370999
731795
794161
371401
533975
426539
861739
443583
763162
25405
690079
885975
761723
823168
417374
822837
573467
715299
440032
330677
268611
616878
712401
928592
205573
567670
806530
804583
687936
791484
214720
518831
385281
455652
611522
335354
650055
595853
756923
750686
201503
623121
649936
557764
531438
494618
413604
189583
273421
441119
605646
901606
462990
851770
18796
933216
30365
143976
456337
947915
793026
452636
255449
589465
204163
277376
194782
692520
845671
931977
729475
465516
955733
507381
159405
920124
37786
336484
677586
279541
6601
904016
662249
566799
506108
336619
147073
533498
871609
753044
932718
126452
94513
648821
645726
542506
589986
633596
910345
7880
599451
767923
372423
577695
873567
364478
484155
953394
91043
349361
465133
135965
982258
645579
443382
154915
964529
612627
921172
1747
117948
534350
562461
764053
655150
995994
395409
760406
733696
882539
