925000
527950
223049
536927
8522
683050
504483
842303
170429
951707
121838
425620
986745
825595
976622
173732
886840
377879
671824
525960
465321
883101
836426
609323
170211
618275
14751
320481
498743
551825
681666
406049
258590
44397
271826
629281
722321
418369
990084
664268
582456
85355
351647
40227
496058
149825
986720
243885
293043
379870
216957
649692
203011
45518
849415
913982
104707
505746
234408
676508
494867
21072
619276
861619
912463
174874
513693
393164
434464
500121
50470
907002
49198
590358
211609
452144
306931
366052
579179
161020
857131
541742
796317
844580
729512
433561
680342
713436
457858
813077
321580
876064
82603
269573
654978
97332
691616
64521
648843
112502
204091
174372
70061
379869
460389
170447
242048
256272
990442
883033
159477
197349
569445
93369
752980
896692
594074
424434
698717
925592
54946
156513
810576
305602
80385
344166
624649
831289
37203
471981
620355
416242
409957
852440
541053
684615
119073
830027
789369
995031
369697
835603
1569
965499
193508
46835
126789
424672
250014
822413
166655
94022
990505
441578
658488
91540
244250
517414
716547
346773
134511
308795
224742
409939
839524
510568
246586
180622
912612
435901
503784
218585
374428
215174
616211
907282
128748
872146
662740
347516
201911
971870
255776
202747
517082
842531
812871
36267
627193
929209
632917
82717
31285
14246
698907
558894
944186
857096
546824
408262
805620
324442
863344
473898
497185
716070
43183
868799
383426
461063
993703
7516
902443
25050
743588
656522
381562
378049
996769
33755
665764
527699
670308
723555
351659
481700
639748
908056
616939
714604
404747
737986
618644
506710
818934
742430
789170
333863
769625
627605
497704
415241
314143
951828
297276
812084
549423
553992
677899
341304
779947
641207
808029
789736
787474
504510
765715
722278
547333
20771
201597
685896
351335
510230
645128
500772
47325
904777
810517
97790
670389
55272
446116
73418
999266
434615
734063
349407
884453
577288
565651
809915
867464
97621
999593
838765
559301
245183
472884
80035
537219
672548
475378
165776
837632
917399
586837
761977
357898
39487
185612
38813
188967
813773
588282
346559
42196
381595
388680
48529
888426
854366
341398
10303
59997
661896
31116
276821
667359
565885
375567
798925
127266
361775
732240
375033
460794
925720
713086
125961
609312
814227
694619
324474
311507
72792
566316
390172
625880
689618
55562
883325
266019
856031
670294
310967
111374
267043
907402
446675
276486
217801
750250
977753
906181
575448
486745
420086
93369
324717
469255
496776
296196
292891
806536
80328
977629
858971
734144
470100
192915
54066
167867
388504
958962
585822
556057
4760
61630
977596
947174
924445
849884
563193
772360
40442
662096
871858
795025
407546
402913
881963
792757
64105
743897
638825
846549
476283
637161
778925
566201
665500
682793
516813
371037
132948
334140
33520
274850
818198
16338
861221
969829
344231
497415
431072
407789
463462
294760
587475
98174
969980
274838
174502
263818
20320
456900
332114
604935
819655
374491
86751
81692
379751
38140
640120
973365
958823
858405
405160
890998
529893
597677
114483
761931
649443
697001
893971
609118
567630
867633
491598
748130
879277
560189
943792
578189
617315
395432
897450
31202
142048
597079
510855
797292
590442
172723
270279
80774
728260
838417
518554
474967
995896
612851
602810
983516
963590
483816
387493
9310
116137
829134
130614
506946
554882
308408
160031
854655
10596
118314
982534
435178
662139
291585
810809
499181
423641
495856
476238
896022
770399
549093
426267
452235
767812
943305
621902
968604
469509
143399
947179
920113
362473
406500
923809
761250
274096
259628
28231
650021
573975
272238
463416
740642
676875
425917
322439
354211
16296
513047
274209
251175
417772
590595
433022
817942
954300
683987
622403
30926
457107
790793
140984
664411
551747
168790
79585
710086
662761
887357
965307
456068
419762
979991
449428
696847
524803
788079
102151
611475
88458
368589
716564
951678
792095
535824
627992
737146
355222
19764
156013
434935
379555
904564
700832
860449
773802
762505
746891
300657
371683
184336
191887
838560
324135
444297
380464
273397
781593
36348
994061
192063
967155
111542
897530
124767
966828
741041
327868
723453
773763
835537
752160
100955
430827
844939
268024
589062
655251
332704
470707
555688
98833
449735
458648
960123
570602
614121
409375
849496
625792
251654
492588
450990
705625
805557
937641
59342
608072
577800
747390
7010
117562
30798
16112
361150
295199
843185
354067
251150
246706
534976
366381
197743
313639
368584
387369
974107
67825
66587
360373
201020
436781
152242
364344
147425
105134
329390
237811
17486
377765
795322
737267
677101
579693
116941
239408
449635
901745
877004
546182
602494
454587
363724
114381
148810
778009
27125
979223
89731
803758
271490
619717
765604
46610
196068
98182
816030
544743
217479
195822
890276
298873
206060
560239
366947
255825
486325
68214
108815
252695
500799
699300
347993
151777
473193
772007
875901
704028
351220
90613
573623
704981
234947
471589
640149
224037
508993
147241
215784
1079
380513
323244
86868
13687
632512
571012
778503
292185
996776
363860
348102
322179
725486
85313
396899
94488
380219
176591
62859
937314
349863
690711
488060
832347
9281
366247
954451
812441
668011
999158
147203
876051
611362
275714
71650
291540
111836
483400
814877
371578
129738
506847
933324
28843
238717
914354
742880
772694
577957
845528
611833
482721
814452
668306
267477
883700
32992
764192
911842
616289
244872
38272
412468
243503
454638
185540
101969
625858
845347
508623
840170
861032
143744
893036
315941
311554
92880
813322
357909
99469
80395
984152
520011
284620
404925
191417
129798
614676
304262
232740
205957
327028
753786
170588
143933
191230
698088
5766
326503
531574
922168
80812
226801
297495
637998
487757
70932
148156
929739
258206
907205
746482
394194
859617
53317
735063
93544
328801
227923
17518
515348
249415
653570
942787
326823
789788
275557
98293
391157
189276
887974
284709
853185
100851
546614
404346
176695
892247
61918
873550
58386
832833
961652
991352
437662
348041
344426
436534
962839
609757
701441
483383
406065
257757
621787
514947
826097
571415
317293
589448
419960
797594
935571
74882
813728
473081
500413
511365
839807
147870
696711
244586
971721
604936
318695
440084
821650
913058
705983
339742
8368
813121
919443
657251
594495
299130
736724
937577
716350
26334
886875
359466
609430
428372
739825
501889
631163
905617
360459
119982
220139
954550
426451
935110
494228
165125
951521
294074
528530
626817
433544
808961
230230
407138
205325
276325
175842
576818
902899
612775
243504
849671
930098
256336
381875
670685
586374
1558
128373
487183
863971
675751
124831
594290
753413
777812
106647
397647
713894
165149
182019
269562
291017
487573
147629
956883
170932
733746
249471
399897
538682
60787
504429
94438
763894
136238
459057
797259
321236
33909
564978
396744
521481
649636
363390
817960
645923
789066
54
848631
960698
409394
486153
340833
969478
280461
183960
280681
81738
174845
730425
771970
671535
569536
822680
656974
324267
10103
637047
566256
158624
266002
630677
422352
827137
728411
436397
18923
233007
653147
274133
375187
989538
681965
771463
116554
842946
169309
442237
188535
282326
704251
638197
712515
183891
658114
884628
103443
106198
543712
473767
612834
689326
196962
823748
259961
498320
797502
441551
755470
553325
342268
962969
424695
881697
977985
939234
912073
534018
340985
481855
256977
685593
641888
539159
223086
533293
63342
312391
611914
20986
169501
278245
597427
700673
385240
447074
457946
68153
229185
520649
11046
132899
228703
655972
366006
262267
188771
218621
31346
874570
370837
707714
865804
805913
20640
113410
116953
557760
605686
480788
549830
814748
748129
365398
460152
484510
412392
571091
625220
441920
636186
818238
483144
2643
365434
750107
294244
361525
882502
936317
569240
159966
13414
505962
205820
470489
969390
293530
781014
657295
127312
672990
938139
855294
743649
63454
686661
87561
449094
548859
30349
839082
708603
981203
479174
544707
709823
206050
691286
962769
665632
713541
998097
798337
786462
959387
999411
845725
984895
527748
546426
740511
695023
94667
132574
94630
399377
634080
7150
696966
394150
530750
620873
280954
934488
424747
357365
876725
515812
59550
494431
782230
834147
995706
894831
704313
260467
629561
290247
821673
441862
196772
795289
998324
940743
194110
6050
850776
41828
781633
459655
222937
164796
916800
146186
947636
789287
884587
90985
450413
799964
83889
700627
120965
540163
623872
197576
702280
304984
663912
364044
195138
573624
507869
774151
344657
85132
808155
570236
248854
352655
754980
722980
81989
723517
972197
733350
433436
5146
186486
410294
802545
747099
272960
764423
563300
248373
738874
373934
608691
713473
838732
254805
47339
723721
673428
594520
233276
229554
614086
876223
514214
703237
973038
140953
824464
92635
315025
435633
969655
178277
654833
518768
938499
386006
344624
531471
267381
289581
80076
733238
160381
13858
410761
931190
279977
969964
50412
489248
690679
847533
956387
707200
441163
973628
563010
820089
766396
490956
50792
266686
160328
972541
902080
387050
835496
622975
679139
514813
433087
540575
813019
232180
14380
690288
904707
519300
855294
150231
433482
255922
208775
282930
946774
582930
582921
499557
683972
836826
563789
334275
197454
240161
5459
144726
740870
653882
741924
512716
630719
255783
943811
880958
718987
679164
201282
910749
807454
721938
619696
613563
505233
825316
820912
709236
455427
556233
297061
20151
697754
747086
307593
30900
469799
411311
535325
780516
895271
39346
432827
501552
470374
282401
440327
194559
233599
726370
813636
763999
165502
790644
118786
471119
825638
762120
554037
95590
342798
804922
963106
106532
445286
41898
495666
190100
223511
374972
117801
737690
867400
528616
810544
744479
603774
479422
313806
598741
43547
547962
762357
551401
441927
596095
28665
572421
945900
694516
515164
921343
582619
630200
924804
205601
148236
454403
107214
272725
144130
347290
572987
267309
635853
839086
461512
74381
805929
859666
483740
316406
499652
822359
22875
39023
472797
931143
127704
399697
675976
159674
968423
93552
207246
21591
251727
197409
187185
696555
939742
523949
357325
507615
830039
972945
993177
305177
558215
397934
894413
230642
62326
226835
6302
564175
596472
666533
584997
748702
753763
785641
862045
57967
497371
96686
13387
824556
192840
404186
86840
47223
695657
348175
87834
669407
874946
882489
682449
79230
331761
325430
484813
942321
32671
542883
743564
96693
510417
912576
780801
214042
579870
483839
448464
359591
59771
665390
737334
409227
449394
374589
992262
951739
200562
580526
256078
145900
305919
825306
205592
553839
627978
678234
374028
268580
584539
683352
463795
423068
402474
2482
247382
724623
999246
144391
853445
518006
742093
434722
859763
941831
74386
341633
90495
342027
920252
69697
754253
264925
597970
987367
463507
329217
746709
295565
267440
131422
980270
271719
71862
221721
693255
707057
736840
64464
123126
495031
309087
37680
890131
499008
880039
189940
256746
619352
301190
517242
158476
706425
529276
791043
138624
706325
969829
303879
913687
653507
166620
778995
692701
879107
149050
822209
408363
647215
820220
271345
773466
541889
998786
846761
390290
333691
932660
799590
215744
673143
232767
294046
971622
828747
345213
931444
260236
444568
543667
277655
257620
266992
871987
806392
73259
795489
456802
190822
490268
42530
110164
991367
88446
557529
28179
791349
941454
887431
578879
335154
496471
481681
923919
168330
796877
425708
901621
183748
723322
133027
347040
678020
648784
67528
309531
842816
644892
610549
835091
445725
341724
129150
259446
546341
155559
277941
807926
352935
313994
291928
71276
562156
375540
834139
14170
746577
797319
881358
729481
414726
549326
529452
662929
929569
42830
851327
456119
803552
506933
855474
917104
414522
244463
309045
542596
553952
192088
730183
270030
650965
632076
872803
924320
623655
118809
657353
438147
737737
502230
870055
730459
133774
886157
496484
919913
750596
104339
219530
539819
455467
979257
774542
500190
721360
689307
66748
984484
228043
400341
170883
946944
570449
322966
778203
212605
492279
382028
409102
745134
149316
935423
922858
75537
480945
288570
843266
744845
707263
302883
334107
904219
580021
162156
968314
536897
302005
450722
264584
817272
166266
657699
459167
818799
592945
409773
294003
273192
152304
463505
17696
942337
527639
300422
563467
877773
122306
900505
21432
687265
276648
903298
420584
82347
802643
833618
872301
814971
579260
23753
976460
386214
465026
528581
318412
252351
432455
922132
423905
299142
704551
765098
756848
799901
533142
88238
631615
544565
598229
568623
450043
612104
938449
846708
602788
50943
183128
327728
754393
388275
582712
452564
249212
351120
190966
594879
868929
28182
276584
911953
607064
75513
619568
974429
412149
294121
945365
545788
175992
518508
258879
923198
662206
411302
939087
558460
98883
276091
890649
586953
31410
16779
16255
939591
82380
402076
728811
75605
49456
877846
767208
325478
635212
221031
528094
488109
88481
94150
2984
279476
534636
599637
652628
455628
531574
318304
117174
646815
684026
259331
607081
810017
39022
455591
80611
879013
106608
656364
518452
314060
924046
821859
233563
545816
256370
670322
28997
203359
956200
56091
206243
252122
50254
787094
789094
785309
418647
155930
786906
463137
579707
555003
113052
822717
767935
687661
14714
89076
545884
282214
53925
456103
779663
984930
115797
406251
10748
981952
34490
838069
801792
695178
454426
718834
293138
54994
84043
766515
847892
638071
199183
716358
929852
288071
536903
397152
373593
169022
392086
566838
9221
91181
435155
577706
560102
983094
993770
743202
204192
17843
779984
750069
124827
926967
711136
105279
147948
778540
178903
104788
522914
408539
675112
720017
383472
430603
720957
842958
750258
821504
848652
958127
402653
455461
83473
519962
737800
82436
518893
485379
179217
350385
724059
801186
399149
41351
808395
537478
760912
28938
245917
715204
519605
526188
153723
406151
813131
742251
930579
645067
911292
103383
820272
870053
736090
128433
460852
107962
5608
282543
918516
766224
592771
171741
145776
589697
716844
43677
491117
52363
867250
453135
331441
368133
333696
360139
542875
873645
361985
83851
33372
275356
335723
376550
358870
94938
534127
37303
600079
109838
693884
622492
658066
56206
573354
800026
181154
858389
80074
745054
502300
557970
560775
251295
733928
298909
844664
513055
418971
88964
855558
649743
537517
599876
186421
318930
343826
676819
723472
815450
475126
63322
720117
58735
551834
318401
982970
720398
40646
721954
206523
637998
875882
23455
280194
444765
642069
301199
395665
736265
529873
932051
58446
671323
682009
361863
10892
633406
935479
176788
960818
372286
313278
875171
812938
434699
769889
282028
911272
837468
633071
553644
786484
652080
917484
287925
950167
888943
101965
202527
789822
323888
228367
100252
197646
588372
287924
907498
248292
736591
293083
526177
51783
268231
714747
320812
7021
120404
326332
575764
274535
66408
821489
723960
482473
47752
131190
811673
142842
125688
728099
241746
140916
433397
61674
939173
265401
691612
661587
889327
768114
907624
534864
464126
424773
930969
132287
636985
124947
645679
561789
11709
228586
298901
765409
482249
151566
288283
161244
333647
41311
947932
449003
508523
483815
499647
873270
229679
235842
618584
938633
245149
698730
253294
544300
497582
368863
938456
772768
694479
46319
585152
74553
441707
235623
609673
247763
173987
973782
82573
901810
536731
841786
222079
807418
153966
526730
26288
158855
738305
577503
451565
701994
638197
771264
231301
953089
92854
555529
463335
244274
845616
251254
887786
515140
502690
716049
386919
571865
666379
286838
758913
268812
201024
474048
938949
746083
245023
646866
372524
254769
403678
999748
119741
753355
140093
502375
408079
3044
356890
455223
333165
272328
508451
896412
7250
476657
967077
583133
736019
57610
978819
647074
907740
590781
266819
760611
169682
268155
291907
126003
629848
329608
671881
142243
821677
93119
571319
408724
840179
35626
819293
678045
702987
63542
752745
34581
895067
346710
145721
846333
192689
460471
285201
407437
904385
694491
450984
894169
53962
779477
968349
145824
330583
822751
435143
949297
431906
472091
241066
864123
722899
474853
318533
987247
507238
640273
8200
301396
892714
411718
797794
901223
807525
185974
506617
292716
119061
93241
191283
419157
856721
691013
53937
957774
730062
587980
250268
52643
796990
864242
606231
282703
531667
274346
537940
138722
811426
567980
709058
974541
970146
184404
544164
567949
990931
230746
792253
459122
974139
771818
242216
851723
442699
768544
503876
230896
51425
967650
513228
708268
499367
700505
297092
748549
45144
988556
998735
393321
41251
6427
675422
303862
248808
532758
304067
816293
860255
533496
656099
296404
786776
852099
566090
549104
819485
226169
773529
319484
238643
121012
44314
807104
92415
317987
996724
520400
893766
726369
800954
953271
242317
88179
881885
213953
936479
319582
366082
657506
52973
536227
387374
485382
975183
495577
810206
537526
778281
468965
721332
447076
606761
217687
564043
54227
770604
555748
203435
499173
277440
343356
821400
809794
373892
235400
962885
375779
710124
941634
351590
755448
852769
573616
280291
798012
886725
915454
111976
622227
792468
292023
348249
941084
98470
532448
546915
476633
478161
984241
330606
505144
470315
836528
594094
841854
509356
320300
7257
650767
248946
961108
779827
171804
650847
119794
424965
381801
153181
625671
137324
455994
759170
48771
82893
449177
888846
274337
580390
844807
518225
895773
787648
648765
363882
657619
229505
678941
874474
149430
802077
838522
346262
538601
623533
379648
171083
732477
513880
557826
569724
701384
185389
504286
482264
792030
354131
493711
596423
768047
421847
324751
535122
379581
751205
380327
248098
647095
16274
684180
792352
857015
234902
215256
687932
409365
15255
509210
612169
436262
595040
652154
82822
309077
722736
838070
383928
482459
225711
720498
907826
49502
756988
912999
546167
706980
15585
215019
794358
304946
414568
446744
15283
687557
596231
121116
144199
340908
715318
567645
4542
737856
389730
438982
785502
313537
951162
790515
990343
555279
383782
452917
677942
166530
41751
331010
313891
703014
82489
71420
47563
362070
928133
747420
930568
7603
138484
691067
309851
486722
959374
636285
582412
178592
556960
937306
890728
990946
125132
121290
711338
168845
153723
260493
541748
442798
12973
604436
767804
526296
133744
350799
365316
73976
237167
517140
218625
419350
18850
52905
943325
221354
67619
74606
690712
388057
457121
531882
875657
47755
262573
848496
361475
713385
837170
996333
550739
995896
446081
552721
799269
886285
406858
80792
202694
298732
308008
366772
286980
488961
916883
766937
817649
453370
171961
956388
870663
740415
960422
349609
571301
131215
794591
169943
426039
550648
594703
398090
124789
604211
901657
963566
105922
152409
518988
832586
909556
362630
665524
560816
705587
511305
166797
798208
241402
386949
966483
774228
382139
544551
172789
862091
906719
998531
157607
666549
650219
981006
132375
26968
741182
409714
268087
808541
827447
998738
932089
669786
308019
193754
158681
13309
967091
569281
982740
632273
769501
728670
59510
180016
453721
836900
755601
874438
984156
439292
455241
398845
791425
506877
515661
770250
357331
485899
358496
45460
878055
260617
595413
452540
831526
694204
503257
793037
150313
982397
682410
890818
355069
342938
669094
124590
2246
642699
162878
256588
521279
758412
964489
318307
276575
258203
689141
263638
472535
176208
820120
880134
874104
39444
212836
493476
58546
929279
154233
650966
974072
49938
552725
705285
240191
483406
116327
516993
981924
807215
439617
479122
460845
397896
711659
251676
473447
714236
639955
426157
119663
813974
901731
294759
438285
372230
524011
281477
546235
555321
569789
24267
754243
314195
681112
492238
934918
244108
80316
635741
268377
491620
970268
826187
529225
249924
441650
520218
867007
652787
848748
685958
881407
310961
278788
937579
582602
665652
373869
975507
771300
580860
739561
578912
202096
20181
945208
68498
738935
233769
552874
772278
655879
9919
239318
158188
962360
141460
624291
648339
817098
297684
769923
514899
254698
447541
638528
730118
788051
760305
246894
835460
821777
235614
653568
679817
158561
62699
517239
586245
449589
986169
751093
11969
905876
494035
574704
89961
533405
330316
304962
805242
835563
824500
181149
203080
719572
129590
159259
933804
875660
694033
73395
684682
581543
852657
551752
530363
235196
195305
395995
873307
128933
560976
115169
279984
392354
801845
968752
882229
493085
819904
123090
688771
346632
417318
13116
196891
574434
510536
625689
901458
476121
644521
500543
564249
894666
342090
467011
108648
260260
210276
551592
560711
959018
815233
715058
942969
831191
737016
783833
166789
197275
201795
44121
854882
966724
265534
113958
905918
861304
204031
78717
804523
290782
21900
435414
549735
26269
965309
261430
289478
696892
413167
646880
582718
319721
479778
422251
290063
508245
708016
51887
868621
516476
702507
292057
293067
300226
177105
395806
491622
802745
623406
715724
947051
467584
289679
85500
727014
619589
446046
341540
828488
899114
486623
175433
78579
274949
291846
294161
20646
689538
920946
625974
157952
128740
823498
609943
447410
738344
935603
981417
575814
648906
993515
488842
669894
252001
419333
271222
363274
596709
767553
801362
15650
758161
681479
437798
568668
379491
481664
239976
611442
595585
658706
89203
788563
78134
734454
41047
196172
872025
469943
798346
996307
3534
711368
175739
292592
301990
556866
654151
688009
359266
339258
408005
641864
350165
462524
738108
499626
476007
478758
128052
173991
812533
192098
384873
629562
536790
128961
619740
48076
679033
218865
460613
31425
207274
124443
828259
194526
179827
773979
786291
320148
96351
849565
884223
118574
228890
932496
451661
162004
67380
612490
913144
740538
980036
482936
622237
714216
996009
447936
648492
878886
37676
177269
343198
508163
650881
977910
693573
868354
155116
194724
173183
501410
777921
906365
582596
41289
366980
678042
410975
944204
908142
293953
270586
458525
399569
362472
283345
253330
693651
598151
753737
433742
949270
849880
813209
477326
563960
377646
931430
596370
21174
43247
27245
263205
869867
494512
973018
324363
324023
877547
515637
958919
105850
708447
348412
795270
854080
272901
23755
682027
790711
809578
658680
271672
54555
690542
104827
903126
799026
487575
320266
680897
320691
99730
518596
981522
87426
155592
972739
681578
383254
961753
307796
940472
925180
891192
477379
651240
315380
484195
357967
900009
398649
765821
153212
90328
891551
612361
30792
141774
640148
62917
857525
748547
617480
208225
846917
930781
968361
984667
122436
808793
496839
438136
189695
612756
520215
797280
868114
385399
960979
619287
422367
348989
454014
775252
231707
394787
447366
885376
690498
598059
508802
848588
218027
673932
530330
480111
712694
94841
33541
316603
121185
945100
232493
268059
606842
811727
49328
238507
495087
330919
529600
327540
721025
250910
247594
84418
107799
62923
451444
39652
465583
752672
694303
813504
655599
930064
492811
647568
609497
558747
120122
811133
658397
521591
495980
858646
389577
464029
620138
559725
836892
739309
986143
881038
367224
781438
833568
428381
717173
869318
381005
384843
208338
171299
144975
151925
311814
656324
111681
727129
130101
673974
916587
162101
670078
704975
705897
803646
511217
516401
551658
822330
221598
214907
41684
115386
791496
953298
256709
108856
711801
676807
887797
822601
619503
15270
54967
735166
902580
185818
414750
669725
897419
255360
604988
238135
277574
61510
875142
977382
135413
8639
113683
956197
224633
930631
466563
64396
527158
369486
45116
858342
327718
299138
289872
340848
171723
17629
642619
297649
360892
806664
82888
386225
640097
67883
319506
298455
797818
148498
981160
573922
981977
293565
903498
869700
573616
497604
742160
390230
331525
71845
455594
650300
326018
998572
1026
284567
516712
862653
757182
942496
726628
786433
506081
210407
958330
377835
548689
738217
919710
226086
857331
466631
916513
269725
379698
11817
556680
648742
22111
769070
97209
390348
82675
426126
389135
523767
541615
406543
660109
743354
29924
675809
770478
375801
568911
319190
38106
695733
386716
810880
239413
765814
405835
316713
505682
277460
967920
925033
486789
412705
981268
908712
870166
502198
220281
186417
910482
913433
68795
563822
299899
93512
49810
449798
86943
428196
31156
106640
186502
714429
440920
363762
707077
177590
619092
394586
214511
73109
741927
119512
218603
199914
392339
488983
239585
697304
554339
482679
304782
774853
357323
226824
416184
79450
403692
332708
470523
31351
186870
868073
831745
373559
293992
714129
399760
431514
700659
241457
602045
401173
774716
199691
106878
862579
172033
766799
448989
66150
91667
822389
293513
360878
816129
732272
344647
397157
322837
900175
989893
336612
700344
52405
278927
570134
753264
858611
558619
250967
314826
756287
609982
160968
548627
83220
631873
634098
507712
202149
748367
410388
485229
892734
96581
121803
635330
217978
362988
83868
743026
877275
18243
203937
655133
824585
995892
126286
720086
404906
599465
651488
1086
188378
849656
687585
519119
505031
400890
173274
166133
101548
918457
379605
981206
377576
213575
539341
674675
366842
81195
798516
840166
296348
641463
789921
296331
647225
523957
239637
748155
320459
805824
279848
651892
293717
80110
143701
188500
679162
333163
324382
751876
896889
715937
510685
376882
913222
13139
402793
711350
800006
410185
665697
626646
840102
87910
238936
953189
237719
565973
321629
221958
403434
28066
419045
286094
691269
586405
960280
980487
311104
188184
14773
82449
376351
876298
976994
84004
637419
879213
465428
396528
860975
334281
908631
408741
504268
856147
964474
687695
479162
182872
285787
256856
87003
581396
277131
238513
186813
265376
453533
428492
22637
859143
966416
225665
1650
488569
174742
137552
7981
910680
961280
407750
434443
713008
143753
821112
321636
962372
451836
672556
223091
553091
674882
317400
933234
633562
621836
194242
362130
677027
425369
328262
872468
460730
963236
424758
889927
123952
535534
375387
698270
785433
469475
571674
705133
952128
562412
336818
594944
402171
651024
197026
595096
454937
270727
295656
558403
726007
953757
769891
680791
672562
38208
138842
256651
633014
383334
365653
620337
558325
176093
497897
566100
53940
286128
986450
533098
220351
545267
190904
707510
215613
21804
918484
577789
279134
91934
85740
535330
915568
221555
194298
212128
602513
58821
315179
675876
705087
483209
168451
319749
993932
290520
363933
412065
433709
463899
630800
121877
888113
876371
393966
155288
733966
940035
356326
743797
731606
292538
520265
439715
951498
75713
732393
551682
585157
474653
438110
209588
558425
234305
368226
154902
260471
928787
683100
811290
853383
6297
521786
852162
191896
808192
93879
509499
946097
919689
951740
684372
615494
997648
155811
357145
556678
951738
626774
745360
805969
446459
275990
144399
899079
427906
103704
972856
515388
903297
780809
571091
406536
631516
941042
22790
55226
660909
27511
502579
562860
647090
49658
555310
270705
523604
681949
788826
874987
888149
331492
926431
459130
535317
643704
374729
131471
77632
131719
380608
439902
147095
988617
392864
277106
272794
562526
593717
37082
887119
967763
273620
233857
896242
283076
932952
59995
986105
466715
926776
892028
657539
165430
21634
589251
945820
95207
957750
673715
763247
729429
522049
934242
716489
525567
545429
476425
533830
648737
934433
116860
638106
548015
89970
847733
158270
526718
140326
643401
940020
823746
451656
538364
599737
388722
72013
222320
945543
126024
342442
390904
919236
356900
777744
374026
212618
841296
487877
846227
11540
762910
541664
992293
246465
81902
261025
599308
184648
122252
465131
652030
759993
932214
830879
831536
251692
600635
106517
298757
784328
980350
465529
535329
162802
789210
580288
685980
331087
162720
725894
775123
508472
516987
729798
697560
693946
54837
495477
107529
277254
770962
429627
699262
569083
896666
851919
667868
614030
76852
375597
895686
757140
582574
907063
157492
435820
779993
316006
697371
928652
502481
650283
468492
563494
802843
421414
799769
642806
316519
32513
234865
394091
665268
756139
340365
39023
74131
230765
104003
377877
9987
294186
833080
446623
622459
265719
671219
637160
423431
695061
657612
119860
158410
354247
193475
519314
993890
263380
882925
288876
945192
667419
121032
714411
254998
31630
304112
574985
344900
782605
902699
239284
525963
940895
503710
396636
633930
822671
791459
716122
531335
658849
582642
308988
387309
687599
11963
712049
277107
326693
93910
876238
74526
453013
205586
274234
834269
100600
189162
888316
395858
151298
437526
43103
799856
782945
119677
30912
292927
876113
109831
288948
545148
82846
353233
513560
537054
838776
874234
844790
340980
328108
590426
484560
614250
557125
79315
159373
599595
928126
981503
150013
333024
421218
410889
628939
816790
342850
117335
133502
257917
717203
690021
422123
77516
591586
439853
459643
673154
186484
880450
483221
808328
271998
338365
929000
515187
985213
906254
383318
790245
485555
938548
786880
724883
869632
996359
55594
715937
705305
495154
894475
680424
989223
137407
233076
570522
914366
512267
870618
925245
260920
255640
637122
377875
613998
941953
612616
575195
171602
510984
126411
38191
942828
425099
440184
622094
215919
728918
396786
877684
384055
924434
66459
709158
524642
753946
624962
387274
934856
773806
658537
164530
294744
492544
496625
776121
877584
437804
327844
560582
403160
552901
725279
447470
334396
501515
665114
909878
429573
819512
948054
528501
578034
243897
751841
762264
49048
716346
642633
150976
921683
951450
407067
433862
949032
371454
868822
967006
374201
860097
10481
515609
980771
78345
154374
850436
211640
947381
145562
153134
355156
701170
103049
154375
205726
530925
268115
727780
624605
208675
191613
66400
845364
657748
44453
225116
308860
984405
56550
139174
245500
449541
57187
871095
893127
381719
94260
244374
89011
233615
264171
839643
223089
581192
91970
817486
492302
334641
578466
448558
116997
225432
796498
743565
229054
924894
840762
992856
243175
152715
633747
918325
125486
600762
497390
675717
130200
375285
8349
52169
7489
184795
155010
534241
813872
126782
258546
346862
204182
838473
414981
135385
565412
747294
558844
298157
438470
463486
307728
482592
779583
430626
597587
357167
771938
453478
761413
208167
25386
333349
904502
367103
244599
204384
980690
947426
893669
189463
879054
464972
887307
217274
418030
613642
190477
587321
965168
888739
283615
773304
644888
426133
261654
953246
868121
732216
605164
189389
819357
130240
688272
981612
39666
119838
854312
739231
470097
431301
15908
277400
3531
755594
916352
956615
870162
883684
527254
126189
214561
269075
830749
397006
768201
888030
423042
354245
197401
52788
863201
489201
850794
569844
80544
91725
858436
778568
157288
208862
418928
906284
496129
353925
191836
83981
965897
752180
609700
63820
425105
717885
749251
136993
558869
476806
819541
44509
989397
76889
426120
827783
147988
211736
866975
843048
600748
388302
711138
389603
126412
755808
548966
764220
752848
998434
402740
276537
259835
502150
957081
810533
139924
49839
180874
302129
439002
35811
258673
711606
419108
205791
215128
126422
489882
716805
896561
360768
763146
444785
34751
183825
304424
329897
428261
489688
756261
926194
712457
867250
726378
330623
304549
794260
678769
977285
125354
650215
580032
78698
985169
560526
819012
659291
993663
962179
933958
442877
927635
338015
65292
891771
698896
523576
936974
757118
521122
970276
6483
837819
317007
554588
62120
671334
751291
430397
334973
540996
917143
24360
895452
737182
944680
376520
31623
549713
964207
741747
95596
546754
93115
753194
786183
614192
265607
382715
866709
626082
527952
976006
972464
143999
684152
208796
119948
447804
401936
633154
926604
844783
493702
739350
918402
980099
379626
292425
799234
289797
873118
717066
172449
896154
612442
946436
424079
293651
61338
748861
446542
479193
207717
811359
642190
921795
989177
138708
107879
764742
710488
595722
323506
83660
930409
274582
55876
753821
466125
163829
164936
834298
223423
51437
991096
575241
362215
49745
326520
874218
482875
944356
795727
984935
588370
652821
984515
360650
961863
327209
307983
179529
905862
854903
546883
562589
145718
305676
507577
138225
693443
402543
950511
765877
769735
725182
26438
226705
301204
121591
698390
955127
246304
451155
558763
414865
110862
928204
489569
407258
690261
475264
926359
66697
142735
349357
706515
186023
936608
561884
591218
514754
15233
369947
340426
418042
102504
55394
423070
972216
491606
433432
867581
74239
353532
719853
72503
69018
579339
126759
333373
449205
31895
112699
110356
464392
54119
82449
543222
134254
471707
87595
830597
135572
325050
392158
804332
940492
801816
800510
505749
554945
458336
107864
124928
336645
452804
253720
937990
456966
241150
971211
810347
517600
949057
288639
31449
595596
611009
425863
292607
330677
245532
682459
352006
417387
220003
687900
413099
401521
327689
584628
775485
191281
144551
941404
462005
64847
884074
389431
33197
910938
509530
20572
37183
241055
869767
492209
520891
805912
416466
544178
604996
710338
555797
360081
559751
989196
474224
983608
944281
669291
930865
521130
296621
579210
721567
415367
144814
245023
798243
320110
446847
667161
332436
249341
539085
769589
103646
734643
999949
725168
175950
362103
335703
763031
696572
403570
152735
366586
963989
73942
224524
526399
816451
286850
863862
550482
576764
22206
701697
962170
281380
200609
885841
117639
302176
475730
943848
286376
636280
116395
864803
329241
281960
783481
489614
295929
354371
472352
936479
608889
655493
971420
319894
497904
811699
101218
265966
592012
476017
230884
583616
114980
552800
142260
422005
144616
345777
282624
591014
751034
625675
686459
2514
225686
476821
224029
709051
666987
752800
854912
394461
923022
76980
34155
741132
298180
253942
966636
878441
233085
2227
316766
304064
766752
815307
191755
777858
658177
123452
205802
248858
1840
244490
335753
55981
774187
564360
690182
857459
427187
418374
223735
636653
864636
467992
780842
464130
220157
964414
133958
549114
981672
233781
699728
349461
96180
532121
715850
402633
634773
524149
611125
844567
703949
544489
15416
74697
77980
297847
491801
819338
760595
178538
470759
591010
420551
282147
102074
383564
496224
893185
796499
518389
93841
84652
826653
889299
984162
454078
286549
120032
424296
450959
675461
171442
140183
412060
243883
561657
711982
865876
435577
977748
104336
297214
692214
506768
172147
432457
93506
130814
503409
366322
238070
377647
408636
433484
496745
420302
945775
8111
972112
631643
9023
638207
572925
641984
880528
964184
135112
873361
289188
874643
946635
6181
180846
424312
155846
282443
954501
275712
416164
325035
652788
906053
431573
513275
434286
914312
84058
177626
920286
435999
677599
846797
145565
660281
862978
599763
196093
453711
846386
885158
829186
608041
762034
239889
210033
584650
901181
72936
432960
19258
213188
737577
57772
849390
673363
908974
48938
561685
915409
316555
471733
425217
244070
460554
229766
201072
953015
62720
449890
713207
187532
754955
964941
202378
428563
328875
853852
497194
903934
237691
789928
350507
4679
726027
304862
408929
380755
146266
34484
921191
996468
606517
494710
228427
211785
998374
789886
351641
828224
123355
199362
42691
878652
239701
951688
484458
659858
601161
700532
515467
808044
535255
296385
710857
302480
745124
35982
983058
114619
214230
577744
726961
246055
764779
167206
536688
923820
723383
55562
103080
921347
198584
693987
184999
67365
757399
383287
567676
948753
642302
605117
218401
770925
691600
26320
184774
6852
643657
698688
555510
444974
1076
186499
979176
758477
302467
441353
259557
548403
173838
220461
612880
118881
936491
797191
228695
265643
354726
455966
235381
849655
938013
798587
302241
778212
633083
874136
771670
621191
391055
526200
213504
8976
464136
605584
523136
992331
977551
846627
895388
186947
334273
748011
953926
972609
619911
41715
147655
95218
485588
292354
696712
640038
543739
787889
671933
718900
256683
264030
338351
281340
622664
750713
853348
379205
677926
533371
93740
503684
374628
281911
619211
737278
18595
338121
702398
80260
547042
789163
555628
583389
826104
682086
293226
331843
621101
442788
990187
831875
766772
744100
536002
988487
261897
46536
455574
189745
593315
436425
828833
89373
58966
87306
699172
940681
886857
35081
524651
606097
425231
522994
908152
685650
736995
209742
447183
127409
386821
135257
302110
396468
418347
592560
685190
852877
313894
75689
482122
974455
380435
229949
797011
925625
693818
202912
663261
667784
288454
931058
53954
552394
905313
565837
272289
842356
213355
21374
946155
61780
673816
189585
986697
343467
637476
439494
952429
763122
285107
459552
6580
393853
260680
278427
961589
313021
477282
541949
23529
257440
542766
10757
347959
40019
481965
610112
896538
762215
678052
560123
698225
253073
355706
163027
169443
626508
737521
417064
200428
295257
258052
205808
352009
527014
307993
105447
577276
187853
411618
418148
907196
356083
627990
108040
119677
470737
501896
738383
126551
723471
648033
38536
176341
208396
187262
888097
174365
513915
692456
710812
195319
14695
591980
143198
429115
166550
804631
227494
702876
305228
826704
252891
957835
581159
856466
454653
902025
633191
185220
446334
957516
749072
760630
167402
398669
254184
704506
763649
208236
26460
989597
221157
134721
403455
860481
778862
163776
662258
500824
147867
499528
770334
932159
271204
757896
717726
925492
439019
182094
723322
140214
933456
932334
70606
156408
366563
49035
636554
540737
389365
764101
393682
441315
658695
369279
794758
251477
614436
657611
186076
879856
670795
677685
692392
460099
91972
645225
869949
921939
924435
919937
792110
956658
330954
741871
629742
156602
585081
100676
131605
187750
350913
740635
205187
206990
167943
543140
834783
851326
564612
790736
94777
490545
761208
827734
154062
820207
725246
828897
47657
735040
613819
971670
42342
776204
164656
589253
352082
42385
603375
809003
358446
722047
995691
600929
31443
675827
384872
346150
82607
325902
540113
139332
295725
703410
142952
703137
852595
508952
365656
997156
642373
939345
268198
864385
199878
810519
271494
837987
811359
350735
461066
815221
602168
976222
712053
992397
641444
592613
604654
750390
522841
34842
911120
466201
612252
952452
573470
550727
474683
416659
338196
381286
501940
20441
291864
671605
635828
98089
852880
391421
411321
886603
915853
11414
339544
740761
813604
758931
787995
527993
834141
309387
732802
928310
520645
264517
635754
949693
889630
844479
357515
839666
94839
89563
796508
652589
589526
527975
497809
528917
210577
323335
310788
800726
28092
254849
274674
829250
861564
414181
655260
206146
921850
556119
544141
491383
512948
5370
159164
516145
17453
615483
850823
488458
977989
799031
966751
737376
19043
826250
272003
591534
455950
272565
768293
318343
161947
941867
110057
657646
559489
105208
743115
948052
121736
783823
260895
503662
391776
118382
515380
738355
465550
21872
383378
233583
165569
201007
463459
108743
952643
635283
707118
969674
319947
605116
942462
468143
726703
980040
794913
301425
216886
906433
962828
201092
767180
23718
888348
617586
632014
767316
78839
708695
266117
227537
812241
200373
55920
386166
151115
835509
917370
87734
201845
344891
165387
856655
530228
141988
301947
423691
443519
386911
138016
185715
202243
537061
731592
470929
983719
562646
266434
751201
639338
722034
170711
389972
476455
150512
63255
819840
502842
353790
507533
283111
135997
81558
485524
811681
279020
540409
502915
834729
828903
173068
644995
333442
520533
285579
679106
427460
452260
488430
509504
520583
873583
539799
104263
440554
468089
375924
434679
518529
263126
98807
729215
382553
17961
437935
474088
510248
918536
883459
229707
979798
95612
303947
607843
981986
910564
701323
520125
438643
514232
351821
611020
737532
787115
463258
226713
621130
673130
650581
216151
522285
130818
482931
100436
833408
673950
372186
826892
374999
482861
736277
623960
899909
400674
333362
928964
588167
690837
635833
591550
717713
584583
704649
459369
696050
253955
121360
187473
584102
62431
792742
919866
731832
360866
922183
797841
883666
769919
907179
451396
651299
19456
240260
958445
414507
289982
887508
149033
571494
817868
808552
689031
345618
774452
263860
963676
573663
363097
616844
569268
994099
72636
834173
856931
139671
771866
78150
559033
29953
826225
763190
473235
98494
623075
867747
750478
736380
617332
50756
523671
815409
442606
131500
660382
308012
403492
529315
22057
576118
124371
125283
41157
78692
466084
218028
524311
647932
254093
860932
435216
402562
81304
392783
85311
961566
503740
787974
193792
749931
198887
552919
188818
142558
485405
567770
530887
274769
617658
700459
785108
527723
268563
146728
249992
66222
149883
152776
787866
992797
748769
967638
44762
84040
299031
185481
275594
95798
732461
338306
461382
916653
330428
48866
280542
702112
742463
43653
26244
216694
501467
477086
185377
740339
439615
530415
159426
768901
990310
929382
86959
255661
629689
698255
578972
201288
555922
943802
364793
502649
151836
688490
745060
549621
687190
101495
110846
396523
592566
927297
660123
699342
164906
838865
16787
328000
128249
733837
454389
954909
586376
492632
918812
800992
523385
921540
177945
663798
324846
758005
906383
502301
833580
963027
165982
591289
570138
518699
977783
540467
915176
528291
382863
661198
553740
643544
927215
447368
834151
371222
745959
865769
555078
943027
828067
62571
662469
220168
352981
577285
120335
857869
363794
186582
282688
203728
905529
564075
51179
746514
737230
304493
732727
229182
49509
189098
685412
687559
26425
754878
34988
767452
743580
620829
841220
260107
257865
43840
612097
702255
517461
238058
440408
673879
764420
188438
253950
692277
788920
409791
915758
518144
786948
678283
424009
23463
547103
941525
830359
68977
145524
436886
834923
742902
972950
538095
859045
374579
258961
215701
464209
24846
113308
417241
688237
711911
32682
117331
602505
629335
56479
312554
955334
788104
165152
767683
14592
299953
904835
987396
60424
78252
522470
5572
1738
978549
199643
87441
272910
723521
740225
226525
503002
502009
976750
193029
553844
571921
332616
827519
942980
206346
973171
148896
220760
176960
544996
807560
940226
484592
769108
743659
931996
358602
426513
20668
683436
808239
594607
178423
707874
409096
930011
878795
370878
72066
685199
40099
695758
943657
56801
352272
309973
33888
305655
19477
11080
446459
23445
148686
116209
412281
57687
8253
85303
561505
274106
609650
382645
623927
507284
949655
419462
356699
927972
16086
476706
702271
143428
467047
13537
648259
857531
220025
528991
897327
23151
407996
274169
805388
995383
254793
283507
588831
462415
830255
109243
788163
716453
77275
774024
60898
431568
638051
926045
272848
82208
578543
166186
201668
150864
976388
122129
205939
906072
920110
203206
450763
382175
421706
873615
245833
600078
124589
242603
633911
32896
704309
126159
558790
153109
84650
648651
992195
775590
753423
796620
406265
162514
183179
69114
53156
822647
507183
966145
351437
965245
168676
345262
689223
300492
626418
202031
422724
220190
560431
331389
712212
804974
20482
805653
600572
831696
499411
799521
74095
144474
849297
557814
657771
202368
807263
626999
6579
860990
167516
701398
657316
402670
389581
108538
908215
16825
479465
144253
204050
873258
509121
372556
498443
215838
805707
65650
32634
210136
946250
1326
780665
943281
762587
83328
9723
424428
480157
797571
789126
163943
64062
585524
686798
500974
60895
261584
827055
523434
906211
419676
607751
753847
831129
734206
294063
309203
720643
137097
951444
486770
348675
382294
956661
558318
736929
906381
853307
900187
143675
521411
60400
415289
872458
201277
58205
94210
661900
147539
330373
513380
892756
692720
278455
798985
880298
441718
579732
661713
897184
832254
929566
458401
236530
472061
310456
825941
145689
80002
20928
776785
906412
365467
452101
946421
922995
205272
169767
17582
485706
452135
340682
322665
771247
742302
252790
724387
191848
468248
686799
583069
64084
242038
914859
964459
77452
27143
425301
145130
614965
509378
330910
205265
146469
830576
466842
546657
125231
893031
803326
497846
699533
456688
792788
968832
521385
752266
428056
633035
562632
880264
2611
488313
415123
87893
526673
142738
308675
212312
710625
230386
33705
635826
288232
999521
811928
483044
781699
480127
440624
289486
421111
291614
590727
34258
673846
282538
797237
628119
188657
643587
461692
357930
229460
641963
765394
502718
170723
336667
490893
912404
486127
122864
839914
436214
264884
218691
184186
554013
959954
712726
514218
572146
792358
247977
642221
228913
747013
553837
806728
81898
834005
25744
578362
505122
210055
492535
31877
433622
198132
781450
31645
400031
358739
325480
350572
414257
385301
225531
355392
42749
280157
600359
534226
405239
796639
69980
859124
512754
406164
304140
112662
96166
131479
420854
667956
919828
257567
960671
485792
88192
301402
490786
612519
682781
248738
679903
465763
70791
342366
602831
70621
222314
679032
303608
734300
319104
204214
631227
277582
626039
501624
991115
802770
770608
638157
504056
404192
315812
183025
735913
812886
904481
470887
758953
284000
239026
290479
400216
96386
464029
16613
414978
414981
67398
393462
310860
476540
353393
855103
393226
822897
160485
9539
904686
803313
547755
631241
797084
627313
593974
82000
527064
396444
15452
671856
576033
2490
916867
382287
783063
188094
85271
927868
523799
669228
797111
912555
524327
689765
712815
109518
926925
866256
111200
606860
94074
856039
657788
421728
857188
115291
193902
47569
935665
924581
400662
565705
76751
31211
123570
480149
623520
115979
857304
6456
151443
788294
594655
850796
585358
659596
333854
82550
469575
65312
786252
475493
289714
573287
589639
695014
165780
168979
329712
126215
152247
867430
917939
533510
287990
815973
243556
638677
758392
159132
480965
745901
432121
786696
89124
745740
213572
337316
365921
19405
683901
419731
103118
208290
954330
992934
846575
718384
876850
367499
407968
3782
824750
533331
989590
161979
622492
528606
412285
893988
446050
444070
453441
577071
858063
844964
497833
423968
236237
549602
14429
683813
387187
126942
308168
780695
361591
440408
564568
575440
748737
425017
526114
679651
717018
191136
266723
64444
507715
314185
2338
632213
226530
255452
852977
754642
648919
937424
916305
29947
147821
981754
396405
239827
417261
718262
533983
173273
287564
727024
931495
300122
484740
348560
505818
191089
219328
706112
980799
196957
277232
558747
818229
28861
134525
397427
278968
399594
433622
984767
497730
237617
941545
258015
274382
630444
631918
831694
779704
158012
147997
204451
83584
103076
675328
828036
490477
874885
838307
143848
528014
862258
844455
828102
101531
973807
490742
602143
623867
21323
986512
142437
616543
739351
954756
344455
704715
96770
979835
879578
794613
88338
330159
737253
769990
334081
214585
51209
175741
809970
218759
600331
551603
437774
409963
507008
924601
838208
948049
210900
549533
744841
694153
548406
339724
688704
371842
336355
596881
63210
123160
385614
253947
401969
3204
851689
363805
634949
350962
143315
55151
568396
242992
836510
60754
144327
598338
429563
551217
955970
214098
582341
115523
468535
592772
821222
78444
165825
773672
666282
187203
163192
131593
118622
517807
709229
475938
966116
837418
410243
597808
351767
815144
794472
982179
655381
596496
506159
693998
791725
349353
398092
897918
740582
791696
792427
169095
952042
482021
916781
991737
892878
554374
696320
440722
961087
518771
947033
229325
764938
953489
292241
859960
790087
228810
124953
757923
599907
499601
466139
44916
55049
350723
879791
582040
201325
8297
876983
215444
365173
479514
631896
910713
550596
787774
677013
620214
541731
298029
249161
849223
39694
420277
570881
903755
606809
166330
741172
637620
458877
29240
126880
859672
648899
35429
574978
182116
554252
155762
457968
415535
470714
530927
628823
928556
292735
426510
412685
86138
602880
702911
816786
150230
837221
360699
585256
75824
33728
169565
523852
490971
544535
910698
212432
525213
598480
443249
932694
237734
256120
154702
922667
435486
353007
575112
394749
142999
193524
936794
993530
975970
713609
667535
988935
781501
9539
647622
531034
267178
506288
143317
676341
414875
196388
923146
476032
801608
434978
575437
531713
170595
212836
763041
509434
974435
532936
252681
696863
515709
49175
492743
926322
549490
521458
752959
444029
925569
521755
552891
843883
224188
48861
545352
434180
883000
220313
14589
573700
86558
678703
377883
355350
571998
925061
780368
986866
575108
735223
178454
2896
762850
583259
344569
261575
366829
611567
623285
372423
577252
678050
360701
384367
621227
346619
176728
857548
165622
357610
554982
720367
556896
538922
825473
104426
196060
135375
244159
103463
943042
762289
136083
822756
870475
618357
326675
668495
247128
708149
879380
976249
333804
171083
262001
682490
865723
435135
699819
579234
343322
434634
18410
811863
863509
23175
875234
995856
596703
293685
588625
869741
189284
922155
158692
72816
591035
504857
214777
166812
651511
516086
861248
358504
248797
16779
17018
663584
213935
691036
880547
766297
336231
829806
803437
976591
670527
459514
487969
533981
117549
236780
828138
708951
803757
79256
727917
328583
793654
163194
928592
675587
846670
35688
193564
772136
844409
763478
742205
204917
168205
473094
336294
971846
945377
137546
31569
396842
329700
944567
780324
283876
362057
137064
670576
891195
813728
193900
244498
903806
697408
866893
296124
866072
492769
739582
947022
742027
540294
168224
752734
271756
184919
900849
524375
651451
262412
862161
451197
723326
366342
41010
950990
617401
467512
469212
204292
836140
574850
935579
486456
563240
474718
89990
663520
700719
946547
98860
412025
448871
240839
82012
431296
47675
82194
930833
974553
635087
287661
14328
770579
112157
551401
498976
468163
10289
55485
122109
384204
313597
132823
981145
698561
931034
221395
62552
353953
858012
570505
160678
971841
247568
920769
802175
963143
800916
307329
504922
23762
263699
334791
966451
776183
985884
268755
710516
63847
181151
306268
685311
287724
251075
930210
190618
309650
532774
747747
488696
200994
843442
208231
89568
267977
185881
369142
666428
352152
6637
903978
545345
245797
514013
62047
79797
134798
384272
632134
253410
956702
494103
291545
495253
522631
700819
436713
565971
928399
82211
383507
5401
381960
822791
116753
276559
817847
206678
833580
663112
786775
688856
404495
472760
703350
140801
519031
623219
660860
941003
250119
37214
332683
490734
496441
437748
404802
381119
189998
54839
65052
917986
989349
25841
227638
468589
228554
862949
441006
964891
953702
184983
515943
822058
742133
54645
156648
454546
42069
561761
718500
130018
224410
604060
570580
751096
887230
928464
385985
180892
661878
653562
419038
70586
465888
199602
397393
685498
707096
479064
137682
262654
463977
799197
329580
246839
284640
874859
447265
116580
328637
924274
990699
941545
377923
129808
372508
465800
913711
133340
702374
402046
149509
322448
23351
61052
83717
61200
96061
61440
413757
70619
292231
615504
251192
226253
647180
932627
789588
2702
740420
955148
425777
237147
579380
442227
232517
900079
894023
788082
893709
948749
756888
448761
8286
233069
20237
395326
663770
164672
976349
648596
635581
332514
394289
338663
730391
851484
825448
205394
448404
897618
720437
347997
635959
987983
341795
314006
118437
35691
910009
347914
397662
90775
173177
803617
262598
409541
581058
208595
676833
249846
795605
404747
175390
484961
954036
895190
477322
863741
812390
100424
499301
447980
415768
240363
114898
573636
557854
80869
66087
372858
45590
546085
80741
107757
714157
287113
205441
472909
170043
990800
742433
116710
143626
62583
931618
173389
564
182450
277462
959333
249386
385736
732683
761870
42577
598667
256006
859948
284678
575987
411279
880207
428355
657495
769766
887492
290521
702151
277779
459383
886813
723784
334299
47811
859423
626669
997135
841496
807061
694926
784382
705864
854295
390440
179914
59246
961540
401489
283160
742203
754690
900502
601057
165150
438306
1843
324710
604047
350113
860013
2176
290745
505610
936080
146837
618626
198906
232961
993063
64568
199100
945471
274566
405913
187154
954682
243622
930559
718613
425999
113739
251878
264691
622688
196640
909532
911832
87053
526055
191940
775528
311441
647115
638726
338600
103931
21010
441494
77052
185030
856174
970400
926219
377368
913458
202381
311359
602772
396898
49589
649960
179228
429987
631393
108480
148646
658705
453115
377993
271033
802160
710869
809747
491909
527354
506962
181401
231581
982166
683061
995595
967314
377642
104132
394599
567533
85255
167320
673920
968712
324035
318148
54497
304649
602404
635040
614923
620796
264376
502577
814233
814412
531522
852278
457285
768222
936847
854097
17283
450763
517158
227856
176011
173432
613597
347992
234100
306067
881096
501613
593788
412203
793677
530400
930596
748076
174291
52630
164152
118710
290201
119152
467116
549722
86947
172956
298914
670385
685006
705528
836297
995672
799877
33630
861663
673163
596108
252240
324502
581405
905722
398017
322069
305297
744580
305534
829461
104537
361843
688248
792876
387752
941303
472046
512615
490614
69078
535867
363663
57488
945405
437113
376590
713496
221495
67409
243500
530976
595835
519137
656114
343711
471455
949640
161263
574926
783659
219921
789016
437026
500937
430905
326858
739238
899352
262942
493996
410356
151007
343431
381680
83344
126046
580234
202680
335968
352768
982366
620309
712268
292654
832702
616874
755630
594301
172725
868975
948790
314887
593164
770002
308957
25815
747598
37111
641924
714814
203701
17504
393065
726722
494387
257896
514372
404918
602590
934826
868228
727397
408120
149823
90209
341352
841498
630179
672222
632087
656637
440761
391709
80476
22693
754341
641310
943523
882731
437719
935958
818030
99749
643880
485032
137924
387828
181276
396290
966985
537385
200904
255063
90153
465492
899789
142196
681774
36267
702850
124609
568114
230036
144752
728983
398318
23184
313014
332536
742128
930883
927501
607343
276459
764644
652134
187973
188328
945149
503920
458589
357403
293919
739381
517293
400656
345638
842724
528665
858500
715172
421929
549166
707921
868717
680696
41975
680897
963583
450665
284927
958211
99595
253182
413797
752506
696932
515520
568725
687283
613763
451974
514984
536175
365621
355607
394458
752863
662690
797799
328804
986862
327546
149054
922294
21560
5181
329142
767059
297624
658023
756195
62920
47326
812791
234637
907594
756576
366171
86232
243563
411687
708858
410181
19897
532683
415709
800273
261427
730073
838075
832763
191337
630384
36063
408931
353327
546155
177976
290446
403261
104184
90813
379142
55974
881031
135035
278942
858867
2591
97724
655828
11676
450058
416789
554575
137250
768945
31373
664711
649420
61186
291045
933123
560444
135245
75657
311870
837740
852206
566417
628387
54091
929765
409780
344760
273390
226754
872906
254615
559541
575099
632123
208022
748795
95712
169226
673288
965305
564517
2744
747421
524600
647070
177238
327588
849456
647242
200042
203121
599298
537478
217917
789146
94415
116835
86400
727579
578291
658001
128024
507481
495010
715194
315917
900036
564445
89387
482698
753749
241104
277421
123218
273911
138379
18994
900736
949954
787803
520363
702968
411682
657924
784630
905968
822998
122462
51509
795221
98260
553546
512826
912731
432971
59983
967070
836260
416192
186644
731121
783372
208922
299068
561291
678095
104121
700698
618113
108760
589952
133967
604084
814502
127795
273927
495491
549917
468796
4172
811872
943719
828936
904965
380736
799173
993806
445840
361644
266870
1008
61175
635893
311682
968058
411089
389380
389155
505735
559608
957967
557969
245954
496290
856872
672041
928970
363230
521776
683641
686447
300781
192424
856042
704537
398331
539752
663754
924937
604856
477160
945142
266423
743704
195003
783265
690137
348067
96668
498499
653445
752889
189793
496096
584877
134246
289356
862579
532810
560030
374337
649527
52180
690645
977297
352467
876269
882749
372852
366880
818461
549469
151318
438616
292984
973771
681224
292764
519174
607063
373729
857623
967858
485434
784377
669349
802160
717348
794426
969430
963033
61562
226893
340174
290648
524191
688404
121063
847841
349034
560761
961201
499474
357817
80976
472473
41636
92383
846184
120103
619981
489401
219699
453537
69430
372126
117071
726669
606100
426292
803696
144212
881958
955359
567468
130498
553609
498965
568995
959530
485499
983757
399817
437799
527786
381590
146450
611773
353336
540612
874233
975325
891022
322437
344300
838215
323802
335825
498135
668682
935910
161920
508491
852839
816662
688181
499915
283284
483518
117176
6899
596252
448990
684130
542662
149987
21435
223857
789970
327239
255898
641660
636098
726691
48732
117568
432704
462189
804849
925464
233220
300607
246906
385163
930558
572211
952895
757503
625052
628519
492170
921804
641208
104096
920414
835116
409506
421514
26647
560590
913157
634909
642527
155529
538808
261788
179658
501486
539171
92791
12495
576694
760588
633617
661988
467738
413693
769052
308917
448770
394580
103839
926464
551573
63079
627097
55376
606959
600337
650048
154451
225137
312414
962018
170778
208945
699599
178925
241646
407506
472842
261258
59337
485615
964641
886371
710840
701041
178813
402629
562251
531200
849702
820513
916981
110870
955314
114797
121543
487279
411913
512040
559684
982621
883665
158138
875168
449016
136698
597753
757210
174002
901095
497736
716403
169288
877431
237466
20361
598548
290224
625044
331093
919231
925000
799441
864509
948501
369487
238655
47127
116145
319292
665510
709436
508375
560146
542089
941828
736
265454
288805
917667
889872
879600
553878
412703
592579
248324
70617
593133
76934
258572
479404
815720
426947
379499
733458
84333
652500
202545
290867
695957
845816
941726
620255
708560
109091
176021
46579
230426
584623
507039
118484
912157
892401
99928
642265
126627
465447
17978
617925
488054
577869
440515
893681
247383
488142
776646
66824
866455
806616
392716
650796
938004
538056
652964
909751
767443
549892
677518
202396
23543
274664
333312
2283
314588
930392
563859
16243
812883
73845
373069
63169
736186
225131
722251
188807
246262
649254
189579
355737
882896
126372
733140
495440
642729
602470
192258
143057
390363
336704
841650
802088
6958
547216
260742
271565
950196
446987
975253
115657
74114
477299
960050
977778
946187
798501
901655
300690
85018
831694
275439
560486
239851
742334
19261
783170
271655
821460
272620
776658
575291
908313
211635
501307
91860
355753
313188
744799
16249
560460
493202
569344
949828
364004
228701
765884
890238
997694
386972
581878
246934
948810
754853
200405
876926
346600
232187
677734
524579
899864
287893
217245
348743
800084
539911
387065
337148
78330
15504
467077
616958
99296
817215
214458
499054
632332
483778
474754
583335
104828
561420
800791
340607
874015
162338
342346
865948
133671
23107
696480
486896
768502
17074
644439
730322
815477
