746474
24479
127140
986093
51488
213553
738354
817971
912586
627129
444792
346712
514905
610787
378343
851454
696824
931971
188851
961137
382635
588237
845510
920634
317073
593581
783000
504385
548680
708036
970838
860316
313455
329025
519039
662712
862982
829271
850126
28770
792882
15200
490066
822387
185054
712974
786073
324758
493435
645385
639882
995511
916199
686827
273682
412874
717740
955156
836919
578613
766815
346026
83336
667547
487337
255984
862453
452102
520482
563970
723707
772401
451097
476587
38584
714159
169904
237731
63452
240378
721764
523176
420608
314396
902251
670327
899089
514611
642102
940327
466468
781797
10134
542435
284142
651553
206586
923074
356235
312205
604886
664837
857084
270801
618848
788140
235310
880512
417332
398133
781813
987806
221400
496818
205400
558418
593497
848517
907397
626921
250516
928315
944101
801796
597265
379459
733322
437408
533449
404554
438533
948672
378568
427764
369621
694521
675757
71160
247034
393178
17871
85656
67815
150453
1594
427068
478741
70542
685207
683626
555956
404384
808745
298212
808316
400838
443636
719647
251170
363277
240248
170523
476839
519251
327259
302499
637194
276123
202084
13027
346142
309681
429155
319841
976758
848372
259823
168602
572540
86597
947272
615930
397601
771595
861338
44470
257711
217248
106723
366538
948858
909531
630251
666762
816948
200314
892594
903399
376608
923436
364905
923009
370527
616121
588118
460707
946854
659983
440410
744224
776657
436842
885135
116807
628432
859486
266059
483013
726655
346692
302530
473432
163796
257663
916680
646124
96178
455466
274867
896532
823002
237984
265182
945830
464961
304039
169098
409395
618428
446393
336672
337761
806616
526193
760082
972711
661126
54223
190943
51429
482547
320872
569717
98718
376118
204461
836272
836691
595363
100885
40897
341437
520060
157162
20266
494950
35079
264685
507685
760868
250427
918247
265828
102195
311828
178318
449076
763886
854918
318736
266747
683434
633614
382078
77920
943919
364451
427992
402761
426900
724300
72753
89535
680310
105099
714175
807279
876308
15543
219265
892490
722826
83623
523405
771083
499048
388170
954613
402328
221167
20180
626837
505794
244712
445715
958972
165479
820064
375520
756021
894903
174851
931504
507761
651219
796308
157898
421714
158289
680838
448915
466582
620764
372218
752069
109854
847417
969366
934846
271643
538532
195774
948853
349844
827161
641138
135111
667157
603118
133252
983983
851640
951709
465396
976341
9353
965280
366442
756989
191640
216373
269326
280608
281120
585473
96199
608536
327695
243601
972431
48308
993458
721467
892720
301227
657663
544483
406622
650094
478270
37977
745711
129622
156052
353184
926011
527357
776109
540362
54668
256296
427461
759806
607810
529953
448660
364572
534214
130916
388116
804279
486889
907631
724272
239681
364376
551292
708874
845637
414270
601547
766697
679949
921462
99480
444798
908259
572203
573933
366801
158005
64975
547216
103757
703506
195316
546524
132196
456208
606410
340717
561440
855568
814198
631541
772232
253082
300363
157612
567851
718690
197991
927652
73868
521196
902189
334522
673833
708107
479002
745896
811242
361221
181830
573752
181923
270482
793081
355155
777286
565187
43176
557240
483112
114368
426251
463368
617326
791658
914076
956285
943572
902431
815661
642107
946393
575963
731238
213951
275531
290427
883867
864692
906858
300701
974406
6052
718524
738660
762470
439051
831341
519000
1011
392776
813216
124842
566268
640237
664854
270165
223647
714037
910201
734111
839076
251093
230150
940990
805943
565931
875350
718168
11905
467923
344711
451555
37218
494041
87947
341356
204365
611592
567757
104307
793983
534433
958651
898482
312093
41127
503028
522238
462249
805271
678288
636231
369120
900918
19974
908922
416436
221378
360318
85573
685345
49098
504884
720378
976302
981338
315909
194061
289027
358926
658586
729208
998945
185223
410478
303358
7233
453756
380733
801419
301069
729128
733259
435130
694069
547233
679757
516785
692656
196041
949944
938663
589904
303453
146725
488262
399103
501163
396446
989356
223899
271264
433800
424203
323500
324479
45804
820463
670654
136686
254820
334304
750688
619691
573598
736861
38519
887643
354640
434889
537855
111875
135288
123042
587040
474512
670350
978731
100841
196048
399626
554604
509995
10371
340043
54480
847732
176588
12139
81964
643495
549314
992156
422367
842421
596196
299966
749332
275578
864937
200769
36068
904886
17780
6002
578841
937830
804838
756644
561613
770942
172366
980988
726834
417990
234939
987864
34411
512334
499059
608988
678422
829007
344380
755675
416045
86176
204503
254943
161730
925905
933708
943638
125480
575336
129504
27289
497584
638134
120228
742041
414545
895956
127720
649000
286625
523967
611212
111010
187968
915086
980790
202870
747924
620364
495647
348949
950062
28406
600456
677237
339403
505554
348555
801154
432503
281450
870796
688482
426188
247140
936334
273699
87705
280639
911266
532356
398494
210156
846906
983389
660403
419142
557787
303083
932295
938032
818929
973692
403846
750090
406268
112179
772244
742415
215656
702585
730487
912654
833723
150592
830993
245443
149672
117685
975242
602002
726080
807170
790156
610847
228616
715389
361384
53324
839077
409264
82518
504080
432052
782277
106841
948465
727030
680078
675009
10654
180393
774127
202250
417707
589298
183721
961762
853801
447285
345667
624520
679649
748103
140374
503696
974253
731579
556918
524803
756916
868313
248633
167715
546176
706285
392229
416075
278910
356603
871930
390197
248209
649424
251160
80598
856851
417267
136142
855588
479529
653627
223681
984759
295425
67002
891126
123981
567659
632919
661564
898152
867409
28281
170553
227666
483796
771167
744783
407809
58565
692685
752042
491925
124989
845025
108073
272957
215002
853508
160550
960890
139926
697980
348580
42556
631237
363741
713940
356968
965803
82784
726660
852347
920055
895564
963492
299976
396960
314576
343671
441437
550235
873970
753427
110596
530614
459298
565716
973605
332244
574824
86435
966729
833478
846141
519262
265977
354306
910069
887141
19845
817154
924249
61760
768288
821179
558227
829296
939816
411768
968898
870673
984644
542611
979310
200232
605735
443664
329941
832783
161905
464534
330276
967866
383028
51595
709249
953701
82707
287883
468229
239260
701191
575172
725831
245606
278459
751536
949075
230799
779735
130096
188666
181393
114587
772418
30723
717278
681633
120479
944831
855629
153540
641588
530042
146590
64480
205434
196750
658988
585007
245748
414481
637230
29202
289221
160878
531625
817969
378027
772753
543926
616633
165404
969020
743211
378436
897595
123831
170409
145495
83703
33572
622146
521412
622272
364464
801220
230640
225959
730150
147175
301423
386770
213790
72526
544523
98840
664978
423677
579684
828159
219472
354200
604209
435279
670092
355348
879012
410514
780365
912189
10284
528491
791624
539490
455060
967313
162378
233760
298889
431910
335502
787786
97208
315000
601966
858162
697494
951187
276727
353175
615289
201792
887061
753962
841764
494687
198573
311102
556256
585884
460810
754637
625605
946705
289518
914913
169624
36536
312330
223974
213582
734539
611146
55177
337711
150778
315207
423628
966358
152648
920032
271721
471252
453187
620451
734944
231989
560542
229796
874911
955418
885037
750064
181901
800453
685116
31004
928692
106164
809099
841334
251913
202532
44842
410653
445272
16950
863725
814509
253392
452719
431053
320722
148905
487066
588315
330558
967086
153352
158753
336053
332394
413112
427607
768645
740915
888593
270655
598164
291918
312332
177310
491089
43005
833454
17559
564556
189036
632819
576741
655586
808884
343239
799348
815633
967369
