558730
327558
25868
124717
276111
385516
513503
906630
549335
307435
749702
454002
381983
363488
269876
54736
942850
873490
663567
763607
127976
716535
67888
318383
863195
353503
904774
443948
539194
459777
833753
736808
241926
379169
841708
725883
63769
105242
65405
230553
123319
581069
313510
278025
936317
498022
571877
344766
722038
330952
658809
959892
109453
834837
420707
478952
499100
184219
165260
963156
102755
700574
394181
56070
316628
945086
570920
93307
355850
599109
285790
938845
544282
8079
108731
626359
694914
460630
473091
781713
166271
899994
2064
947437
630970
621033
382539
368668
771746
723216
622743
818237
638037
841182
565902
671571
254199
825489
441315
915778
722469
803424
723495
474982
162500
595748
979943
504209
700083
261924
203890
983327
708639
249723
38648
749686
971764
442920
895629
411935
804721
404210
512653
954172
656532
755638
769754
745125
43509
470543
7681
400739
827183
739040
808187
838984
984312
121345
499343
801513
741906
308099
806805
957050
519578
506466
196821
302596
10686
534918
657677
335365
697356
941110
475537
838436
66661
855770
35853
987023
770256
172266
624038
869299
52523
877753
661695
964567
72892
854296
840152
789270
149669
33640
936144
7799
968758
627136
209419
334634
230429
283062
147694
19682
378616
382286
590343
814601
947147
185533
624458
480037
717005
927512
915510
582149
187549
490462
937367
706727
35986
897822
699556
220266
211567
438343
473928
851690
347765
347338
500350
734141
491155
395374
1749
153097
451577
498608
73427
767744
786890
28948
588790
63930
823856
550348
318677
923757
370185
915140
487782
403595
662591
55368
13017
703737
670197
557907
834785
415911
987869
86261
667090
243984
609702
862943
218789
42448
286675
756494
574425
679965
900455
969682
544884
87715
251580
742970
621544
653952
640628
421022
158608
48729
130246
800137
365273
37271
329978
773441
276478
524418
703984
393587
29931
996408
322649
453568
232707
193097
294857
42974
490685
334194
564773
595052
317993
428085
305399
932375
441169
550481
749536
861794
57978
586723
106541
802133
61898
623321
871170
152644
611971
302479
117362
451322
22509
891528
473201
799875
912594
497546
580321
590227
911267
38934
11336
200726
279672
137218
912163
98261
315381
217077
642707
990402
174024
106687
225014
525600
962958
32274
710417
597201
378069
368929
271785
888701
1916
528596
549233
19996
233015
258213
354909
37665
63151
370458
976085
9028
561414
225951
909125
948458
797560
118975
135121
111922
598749
420671
389862
867614
460875
264599
486124
956444
274776
779982
546711
364593
318333
170225
26909
612609
68694
851631
535874
242557
936069
550420
719246
969705
540727
559968
565984
987464
485630
914756
679709
332647
747230
892792
651265
932484
638627
224955
237525
12633
322863
211688
576513
946632
967762
390194
516409
753700
44754
63292
334227
777241
344138
259160
119225
525242
621998
538521
271354
867109
119532
466582
456315
598165
954222
136958
360458
781892
768380
346323
110483
948859
546879
57477
335851
643383
471584
885036
262282
835002
93135
711072
346582
560427
747872
666168
621978
991338
257103
206302
419797
277492
260068
179468
71727
974832
647858
128805
764614
869908
343289
360690
756967
139511
474475
84471
165721
765939
306508
256625
347795
534966
482802
488367
186637
789542
996652
798154
878899
450990
424319
729603
626806
120042
774603
953527
965437
622123
966157
957313
495930
355623
384318
350572
359383
939712
259288
102995
612814
57007
463224
605720
352024
589
523422
317821
685565
458110
217106
640610
142090
649274
150754
789275
980833
57337
616710
981613
459178
492027
336164
637798
467815
780529
443758
299926
668710
797323
874857
613101
627791
518623
718985
547443
710941
143538
488121
800862
566634
108775
203702
289555
929890
983490
107547
919740
754074
992215
379959
290754
577593
235667
77658
597287
698004
492710
883759
540355
863704
363916
644675
46042
511456
40055
38884
455958
433127
530779
849956
883493
656023
334869
537021
960689
417088
944953
699534
601272
535844
890934
498500
383689
930927
386024
453140
541402
55108
370362
688036
213064
842162
477366
359625
531819
899717
757035
11179
294613
584889
324090
999109
199656
698698
386813
655177
794001
128102
721555
325792
494565
373764
19276
385295
336790
466958
264238
775093
189842
284922
4706
97649
429880
751479
528958
953568
32759
398338
178480
58500
93509
679063
461251
724736
794361
579653
10705
5759
548486
773082
219270
487477
265045
886590
489996
700798
449022
670492
514840
377762
295266
607355
953297
459834
711655
533035
283864
158764
748433
158362
109944
715793
947130
251462
722604
563064
262766
666573
973511
765380
928805
903328
728068
648304
33117
835798
288618
461171
732820
664797
979035
646206
47135
593099
132602
188323
478570
771282
118839
908751
853901
715794
664697
69688
790215
341001
104679
106386
883481
172325
336786
319610
932865
356794
941378
942326
192145
119759
643291
309652
603180
891411
229611
7982
242589
29165
248275
34831
817812
974897
647888
851888
280382
321006
365862
264603
46528
771940
660968
949361
716879
991699
286182
467143
765935
359406
816179
634346
459909
775727
193105
725571
343259
462980
862140
949398
842289
96871
168464
922980
368570
580875
732439
128689
607226
917938
558195
301088
703033
143579
2596
243386
213988
623385
323959
64205
808385
383743
623116
394929
559437
18872
664002
298406
768181
225267
996865
445337
875053
120443
596451
126085
869935
554212
493952
645366
898195
645729
9044
802794
191559
301939
880591
953680
626860
115260
533626
524018
568206
343410
320897
360750
133309
543855
892193
455839
665356
623012
504174
413660
596646
948206
137281
72790
505992
161473
645630
323749
583646
22848
917054
42972
114110
969839
846301
528216
609403
513152
593121
913112
850663
446665
316933
42246
607465
59671
126242
740500
465718
431580
408057
615874
579119
518851
500191
333052
717591
758180
244805
585759
352432
588243
979235
37724
488241
793555
542465
851125
5221
332904
958242
713381
781922
353034
741581
885788
419301
54326
872889
57064
109703
135838
176660
131439
54302
158400
225840
879129
942131
299156
993355
977802
606043
839454
414841
349709
574452
96932
137840
189708
858622
634042
729200
148283
49811
538233
402957
846677
227972
211022
988826
115199
242258
978606
961908
696584
704198
382375
65704
461522
820013
928082
213506
578762
857076
45989
498547
925906
870811
535717
712605
909569
678041
502264
752831
396800
580301
929368
124536
2197
939932
86884
701753
515836
86251
689040
889740
67697
58362
494077
271803
259915
198299
740964
953438
835330
722639
294251
181253
227601
271356
557466
434494
503479
791820
682599
924291
731287
333028
232109
730627
691839
102207
541307
589963
294917
514087
11401
266705
445453
534416
171718
734813
681768
280913
79757
866388
893527
927487
54901
573027
747245
195496
598151
136644
68242
87209
137739
560880
346851
630637
175291
512737
828407
339842
328729
229571
110461
993945
135772
288119
727297
569178
917062
803586
435917
928866
483537
572376
259436
287642
883655
611777
46474
979317
149745
235238
127991
776325
757031
655227
598282
541755
251270
729352
23714
30265
342912
29205
174536
668822
223502
727985
402416
680365
9280
51167
688415
172450
366068
924254
407078
736435
709925
528660
984780
786934
662619
467094
545333
441600
651542
92015
314146
439123
652010
983268
440056
836341
150581
573834
179377
703777
483316
824127
815134
640441
369383
9728
422502
154683
658265
944424
880093
677138
531918
469335
718336
122697
450697
122222
181515
889178
552183
440374
377847
521701
193851
780960
778515
964092
2071
237031
234046
83163
394547
477586
661887
752437
199246
534997
279169
639209
948926
850455
144814
636308
836517
140751
888230
692352
230706
306951
714396
689657
612689
583427
333069
705664
535409
131870
466329
981679
192643
53778
206143
109668
304779
601765
441080
351560
268483
105159
978435
962881
113751
708088
158573
748684
187544
348540
829826
31430
572602
485692
251169
301720
224058
638905
998889
234749
777880
248877
675279
760306
604482
269696
897810
387961
894033
656100
643397
865225
568364
229197
720395
186261
827658
283152
684642
325175
423574
883799
54165
412025
450667
86143
422421
398528
732542
155982
825443
982038
413083
788820
562724
298066
581256
375261
573910
931110
759494
138959
843042
972101
455605
783143
61959
783727
523479
171338
356726
440282
461485
101131
705021
728767
705341
482808
912859
322622
746101
389921
914290
838446
343850
937254
275482
819141
247417
664060
298449
588513
517838
305660
26193
583217
488707
914599
122234
796418
254560
422266
143983
845802
854785
491242
864317
613515
562965
267965
605300
150020
787010
784965
327450
472314
459750
451449
547893
68734
71801
623985
743239
704411
638606
640958
753687
881535
429816
338851
971625
855236
722185
39924
493839
416729
212022
816714
174680
497617
451414
261985
888423
345352
444873
456782
892704
977774
546230
491807
184059
659377
359404
849745
111354
708427
575402
659560
869175
952421
58490
946159
125655
602214
701431
198476
662363
644637
599728
824127
885141
831879
958565
656055
110647
49725
159214
73553
808454
788733
13627
497454
417070
52179
746230
928111
446192
978723
954373
895376
905271
487958
678699
748382
827144
758047
959758
889494
406998
865833
368403
799836
375349
868319
718949
541588
504807
862423
115285
790689
940563
979100
538908
847800
821651
594710
242811
357856
35244
817752
692611
854024
125721
594374
937009
331908
760448
446753
57329
775142
685382
802609
849027
194869
194494
490830
683003
12173
619772
916746
576674
203026
487560
756478
329211
19218
587438
873712
84576
344311
421491
766046
206538
670437
200162
156969
170478
584502
135812
35681
156421
858319
873133
806569
505317
799135
807667
254791
667339
488692
320954
515082
527354
317945
788779
858456
945276
494992
927427
895507
941575
759432
287495
577640
386683
213371
63958
693684
582088
575623
591318
749010
98093
842407
216656
898693
440155
50157
726104
377471
287608
878622
297765
221644
136063
193130
951807
626014
132228
268486
683542
777461
771541
911080
365358
500843
858684
444062
926968
896985
109410
194316
79421
829290
37006
406080
772211
27834
645194
21940
861234
35498
303206
245919
172672
252803
948374
980792
171912
463172
628470
517832
714538
718089
999598
477802
55852
89818
396209
672738
885645
180750
408223
744344
989306
603290
408907
36912
449178
125947
964374
966598
262596
965947
762810
380491
502736
521314
162723
701943
354443
973757
243575
357482
30084
347396
988471
220131
367747
517738
587389
585627
814873
784646
111141
493119
704787
317913
907209
394505
219464
381755
571684
503418
112274
54375
496344
460022
899097
912735
405194
361723
396491
33469
685355
924799
445544
552088
671826
471846
821049
355343
816709
653469
248672
14325
299287
694230
110603
43929
243179
650656
783938
311152
162838
327970
168608
579298
505891
447859
686111
183022
588272
794777
385996
440954
688629
830941
728217
550203
576229
276935
252177
302013
853228
859580
573350
908303
150873
916592
338022
480591
464278
940809
986764
464269
275666
764882
688435
476319
252095
197720
613030
186433
464567
466149
845650
602278
991290
44886
747933
473311
522578
339227
615759
382247
786967
776715
209518
171465
188367
428962
975209
17390
121517
276184
170410
674567
742650
128094
158350
422227
643281
810808
876401
593805
519236
904114
345186
794422
546653
174464
471926
714490
68990
199478
655672
160066
538922
865376
655614
986197
480540
407423
98647
409259
896853
887329
794912
617552
239476
990171
308278
128049
83581
601638
587461
6535
302652
55828
838335
331357
550402
115117
545833
751167
862094
676074
605391
386113
850056
898893
454872
573801
246886
649179
736628
225274
14193
839031
448753
140446
63842
808157
352301
131951
674726
447095
321318
626338
356481
889375
786413
956304
736526
161074
784377
282786
566245
435085
143128
179033
713109
282919
23809
633528
416912
691083
604740
812686
855718
847728
607650
836068
461226
909431
289785
448255
993201
613376
980312
673554
227192
820520
908465
620227
618661
386147
150060
843352
152102
954739
56152
606846
799734
148867
469564
466486
173566
270946
855180
485404
165592
952031
399415
871317
664558
866813
172125
938325
988353
966163
131614
524747
138374
353155
332494
355689
706090
585044
641540
597971
992055
651951
29074
253539
461263
988915
203342
689751
902484
422517
581711
940376
909930
385751
51316
608935
29908
717315
11550
152038
4923
854917
299261
984385
5197
773379
340552
184119
410434
967961
768134
810505
602426
723413
690378
865533
946819
737932
59068
955471
674422
749719
756689
251253
953088
722286
310812
320334
238910
988382
204606
956518
344770
151466
828537
759464
885683
795644
580323
118433
894289
350278
384950
397101
290645
246842
750212
754432
522102
658594
757192
227475
551752
818204
472791
508200
710335
901366
548789
986044
891538
247650
81347
537353
51131
577174
868310
682677
577882
811587
223396
2842
996089
160943
16024
569075
383787
94897
396421
992223
609293
124361
291958
710037
493550
340633
714915
231205
100491
330948
868865
958311
387635
845730
871089
703426
650313
151709
180440
73114
751976
221739
171790
226007
227745
945960
668911
757903
943839
978446
429008
715599
311276
107540
663820
719691
52044
962913
756924
298719
154823
485932
480964
227649
715141
600754
957386
178694
148625
897682
197954
296461
162880
304520
276581
558796
201323
141508
620928
982389
482583
269798
874857
739076
120502
179673
182476
274600
184006
713353
735715
198859
696984
65666
884740
133312
305067
904871
967828
550408
84855
797707
943001
44481
12229
619055
990318
963500
324731
342169
631439
981593
294006
635149
537108
375345
783248
602538
467899
143328
369857
699940
268382
279581
875425
615578
480771
128663
433419
576276
54930
171582
576350
360154
579105
813995
743709
912563
613291
44012
246582
453241
158496
404400
590112
283477
24790
466315
610141
62301
472925
964007
815007
921479
246704
321416
152391
707592
442566
55866
886088
165901
175368
497881
198634
502741
954014
523389
569515
725097
875491
820288
184512
658297
517879
699437
417785
573717
651698
621382
713154
461572
400053
502770
442565
777797
289181
76481
145389
682783
467281
377374
236102
558695
11259
535376
276864
495758
678740
844972
430162
433444
308631
372699
420924
434349
46487
545284
313636
754718
848236
215445
270626
674741
25353
433523
550039
759218
690537
711804
507000
305653
918056
884021
122217
62261
308014
402581
847300
870298
713542
322029
652728
828856
692237
130802
714894
800489
142725
13737
707207
63494
377097
143213
816866
139202
851163
191584
642938
351459
126873
218924
75403
13341
132495
105205
434197
691980
985061
68765
292249
673549
6457
5491
140544
330170
936968
130105
979611
548737
958405
240656
225669
923553
160012
686082
879909
246336
313072
865004
63184
538027
923696
80646
612299
756330
351689
450384
852270
976191
48677
526683
448803
819899
155121
424370
548750
247102
689164
815139
163399
420937
287771
378925
936194
17857
908345
233415
807376
568387
717580
708811
179966
518046
948787
485822
262491
139761
200923
569020
744216
23266
794033
206980
456455
305464
121137
239326
736582
450006
463837
875941
559797
522581
173450
542645
849570
527293
233940
83697
293318
499551
201330
246001
891753
636049
133348
932103
215328
385159
241865
89005
547447
494282
456525
441484
143913
936664
451391
484715
74700
835097
374976
212594
837578
813497
356695
484378
132553
145638
145570
198196
740332
20392
68199
795218
821555
461783
617993
794966
342526
494654
690902
442709
377903
452043
923389
37351
507628
20335
970141
624589
512900
130712
845240
769664
336297
868168
215622
296338
548763
743698
640102
870979
740902
589041
17136
297763
627137
532933
494309
539422
848536
268331
143560
169641
771108
533943
509062
900104
376693
888017
625232
229881
84625
335529
167689
564096
794359
582104
96795
877328
320892
457109
515748
867795
328599
123024
780558
440470
102584
280558
753021
806804
250130
7714
465057
175902
519226
550244
856235
865636
587687
610705
288732
371426
41049
759455
792184
648425
662743
311355
331034
423624
90641
292481
763681
742936
28387
460695
169864
594273
460218
166503
245972
398956
237713
39671
686950
601062
672981
889830
802544
966638
829543
449669
64516
699580
618175
16591
914760
685677
400302
794567
929990
587503
750908
640877
828896
781573
29615
527772
498784
663095
756717
421763
854702
170202
578425
540925
651675
125495
704985
318672
889305
522459
63768
948671
648397
272379
335400
653580
693565
459585
485535
89934
999652
274167
408418
473130
900389
734543
158111
16177
479260
101260
146740
127638
189199
365777
835565
503114
499651
205252
256170
167542
319531
81631
647391
245908
809660
939475
247222
795435
349532
61912
697359
392805
449080
40918
349415
795342
423412
374825
69078
218923
946110
873941
149938
668917
558652
769926
613458
194673
518755
558082
76333
297965
688809
187821
351392
674521
696210
605432
537102
844991
959015
982376
759521
639264
219846
683774
939567
720813
869970
3080
206393
762846
21514
651524
810893
307827
439671
980332
553227
116101
385407
864419
547780
39176
485592
31162
212670
1056
908310
499743
417300
716188
418596
359330
188602
670227
39633
393637
141407
547418
149634
520160
884587
791711
657350
397967
970535
417445
569351
263288
435772
33820
637211
654108
468500
452380
913402
439354
379613
854398
879562
809850
338156
186391
298071
100349
571070
599762
82078
550846
482329
771561
82376
481381
751697
720128
199092
193064
685222
384926
248365
247774
68363
441992
86267
186082
222209
918844
580565
721440
594978
988871
961076
837247
536058
717123
865602
261675
978512
842033
569009
703742
25666
107566
355113
456138
825742
150421
615001
481413
953517
821362
170799
36754
180313
651998
496738
219432
436848
120700
930092
818657
221425
992526
460054
32929
890851
393845
321195
264865
328276
728003
926094
120215
955839
992702
278632
598212
977479
294900
361337
6233
590624
179830
980368
771847
684045
342578
170390
457314
931843
960049
569796
889713
518829
123945
152628
555924
154633
883200
882197
757842
882287
780766
299129
6911
454002
97645
609993
972358
339615
495664
592728
202585
828770
908989
804308
66162
396169
123160
861785
365892
604768
674542
211743
654083
849786
848939
496404
129421
940945
443896
495365
960307
691269
195092
689141
334120
416704
838926
273424
607941
809467
962396
648825
759095
999833
884060
611776
308742
58545
139620
986991
18946
188521
505735
289923
653388
653245
54823
121016
583486
634399
504114
466366
653560
726201
910203
800967
295624
366926
315061
917762
694389
445374
764302
115042
155432
689192
955110
968151
549752
564650
758634
711006
546449
398852
596625
892916
303488
928090
677171
116518
15517
995288
292545
585028
974804
889776
304997
706867
923282
110014
826423
601314
569098
374797
367064
224981
884641
259251
674607
581149
577404
191575
130942
394088
928931
985107
860192
538292
413714
321332
611681
665183
219036
750046
35962
266139
601149
198733
100967
125501
787514
196470
851495
698804
977975
177932
325840
124374
585813
327838
756748
439062
575621
684509
931316
851410
461230
171324
560775
778377
849655
889776
914630
242218
795633
327639
112304
767751
90916
944309
436629
417833
368885
678681
410649
452093
932208
266654
843400
574827
927032
812493
166992
962823
587912
412256
977439
455264
111077
418785
448218
566
761186
949937
575862
421514
953487
65445
933815
712461
516544
474507
404355
427322
97333
60042
115234
742975
903083
771687
713237
551766
398654
766116
394320
979123
496569
629955
509141
50582
383548
709736
604845
738880
19465
954268
613062
86786
956331
208238
203940
366064
65475
340020
20357
357173
382640
21679
55126
509760
711130
810636
611467
347612
242395
294855
870047
576542
775371
139882
895592
843831
309287
54451
296149
532906
55645
102804
353032
313175
324407
696788
355210
121077
187361
258195
591663
8222
410649
956010
208071
451332
557106
878705
93822
823873
486980
332762
183825
815437
790323
830522
904749
425353
775067
68520
17958
945144
555733
948414
838032
137869
718569
782269
942654
286686
676560
858893
352725
119288
61540
728865
400075
211469
427174
620281
137666
397385
472427
465985
315387
902594
939301
646423
917112
830478
461770
257130
547315
929518
491747
188413
582644
968487
478259
528395
218195
83569
980802
699333
727946
551817
332229
732087
656758
530529
607211
592392
741930
659128
997254
31968
179824
539780
241620
501732
832541
315850
320938
853213
804304
521808
525372
31542
390279
945899
940747
41252
78813
363378
379755
60832
216676
93331
560688
164688
138459
295619
956853
56196
653836
530961
536072
980763
737669
449620
733813
75462
306928
527363
397102
878948
619474
881251
649812
685901
520220
395739
283428
684970
712049
729315
291649
628993
936821
974363
703449
571791
15374
9080
423479
727630
702587
316569
949285
782422
902157
395512
27900
66784
583813
965051
384906
793829
763148
39594
400350
389541
430665
783420
794546
894275
262435
119754
64246
890381
889043
684069
153397
226586
344676
802627
734182
523404
612682
610452
910353
678262
11292
960627
897884
848407
950192
937720
950258
300675
978450
34026
172303
176482
872288
176081
634282
521938
548101
989162
377534
798184
199696
950260
872375
188308
436720
189928
909430
717090
38670
650181
210689
559965
64391
886345
192266
63630
492933
101947
753562
254562
759865
878373
558618
603625
8759
273440
377086
430267
732909
403015
65358
834229
182465
854606
482323
621473
706887
462955
856602
705012
530460
108466
814823
61744
72482
973566
323834
556074
642904
105291
884151
344166
586452
721953
991092
729438
469536
912875
273316
872225
728623
115558
130522
307288
411450
406581
671229
987365
500156
859473
334279
665892
785478
132253
342265
411155
591423
805079
921951
373902
954300
362923
833275
130739
449656
493858
172305
86244
880560
241527
644942
247402
36254
790474
597078
400567
580239
507310
943145
365956
499427
825245
29105
666777
249633
534219
234218
329451
565108
318231
676590
41311
704390
873054
361948
121133
835768
185834
458340
289823
810875
650056
451506
713017
121230
40887
654197
586291
856084
921212
911947
133730
975761
498323
937995
891637
939713
616832
896046
337754
573397
198659
279450
871808
728459
133097
136269
34936
421224
555199
450467
289781
262549
569634
735427
973554
907604
579570
539116
371250
503709
768357
742936
320995
138713
902519
411978
218140
425274
665151
426489
80069
70005
353245
203993
581462
9757
709072
28674
171064
353373
113508
152063
224519
994770
546952
426870
670713
838787
770238
260719
664152
102334
377451
203586
874155
943056
297550
505377
851699
639520
621261
969792
19409
25128
7915
804573
427589
635473
774934
252079
452113
629611
920797
236399
335227
456646
404479
224189
755762
861103
870815
611249
637448
352458
724947
927551
983006
897481
689307
404870
340381
78598
263918
589173
150752
976259
819248
548826
196463
376891
370561
709001
51815
127396
665583
814245
821
554180
38475
317582
527617
170093
514265
855143
276391
188439
169377
640642
894752
296984
111266
261995
810623
862594
347814
730510
538072
65497
323505
405637
232827
151919
146003
108162
732958
732638
66781
24918
446360
895138
622384
639259
653322
265169
848689
385860
742680
350007
386264
763583
243989
620754
451560
105540
838525
439655
19129
691006
31707
903295
785009
850002
605835
758977
308049
328784
219354
569901
175851
930933
474313
97010
866226
473178
886961
250669
209321
59837
974400
259584
565566
329579
418465
641162
149296
608326
607354
929800
223402
259832
228047
456
865588
186997
94788
813381
85759
585062
409087
847332
288286
334199
352940
925706
877588
525886
803674
125144
639112
785862
780418
907588
162517
958520
408104
829077
920190
901157
896859
530106
520511
396467
