477319
654463
858643
493198
548426
572425
371357
172657
248191
971392
224259
665447
306584
569645
229301
892994
343944
427710
102325
661202
470215
278841
758299
414368
459490
521230
985090
379860
428668
970309
579091
354678
463205
449302
934123
467537
232276
633623
159724
495539
3844
661968
610781
255442
286889
223850
275263
371145
122830
334598
443885
545535
79181
103147
375534
263337
334506
876247
539931
647653
527244
58806
293031
41479
144792
703985
390480
86129
410923
978205
151201
174171
893108
311252
323617
67507
208877
708001
114716
987614
195764
55445
606027
545436
173898
974134
652962
609801
279014
399767
530615
129919
883255
86211
90378
511193
677621
83219
556213
759443
2787
462047
783025
922957
651363
96209
14082
581742
235701
883605
677312
837989
686606
34220
39748
610443
632145
565728
279083
433701
578796
408850
896266
662533
821842
663215
654190
146127
211408
964161
887822
221145
993166
73058
420304
293100
200741
584139
891124
59752
204311
568778
818721
821379
513199
972178
682762
504433
838006
811308
862397
151456
238799
137228
867016
60827
247728
283710
6472
926670
468861
592575
353295
623017
48963
726056
747505
700829
947597
88069
625643
905603
651815
458564
550705
5468
529581
752969
669075
732531
406030
414623
451467
294175
834531
110088
90277
657636
673446
309685
409867
275065
497744
696017
873964
729317
300627
506935
143433
191043
430513
176261
425052
783716
506487
642568
693605
515283
999770
244758
65938
791219
518380
360763
942090
341253
166651
478475
798166
214470
815815
679063
751980
6389
305309
779514
272218
272563
255188
140627
683403
227266
544291
619789
856377
595248
767006
552921
202480
334669
570123
590333
856763
130647
140069
260230
531629
804023
748012
728089
496269
300452
404391
692776
735903
514086
116920
525440
695819
925109
262042
359294
837485
184320
598137
847074
192440
407625
231853
346043
915655
376749
573269
923266
369666
21889
945292
693059
511401
562904
512139
765942
726272
560738
172635
459372
586071
29999
517044
712357
129845
883089
626167
43390
599713
285534
368069
581767
735500
948244
733306
9075
427870
401688
216138
637481
82779
972887
409270
451447
302450
970957
132138
446822
964386
99876
511990
902504
109385
668020
345255
721710
738059
680617
339522
648470
411483
857154
212444
791362
533161
665782
617817
154820
385832
72625
714047
17461
293435
565692
676598
233381
633147
80122
364830
477612
11879
558414
792333
40415
624489
509530
794723
276062
939073
1891
8908
437579
966864
510928
501842
368213
522691
35537
18396
90418
39194
571485
243464
487275
647764
554963
758624
332881
927481
699266
907195
310477
521412
951620
476147
115733
409834
988805
880190
568955
795595
305313
140395
130207
844788
513068
46651
670341
198415
105355
373402
705345
985000
156735
422584
605775
632284
609794
343817
101375
580448
123978
572373
283085
982763
652394
153788
644431
19905
869272
657482
691719
40350
929161
398195
160600
539515
277624
100651
278294
609407
998150
900836
436918
331077
928188
28837
746020
376838
931244
388100
569204
764259
698165
200000
264048
426130
103588
85053
896848
956706
905271
34524
386503
513196
911166
187382
999802
736216
431771
100662
30028
945673
687720
639184
218644
85606
951991
793250
586288
805062
160372
481701
772851
88951
432935
82320
774329
35756
223574
629129
618012
340224
160072
759048
776127
685867
485859
14859
505287
632000
940087
662064
369962
905568
83988
123634
407967
318463
109013
333634
703541
808784
867648
446913
176896
342864
71749
993816
803182
513836
992164
17333
696375
385104
558444
154402
707571
565198
583262
854019
916101
273127
29680
630508
459701
135352
940589
498013
762268
130499
852473
811803
462136
606425
45427
614252
30623
734690
147443
769326
263569
322057
795187
759508
751718
974406
997385
130174
170406
331145
619794
771316
777463
199296
396331
102080
86577
31749
137305
680357
361550
943655
558152
729599
586749
190739
149105
943992
8661
470112
67284
583780
174822
640692
884005
746042
442540
392405
240451
555376
426973
222480
839587
942066
510882
973312
924043
368830
784802
551227
268475
258527
481273
468191
463718
670979
448775
927860
75933
793403
982501
444478
575437
67856
837619
754402
659103
467196
888845
219890
435645
193868
439516
91863
366261
575312
109960
919706
587510
767355
336203
382287
475446
694174
189857
121566
69814
575356
69660
794735
306973
431241
592403
368177
825217
870532
416058
221000
486853
509806
167246
421201
769756
747621
819751
404819
223340
678882
671023
944963
867981
230732
999921
673523
297584
256758
85643
542681
162973
244412
903102
284216
306836
426869
786660
262765
312405
443093
832193
819736
405755
105890
470513
528357
295300
749649
428225
260918
261356
635389
278362
468591
384758
834691
474521
608349
87436
913084
405690
106820
300286
798424
203378
301379
733734
525011
873819
651430
901996
688279
747530
380680
365862
507694
437564
115043
57431
146530
430703
440630
471832
232884
207950
403089
523733
890549
203524
921024
542574
816067
823090
19602
464957
144036
754299
858309
423671
75000
346044
473039
781419
896286
660761
360907
808616
865574
435315
236863
164540
279662
167862
925318
77142
990107
805902
826527
797901
966966
995129
939216
252538
879840
452599
378936
601855
580851
700639
792816
86827
363895
313548
174173
310966
225790
321396
818134
296231
481373
723544
259564
773269
490695
351191
893850
236169
903687
430686
122250
139523
229530
305466
535170
395156
790566
741006
332329
840296
99355
674784
703866
778086
536805
259213
655556
95024
144779
547037
647515
63237
564647
957169
620831
17222
642050
588569
355878
878678
489931
939266
876617
571418
519860
868749
923528
480671
685354
951354
234907
178587
850351
91267
361878
661516
937429
822533
716599
237949
128984
421977
150479
454055
749913
87874
496395
268340
777971
334142
581855
155487
313980
138879
727502
130039
72666
638132
80344
114433
332287
433792
902783
823101
625858
703820
982904
32641
421339
871032
34219
369794
803771
62956
932135
446258
829318
119501
883366
989123
667950
520716
267831
599113
166381
44376
421774
233085
488671
458995
943332
421853
880441
784610
350796
825585
707754
813950
395924
85609
253004
666408
541652
340323
761863
471898
581654
961736
50115
746456
38817
819414
7047
263620
529700
285752
923251
872273
405308
913361
927254
503888
167906
524631
660077
497574
527476
603932
629753
742047
557662
938153
426491
899931
341541
297347
438991
184742
746640
779919
660258
394918
950067
221329
563986
181677
534105
838544
923041
389423
556557
366358
424148
537997
729861
64787
454702
634255
730604
728481
274436
531761
960523
434147
439101
142676
502675
269830
469160
909141
925065
820649
215034
565307
62094
907801
822626
658826
442442
366773
994187
129204
452661
815025
43310
462639
600193
263606
568593
19362
372839
911909
432671
851513
420749
753020
652197
746776
423697
717074
908519
23659
683893
865596
837469
93916
651111
894674
767437
500830
671403
180939
646534
249766
877223
884485
604790
558458
201163
290018
555497
324258
976987
428172
763486
63866
792410
149592
588615
194217
694932
131720
128158
428
562569
296491
919647
846604
742705
205599
515174
303726
303088
58231
299173
939657
697112
646775
279489
653810
934485
287804
939018
355347
4985
735033
85525
590138
963493
180635
719160
896653
265552
478030
706338
172956
468599
206489
228756
102735
356001
782245
639616
315454
295310
218459
188412
883743
144444
659179
694499
378394
105237
424808
110537
34425
949240
460240
618008
926523
392290
898346
734732
377352
821433
331144
87751
976446
725301
44716
3089
567401
357803
563655
924272
976530
521336
915804
312160
792878
336774
803396
487088
891127
819774
731786
538937
296472
224970
591286
618683
988162
762373
144999
791189
936860
919298
237145
562337
631383
546230
633927
936426
524831
381123
640106
62858
953901
380897
610207
152549
961145
267883
987494
787516
758669
697604
87174
903150
966837
324900
28815
873170
973907
890435
265464
854313
217167
233440
290470
592899
70699
710830
721358
988849
972916
66268
772337
631139
919252
920511
401734
755101
952261
585823
197750
666842
661024
786203
802177
274877
170324
840377
441726
130352
140786
72846
437247
370332
249572
722246
513874
978627
924670
797585
353636
380285
676908
333611
370817
293965
689675
426949
430135
200607
280853
194389
929624
644384
345908
126263
319069
420346
268727
548606
387815
905515
713634
266844
385697
585601
917407
358249
455746
883764
363859
389459
399343
697887
491660
364451
807677
218269
727254
562728
635476
982588
673837
772674
484975
480289
959244
454477
346303
152248
683108
209703
187055
745877
508200
775840
749443
159148
771653
581757
844698
636777
836271
418601
797522
218861
570327
293433
254090
401126
484665
491098
902210
613962
424785
601690
583007
576816
460909
269327
786700
637195
924382
70119
740282
216707
722120
56782
347335
555186
457625
95990
821245
394680
178902
130502
953841
412539
70545
445537
366668
654718
593335
994001
597030
786461
230278
760016
837454
246498
580123
936307
971622
884167
312425
272116
420651
29705
119238
744218
30227
597670
429151
320391
30543
675955
688908
958493
895408
625180
67198
382734
401190
891896
832213
612224
522851
210183
733710
110169
645597
490892
274330
25324
237299
672129
517962
2303
459559
859260
185573
247352
48713
804828
110300
21924
743157
144175
601877
148516
122291
362276
962659
495221
273468
232167
520855
811226
684828
522271
387568
752104
361779
195264
727725
851054
388885
625933
891075
899071
19793
170158
227691
982045
325839
434793
606226
768067
402
325632
398900
810575
668638
949799
619971
787850
80243
310177
693121
587413
570615
777590
703021
202035
431793
382931
885977
761837
826801
280446
318170
780838
632334
413044
540826
241211
409288
343904
214408
976022
624204
577658
618862
655056
246037
80378
157026
341952
370991
855544
727894
165477
111830
655714
687179
489323
680958
722009
14242
500702
724332
194856
708947
633192
287681
584161
323190
216520
328535
7062
419583
365394
382340
441905
950471
639388
792700
320177
718405
972364
559635
155073
564187
136188
905055
700855
733069
593159
726587
738982
758668
896691
834793
218720
782897
949563
570703
250955
339909
109431
484322
318046
918013
490730
985504
797369
411267
397672
555831
115167
489967
945378
603523
106449
602196
103504
754293
696327
180919
764601
60495
317389
780251
595618
219147
161017
969464
749009
286491
392901
849481
877180
541196
133645
380164
481299
592580
914726
708261
31591
965354
529176
821924
957301
175140
736058
156037
935635
799995
170089
783118
573942
26972
739812
957586
153822
799416
94599
869356
12958
678794
224546
567304
166219
868728
950582
824475
187777
925715
179595
234610
102541
138937
193905
398440
272058
166490
308305
945266
812859
806039
969390
938580
457906
699718
145790
449398
204059
218066
776223
18833
282712
139456
801080
87940
331545
502156
587885
893059
823591
664690
913342
698863
664910
145672
343549
130176
890469
300680
866346
752542
559163
556
31916
798095
508512
621554
434926
973131
337229
490495
440340
862316
126833
575840
671513
279041
29016
586283
256775
444162
980474
483780
281041
4701
787998
482811
643152
609711
107497
396307
397016
120078
672519
303646
709687
557315
212725
763204
233098
8725
219752
94306
355643
544320
867421
171150
798042
166725
122494
240697
217751
726427
367598
531438
100762
148803
798961
180343
134271
708153
970363
320798
910833
179526
188052
265553
224034
686131
917412
606495
173028
120344
845025
720863
755367
393362
594513
802735
392208
694482
484094
235290
857906
968018
663286
807187
165163
852835
916284
667678
327197
283683
640975
112910
662536
37002
239828
137001
706049
927459
761442
250407
721617
137879
53226
561753
948589
159780
472065
951399
762509
588013
592908
276402
257322
769580
188423
177560
71961
409795
604274
849941
508607
31279
273688
277830
254000
775197
873789
649993
949865
519831
333091
223297
485157
587223
668857
643062
387039
527292
815713
203289
366246
60890
706716
652325
920982
108268
339605
223840
213880
519204
448903
266497
293880
928035
52107
767787
910399
559685
657409
283607
620589
418323
859995
317969
381428
463964
841217
825369
396564
313053
494820
726442
454574
560733
217699
202007
123656
145622
66003
147088
826524
918413
976687
688004
682269
336003
486492
69857
606023
747844
991446
338358
273185
124828
26301
583866
871442
190441
198838
786150
315037
6860
589951
823549
954491
970681
966675
832428
714644
97454
302198
184843
97625
617217
805598
148547
971201
700625
288446
44682
428765
749150
283824
495562
793306
483957
806013
956577
574419
916228
461580
118849
843985
31564
792870
622902
878624
236916
486626
104456
986446
842169
993778
437942
981379
797763
59144
834531
238840
939411
440806
388749
728854
822681
694785
185271
616363
670051
119761
848233
393355
583727
997496
28814
773953
113697
258188
100283
971953
516880
41219
752911
356107
721914
300922
659957
328878
834136
112482
670278
71319
229965
426567
265804
957188
527863
875006
373794
433961
590760
729771
55095
540174
271791
386412
596849
988995
185999
484966
402541
468097
786257
592618
791461
823071
533109
656387
234731
468909
493572
765214
564178
407281
331649
103958
627243
451452
341374
209564
257901
96807
998090
638144
593326
136879
788104
797470
541518
779498
687579
264423
469427
17125
384893
178763
100782
527133
160751
485120
273148
523094
355467
968242
802473
561690
561333
256903
217999
813713
182000
538509
313213
103098
532364
239683
270195
585476
154045
987841
163529
401419
977736
173957
408046
722930
472406
23706
987086
246425
918443
131110
610573
73275
248496
689873
848881
497767
270060
857038
173276
686745
716113
448711
216566
734325
891891
330857
765225
128351
658451
533641
854278
41977
663770
555505
296389
868474
168033
286348
354729
479144
146669
27625
890818
694066
905528
852335
30220
245484
686378
353950
366197
187239
185575
9597
253372
678444
66370
520486
897717
628373
934671
198378
106601
482697
427989
621986
543258
201554
371234
411411
300131
818141
353273
107389
485374
255885
381927
276736
242336
921019
97076
742380
928063
705038
270964
80164
468147
13044
146941
947501
404218
55802
639218
599000
155094
168910
415870
433610
808081
555598
266525
602469
770721
556428
644884
390741
80934
223969
397313
731129
640143
23595
878221
853867
355997
973732
608061
510830
881792
61408
585512
302323
451421
162211
473859
976776
667697
492956
58008
649438
477135
834754
705301
478965
161541
101898
864065
846438
553117
531650
604233
503372
635391
398669
510777
32912
891316
343739
888710
465616
902981
477764
677896
835180
175362
893922
5509
651309
583198
902088
485927
632465
183287
948482
526608
724471
140404
975786
304836
12195
475784
482308
682181
691567
9363
314999
348412
848271
1639
843113
65875
704575
257255
918005
463519
86283
308876
25164
731451
259258
901889
350885
734512
101016
365806
143138
402064
115167
600019
234817
166626
658946
14666
3579
5687
306709
365998
240764
788123
639708
35611
88000
110375
372078
273739
390535
816244
988485
449823
883572
909674
94437
687551
29320
218166
944359
775576
184949
201498
408738
583940
993442
750110
960116
907528
537787
523300
223730
85494
897073
389273
452714
79475
850005
388167
294417
591443
127180
951752
888014
32032
557040
248982
199906
506234
853572
26301
937458
314712
939985
621105
548082
339500
271649
293372
639216
763237
480855
112527
493818
716430
781609
231930
488557
986260
989564
105655
234204
641444
134235
609697
323225
126323
931283
266114
110499
109079
363309
263625
587244
10899
419977
495835
405317
631984
491923
386432
909864
545478
388261
956350
276194
352026
649529
805379
327835
508705
627977
408251
784899
195811
296261
266882
270491
238587
274160
51699
831005
2875
283608
340575
976137
391532
159728
505114
193422
898354
399883
353135
786577
342670
886071
617715
941852
379518
366388
586871
185702
702911
38288
481559
91323
594290
192736
894383
49992
839836
297885
637806
464773
748296
493336
373954
573567
188807
511323
784819
516289
113176
921502
949772
893662
322530
610659
201011
600542
730014
718319
215962
38723
435729
905637
789454
242998
586807
918400
778413
313107
278844
637164
356084
561614
727651
272642
21366
757312
764746
851678
547049
537362
428676
640223
63771
644868
391078
402555
211522
767003
599582
659644
293680
619877
999356
306459
445605
558890
337364
649143
885119
173361
106620
288882
830220
214252
607601
858793
229632
237441
834454
92430
253314
204917
559708
112547
958048
84663
232509
783700
149028
130311
605409
452338
293630
383297
607652
893640
591072
414154
43759
629852
838185
386261
201731
500419
762745
645139
755028
732065
645923
510197
7442
299389
82944
792159
8258
287165
639328
67562
857291
786946
603164
266262
380493
791970
646983
886219
836140
545790
938051
605450
718699
522240
440367
607285
274738
684915
36030
287095
282482
340799
459235
927057
143519
418111
20328
846786
902044
926081
99166
419219
596533
781529
50223
616380
87045
760098
357647
493494
812920
26259
352401
643806
70379
174649
677014
345923
238896
687062
640352
321612
210285
491094
93892
793737
494052
690794
335486
971732
287117
834948
548127
115427
669983
807405
962401
795502
982893
377606
340379
146487
647597
655321
569615
200507
93525
555611
427041
448819
927263
657600
203555
482055
127403
142971
693131
371792
76034
211985
519942
80776
518200
873369
940901
475601
618540
69074
291446
715038
324842
370017
805422
840066
414895
573861
433217
800659
178124
371000
74132
115450
610659
631173
576714
576154
936270
936577
356603
655451
896928
77512
746755
387218
521283
676308
723510
145231
794048
101788
846513
518466
292318
533767
817036
778442
925345
438475
364715
349660
543091
714151
792692
253580
58273
458169
890587
724347
325308
543100
939032
436574
575840
803042
753146
932838
735697
541002
60757
870801
295361
770207
693591
881549
862446
928908
447609
140996
534312
191711
774225
390985
56816
366841
381188
105629
686524
243695
635352
637533
514712
876545
929831
112140
455718
721397
698223
366265
444806
253903
63751
351117
994384
102958
801964
26675
574590
91014
556602
526948
738087
361845
604534
549710
997094
715012
574024
731168
766937
624189
891014
839604
926149
515748
730347
845274
406231
198547
25062
745277
688069
886901
432271
462837
812179
57759
744948
167336
344434
4102
714130
108125
390083
339681
44767
805471
132537
766300
515268
472906
951196
747381
417576
314933
642089
987255
979368
952444
84951
828369
650723
523112
594420
598995
384625
660541
248558
991620
98611
281185
618478
772642
716677
878820
89631
635831
763024
500208
743373
331348
259965
598926
626280
377325
379524
100626
141863
807504
341666
676901
693001
962435
905897
140461
427830
439930
329393
489371
678084
61618
25580
469840
94423
407405
731096
97389
223584
409354
210509
142646
512774
208832
273782
412065
70433
833591
577244
852801
990882
385859
861150
57482
934289
153149
89917
801472
374319
126592
144788
533825
285114
396157
524132
39723
749263
794044
645197
923051
696873
584432
59097
333091
292167
148725
91059
117303
151788
539176
730997
743157
159424
236003
711647
347166
854740
513683
775395
757333
622915
854072
101788
413731
346996
98681
182495
489765
15035
455394
334058
629971
381279
983675
775802
164845
286134
270214
971193
156292
598893
788116
722771
9442
359972
851972
61353
945239
819702
442201
891743
421025
671702
981367
623824
118263
639957
669050
860065
605682
680512
267571
812787
49240
573285
49473
683506
131463
594934
192455
131658
718139
944711
768975
956090
705404
595890
88763
334912
362855
502170
295587
943860
342486
444172
366224
624817
419823
676801
675604
677614
690054
456896
616964
788650
718960
399072
836692
191302
994277
692971
234445
44780
848144
107935
324397
157357
620983
630542
658523
7401
767618
460133
878405
42407
662122
663369
58264
520261
240447
550941
746779
516169
317205
302176
478313
1557
33292
548724
18569
92857
286587
683129
295019
827491
151033
902488
221250
778801
918343
635036
131320
475815
463453
659322
365010
487484
810256
938225
92194
431119
999964
710348
525987
406647
642132
893125
900980
578360
746787
506628
255156
936273
163646
650565
736566
47665
994024
380567
451169
908362
970849
305472
469735
233535
629356
166846
684064
778359
135868
689448
606594
740627
367610
723379
266175
199228
234229
823249
30780
561045
477671
660148
254825
527376
372960
145201
14273
336028
533330
587519
943584
232124
852472
256926
198844
802163
248163
790228
689025
660252
42914
722194
226317
967830
609869
941814
936709
803355
628590
981098
343762
514162
17357
355433
296444
988155
668503
280034
825441
832872
44266
150261
661969
889227
62848
207066
528265
417289
425013
338273
340107
531758
277942
285459
57878
804699
825416
901048
35335
256538
303986
719922
513676
822482
122569
864199
699329
948629
763478
23548
873513
309527
656549
179420
341514
608250
484525
534616
593253
889860
510295
827336
90448
889330
274349
582032
595634
339174
645472
839518
396123
683899
280309
527823
622205
584249
244494
264945
499147
777508
759697
591587
832045
353583
458615
554073
446493
121614
830579
660156
229601
835945
350652
407534
479973
779564
811449
830571
240948
925435
984776
504331
55315
635587
273516
169123
290298
547500
577041
718796
359024
429930
148220
635
374338
548979
294547
651023
350815
763339
102406
703658
318547
533051
57049
38134
769950
59616
83024
909065
117681
370911
225270
305059
276676
994806
920969
293524
250390
354542
558469
725179
850114
915756
188491
720553
239483
719847
158958
227747
738276
541044
505179
546118
600078
144830
384546
595461
785231
828945
597029
354190
598779
574293
319580
426700
667458
34775
146050
836613
872422
698691
855647
288482
418327
286830
473203
554127
560300
398160
251772
397049
127872
776847
111844
651572
703399
23286
432907
664575
928012
152836
1132
40159
96489
160161
974382
36071
257633
595372
429641
666137
32637
207407
638163
901031
138753
793844
806247
517970
194986
93489
402032
820788
265991
157086
213719
227801
580401
26535
704199
83591
235753
342781
255769
311582
112716
917448
237217
349274
800565
506807
802644
888822
66991
532023
367764
633259
836117
143937
233690
982935
771593
786574
929599
250040
996493
514470
968679
761879
25473
750550
383115
531521
676025
273920
798433
17840
422202
848972
65065
210825
102354
100285
876182
304831
420177
353182
943064
425749
764007
215323
518658
397632
187164
2987
326813
513258
644838
437291
56072
796307
278186
325511
392522
25362
616338
899601
859254
779450
195719
508467
910841
795480
441803
416641
814852
653592
26422
207336
745104
488455
329995
487108
122066
173362
950519
332621
698173
785454
298341
62000
760047
629041
228672
191548
318905
107870
301958
130035
382286
90526
608902
883265
226247
43753
986358
952905
92944
7269
771443
810714
652659
516261
346837
606016
692671
184850
881582
594679
667156
723623
18720
790971
412430
770454
26008
373691
531276
977288
606827
777259
712540
489730
456523
80825
433476
801891
527589
786711
644655
373833
686171
589879
474739
880916
198745
857621
62971
432386
687062
546605
557398
563066
663337
95502
976603
193380
871045
252551
137270
726005
439635
282429
725204
763528
285099
109982
525863
277288
500078
107824
150102
545898
901506
258819
156613
155639
729963
937989
787132
319784
892675
140404
41014
334666
958870
276718
860104
601728
343068
350564
681772
619272
95955
221997
786026
636182
367417
949687
326690
649308
803491
545752
846136
544683
73213
86274
599260
681523
433951
146197
119348
93734
684423
355599
381417
271995
667321
442527
286475
197839
649264
581271
780834
384742
108927
850943
88466
524750
940681
712453
638570
962852
104281
649746
22025
891504
182303
209593
186925
917548
881224
262793
534233
382626
491961
30530
372195
724915
233383
697188
92055
148275
218709
481442
269195
25714
849771
555702
403777
231766
155760
29902
952882
726372
842469
517732
941821
507101
420029
220587
509868
897797
415100
78053
785758
445823
128170
401105
321431
713939
262516
226818
500257
515666
957536
553419
930268
292369
659563
958615
724201
702929
708289
114773
435311
727231
554521
446800
935240
274966
768490
634396
566284
374178
151501
795500
377400
489696
605424
507073
52218
154626
62132
113853
222683
372622
914021
975830
288777
62246
730835
154086
737344
238818
795345
45022
765781
133273
679305
510619
431583
461439
280314
244817
904706
549992
763024
281444
668953
661419
409951
854805
210239
591906
660667
818521
152186
898061
768374
391814
822341
862358
520439
792486
742713
386095
303027
658990
927447
779031
516619
445833
776628
603580
955842
878989
663810
695227
403545
706127
845495
174915
198154
947601
940379
120791
111773
716314
382771
106546
470825
98335
915589
398660
43051
779421
334024
570139
188796
738056
529962
189085
152434
563485
894461
351921
901142
940436
938239
156478
678717
965489
6660
49163
689413
39802
837698
333382
570733
73539
756025
109088
900626
927461
586045
579989
917954
757325
170849
537993
578367
734960
598146
400526
700242
485788
634157
813698
665288
998634
787118
797654
11726
494544
216182
495017
628004
372883
365544
484946
459777
78873
283456
6973
640644
365212
501600
712876
9042
816891
385209
510047
286288
855019
796818
359055
247486
228042
673976
171092
596846
970708
790595
835302
669408
279598
57280
77888
908796
439136
31680
653600
889260
25568
62652
833387
674771
911433
351523
641774
334445
761899
44802
207424
789444
199355
153743
794051
830668
916587
12306
545225
575836
513173
478001
686483
249033
523728
181014
652852
739361
407205
933439
570004
880321
288028
618402
513616
299028
742639
410938
929343
922216
898208
898354
973648
689646
130214
800493
503759
115534
106627
885296
4358
797605
456753
624173
113152
629212
249466
425901
468073
580326
26151
159000
538769
98133
30800
123172
552911
922778
66835
909784
629314
1047
179936
661244
321075
759971
796400
113311
217558
458777
219733
532868
236079
834077
902189
97258
346386
577709
103792
316023
360770
925919
109609
623104
997179
33789
875458
755128
128460
599993
748599
275122
132123
751502
396141
354324
637005
865718
462555
806490
450109
740226
810150
195204
76265
230553
6283
927518
703340
725263
780214
712170
539749
58977
80239
46315
616567
664075
70964
706576
843626
385222
142497
530748
923248
679713
296460
961006
216449
469115
318701
203730
670951
674651
270906
23011
22166
928940
167313
411259
406067
712664
865167
357816
173045
548031
610622
499533
557353
527188
269098
977122
566159
34068
778516
86505
94178
166052
208192
555775
519989
41351
675369
684026
145849
763257
852373
185557
151323
259242
162307
664693
154698
252890
14080
29079
398614
653453
775385
157465
364852
309036
188906
719137
346910
946616
190421
299374
118935
250731
592335
103801
176524
25645
737108
821895
708054
241135
735098
408846
90013
692072
69219
918593
189910
752042
969997
546810
689196
155552
750724
486532
887933
329127
500663
466050
324411
939013
530727
195326
481331
365450
574715
477266
341930
256706
532657
447405
423331
762515
833327
326019
289406
708474
108279
426387
789627
394396
944569
941718
607515
993611
188675
256193
805735
602456
566164
847543
357130
323408
393998
740943
116825
883732
932425
946557
155444
414873
168772
655263
381124
983864
685494
545318
900323
365362
366339
629407
156892
400708
808906
579741
46471
228771
458907
821189
922519
637461
816774
671222
59823
783340
41230
628627
541614
748127
604413
986286
748172
387590
593553
733714
830428
917490
526356
112045
472049
527334
342281
321112
160221
136182
97730
244229
663445
981371
696079
423428
841648
973488
634960
138353
600270
557485
119980
480766
378069
817981
591962
974425
87703
247326
199772
787769
409103
182996
576908
818890
700682
859498
440847
199283
694051
875334
470566
243776
930407
659432
616611
633969
924055
937983
710072
648094
900107
386152
883691
345477
600115
646916
350630
853426
571065
522356
35818
504266
750595
545588
836068
295795
550612
355857
222104
319075
695442
