876321
888164
493044
768337
4569
976456
136831
743629
683309
633484
241007
206920
244656
762466
186226
108241
737093
274393
479635
218014
974145
210071
709802
435796
725743
633462
523890
566005
305453
144825
370807
222118
260787
704042
193070
567196
908212
474961
503711
632419
160093
970450
134397
952267
322682
945508
28886
239983
563832
455658
419685
268259
367365
802736
11397
972601
379027
606723
853824
222576
121980
380013
510150
342458
999808
772939
639865
484393
24745
692173
600997
989109
811151
141386
159181
19692
718968
800894
937824
447222
558615
629793
270987
280772
490613
231076
88936
253397
376045
990986
383252
962341
462673
842017
518814
938354
288107
871197
704922
522731
609822
417999
594582
797112
732010
676039
147940
479201
561933
102531
337558
951964
339783
151378
475336
508789
597111
586441
229527
916188
844129
270113
586864
354182
253009
522732
236483
508417
339992
746610
996757
994521
605813
548396
732149
112543
388176
971740
972998
19420
796063
944775
583867
96402
135723
85840
952482
278827
483885
996659
989399
86721
579922
368666
623641
954249
398686
941535
215353
512028
717997
327711
449710
626532
218196
851639
232902
729247
210469
260062
825847
419347
94033
540831
150228
692495
819432
223089
957019
629977
366589
579188
11371
929401
695717
413450
847378
658849
53853
604752
437572
598775
476107
6456
753577
139841
204125
285637
17293
760172
956750
536737
165307
606841
14599
69598
860771
406661
177634
617223
712440
76979
402825
430691
291607
148984
132029
41798
366305
292994
907891
678803
499177
515014
22937
161297
274697
660836
935158
124457
946255
302074
647279
778426
683797
405442
435493
770649
911598
430888
221692
459560
407548
846445
860535
714961
637471
766641
549311
187744
113096
980192
232578
135226
355179
527484
897592
786366
981395
58050
106753
864823
351375
885756
495403
991931
524106
253474
454095
767523
807801
639918
412954
353830
617197
7931
320426
336340
992904
748697
53198
702381
545740
551664
202544
913180
916687
876877
167375
230227
311819
561102
934500
360068
270802
591398
215654
164729
677790
964302
