531560
573827
3526
837384
192318
734360
94399
951615
958936
341619
153877
448891
624925
572747
711914
677286
493948
6407
35962
356172
788694
852485
980957
888689
117337
566664
993769
915984
874604
313148
672308
514988
24326
47462
545207
974869
964634
833388
722509
897786
710573
852606
377435
574373
194951
706720
649675
271959
664647
599126
490416
855296
208145
368107
118734
689243
920867
94813
778289
665444
480198
124328
21435
447415
119136
136877
481148
756806
211878
115263
722489
928311
659118
104715
284559
747160
396130
3425
411441
414976
604497
128035
986318
327683
53215
923912
124110
223761
752093
5518
19642
968299
961204
575418
768443
824643
475578
909901
602362
153264
519911
8901
582887
26251
871777
165580
748630
776617
776435
784066
447555
884788
947100
279138
754166
621736
841604
866451
946433
592936
913865
451149
120295
175226
803000
934758
598551
334630
936920
868344
615381
252006
325151
974129
316666
809866
893896
156727
832018
414315
261180
139510
729379
181065
266221
532167
872973
809668
870146
412286
465037
901299
104172
129680
908763
294437
127896
872031
170420
177330
271357
11684
478898
237564
793685
167160
746646
951751
47464
934463
223528
677618
515587
759665
173621
819538
909576
259462
598968
436074
166239
700222
519315
906696
861386
445706
28668
738815
315031
217434
22645
907452
435694
213828
865651
504839
927626
736718
232032
46616
974917
712088
79932
132243
93963
505385
335647
703714
127857
656020
853977
477614
857566
410502
577850
54714
289255
967343
733613
124956
761465
909131
907583
930648
5167
818316
276286
387418
633668
714662
650172
407888
46178
626871
726003
901410
346265
784848
917378
766223
789867
111716
40469
599013
54788
267660
239332
927324
352518
666100
215250
833232
206147
590310
6901
950938
609348
62961
409269
438666
822662
471861
401165
247554
912900
797390
562415
405042
111279
221531
60548
588907
941947
832938
565329
185570
570771
495873
307125
331204
903213
550731
820815
587056
809527
394526
672572
555222
599601
624805
823038
458346
118548
317615
53240
13764
991344
194835
897557
636247
487315
577597
487241
808908
18917
586266
657583
24826
120081
903260
342802
963780
277598
985962
738439
473040
148892
831591
337015
69151
173561
576286
312059
490254
696435
697031
560032
431784
125160
168184
568970
422565
167497
968875
778612
667012
735789
44392
960277
248384
485825
722447
629790
169906
172830
503300
571936
882243
551091
25271
759371
811723
665761
429006
731730
49035
17446
982898
634986
317187
562352
234291
906928
322609
139987
949721
148074
531304
343574
737736
867237
602761
101352
112783
230462
792608
28848
296717
579581
277853
439106
757184
695644
490413
844333
170475
635301
834356
209073
316451
214009
961578
177550
358327
36717
991119
469175
791354
418062
308364
402341
706415
601285
816872
984841
33295
904278
532707
173657
79609
540738
80178
754380
575095
970381
896920
471969
224936
941402
256030
636632
624400
460786
355951
524804
179001
941283
663058
88952
531971
713285
829764
918367
725199
135448
363953
801320
130116
119369
984271
539230
757436
868243
247255
138261
223759
553986
423329
742144
54330
282771
832028
727776
717547
572920
117415
168407
273195
927992
171534
546139
932904
135538
446244
678405
679774
790209
320121
81353
576418
990587
277048
657152
945291
446740
554528
123810
558397
878048
329821
979599
166995
32758
946498
667980
402152
385456
991909
680715
652802
855758
503000
272354
559388
507834
309759
202782
65039
124710
551955
730673
926812
663826
133106
643142
268440
167721
504736
504949
748021
836171
669278
314194
602985
365862
480677
963552
352764
422397
772863
114211
464499
798987
918979
289683
316436
132800
634283
542764
700118
118442
680595
114723
342503
823023
210320
494003
507801
92407
485931
814100
59498
892006
741433
69965
572398
577799
320152
195745
932379
745604
181384
107877
372657
824721
98723
542897
691076
202153
389755
729461
336487
581489
80526
303331
478071
447224
409128
406154
495681
409440
977942
362691
866065
454550
40386
578500
472216
890556
702320
675090
708665
702632
227796
787923
628848
886470
430157
116417
188063
991513
294914
903483
744439
855262
465560
733685
157247
272081
786253
824848
470916
569481
621428
70021
236574
811582
666253
321978
408986
98731
923840
835895
499273
988302
534710
466354
824484
765837
739988
496070
733594
516979
341397
292354
78200
225431
313283
706398
95860
664925
78866
194825
569814
51094
302681
724189
847300
814019
393710
820660
328936
217207
986396
14612
564160
605210
559683
199302
428161
516361
623053
264644
272489
780827
34953
221520
203040
207103
393061
881633
126346
909953
770316
180024
841900
950699
486554
482322
310968
183816
557496
46262
523127
224836
471641
484718
457809
170671
361168
946962
358972
700448
825291
489407
137151
897206
233328
5799
784674
927738
746962
771842
887668
521440
282640
780963
336056
622060
728650
450021
926445
56434
758337
514372
740025
620150
936202
326408
250481
991793
780399
207771
377224
383221
709603
798140
708113
101288
217631
972556
922418
964076
676125
5638
402343
130591
226992
437516
293232
721598
370238
918364
362009
81444
738652
771937
287588
425905
535876
134566
670996
748614
552117
254181
641944
533932
193575
245246
911763
376788
713194
201795
544644
793145
663706
751792
798743
655137
780865
767736
860487
721475
863369
680122
210222
790403
562332
276371
62890
489305
137178
430732
585838
167375
445686
809972
405922
700649
351854
480841
493304
32350
405541
45136
700813
82821
819614
783556
338743
689739
25111
135467
911601
279456
311424
487171
541792
137330
676886
506204
218433
812818
690785
11455
236274
916338
785990
394572
491993
576143
424969
95458
479733
994412
660580
230902
779327
661876
425340
866631
492540
146433
22214
723176
905378
756410
221622
168892
683876
626582
567071
77824
657884
82560
510572
582402
458965
557139
4729
978096
874162
804356
74575
685963
65213
369055
805306
911611
556560
460394
706249
623931
515034
599526
952482
753716
334158
525171
342143
277288
677230
162387
323593
995653
266608
776327
461711
583578
599178
136917
120547
917861
72671
612651
979729
293322
235526
949277
710845
134049
171699
900747
416536
789414
454916
364190
664446
478932
210026
747185
292976
974859
859698
616588
836009
941101
455279
18251
407199
12873
21958
803293
667799
172911
555798
946280
646885
463459
618689
762314
386943
284460
449116
357051
618941
36812
632623
377614
544816
735433
657577
653078
215964
965546
161251
438181
998803
760382
242063
431344
661551
891669
86973
641870
586859
349074
537353
650655
175390
614552
721829
242249
747990
636194
597503
130590
179021
1199
165454
650330
318987
620058
609790
774664
349399
570311
492662
79171
894491
892986
974914
736666
670227
663362
433890
569293
79409
923922
813614
737588
687633
158255
845156
828223
70356
578117
321936
428312
101339
6293
347095
683621
974882
477769
414239
582761
425590
911209
329374
494922
989908
64421
363518
997549
147168
815698
215082
318013
457983
269554
414200
732043
649297
829228
931251
671568
588558
141722
312707
824589
965756
500929
74299
875347
297226
329372
705920
560095
189197
756433
519825
813661
440340
886917
151350
832461
536169
919691
926281
509315
862375
633271
292379
651912
886963
317649
542405
448414
168280
725349
565325
791457
721987
103160
807857
859145
492440
160725
706771
327180
124078
990212
641792
727649
308718
240732
326302
50910
348611
277872
478898
399811
552062
39973
443788
970191
77578
77348
707856
85008
732678
469930
659041
228473
682372
902588
868139
930155
776798
717176
693709
137878
784560
63815
583202
569849
343605
563439
95339
643525
406785
152645
190426
748895
32792
381376
933757
693829
837162
985960
578949
137544
732844
479020
350195
930231
709396
984787
813982
789660
735089
512331
409699
297120
433316
365726
252713
916041
868479
370754
757455
646116
316408
603983
500149
130750
791881
459659
353060
72140
314088
598945
823387
666474
855198
75889
58679
733376
248583
435968
254270
507073
126181
472848
708744
660877
701920
860363
96522
101367
862
332505
144448
423328
524603
710993
733750
596226
318629
538059
862132
258377
414295
870100
794692
150875
805744
970299
283681
470457
458031
864072
644734
186365
328270
313932
594863
411139
590712
678676
999672
582436
597223
867575
959985
309918
508958
566351
978770
681167
766144
427652
885729
182624
432972
851460
87925
511743
749494
11407
847141
119620
216034
752942
550163
882549
845503
387331
494990
945829
7678
42684
91688
377399
593134
457505
333654
671616
519350
170957
41661
830026
898286
695546
657695
377845
481690
408757
190753
560889
473923
203184
1080
793862
323444
267510
859120
222604
937934
907193
925849
76439
64904
43783
649294
737106
872967
930011
560739
356332
548950
3344
64746
67799
96258
762097
768994
566317
125781
981675
684285
107821
109485
920420
526157
507876
387896
637348
78538
374567
763790
197489
943810
373308
495786
885818
576413
345177
763782
912105
769548
983172
276243
554715
643022
119961
330194
119532
533151
486634
464338
196139
506557
590337
443334
903597
595992
104576
517250
213245
933653
557546
161426
88369
890623
655098
895223
400151
177483
494449
862527
867599
610950
203565
268928
22386
149917
846133
92272
570416
551176
259089
904100
717624
602260
650518
149859
807184
501901
508288
243943
200260
113220
448951
558063
981243
536578
273076
818948
992805
991689
465277
585542
140688
908163
734796
707889
419802
562890
572686
131314
456705
315923
860807
310560
792982
315000
947026
287385
723024
437728
784774
127738
194621
836428
198069
321978
677267
454145
88654
32867
863589
822414
109154
633134
263793
426873
431044
758587
459414
948938
739081
959594
941347
793907
557486
852953
582346
682138
781977
260730
159027
948869
880760
203855
717229
16033
369542
823237
194687
690927
565868
425323
853533
958412
601476
463885
173366
23835
610488
495217
270378
580753
894089
964909
345881
366684
92076
808227
343063
275953
996814
729819
927547
892337
203001
625851
649110
341303
296974
68709
800513
451072
171570
36653
302672
492087
817862
847542
140899
915805
838158
635816
823706
516562
620211
778511
958824
716994
280995
26195
43969
176303
199126
304272
70829
257238
360492
441297
598079
859073
46322
333038
743646
330729
857860
947903
85186
411269
912332
394940
193659
294259
62952
52147
355755
974146
709866
379108
932756
787034
850937
288252
191436
391496
742100
733101
761549
849130
844343
791142
716393
925555
273046
978356
653274
561948
433990
90613
367480
173608
584443
133812
283331
707601
210412
803110
433760
619476
367891
321920
168545
550678
617808
941747
438589
763506
551277
945797
109599
834784
223612
274573
998681
368835
558237
753611
926137
6863
889692
464802
765620
636244
999223
94322
362623
625644
64253
426582
921597
67773
469585
834615
255571
210668
69774
748043
308183
132063
220293
490414
911270
699884
344225
443227
416404
825891
834732
348039
524351
480436
640682
892506
905596
533503
781603
424138
177075
255223
152702
558550
202055
462705
590345
391133
399085
471375
128918
267864
894878
721475
888511
855738
82663
616194
658313
238883
532574
806664
95974
777083
147631
856193
340052
532337
833876
146331
441636
513232
612003
799718
374549
105019
233921
104484
509087
701445
436276
654771
931467
231407
517655
917140
387647
255871
675750
607191
876760
44153
116537
96165
358384
87869
848782
82281
448319
27709
249023
101532
612573
131864
623826
675373
179045
28632
480047
319625
287029
826373
355820
761164
753939
27492
515140
683012
301098
200783
774887
188573
752178
898674
624555
171055
808365
27935
572640
849697
16525
801615
747136
911800
301491
192758
759237
720576
1874
204417
23061
183381
147314
479407
840729
53006
376081
726537
762155
434183
161443
594688
557742
290890
414010
720737
65975
568730
686466
804599
942056
818011
613539
599549
273886
612833
534537
297534
840512
558163
673216
21067
68408
98299
733752
68056
831038
903598
204200
575412
558096
615826
44303
587684
458686
624337
88790
432795
964129
754521
486994
454743
712620
944205
466405
728026
623066
559499
367556
587203
75143
754458
179987
920522
282203
807216
137708
503957
109793
914142
798590
287737
105717
959257
463890
987920
790940
456486
405225
641459
572014
6817
731266
821588
859950
721833
908407
795963
559994
417196
971207
925979
462429
647690
302063
264848
869250
98856
918577
39928
490628
34068
612278
28075
361760
287760
985039
845272
791308
701373
829719
286781
149985
153125
154421
527426
270323
719525
360318
413299
638593
828597
885239
160216
591688
620310
184439
43315
518578
13271
892395
39318
930540
47811
231988
740638
125141
836010
202347
759056
156369
388811
810628
264270
661758
905819
982224
618741
743743
513460
135708
778007
126963
144797
994423
390544
770122
877170
234321
4871
605486
805296
783231
804995
276956
744735
699612
949863
751702
53852
468489
193739
615729
608578
281876
597945
819849
81525
523318
756353
436821
272010
877559
187641
914069
995350
608236
351829
927848
667602
470496
630815
261114
309736
740817
693459
874586
95772
434001
29401
786409
570842
473294
518687
767790
154968
424363
488018
196487
903847
949580
45242
134458
316124
269873
21040
786538
791893
262202
610108
467045
209578
230345
434767
214874
580914
270020
321305
519144
374831
233273
622856
738449
30679
55645
252127
148813
842432
106861
7726
651259
607975
326518
794932
59442
946332
347887
579149
137526
619726
204740
30873
888263
377903
263726
233644
504403
483011
895741
671275
976523
319626
262967
81993
610258
635464
284378
316574
80850
358062
715518
93025
242473
743078
864471
50370
929089
565632
115990
945063
333118
128372
442158
580672
230032
61779
700852
98761
860264
554767
854111
774300
561414
524707
320943
442224
667569
108896
33643
531186
40385
752470
597442
795902
618774
743899
485267
118778
615211
618043
313288
670479
256068
679292
116317
236549
965509
933580
956095
408762
572637
759561
421007
62207
732319
4717
957317
997327
126897
205781
16562
246381
969373
180076
958302
667033
796357
69304
413455
154414
436659
437505
872427
997723
958031
107033
924085
392316
614313
337933
989427
66324
549110
58918
364976
74409
164248
22556
773021
378749
207958
869400
476883
633636
688747
597924
792244
532871
834682
871666
246511
870131
186015
716230
75105
391838
358304
123072
255001
307257
778690
493898
954740
653163
756344
871386
4775
286191
484982
506020
318684
685067
914213
771680
855283
986731
541743
812019
782185
853019
544953
4285
598678
339550
690737
46910
949904
608237
698236
496613
468845
502607
960274
13687
722150
526801
885542
354840
293208
578403
809149
278394
41316
730511
145632
468511
48245
972502
688749
867724
846881
472041
64391
141388
60265
344257
173869
84381
850459
70427
9448
714556
473175
363988
284830
989192
336238
143068
918148
541461
152742
90394
648433
328464
249562
245532
859725
617738
125246
598713
828200
336739
494848
467910
848807
752532
279627
360689
149209
101272
243237
365053
723240
967480
211832
946330
523946
558578
799214
320352
464407
779781
804725
616232
390677
476252
290274
229127
728304
681492
220274
811304
372773
111660
923179
845829
694493
156872
975073
542978
501559
359330
642964
916198
973694
778318
616951
213686
442938
138791
339083
409456
904034
192923
735914
318753
834991
12753
645536
834979
809803
691186
848948
776055
986216
351835
923204
975867
113006
980893
389582
894536
297676
325679
306699
326058
943856
597297
504629
899773
60177
745693
970026
208992
332457
698636
273065
601369
746689
702691
241016
147717
200996
529560
850920
658810
869813
485860
949296
614331
153501
597895
322615
919255
102428
122995
140974
927582
323841
882966
254233
156225
199924
470663
956013
368133
374577
725388
860245
166883
370127
375750
223823
369088
155198
308090
855987
900804
180560
45244
59924
414233
676078
69050
539327
10498
607403
406370
269472
487125
524597
84081
660292
115927
825767
234137
697465
116658
705980
941198
682578
332181
124895
299054
402631
83560
310686
679691
211961
600107
133564
358486
570898
954090
556325
98921
756875
188895
313788
957744
813767
602724
323729
394997
404509
531475
896494
211976
37491
769788
990736
64071
737989
111682
645427
170831
157317
97362
738438
795839
148829
617089
981438
174438
515472
124993
340871
329033
557182
159680
396884
674322
850950
252382
816023
91799
667654
328712
322701
669574
343997
756534
75697
463147
739026
778685
3984
829918
108974
291537
681852
715340
757508
367771
63450
80672
267568
748595
317783
227661
262333
300603
722999
856314
617025
37975
345102
223691
74147
300812
27591
403401
625853
390132
503265
547117
299164
973467
375162
651854
612260
564794
148484
424804
204881
112270
117204
367480
37272
873491
521625
448490
383595
354914
531625
757854
952604
160932
125303
688901
580313
299186
559457
590275
875861
63883
280678
74178
112712
642097
236597
177171
589900
306720
62944
343484
377896
512876
823599
850402
562154
400630
186065
72916
934957
538570
237294
535345
281787
446360
8216
731256
728011
885069
873759
629610
447787
287182
614915
765598
804729
103761
174724
393569
673163
928088
918998
341703
116783
334410
548913
327699
638156
354415
98436
452030
352999
901575
478473
524391
480514
648008
808628
886680
940062
26995
601477
171377
758306
81554
289661
324468
839956
916112
612269
217580
717187
986932
894697
407162
491783
217980
287452
708925
297249
999186
499957
415901
732220
201645
638975
652533
794453
448839
291471
284955
566582
422454
519766
391757
343133
282282
942486
758073
167164
705602
108082
630120
622298
691851
532126
726729
119959
662421
415797
843862
857356
568692
208041
500773
281169
868496
812628
474893
162712
29865
332654
434099
38518
152876
508888
454512
885250
618282
565844
490976
209942
671931
291288
175050
366643
328110
363831
350695
525505
144555
447
244561
200819
389992
964130
158025
479561
480452
44236
763877
911215
432707
511955
810964
223043
479143
711437
965327
48244
344743
522747
527007
338181
246799
589794
849989
606449
733939
940346
436041
540137
316305
982464
802082
277945
71298
421862
948350
521608
495197
79210
525552
564478
974057
141444
516212
500608
715708
694201
833887
798102
425076
590029
205735
6126
910417
691221
556364
356794
346798
680491
941347
746996
536858
464570
232829
871809
116951
262648
684984
427635
394734
553012
831714
445289
519277
78789
670085
363985
950911
681506
194323
948366
945510
549008
40559
436533
456663
994422
876309
690928
816178
246668
966120
997317
252764
293490
486871
300721
606331
213213
13098
892846
502733
427628
13231
294676
742501
459737
872571
837084
460356
52810
962335
808191
78992
934535
700329
69501
605299
15431
827028
69177
120979
906467
992717
454273
843881
293804
598434
87596
750848
961624
69065
967900
863244
31383
538251
941411
180453
797251
920716
30210
31903
682870
58231
53773
150918
200631
7178
328490
160955
914828
170939
235448
867878
451955
321734
644172
866326
797035
753108
116054
96637
975277
510473
829474
726401
796728
833450
664763
403584
934410
655721
769834
336547
127914
77327
22812
384989
109922
176005
863585
682689
979531
441663
710608
381694
7168
409990
616585
597752
273204
895328
982355
56259
413600
142365
415331
513726
85013
371905
319358
980938
396655
936393
561013
890790
621674
77212
461264
685481
506958
521104
497478
405978
127878
689301
755367
722031
491407
787522
628188
626785
839372
101626
154183
53416
230134
816122
149380
70296
774640
638595
153297
398808
597816
840478
526218
450426
499194
132497
111372
99644
348030
822684
230460
453274
81730
392496
577184
844750
872611
73389
321066
679398
288884
945110
743510
545727
983793
22676
47593
331107
419854
264419
741208
420285
961832
959645
709515
414069
848733
751713
170230
832876
533111
225952
882727
68053
881987
540740
457631
689710
658304
956029
39191
489435
513971
625705
249828
758621
323160
856478
462964
561715
42098
201367
806776
398605
316483
406010
906204
887017
107800
865474
171377
976717
674172
898190
246636
817311
554765
465221
123784
511460
143915
690660
123014
487827
547148
575269
433813
486613
114540
895821
564172
823772
688226
787
963987
965981
333646
977704
243362
624043
469039
774887
253281
724210
436689
603931
523439
235788
251811
872615
941951
489027
415014
757462
211420
856100
381506
861184
965133
449084
406579
231893
133139
949426
523168
518345
511375
676225
78028
388828
351232
469008
517669
154885
269098
298095
464698
5434
688211
889584
959818
496607
2600
291232
8823
389640
234364
562081
860762
548461
913264
615333
326064
767017
449133
995337
624049
467374
46862
88267
249601
920074
834587
582186
940416
566862
381425
980825
395388
946656
622909
528671
200326
952351
478567
143118
525858
811310
282059
210845
60760
409376
397986
855204
908391
112574
524479
499892
472281
719031
135606
738065
50866
355749
753175
739278
367874
379064
916568
177539
810074
495233
661264
495276
782171
921245
841760
44129
737321
828924
648492
361518
577215
977165
566535
886030
506397
501384
73965
89225
532636
418135
380201
67751
2529
439586
434839
679759
641200
327093
285572
744385
954584
418896
483569
802925
577228
793356
869495
69166
675346
648869
333252
724710
272212
45352
312195
930678
806805
489082
123290
919130
497597
9346
478477
341280
678357
715060
265023
461507
441166
482171
33945
800744
748859
387202
357891
20404
348703
254624
509328
977992
735329
564958
135926
662298
574108
543845
286842
541105
719379
866185
932970
400381
716801
464556
683652
321104
290319
270032
390709
250301
210719
310461
572603
159628
696773
673099
763883
211926
20950
364429
566223
267267
826520
323034
757863
796766
621721
697145
171280
780178
259227
842792
77635
825348
291756
904265
735732
29452
62100
931306
368026
893585
439912
140143
70222
987263
438012
63454
330317
198568
649014
447111
699160
367412
887549
420878
496507
210310
510991
690135
76010
536302
236402
829516
422534
794372
257538
1934
777023
885095
649129
232694
593492
85714
309741
654150
379639
499095
330980
753073
671564
555772
666178
604675
272783
733039
64659
438062
979796
367974
353220
165043
10474
679959
134875
654569
575577
961681
495175
782317
673483
793910
699794
61927
391495
62741
149298
535924
707416
237800
128703
447669
86860
186855
478400
527091
453080
725383
771230
46382
362329
695954
501178
578817
737461
836708
53530
246259
818336
195519
698302
555612
803835
549516
77649
401201
303638
306927
284539
846511
899222
485829
104019
450337
27698
214333
271346
309325
288919
773840
762851
403073
208748
655006
972342
940725
245040
67494
52
333405
94334
410658
135916
925454
319922
351229
159404
779274
936230
264434
602251
718186
821206
456194
496675
473319
75170
61713
582557
245828
423153
845854
289893
93788
773489
730654
170812
992131
185405
616371
697771
545756
861848
945934
469397
900023
809430
566686
212134
333540
591386
138163
152808
295769
906234
741684
631732
949627
136383
238649
249733
435532
338632
744966
134824
752690
935053
754981
708239
152032
316801
16479
778117
15971
69393
65110
202109
429835
946186
611778
558851
132724
38039
562950
919060
314608
345191
803950
490697
488210
85421
251144
993325
11482
201089
651804
694320
519736
108388
628873
72501
551935
10465
845181
453318
545127
930318
486416
895847
179455
640946
526206
692488
527789
419393
519423
9555
155171
926786
204677
568422
894368
172433
411345
473371
180960
236929
74995
625986
207778
779097
88412
879024
607572
695231
870177
542000
138972
401843
551758
438104
307653
467186
699045
47415
279812
849338
64818
214123
436199
6061
229452
921103
431833
909967
157930
882513
726740
805994
979615
376353
921315
466705
577395
453509
908883
399873
713952
524105
976886
430499
424614
461716
768915
816302
355339
13719
814189
243433
171635
303902
535406
56014
900887
728969
872112
211082
727013
595028
547752
394785
292852
273489
705200
858799
811170
95416
548720
265801
458253
948693
45928
352962
993002
527903
721500
680649
643653
445481
571931
642608
128533
759153
197806
962375
384443
435606
530778
488359
399063
770279
981010
788299
234375
148055
259453
374232
610110
476620
704415
26685
414076
387414
560422
128693
88559
363581
104020
198697
386534
797363
134467
451315
401902
888680
587930
385150
652683
951037
607371
455625
645397
110288
744709
776778
827692
322742
200381
380847
31961
917062
854293
621951
53698
191826
883110
760672
672329
763953
475183
893425
595459
16824
445529
619351
477904
82695
946022
281558
91292
915071
766966
923285
752561
22673
662582
975684
883382
842738
322405
874969
133576
697450
985412
228149
369843
763660
624282
900774
754892
680192
381793
574725
648687
803004
675728
189056
910481
653521
557318
44786
527041
991714
770640
459886
829952
388655
976727
147867
163321
845647
922537
233657
867998
765308
632482
260674
266081
276104
333687
257707
86988
939694
793694
967753
455614
366532
315037
269841
604547
842444
972462
320504
968590
256553
249484
785657
975189
350894
925342
737077
369610
819602
158268
10484
127281
510784
391650
87689
825314
260875
632048
738644
911517
151423
66971
554338
643781
392466
875252
508911
435963
316282
24659
922827
867352
647896
494816
614041
142854
542865
490685
772852
478012
66238
468115
804077
469716
354041
651000
1840
773002
679000
320890
229893
773459
727478
104907
623986
634263
471468
754952
891197
590349
281055
999848
944398
574834
961843
973694
872371
654630
50654
928298
601214
863395
822935
443810
621129
378330
984173
377688
904154
687660
988211
448329
274785
358466
540697
367330
472542
994441
897622
328910
970079
205965
732545
701728
900519
418161
878399
278874
690667
609033
620055
237528
921334
122516
786146
346908
344876
850969
860638
638135
441963
955164
916065
967632
259789
618301
345642
208532
326794
489838
320019
69178
623547
317199
774882
120753
649145
324904
145983
902185
318628
219970
726913
191291
197055
401378
195873
77046
632633
939875
431632
142151
564678
437615
524004
122820
563244
146970
737517
998165
514842
831579
277350
21439
561266
422247
526984
997967
344936
615147
182520
827871
392514
702054
311008
176328
825343
354530
935706
235556
565972
622861
33225
3774
762513
435064
879042
106905
277731
39915
260008
152473
780658
959394
618966
214930
389802
547625
64308
58220
71064
408271
933037
14768
64810
502986
373175
559985
163225
445415
514129
706137
599138
623980
54475
558735
690351
780044
336511
414466
280597
422149
279965
850389
811703
732826
259876
493031
10503
904168
79277
40125
603180
66152
13025
247503
385664
566336
366795
31020
409776
623941
708552
781834
743751
598482
234267
398638
827396
872126
692061
466868
878119
975804
978322
8843
576212
338582
695665
26477
876346
27958
395383
334794
930952
722779
680304
743335
588573
772640
237996
281194
214289
57925
260011
698918
750932
289533
912719
750900
198114
846626
833699
863228
652965
329865
627650
887571
950119
257903
844133
449534
282929
930002
948365
785749
452165
863836
560521
458307
561205
533498
532516
508202
630879
952652
698095
537763
784901
191541
628071
216739
308621
307921
857666
663225
806162
558982
74779
754228
907364
30515
677751
481633
487331
687558
512499
821169
124595
779242
866764
887353
536092
253917
42763
159252
468097
703903
88267
19235
834875
642758
508392
17589
411090
204911
875718
352001
667671
355343
641787
497168
959137
671015
611162
530872
550370
573782
114077
420802
331941
875784
708526
779373
610470
710668
819154
851468
254669
14020
209266
325514
213385
332597
18504
615246
739334
138815
712802
752249
82954
696358
425174
685644
411249
180110
625219
334695
945283
756677
74751
224236
648495
239227
771234
559426
553383
997517
212206
172918
679895
622526
299034
391995
107651
328326
729146
936082
670332
128837
353612
853125
174654
331472
708129
267277
559529
189804
62181
317651
831514
992537
283213
528403
784806
796933
810205
413597
168178
693282
936980
58038
451826
320529
986228
826395
673212
826621
589425
104165
101192
329029
468726
965064
744391
389585
503374
540533
2524
266118
772726
89056
210875
805652
809212
126364
89565
24428
837203
818401
910877
17039
402423
858032
561906
944514
640695
838669
946249
844062
354020
272107
475263
323523
438868
608294
88760
746413
329939
307562
617119
258335
781735
109809
773306
804923
59583
82025
408040
781107
839543
256563
211898
555674
563786
848072
345068
516500
302933
178294
800063
562604
96260
324168
682868
676548
364379
524036
102182
867815
932963
171214
200517
854843
338607
499114
592299
166610
603658
313439
620636
75423
126399
573559
406495
560325
203459
527586
848179
683723
548867
664122
138480
352364
359622
775201
94844
675275
89151
164678
728550
543876
688370
143239
356898
636446
773760
141168
58977
541404
180945
210146
315981
573683
240348
324303
983006
102613
636758
710178
928540
853740
646197
787003
100721
547490
493215
476440
888938
196637
78964
561359
732426
968136
950580
880311
985035
950732
386831
186471
84082
774815
123464
477334
595085
489267
528837
342370
505228
995982
427893
504748
726138
661753
868062
741472
601302
481106
43906
549842
574418
348733
961453
801348
884455
838391
601438
67716
494227
669450
206479
114738
22256
470109
829539
14048
362866
600995
797228
397458
754493
60468
916438
20836
931361
518904
745459
661003
783283
593471
299747
678323
325897
203502
306015
948232
302801
286293
25826
692497
653903
799644
232822
577974
544113
880922
201303
469154
979664
462600
974597
362819
545861
472714
852075
514222
361062
689005
542375
733280
355612
511791
504502
461024
966306
787639
581693
342976
823260
148645
837558
784385
171537
494148
355253
190678
968967
195484
166358
511233
269306
381604
508294
634458
280376
204693
839850
838511
715612
766362
924399
519044
425573
974308
674415
320699
308146
713817
34877
125775
107164
812780
901133
13498
420592
464904
530883
329143
774279
568742
581398
612706
789060
785534
803937
27579
687786
416857
795590
591689
422296
231109
144383
183643
502753
922274
537026
828969
78476
521114
966992
393498
98085
821870
750939
984735
347710
664811
572946
714364
434950
676923
834442
613287
717763
357527
714314
408457
338031
390938
826291
797601
914413
471025
774410
866760
194342
338095
621284
165455
267588
204797
513773
225092
765387
923503
339028
610964
529935
437809
36311
585802
472022
791072
149158
732277
744202
493877
237239
287208
277786
547996
55269
249691
545775
848163
856709
513903
490183
251341
920648
478415
28719
389895
20742
858930
294689
41714
435053
830077
509303
35615
909189
527940
347595
634649
300383
425585
737198
80027
680538
178685
919425
391650
421329
226140
555379
133853
313444
846070
222807
589058
321953
862927
485089
792250
724048
574599
467069
626876
34648
982589
662987
955511
303825
567567
52795
112937
900903
273341
383234
39437
585063
407916
636790
634673
291881
96198
536652
602981
160987
823870
215339
481360
476454
756913
153388
192540
994814
439208
550577
994449
1739
271482
350815
677504
953391
374799
541945
793813
583092
934271
991322
266320
565779
134616
64335
669005
762659
650750
505935
45695
466717
602669
506263
156603
502024
405659
692838
795888
536005
110969
315090
878069
39417
144215
729158
320635
773266
604007
827097
940194
882616
974041
494347
782183
910866
985766
619422
735482
156914
840425
508239
274861
626654
145703
713008
128329
643900
325935
852451
104443
593753
507293
75828
135020
992854
658872
678676
51502
646767
985659
82286
548561
369833
47793
905064
792598
164312
711033
211640
469691
80394
786985
305888
100021
418324
811855
635912
37180
668470
805907
129398
593792
55789
111928
958316
116985
415382
739777
12894
510044
758906
492656
113806
619049
515962
891242
33990
902369
950168
544374
142577
663893
453791
620516
473623
444250
858097
503306
902899
300953
830059
371945
272755
33155
629750
662959
512140
644129
532013
933590
767927
536585
318118
290282
101835
915245
937760
992999
243704
427149
649479
72128
839773
823308
872038
753404
838215
731297
801065
853243
370887
321508
570766
323927
883887
962248
392232
865382
160617
226216
982480
87579
256691
719930
695208
244300
126330
341088
697101
199374
817874
601821
547801
807292
68560
3876
555537
267543
128325
30092
443506
940743
18839
146977
662483
237440
862205
877332
450423
484544
548310
821650
863601
12020
204263
959281
335796
663610
898864
454663
560822
680258
981161
81557
606465
819341
592542
928033
79190
320087
968868
436833
887998
627474
662967
43667
212782
985416
111089
155690
360022
144033
626345
876258
132934
515717
131366
749108
384317
699161
860479
500966
864528
441958
50192
757882
384308
972120
893723
865606
242408
309602
216440
665380
774657
290750
679930
137727
112979
824786
827552
558478
819257
857263
119221
899997
279042
556466
884421
412423
885304
428365
936444
65216
205838
874080
104604
351055
968677
282689
661402
374488
135163
831835
475734
489687
975025
825586
970422
384745
702903
420804
248286
537412
472022
681739
827533
774344
902105
117472
381015
253229
114457
563065
238779
375963
905124
686739
403616
931928
89609
339179
922481
642907
926787
43045
604177
845504
704896
428624
479805
190869
525004
452737
430397
87121
85215
852315
279495
695716
946687
264113
534640
944810
748627
875714
262159
65209
132166
201955
773617
991193
341396
937722
554994
822291
334452
231206
332158
685986
830626
167420
475492
780102
844232
189933
939476
950392
351560
840899
636597
235128
459305
443018
198629
418946
2075
249099
191118
192799
931112
519028
290337
732439
292986
712979
246834
961732
716291
860161
838768
627393
78029
397019
381375
762178
995614
100204
670452
820029
354055
411495
595244
615622
30857
412431
583690
121785
19877
476985
700619
211472
362303
132201
350279
683669
647278
438682
903110
900337
73122
305306
992188
832354
369330
863761
270883
446603
791938
944930
444979
442661
499278
281577
862657
105939
51285
447589
80177
476308
917476
622895
671705
614418
476989
840552
102132
81687
413157
870834
596800
695775
896839
964116
29237
585096
128136
787201
531553
775526
111976
939186
872421
202803
850705
968112
824966
50211
328960
726446
423152
522134
528333
162514
80398
621607
56088
724628
783806
222114
257234
326335
869941
657874
574565
287125
899567
718711
261505
14800
704592
166294
967044
882242
372892
27115
963590
17886
142416
144698
587710
892303
909339
565699
666900
684230
834364
32276
501955
702737
804985
353336
966442
222503
94457
271245
221232
954816
81727
668980
881106
671073
881475
358369
42443
320373
594735
899730
799710
324375
53107
703388
616003
313133
956869
556832
263212
340590
652024
18077
690418
866563
415160
666911
377761
286603
183520
272022
871709
40377
998456
412929
446767
461272
340942
588169
390192
196399
346863
148714
398416
763520
701954
752396
908227
99562
135170
24752
980106
472366
889430
729542
812314
847374
437327
348251
131370
922513
878909
777135
683102
351076
420206
484900
649099
306011
775748
29907
178406
596949
990962
761849
725646
530492
80083
662287
507187
754155
119399
158711
636641
820011
540394
810514
207981
314390
652563
174702
825530
600221
388902
724317
143785
820901
16950
910049
969243
859339
178043
786371
304547
371977
446668
120707
893709
213616
538489
511081
207878
95701
533255
29818
114150
5833
569928
562374
322081
732672
381079
690270
347717
886098
85806
626276
30960
401952
381860
797114
239314
161551
863557
276508
836379
884720
944015
149578
395521
601984
330375
501534
93295
782090
749047
892092
133901
636267
969988
212454
971496
573294
485231
895023
803711
143189
554024
668295
87529
137913
686922
201461
716454
757193
670776
754724
349504
732014
617810
915412
291357
713871
407635
690865
366116
624560
674249
141057
517386
27701
115826
799542
282616
397509
183472
576547
590235
159690
730473
407435
800327
285332
745022
680086
772040
464157
331622
448989
158023
45991
169382
158948
410070
558850
533423
643943
512408
598634
815444
384269
285520
264972
910054
549113
72516
295081
351662
607040
902029
127315
330118
462325
995774
937109
351124
698655
29103
509872
820900
223116
925413
602623
952033
760511
888351
669756
746992
46084
761216
999259
426858
169380
175060
138132
612851
996469
736000
229310
537211
398793
127755
547863
945617
255494
569603
824608
899103
214166
533133
998437
138886
47156
168525
256923
640215
718759
953390
852001
759082
141196
876174
809001
1695
693323
608393
640816
557999
534188
125601
834345
493294
808962
516807
842488
883039
779013
321416
589273
375795
527870
632727
32289
425504
991963
560051
86877
773338
802466
363700
88279
470641
613186
824760
373942
200903
914310
80548
732421
620460
191139
2841
504716
876824
751792
734965
405530
122628
445365
217667
814629
532581
862875
599296
328328
24006
842563
771275
282282
399681
74995
93352
307775
520217
841772
99696
63720
739191
448727
836057
629174
308160
417565
351646
937164
80975
194710
723659
589986
146452
314457
530535
847910
15944
728370
603773
939517
392588
425009
531529
905830
143965
895583
772476
729024
569142
666956
565164
886434
643075
870852
224668
457128
834237
487264
910179
481038
616998
345528
546171
941300
825699
569398
503336
512897
642865
975814
432386
405540
932805
552041
678881
719222
244228
662505
305765
165371
451868
397095
987871
87688
15229
993680
568928
819582
362552
971246
983068
39092
212338
387034
406649
748339
109444
753936
891834
96026
86131
739867
494019
623394
764039
460207
41992
12348
724938
392789
279958
289623
162207
841984
929406
155453
687228
741887
423193
889949
488389
442956
955709
162403
425350
206465
590651
169731
289421
873130
999377
223702
868002
875061
697459
48923
283940
120518
666033
13854
310466
749479
261
828597
639314
687645
421563
260007
698705
816598
279101
222824
23224
444286
187066
179328
394551
705072
840115
932105
229777
124873
136994
529239
567571
408025
489414
650994
256690
40563
549647
657598
89280
421796
832099
913084
422283
314368
35659
681449
442898
272407
531646
221316
145509
493831
924679
133037
300696
298795
388245
152745
525667
109106
479199
563842
885529
99914
729714
229323
170883
70970
627864
544962
467545
600015
269927
677838
137180
54574
669411
737703
991443
402569
186065
806228
110239
225133
794393
622288
250813
188343
592342
766854
528728
569766
475582
209788
537097
246412
890793
1292
608876
703327
167936
746700
775328
770540
664195
82383
787290
665003
760502
569285
52839
85485
498281
192445
455356
567154
697827
97931
554939
82007
161130
562885
46661
196204
43634
272231
420598
784164
512608
388886
402113
692581
156409
833346
711273
442176
224428
465508
941210
500346
217720
359143
110178
890313
552379
965283
832335
54747
317273
415492
261285
73423
430981
371529
778876
440967
448175
958761
548788
602069
432778
270864
765206
301714
837496
130694
858121
905165
229525
869617
658734
835809
778781
670897
323352
774688
287995
67817
686443
697707
577391
425245
665872
873955
334746
699255
328146
815290
798505
668388
870296
642659
370268
402331
830463
1704
922546
301950
265620
790618
481459
517017
380011
727586
20313
542279
479710
247222
301212
317107
142950
496168
34457
334716
178703
527064
386782
777138
177243
331786
781205
635582
272053
724690
604426
685086
514000
983084
369050
220365
777244
695400
449850
88768
454373
702146
408993
631565
774600
965520
775251
765991
710290
965524
967691
10564
968182
84849
844229
341663
110763
294011
206885
851033
569952
57703
301895
670779
298653
802657
863460
423254
685943
672829
692637
769931
763248
950725
939432
831783
91305
602736
53844
913894
738244
340404
750970
667353
60186
479154
884482
314465
20182
396752
465551
353819
582380
157669
160904
980246
479290
423565
389892
569087
551929
625307
418577
835742
917343
319918
329569
741689
594517
666012
893458
57558
242128
304524
893913
463006
764430
838496
958922
442973
768559
460623
24838
800294
708334
840144
801537
890260
161402
292402
404526
541355
800437
242633
358538
265820
998856
291138
770114
186279
503073
165208
456322
261851
220362
883231
43227
932089
973735
32254
162832
643767
987532
157242
287806
953440
588408
614509
604197
254680
401971
227925
194007
261182
30591
260488
360379
317546
459709
756165
747838
143125
398240
102695
753368
52248
632390
763827
424502
809421
306936
13520
846985
823186
319487
303318
944555
350828
852129
606654
548777
789255
907383
412218
872241
342939
555180
748254
580057
996651
532116
330619
971978
652839
423846
427917
24199
276466
320920
491146
891422
371390
673750
3674
598249
433362
592030
79910
265153
958445
366394
562633
149185
527301
455387
873316
430386
105768
782351
717006
592536
166852
311519
12584
309080
586306
923848
296654
534276
73292
398292
960105
448133
905967
617875
573729
592676
54556
503035
500464
722869
519497
537562
733586
421280
220789
521267
775960
457933
519304
631997
338588
582571
7640
253748
699279
370014
977800
520793
213294
727363
108683
289741
718099
150112
929350
147462
756712
833965
680212
721643
91446
336697
823651
212754
325276
848059
846907
333715
818266
113206
381407
990281
419469
291783
78412
991717
179701
556366
280286
82670
92274
860599
886354
659033
662478
805220
367782
245696
867507
600889
930205
532546
403517
598915
769375
602104
959722
927301
125436
847503
83694
921569
299281
551687
871204
241824
632643
566343
952606
759006
539433
679706
137117
994837
809286
474634
96924
824324
551411
999575
255623
427259
97627
798100
898825
121926
183200
734815
537923
