532727
517801
105517
483320
511407
616314
334674
972701
412064
439692
139255
594208
797561
722243
159502
865313
540000
261640
115452
716386
808993
783682
407992
850672
305731
91051
849697
838298
203751
577816
312147
874444
934035
794561
248634
826110
946959
366202
642312
674557
859119
894410
642945
966164
780849
309866
839923
694423
724796
371036
261444
10123
811145
518948
690403
780021
851741
360039
175329
659966
398836
728095
440920
148799
390010
365689
713993
297839
379954
293388
420804
171174
446202
370613
745216
945549
173541
884435
766091
925797
73160
745948
716891
512240
609617
190874
701890
394175
316304
255238
872512
86041
567258
240767
434162
51333
683202
888231
258345
798901
267336
780251
223382
507599
192014
98124
676768
935960
922565
582271
609944
258047
468903
194461
556164
433924
194205
499639
630616
841347
996096
955483
233091
598049
304188
35723
637028
385682
232209
914912
12573
138244
874035
693051
643328
510827
81106
832483
991527
525930
888180
570368
864800
924123
673853
10291
423812
291003
492304
312784
505385
968053
4816
129209
373165
387849
361472
439896
778675
936025
581192
397112
862378
462224
939673
276289
891593
749167
578215
861838
10711
641846
672661
561069
824742
434155
256815
700146
200544
915657
980432
35832
679993
638088
431396
240629
299268
232261
44552
506105
492130
290319
672462
434307
925396
858318
324316
542400
490290
82191
56948
874785
336117
877743
912910
722263
982318
656356
226977
546990
112473
764003
152513
649283
753100
854257
703522
672868
173386
840842
221754
462978
443509
421543
727109
148565
629919
707376
152994
100621
756289
309502
435482
967024
818692
136459
572673
975125
520957
108601
950070
940347
731126
523004
4997
539334
436519
882532
153003
958936
2308
647562
80185
815752
492272
670679
181201
360514
169743
173420
625933
585083
456953
234993
754240
404750
953162
781821
335956
329976
480406
908191
89106
509805
900346
111367
378753
315093
597389
760724
721061
25894
74870
755515
912232
512735
526231
553105
197335
324958
691431
343861
360259
685598
739614
928028
215304
945105
826057
520442
42
805910
147709
448650
671259
287191
553960
848954
932249
517634
379587
195126
832756
416034
954339
260112
550573
213593
164079
966729
362554
849724
341356
703487
299303
163211
913076
400114
39894
266187
391686
794548
708071
610562
637558
447277
401330
926671
911301
634632
291633
348259
597131
423422
411323
103008
473425
110845
513643
237772
198075
641780
961631
474162
397986
677118
284188
435733
757568
380392
525967
699410
432325
453473
540975
99857
83718
7165
166782
469863
628885
776294
962925
608716
526955
916511
192479
317684
964290
998710
734214
65676
2368
123142
887658
998162
525581
891558
996808
180753
333893
572018
956567
907896
715529
387123
752741
481558
85232
49966
887456
332405
329947
731206
937457
889552
6375
46606
982403
772721
942139
782191
416674
36332
517952
830835
29886
587185
851504
702444
793998
123090
353736
7363
806417
867218
352023
19872
750575
684326
861817
893939
942399
253771
508381
662046
412258
355971
544385
175999
862860
125805
507456
291741
542819
983360
785025
783854
11455
646052
295761
276866
233234
708909
369291
433168
184801
472052
448820
602907
45424
552340
533219
653697
6780
370430
392285
256096
850850
749114
672255
97637
274589
743483
718164
287282
604460
779996
666439
369451
724498
915901
338610
522654
103991
898869
203924
147341
223852
667186
897505
14169
136716
689076
42356
687116
884158
317666
181920
909186
609942
50248
209828
961781
564187
121902
131388
826916
788323
175254
340564
259424
313243
307217
164312
89779
85219
593214
169446
29229
23254
884320
425061
873100
530983
724763
464047
543815
428711
101899
698218
238199
390179
811329
967348
554467
892905
353435
962300
723238
2219
990079
181486
888191
438141
276148
151750
669365
875769
946973
459014
923429
605762
3218
361603
548521
694693
4060
212249
313639
233883
223693
438398
860211
285483
730234
715828
996642
157996
439511
699992
861804
869864
768173
990360
561533
406237
198522
159426
848472
663517
415205
842999
733416
76309
69596
88894
481317
977450
926348
181940
960351
509119
832892
976737
49259
558355
794247
592935
925927
694216
845556
20308
254379
534270
172339
352470
94413
229726
607286
830286
844241
224051
172010
24125
901420
79346
53713
205787
47411
731034
608126
953030
735205
337462
454572
935960
143377
693632
249978
391889
968229
85984
418503
57587
307157
364370
384550
574381
177572
419941
976702
116079
695698
136031
808641
459100
81762
8830
300295
505246
121095
653529
616262
699987
379499
441381
779824
107556
345627
47380
527081
671415
273746
177944
899236
973370
889184
117382
251545
648672
175094
807637
951717
108969
433041
528005
274557
94233
651393
679964
666320
504778
662293
525515
219577
777949
537829
911216
674526
273548
791740
257909
119208
297755
244703
679829
928415
982125
164798
389951
819681
766067
716150
595
476926
59967
188225
425545
195699
731063
995643
524657
702978
886564
69585
524181
64106
530922
894920
474554
540360
144466
462696
833669
386058
291395
974659
682299
65483
575824
95461
525025
295184
469611
717721
416578
919774
900854
86806
662543
533814
724218
147525
863200
139951
458289
8112
478553
399406
227389
457736
630120
24644
417020
363923
954218
214563
654899
297776
890989
915518
172839
869128
938320
811901
225418
70675
535367
707802
174931
440836
392827
845019
374694
489683
765070
799404
474611
552292
800764
212184
316123
790105
904349
49700
595148
647537
480775
764680
407341
967899
582224
105739
96501
868187
187952
559034
766294
953048
562629
829316
667479
428671
133233
141045
622656
587864
306078
910413
610158
770723
580450
460028
96838
647342
5181
674685
381702
321334
147135
910796
697975
611127
244231
500677
396223
81299
110822
363547
688403
708571
410977
364465
928713
173948
923349
800664
919307
988936
610869
820390
195048
109536
263983
212463
423620
628796
484078
309667
702704
129751
960184
898564
93780
259129
743799
201602
481929
668258
218516
985396
533379
352400
92863
396085
463723
344174
16715
371225
463691
52313
644599
74251
585571
250639
169800
826692
790489
393910
811601
245802
982092
341703
813461
599235
880841
525141
407363
817300
182806
256190
578207
449178
410924
125741
947010
16356
782211
566728
237752
231051
422341
844029
339015
955984
862820
284772
621263
514320
802567
150929
124749
54118
499999
710394
761273
495773
670425
491519
431312
486416
4908
134042
469420
55905
204945
194020
211278
680530
147923
11648
321086
11139
389948
64233
533129
332552
601071
261332
177257
138982
741972
807233
707971
234987
837997
503524
571274
429991
437128
756330
886593
752906
362125
563946
558493
496603
934647
910313
429064
943891
187871
79242
334850
197844
956788
971920
633826
476553
545863
151121
636923
659675
323075
6778
629594
285260
734906
25593
872171
819828
312666
126091
503483
545878
104126
860066
365271
515231
437537
804082
300244
454586
201261
901656
733544
305554
647986
924839
672822
740261
845490
767633
272935
419457
640600
665647
340851
630559
735241
341421
645312
735769
877139
500245
338081
627016
403203
813238
633023
804222
887251
422576
300245
35357
877247
14687
978517
99538
67640
949346
18152
659378
545010
839623
551507
596207
372504
460117
652341
197238
313632
360949
729644
578217
787704
787325
578712
658740
839967
784986
154103
416654
149649
995674
710960
21134
97946
614612
689899
257959
800332
180148
96477
391810
829900
205735
753889
433334
979462
329183
320258
78439
922689
739715
703253
450488
257548
758135
488771
158190
658648
630979
400741
345634
908320
600546
936136
332706
215682
632426
882512
763942
66546
75283
122744
167914
499524
742181
666359
247021
904422
896898
559102
839812
386032
173325
876382
230875
388628
734390
522183
621001
959600
744804
62507
169359
112002
469885
326722
708142
448187
7573
347686
187746
586412
566384
422430
977662
543069
281653
367927
49893
56189
425522
517006
304866
280179
311366
497515
725861
969171
665327
189768
916443
577772
578353
36079
896104
224126
865375
127169
768388
231689
1097
537298
666287
746432
689858
310194
818322
592476
781644
923015
82036
391182
204834
775638
947285
563468
712482
201760
685931
477773
817750
869289
146678
578255
668062
707220
809474
794261
29307
62506
11705
110191
904506
495609
321826
458161
767803
946649
179066
961477
516701
106442
893037
811933
955911
296377
442737
841024
967958
508769
255360
715782
559710
144398
483056
176159
621407
717757
62640
864397
799558
13664
903905
164402
271708
522237
247182
352579
331471
784246
86090
979868
3739
196899
913125
65646
122005
874715
762250
778643
251988
340946
833656
515458
888444
956444
15579
535198
740072
24784
272839
115369
786356
235464
799312
42262
964900
719428
642696
601019
202036
573038
933718
495653
434940
737336
444527
573958
755648
557281
294260
669065
73170
329559
985448
592774
51940
670711
677516
859793
472558
961200
766745
913517
630648
342725
924826
332894
821637
721393
872547
588124
993756
406500
196145
156067
909107
265708
723680
131944
292859
567087
122691
179878
452675
690196
984035
508693
398409
184450
699543
816828
536164
6720
473277
581150
471431
740924
711058
705680
37746
504167
672820
276778
356219
712765
670449
791068
654261
725218
952715
636440
858170
191400
366410
188397
819994
16942
730430
291444
352096
720418
491856
316323
352061
240102
401860
534526
782100
759568
153870
843694
269537
246732
377037
843306
475463
31197
920360
673809
917876
648704
754628
199962
907699
661489
609311
830883
368078
515079
593484
199973
35229
891130
186635
170825
280559
305605
768132
743764
95636
779174
653792
174973
870086
239939
129925
70047
444978
472742
284012
850889
979174
636969
761248
712179
148312
478637
875413
736844
511568
250628
690914
435822
114419
801455
543068
48307
5934
126081
606993
445793
66107
191778
238686
267328
393875
461167
831213
942797
797488
645503
762319
800519
410813
29505
494066
303334
16861
281089
243647
314155
484309
191241
575058
774163
195095
356516
29079
238373
270508
712062
778366
662891
869949
707879
362394
217213
719165
582326
904155
521976
488375
231370
111590
644110
233711
352812
475982
836983
533624
157264
524018
735622
811026
943802
810483
45142
22141
320510
298319
391843
791006
103008
231391
686837
459917
915161
472169
571318
406009
708987
826787
633125
941752
413420
660165
882019
935727
706382
570505
141163
330267
499903
508034
656223
598137
185276
185238
887229
712216
933664
745754
942832
975097
19018
694025
107011
642464
961629
766559
242224
253754
618274
4248
602199
162666
634248
165760
453770
481586
599243
68215
14149
855802
659313
280515
951931
698752
208497
486930
547083
275933
763759
171082
471505
918320
997538
751887
902233
105897
261591
722065
538543
545140
15310
469262
39122
395583
557890
880491
355143
539498
822279
33387
223369
404234
882827
236489
221918
533274
390142
592312
951428
655360
213902
193717
363786
554039
822283
254405
174652
108445
326058
195792
90999
940827
517349
276506
51674
201836
944447
787418
710557
731724
418278
299769
893371
738431
922545
446888
861387
980412
577416
187102
145581
51380
748514
102637
895391
730946
535273
593856
300207
764272
295867
944051
991115
158627
74698
855951
474932
246885
662883
913953
336913
167245
73292
406389
919648
633805
863877
409204
381447
276632
945969
86743
69385
348142
95695
745223
449300
829125
577568
311699
302903
440341
952045
553421
244080
237760
537569
60098
629155
957469
714641
300435
180967
900256
56669
18996
673403
854695
302254
81537
266902
567779
292895
416312
928732
212897
462136
916375
419180
820020
513109
224979
645654
685825
428901
951282
434218
587815
725134
973957
576876
404937
813678
692742
313571
285241
647805
775178
862992
181378
28046
785250
630140
436434
833652
260564
544747
358338
44545
852017
533676
995780
593834
134739
179538
821416
953414
747061
319101
655435
254965
713263
777617
993052
460957
791948
928265
192460
627920
844042
6436
935186
739530
907373
337533
114136
368662
656768
43832
963973
4559
575721
932056
946280
646276
250728
575022
159294
770997
120236
21805
892064
194810
789202
888984
437388
640771
678970
602396
538253
225850
98888
740474
259914
715013
438900
30044
636649
921127
606735
459977
292702
420038
996883
791540
852692
930247
132709
460655
235830
130261
120809
86397
757658
958401
10434
514436
32842
11523
959781
824225
355633
677919
749720
158934
777439
382179
443661
1887
135033
457101
497045
612514
884672
19977
280259
895300
446972
868055
799006
331160
707652
421451
418433
909554
541805
252526
435283
319450
147341
201986
373023
684444
81578
627363
490639
954940
737988
559177
650506
71495
716924
298794
891303
543301
11744
59324
516108
111883
804244
615000
449768
391917
809502
824826
627529
224720
417037
588261
893914
872349
167175
503908
798077
800977
319214
719595
525313
174193
610031
462107
655936
245147
869159
750948
828696
65848
741937
297541
563588
70030
899216
82159
775702
689202
442742
210823
368467
93210
466159
810762
593387
337169
21357
800908
143763
957251
980208
618777
336257
673976
230225
384252
184643
372894
417900
34910
978237
971966
199080
796933
325565
777617
799269
284094
430588
882476
374720
484758
35572
13270
654341
840386
129176
629562
641266
442782
121141
973752
222180
24018
554211
807701
778529
690769
895079
695251
624577
174139
782953
350364
883385
210275
614924
599512
268741
655210
56559
80414
421618
699658
301184
921606
840645
785199
841208
235421
130123
127167
962358
809394
897150
237691
283900
200717
444177
968765
922816
767743
290265
383649
492464
497365
318040
371840
935942
499686
42598
658328
989507
286284
971070
129991
326538
378287
570786
911990
831068
878076
285996
406483
958188
281717
245939
282422
980831
849763
335062
943781
256354
276198
963176
894515
603751
521325
240376
992195
987965
158592
347771
361898
517258
776250
292056
597170
610600
644117
458384
890555
389146
684702
834633
751293
7018
664071
103605
923048
653664
280987
45283
133420
432480
778956
121890
700564
353825
957416
439181
590989
436998
420202
257400
891205
301531
701485
249974
723247
160173
875963
929220
347427
279173
528324
15829
493665
368067
836202
383546
302646
330196
933497
15150
300087
711248
954292
174267
805546
391666
174218
914573
984453
893237
679720
161937
201038
418055
106856
874378
534497
748908
796327
874096
823696
622002
607412
912324
588580
622285
762788
490869
548930
169038
764994
680168
379241
825220
480419
654120
359768
730991
176216
455082
527245
320029
404734
654907
336807
429668
108015
717448
411437
13947
931803
409994
493223
316661
717425
99532
608170
608538
688886
112538
896626
933027
17529
601800
533799
339154
649629
331676
846274
718764
296213
86361
105225
34324
727855
600937
533494
692038
66823
614181
839670
674156
874844
869956
768589
576992
988863
521439
135766
214655
434407
838685
296552
75622
139938
132480
618645
67596
647718
168970
542028
833596
734598
584269
522846
138541
721856
905870
188573
241407
376115
782357
637985
422484
81709
868564
602020
391113
506595
301810
778317
143760
85370
324210
671498
189036
935810
62405
476950
619271
822274
960104
192154
81651
472174
179707
903088
92987
99125
116320
221826
169702
726455
324236
438225
168840
79252
341421
837586
227268
75551
68984
160370
437345
202418
52622
462586
647112
933531
153418
555406
548439
394228
12650
828368
575270
127953
909591
998370
654292
691730
819410
890888
326924
596695
388157
93355
342618
469523
882244
127545
597091
965818
444902
118186
104454
942484
287332
887838
864654
269299
752772
638690
436817
478401
834050
833170
323560
477939
643220
285080
503434
839450
126680
960978
478215
546648
960797
886354
29407
663343
668427
383615
283517
444341
433264
195544
827731
730404
174247
72985
562195
504782
777639
321078
745990
129069
473637
213636
623949
729560
689383
747063
207091
558418
121703
617798
657387
380733
737568
150955
134634
862636
233272
439558
73251
711190
390153
954145
520860
778278
835597
378126
516394
441390
295846
826221
149453
629116
935048
506506
763818
195461
307780
213795
966689
101374
391857
127047
73226
81034
107321
144153
577617
418894
277629
601524
637547
877152
90022
3944
766644
220189
360329
949475
185063
222041
928310
400556
987961
385969
498974
990984
290386
788349
23198
551039
569961
331234
425708
910072
212283
513220
182493
977729
250919
891352
746448
958763
303081
280471
726971
495250
590129
512910
556816
114107
46751
494930
945803
87574
269918
554770
410651
16482
976218
980613
909418
824432
613855
453570
741707
980607
945359
32686
976255
187078
140928
383183
624612
98449
971120
139263
560443
748995
308581
615485
216596
32506
135077
446558
23896
108431
311439
588449
797811
539964
934741
584991
904796
217433
126167
13345
686274
346687
928604
347212
723220
777293
311855
740919
932269
580873
155732
797789
496219
734302
69350
656814
722187
514243
934798
864064
823058
74365
888738
391139
920666
425403
562199
869201
770535
249246
262309
446788
675781
675548
844790
181730
667280
619130
822025
933780
243232
818742
941354
275700
795471
298695
948230
192804
453351
738620
341805
1404
292333
838145
579241
38747
332228
887425
982453
138783
760512
387365
982556
152239
428040
21818
70000
297717
91111
191408
699811
747177
697199
135102
59397
156425
751818
860067
317466
304357
733662
138440
501207
925782
20188
693698
33273
750031
239846
631667
736451
621195
966491
90896
288082
730598
801216
720572
729566
249288
845516
91539
237391
819644
371536
839812
498681
549598
914689
138710
741558
121395
993763
90635
872863
896851
603284
182049
16230
973889
228019
786485
138067
236379
727723
313923
404761
293804
458719
441800
950485
42975
571380
154120
376866
797711
663221
451948
718555
974393
927847
383811
560942
63827
893163
802729
429721
546294
480649
729093
348613
79990
345951
851500
874619
250322
330405
439651
140231
328455
239643
278913
248360
534207
872402
559667
963248
997734
612116
457114
363134
382302
783410
803535
199702
697864
338600
653318
247130
57475
622254
955088
100200
845489
974622
84666
659279
782388
804220
511059
574254
274617
387879
194891
980011
662058
794907
682231
89805
636615
103585
112561
29175
453647
691028
358749
481282
891032
428239
499462
675893
792638
944632
750566
714787
930616
895076
357124
226274
261062
845222
55864
955043
496262
839607
822602
963315
518823
160323
959865
114061
954996
77838
368983
600473
197074
9729
211281
217285
164293
514453
52557
971711
305708
351963
573036
840012
601293
12325
930223
279880
602635
515668
207989
896187
999604
532992
171810
195411
643383
302845
438556
544132
72883
618640
840111
635897
659242
82350
182993
869685
728404
101229
286527
861195
351696
602314
961030
185846
604149
920726
216669
884310
436423
423037
776175
361288
739269
194484
723063
90976
763872
528959
822661
497605
705030
114140
921693
323946
551963
812495
254910
806245
782793
147595
201920
662381
281710
446522
334359
441013
674100
288489
463860
774687
52927
806803
772618
949215
927103
696392
428270
564141
731428
596602
231511
899942
510641
166244
860165
458240
54954
45976
142591
923688
15015
74851
433012
890874
885515
748830
946307
348892
194318
600020
904982
108920
365813
522635
790633
319891
477860
760241
130857
434255
288778
883493
76983
935289
884602
186590
36107
495888
758042
243836
362485
635155
330036
539561
916479
806021
717802
625452
89327
808641
554182
586570
315945
107955
80495
385305
907761
51514
588344
878562
696397
224345
709779
476978
869256
106004
415715
642941
164691
120429
556975
894448
407239
676347
681970
616018
50246
540835
290255
630293
132543
37686
45153
243647
654543
136935
941937
121584
372485
671015
806273
582479
340798
348831
692037
731029
437871
191753
622961
24886
776321
953068
688685
282599
411991
537586
397286
744464
462955
590183
165566
729680
165590
439312
552739
758759
941934
772838
607293
936581
332745
501486
330689
764204
505440
595830
538723
835972
917456
653805
71336
74427
581561
186719
909465
514006
380553
1997
371539
768665
77395
915429
211580
938703
408857
884451
368144
771191
357161
698564
663193
239115
413474
199202
285757
541550
929880
31409
273329
698737
599693
520660
700300
56001
985440
401053
172342
831409
968002
891360
241215
673824
980770
472754
430348
779271
360875
247619
567084
378593
959523
648917
267848
144055
237812
271128
127993
111943
369608
780196
363764
221392
746189
718866
335584
422205
231320
300344
316552
669740
855845
819967
625324
832089
39869
227106
594482
883436
261168
324356
606394
508315
722114
601262
872399
35581
346402
536741
641337
17645
831509
646180
961135
792087
136754
368827
740649
904482
563334
697732
674452
584634
520087
319677
727647
497464
224966
720647
40179
385713
126734
133626
618623
650008
709545
632547
599793
743888
158481
668443
549312
113043
716004
28101
813286
854136
578592
591203
138923
130340
952974
742421
206877
403664
689980
874864
459676
808306
293090
28727
522257
395275
169382
921849
760895
822156
370619
988294
768306
44454
553060
323471
682323
812333
247959
871257
594909
73063
634556
631134
242986
600119
393301
589504
752167
218209
395895
295851
473255
555577
180022
786694
520211
2413
786719
100949
843518
383531
269534
719854
7190
705328
753536
158165
762038
39279
846995
299447
879705
549082
345002
140223
918058
124879
920829
763673
91063
598050
766381
100353
230275
524099
653540
218695
410042
37836
515739
535201
431103
209386
219445
664428
451553
693477
381449
466433
257261
6413
466429
799664
659933
725635
266829
194588
803374
238305
427051
318387
608911
581191
774081
618951
47477
403331
708114
557454
570764
111516
461950
565875
354247
647163
403620
927958
209240
92663
453921
282343
856892
696315
609975
537882
442606
859734
858954
987015
469755
553375
361156
885154
486325
115331
730839
755730
982081
918317
286242
47792
69260
855312
142061
999133
46554
738836
898959
678080
710718
147675
393647
557851
981670
655982
513319
776649
827662
508489
152260
320598
51413
511295
738730
969210
290925
45643
920981
309428
339691
79221
773946
439232
50878
765277
514763
733620
423036
902632
736154
538045
978136
503748
884437
804656
494768
427865
487087
489167
309955
806349
478560
645659
577472
107892
943554
37200
162937
103251
343516
15170
572086
938447
110332
382482
773798
574775
679805
998477
2097
783275
845865
741665
711977
572327
157559
811196
869406
941168
261173
944387
916048
78681
287809
512619
130559
77682
933489
433016
401887
505422
363603
244816
84712
277040
867534
929467
447241
932946
346919
132922
568892
528913
443424
340160
296885
92024
770810
307409
71668
892647
170332
103030
130234
344159
89740
502746
639704
506349
174041
601989
196194
491057
21979
297074
695683
471627
944722
420878
549930
744801
136556
459920
180386
785614
946723
719087
625088
332266
654850
286405
383989
636722
308423
886526
171715
120788
516452
156604
729229
384538
459680
45131
655750
500592
868123
346236
840972
970515
585326
928224
115917
816664
454256
734115
64615
634903
234518
167170
871694
394034
234034
143082
74662
646853
909468
805935
77361
669804
444014
733221
522082
41003
593640
228895
536464
356606
771508
627842
398406
48446
622789
214212
886199
646893
164121
716550
927055
248862
954269
271564
54884
898564
879919
51413
779083
904469
828158
980123
521160
961434
816781
97769
499165
229654
759255
643220
300483
892624
387405
54039
388663
843455
114939
535055
944043
5586
515784
807311
700253
873817
203100
783265
515269
511507
857500
707738
439592
310101
181776
997593
21002
562195
399910
956316
927552
867022
396944
716990
319331
295194
568072
778449
746017
32139
494323
673684
830573
175931
805091
674129
700567
695099
290999
439766
343670
887764
506013
665549
891649
87480
156984
683898
529341
956618
430812
55569
730257
907271
289078
561650
412725
796047
395785
608962
417033
74452
237971
167719
431490
500894
222862
200543
580991
964984
680914
192446
950073
164347
690456
199810
812377
340660
396249
614612
567780
463477
35284
925918
539345
161973
437935
23171
112060
561188
612213
304640
78067
613264
151230
833757
540268
42477
986412
684751
854617
429956
272721
260397
326292
161339
742382
115597
740597
277053
483735
181051
490819
331717
509874
458645
543431
963084
445854
947718
96060
479117
898544
851357
180706
57905
491160
35465
61682
611741
626466
488819
665131
733716
765976
334264
900747
196297
187782
151682
517721
394181
305174
885186
326239
430897
114201
542795
616630
836097
8614
886478
514617
596925
323037
490734
34267
158957
769413
84479
506261
845985
622227
422240
578871
308826
203020
475698
439776
90392
160449
459252
578121
266945
180153
991101
97467
408747
951533
601621
307297
81798
394669
465136
968440
69993
122976
309575
896098
446903
911016
32276
59674
238446
675492
510443
722051
989388
368847
617776
671897
337054
857158
897593
562248
36966
966502
118209
787995
123112
973780
639621
395661
851857
619350
192510
697020
497925
882974
582588
935419
498500
92647
143900
877638
84343
234808
112102
841425
145053
207814
375493
56697
462349
390903
117475
262876
927591
616960
740065
755076
573723
689199
189168
56510
133013
637637
901135
167689
650180
818747
126561
204970
132422
969509
17386
119260
26610
305844
257894
226469
241729
613462
875462
498692
966105
489720
396104
959495
650296
413611
814257
367225
428473
249252
284074
427255
159686
101086
208756
709476
250907
71706
989578
617010
14386
450886
97618
9697
452561
413692
566975
136773
767020
202465
379334
434751
3831
208046
259770
20430
934861
367179
579526
25598
245750
918039
816391
264702
800600
166021
546372
97103
767933
592672
20874
796313
544381
544174
384936
870168
424840
335027
672324
509171
837074
76173
573593
317421
165723
65404
890766
925812
467290
777732
516659
925527
676806
953579
887450
203413
857472
29405
239888
212496
424480
487344
357495
551969
702426
584065
211137
948357
77772
596669
256523
170100
266280
984508
489556
890066
512825
936007
740248
558271
369747
280378
764045
685577
266076
642757
189305
390209
370416
287052
125614
623723
822582
16303
889700
611726
307261
144676
602673
346988
515281
645887
243559
876748
383776
928403
606090
956019
644868
176371
539820
947185
251757
797650
311463
716759
42220
9736
700535
302022
770014
633973
186673
176034
214387
573120
930596
491494
520986
820473
31371
269138
108811
303453
986603
863423
182000
811767
197007
357778
57969
274915
871902
633487
156251
846062
713942
975621
929132
30873
928807
939879
585149
452476
403118
114811
188940
702536
995340
725483
381093
75685
105187
230905
362221
921146
95469
602256
728395
917514
730360
64693
566707
804987
785986
716956
76881
200307
453037
6551
529422
72155
147678
238954
964801
29829
877688
736953
908725
678506
333617
715170
643859
191436
489869
303400
693036
756602
260031
748996
39973
916786
159577
856224
983360
965280
973675
360542
951939
42437
399936
786194
211527
284083
500273
789329
755614
408949
822436
894305
441570
671371
408165
808079
458902
987026
509023
544096
166204
118018
327798
688671
90227
800338
586628
630037
312457
358262
793391
9879
745893
886920
958692
340729
151050
284485
646258
805537
975177
254190
853701
189046
576902
376782
290109
28086
584036
900572
426026
235495
791376
242550
762982
266341
795239
245005
915152
338394
300613
388704
533728
553484
360363
23393
147756
263377
577612
766067
242998
955869
259316
768405
984431
504764
253718
717400
385869
231771
267760
712972
215044
149632
707293
330105
843363
666778
713911
516809
424654
614770
468966
285763
10132
296257
796234
153522
106924
455708
41345
359204
617169
309643
156053
788622
572023
647735
858437
620813
146280
720065
737454
631239
268608
587183
413334
990704
885825
413825
629269
194665
752916
381602
951841
457730
916573
775546
530740
160032
313657
220128
852188
550266
107031
242349
491679
351229
898096
389292
814344
902928
74596
792301
322514
596913
12531
155000
371824
134654
497108
133151
909303
430736
315829
213677
850729
823170
863376
390522
727455
37135
806567
190624
989778
626265
595164
7816
616198
403078
285551
134749
426451
449605
749396
788259
215889
790319
784432
56608
722911
890760
533104
271160
650768
162212
135430
748055
943539
474726
268161
939527
628542
436772
249096
967521
382359
871271
875380
653792
590078
47502
749447
444369
17945
765393
630028
105318
419613
105187
841611
768298
337495
614513
50665
224464
315093
245256
170778
300580
811059
868371
580101
872610
198149
827201
255091
721317
329246
272773
13874
153592
799419
387191
119756
180873
420175
820504
295199
219964
648876
73843
181593
228187
982731
564574
353490
876458
401976
24032
926214
914456
867741
312620
579309
615570
144296
816460
267129
984178
103004
865369
708076
881174
577842
451046
926867
509003
590697
101373
660322
37223
616305
893569
106477
378165
276528
479923
161345
479051
229550
920016
209629
844344
875108
499542
656720
929306
512028
186279
82288
246988
597060
198855
992564
269564
224085
136128
144495
70682
264731
90277
948138
891628
242080
903539
985500
186110
852729
759890
291592
555959
817644
907323
520947
825351
261372
401141
201793
373373
720467
378296
930668
5685
505868
345522
557151
427183
960922
364391
48181
12218
87512
334067
154441
359758
597101
130219
794105
602746
315291
414050
78524
20338
197733
459271
205085
712138
923675
560364
905300
1088
622083
854241
299455
416947
746726
580927
412034
290354
289780
156417
676472
638064
329108
105484
397908
142547
386444
799695
367577
966059
239626
262149
108786
510208
505869
446359
751471
99140
418291
812895
202652
348135
136671
392072
178944
468553
381446
701969
34287
799115
482903
305456
244172
334846
694597
555475
634207
373629
263986
369409
463887
758615
577401
838495
858108
676580
953240
472783
210875
212793
568057
468979
632303
881654
809435
125263
635840
759100
132513
822221
475899
674620
758647
844570
707334
867243
971421
392685
770558
382993
458386
108583
377583
943233
722973
546389
160495
885603
965242
746131
373271
203117
974112
409676
236575
259184
878379
714268
841237
792399
562603
451734
985850
539978
561608
688929
829369
231544
1040
701117
275397
435731
877407
616292
624526
69805
303402
549707
382495
389761
845352
254791
62999
772708
977565
512333
41089
753755
429316
163026
295059
397574
815896
472337
11968
322553
271167
816491
817146
881067
938708
605096
443207
991495
72655
986331
948735
993184
146451
365476
658848
200514
574804
994895
678605
786851
460068
637658
27562
332217
413016
153172
119628
114789
440987
979169
651425
966988
302287
74778
974556
254535
157659
817681
416090
775536
2773
360690
498198
362205
102989
226309
702405
142569
71668
119439
817296
155629
127016
946009
570732
834318
880797
284936
517015
739376
906409
919595
226288
847945
183788
427924
958771
316560
186713
323805
180625
83027
787878
515340
355496
654376
400204
692881
191780
544187
102075
104236
209457
115399
662366
579051
499484
59744
951430
90449
295493
315244
485173
180115
46083
558962
577930
607803
570324
662730
710532
463215
870527
731444
778804
30861
139273
596165
947331
389101
347728
592765
748957
188872
90630
880371
849721
481334
73038
250225
578247
568211
559788
384796
93557
503355
877164
851980
244765
812981
564115
55034
537870
311660
175417
729879
519477
913624
58635
63545
655847
601788
309276
293744
918478
514376
145187
209911
950575
841950
97685
316102
47572
39026
437728
491909
400794
107786
246273
502043
431449
73381
608706
972835
632491
782008
728340
825344
638555
220051
456644
302727
614060
552099
992925
192923
953027
986832
658523
280535
761394
225158
893191
490659
695585
359569
519732
588585
729499
497250
221972
355362
722675
146415
619383
274058
242897
89014
475490
955314
503388
778593
355784
278324
923333
884293
686184
120320
765550
739588
757314
957269
797046
419219
46903
827020
36387
104598
883772
243726
972266
260648
644730
688102
316061
529782
370310
610289
447537
32139
828472
289842
385003
816678
525226
792642
872359
440711
477007
181092
564101
484937
538157
16887
120369
843368
337656
410245
363212
106788
636941
10296
651836
996031
867591
330283
791373
489376
480450
566558
864258
445786
282410
663556
450813
201734
451966
85239
609542
188684
515687
866123
195835
817217
88047
574272
396180
803818
545504
640913
440722
318047
206010
405289
30148
970123
912784
100405
271990
622096
515071
718549
324278
565703
881996
433708
621188
587173
899161
916182
767893
499065
178052
860601
466756
987153
942300
42420
9686
726141
463937
70389
670440
642923
242711
302823
910007
124273
73510
972488
982092
244458
689938
185560
95938
209975
604338
957037
802805
688807
917390
998756
718857
478577
963002
390514
113620
594910
48777
393688
507433
687620
183472
372981
667394
675244
467321
554485
903881
44757
513440
586535
908675
989074
11214
617261
654746
65486
204207
812812
83973
15280
763250
497635
549718
235545
807709
365241
267936
819786
555082
307503
939138
24099
773953
386132
87892
243334
388595
88215
944366
665050
311377
909655
728464
808684
116167
839703
454129
534255
296217
259149
659559
49060
983448
294745
218991
297557
686208
123475
23066
986875
3953
652029
718293
753151
427528
254808
90515
891165
380250
5522
261785
350693
954573
887772
839653
769820
530
320666
307900
652543
30210
370100
299663
110375
824468
836938
82569
86408
43897
746308
656952
88595
645973
917703
252821
457276
811033
709315
760817
200789
84737
935209
570750
494105
309927
182586
142200
737670
963011
777915
257070
439009
487232
889669
129649
540893
742331
816760
499736
519190
646234
686224
212652
937528
964231
984719
610871
565181
780936
283802
38436
148819
820733
123808
756563
164955
494773
768309
955644
817870
985516
672189
950269
995514
86949
897411
208641
53994
303328
402345
195471
921380
616185
897850
865324
45196
734557
195227
989358
576742
627817
831713
673311
107961
572641
527804
803274
983054
872713
293520
783589
140440
167012
294052
606618
840749
846470
994739
164660
502898
217560
267680
931555
967958
402216
735559
261484
34037
493930
439343
217647
718748
494096
981915
167958
13420
245441
962687
123480
14103
203768
753744
19495
949704
371068
768180
557628
676383
552504
949977
200922
632630
106594
286791
165455
582204
934587
866718
553301
929987
480461
63982
446211
59664
244621
167101
658000
887090
319215
162480
757146
148503
412793
629942
134466
149066
618802
175317
320628
268557
798713
166607
790404
756366
692401
680624
747572
532490
260890
547319
630034
711419
778043
995295
956222
531583
221499
611337
86665
529095
385552
51335
351098
861048
485775
746503
417002
7905
252577
993818
492559
402650
984662
226656
500245
576181
192339
800210
628072
252964
375335
29548
360463
239463
516988
870581
580082
418031
367465
396652
217916
838036
56740
789009
742171
288944
619925
718733
949604
469718
68037
315326
894676
430194
308661
466275
115634
907455
576716
911137
701840
286239
235816
43760
199983
807578
199893
989541
57154
475510
373019
190428
15563
541870
960753
87873
586722
307155
235216
657531
315220
443388
933411
813302
564456
210091
16282
480012
754621
734782
799198
251472
817679
243790
779103
26038
142616
263976
478601
172898
817811
87462
614612
557068
854619
863401
144827
879116
180403
362676
950212
276103
190367
355368
741950
685430
589551
152216
308041
672464
291483
104264
620879
374868
33866
295367
140625
890229
335533
951526
417820
550817
631752
267092
258266
789168
502993
212183
341892
736230
24625
567785
998517
868452
444839
657709
433754
967346
961164
683788
628486
413793
750449
955825
623714
413472
29092
977949
153985
292062
615762
248615
96146
513814
134598
509844
849455
564668
715535
269135
362706
121922
1088
754821
795879
101831
67217
62687
996988
134493
921891
247005
319380
572021
248097
637388
449499
904361
894274
320803
872053
578150
678186
936448
122800
822708
367024
884538
105303
760484
25659
460386
388200
69461
634565
463259
334365
266850
396354
121939
550054
995564
484441
628253
273784
523647
357073
64749
646463
986723
432583
708335
335087
710722
355035
487428
491768
848368
192171
941466
709400
641180
182007
758438
551050
974866
996452
953729
792604
505067
80540
146652
788702
455826
732242
655074
921526
57395
83875
726825
257745
227970
389400
837011
974900
295460
788296
343495
802609
101310
78427
793735
759860
622361
102825
421615
286653
634223
729280
56201
554856
461525
120644
308751
63144
924868
519857
355518
993554
461957
300669
951059
631957
173433
837656
181157
167944
715906
66453
82846
916764
178514
891298
146391
285424
121678
606195
962703
71428
679262
548478
626888
380741
398420
895647
181247
885510
143286
889883
485254
323344
284841
791169
752575
263056
688508
813228
36471
391726
272847
303206
27548
431487
647263
83367
851613
349392
690223
239739
670365
930531
774419
544961
355667
434742
733724
853903
459584
420158
686491
242483
902606
590707
726164
70677
139714
564869
991681
622072
301342
144620
364863
213215
739542
7517
895257
729804
26156
737944
395056
722659
294314
234782
342980
964974
600444
499072
491873
252218
638503
535123
854760
417630
442154
4544
540025
565467
454255
60472
349178
462815
90606
887236
386439
515364
506591
612474
786934
576438
113113
752651
998469
487249
250572
816058
858466
627240
604760
144423
793879
397122
288136
287369
789457
13631
87214
542459
250699
468217
135323
440813
656732
721094
701563
812603
569113
512921
200267
167066
769704
515144
538617
169135
388386
512616
88599
470010
795940
948180
775034
920559
677747
646541
383733
936485
877385
938491
608173
63911
876416
338322
517977
783465
486746
95696
928793
23445
343979
821346
607535
459842
433571
326502
378270
70982
191036
127051
478494
679138
213948
120789
308344
635612
925607
266493
136516
973930
479429
393781
48765
914826
837131
156233
120894
895343
669737
749281
116764
152725
457903
887459
683423
562869
487965
78709
487709
562388
732869
520864
812917
76023
832863
287120
847141
589809
868329
15480
943561
98972
914617
25938
612785
536550
402593
279300
968733
331907
824829
487134
273815
874944
480283
558144
179181
483256
28424
179289
773706
290655
733811
424074
394480
35707
227521
478889
98965
897907
620
231073
838807
726528
703064
895606
529564
533568
455220
80550
723722
220201
842761
346027
662304
795290
932706
120285
256943
348301
351320
148469
282233
847401
153529
880109
401380
99445
294229
486275
384987
315110
737124
95131
63106
539801
711511
392388
672723
98396
662458
38035
564506
176614
899714
211115
646345
745895
103481
161311
996217
277434
672899
529006
106942
979640
514315
151661
242277
207462
537744
494850
637196
86286
397254
270412
102687
411307
943274
640608
706731
124157
480293
245487
841504
381309
292828
424707
983016
558059
190738
64488
403230
820483
651067
870503
467436
97805
213470
853357
722118
279444
665317
199755
906173
331374
814660
879319
330305
983162
198084
563055
503094
543529
598955
86109
897777
878194
519114
324950
207631
143465
228515
259421
181298
599082
425972
111813
157017
273519
312292
53075
662619
54978
229641
171650
768448
486796
240852
304992
696572
66699
507162
370325
666121
806306
219775
811331
666400
129674
561601
841801
756819
985958
504926
107298
167562
932661
528739
423467
676568
370785
478099
698178
268281
314420
833584
150858
695402
217642
357097
785482
474917
734049
823711
740853
615736
230509
774229
217284
15105
149768
320757
990208
924040
687590
50745
90396
916281
831079
694524
768318
221564
281382
173918
75806
496115
228910
965581
109639
1615
902221
580471
379323
56719
778112
554057
877492
976087
393997
892386
677188
834729
859312
416665
904221
134658
630893
103719
570925
497555
710212
641843
216546
936986
646531
615673
918219
170909
417845
945878
824414
42179
169144
314674
756886
218319
184621
344202
738421
972154
399624
460696
984039
842219
601286
554722
382791
667925
924351
388572
886842
24365
284881
690811
364409
763719
329916
558808
640301
71500
710348
372604
118003
54874
392305
854734
748671
667128
103402
641622
759068
34036
180896
380141
836625
127451
459983
294787
780256
502293
816927
660173
984296
133402
472145
831305
409258
396245
893332
721583
803880
278931
908536
391286
128169
382120
787450
909439
784794
830687
413501
61538
617551
540059
779290
250196
652198
480014
93134
351154
55692
222101
944850
546028
1497
4911
471944
179089
393687
151961
111121
554162
99744
946567
222075
817014
278885
592512
950296
875770
189515
473879
107626
561122
589231
218497
498554
498433
669642
427096
367879
779617
199664
596651
145564
331823
193011
172799
505275
430918
687716
886375
748853
193430
556473
430203
541019
465585
277898
760120
545295
312818
203446
206260
368563
320074
363043
688124
194179
337832
248482
953228
124159
760772
623600
573482
907712
399113
485336
873759
115244
576797
123766
16147
700933
763598
783320
840132
92507
147994
333373
930786
886882
36891
893503
72267
497630
559949
479628
108318
276347
555261
72848
94654
225593
270416
155503
558501
68164
638766
340206
219362
125665
709321
140721
391792
425157
313485
538015
240629
772224
128614
782369
262548
704086
546921
437706
260463
371566
939040
296657
517052
462500
807541
322361
666499
606969
248057
351121
143025
497898
516562
602007
390812
162526
541119
907832
376340
899704
165002
681459
598434
441485
763081
552859
32928
281263
972944
585147
248500
496744
467766
445140
827498
276099
199618
525953
250094
190979
234291
927804
888739
649399
179945
332793
238434
963813
535731
777840
806354
66404
832886
555448
117024
866374
763382
553935
673179
233137
354884
621622
648879
911951
999620
911033
963453
647835
788570
251788
960275
383324
538993
95569
853901
609263
86119
566007
191239
572348
779289
203580
577149
541707
872006
198226
450690
204271
962786
834144
571289
237728
542522
26783
457716
204839
660862
156901
38918
426546
886064
931071
374727
822599
714856
912758
595716
816085
253057
498740
865568
866022
432932
598273
175787
362993
361327
499430
788060
452557
322433
635314
163566
887231
876708
538842
971605
958708
502936
156283
389084
796362
901112
165116
341405
741256
307019
120655
652316
545199
646314
733526
754880
552808
376969
12130
772846
159196
733667
192854
200963
124579
372358
312618
115118
947732
844600
8908
656553
214843
930117
664352
547346
865192
432230
453736
817194
64996
195472
420927
926057
927871
378070
311488
134971
921413
533883
916164
294683
716495
693080
304967
608011
338741
377830
84716
756205
802273
745065
532055
201345
12350
964346
433976
491964
930512
736367
119464
199105
221342
311656
330155
768446
606538
336313
278677
730214
89409
866735
671498
603526
870221
223297
408542
225543
36743
38229
199195
320063
237354
811755
47904
6643
230980
219882
922790
969581
465542
676165
71326
686710
555834
431498
862710
933681
218835
77191
305403
948052
39712
958297
654937
592643
661019
905810
332029
313163
778462
362182
895387
691319
929141
601075
636171
694995
158606
264202
174607
572027
946253
494942
215408
424542
941052
309928
339781
462741
354144
951284
28053
292762
23719
330988
70036
872998
431677
910783
739466
890283
567869
526190
684369
570347
371204
550387
667261
416307
394402
688718
642774
726456
653482
390125
221312
35468
705833
22647
641212
756221
724467
205621
542023
60043
367256
412957
930784
989443
671862
428413
584359
616444
673832
942209
687969
697261
854812
317473
295000
363562
862211
500329
89759
700409
479393
692390
517172
221461
561092
453162
387262
126783
36753
803261
297013
596411
708602
695904
698080
64878
836235
93246
983162
838866
194532
341426
516974
844691
407105
192111
804418
600329
675957
771856
592208
356691
159990
97981
91502
624524
329489
568822
693999
507629
916030
538751
816387
323071
475790
408232
88825
588411
845057
463416
380965
156607
485940
550646
855517
33711
945335
288915
236253
843814
729725
129655
942346
825048
511980
637542
941844
532998
318869
940239
760500
222364
111741
67377
629589
873642
377754
576171
86863
180541
74521
943774
816654
151962
719452
768512
584657
485846
192769
877696
833806
781717
9053
951057
285683
218013
612041
730838
461064
266262
950482
951592
644145
361824
787604
197575
832399
930961
618401
567514
544773
273418
545946
280292
284055
318324
114272
468934
30383
118364
941477
462379
864634
508137
659612
497107
605999
550966
947727
847167
405040
724944
900174
188918
867721
640525
382085
482675
860245
759495
157223
859820
601983
546100
604679
982014
774310
377315
37317
570
848922
488213
978661
513798
748227
460598
842491
75249
479330
190007
27138
800727
797998
332105
690573
682797
502048
572663
363093
141226
118283
404128
143792
520147
562914
595024
281507
346977
995998
21307
261518
617296
938359
762901
392582
885638
493135
894352
281472
300830
577134
85811
992936
233425
935592
74516
632721
714561
891099
898802
324359
342049
530197
519153
464193
229379
173202
424882
692851
382975
63906
947087
836927
270141
118377
460144
672843
949664
956417
504973
80558
872207
85626
51648
146051
183585
325633
902213
349536
25957
656414
430226
525089
785163
41879
510797
428637
116210
355954
658350
58043
365006
610840
765875
407645
862901
156437
959738
928633
446791
961596
941054
815241
346552
776168
278320
990105
293052
177501
744497
583294
43277
278604
725738
869413
284
690997
179145
956553
586642
313383
533528
239038
738497
704547
400699
690603
236524
241951
104326
162965
926639
206246
79673
861333
527372
475484
376921
185516
616532
894623
949612
3181
53999
736138
989904
714648
170120
951571
640888
164487
963159
121172
267396
60738
208268
704039
131196
949229
617173
192426
572394
501345
582796
544418
126545
383063
754624
801403
240269
57024
618399
631981
661000
493107
881533
459579
32662
119358
573123
677141
464047
673501
250230
590110
428998
408457
656931
568200
674826
14503
793061
140314
987320
960097
513042
542355
478939
754962
937352
618537
301346
945499
255375
274922
329820
825107
28843
924868
737810
18331
452929
384352
370944
482895
415139
333032
5682
269528
216314
358505
562680
980766
304015
984532
700549
365339
440694
376351
478698
28555
939863
955721
224874
662207
213978
999354
98617
231249
738415
143816
240022
288306
703479
102422
734914
112479
638546
902807
250140
584754
717382
390256
969946
801749
778056
224572
278118
99025
893611
585641
346258
800132
63266
61631
512250
271025
299251
285953
674101
491954
168251
113772
94391
675208
784600
530332
128902
16851
367798
619278
736855
364125
293177
512512
193797
594064
313412
239157
177645
577416
778916
134741
4776
254147
593117
824048
925158
489461
331086
97507
816355
406457
869763
360723
23689
677537
67735
825302
184163
177006
823620
696178
362872
808603
843913
487485
298508
873620
523895
718563
226799
589316
480791
749062
216064
927820
893371
941760
371586
901263
904416
830404
604568
230634
865341
859810
854368
323969
477546
633577
17194
185972
473072
279014
361748
565361
556969
662155
342595
499491
146068
705004
710464
784969
804919
174434
926764
847585
468337
492818
643233
271490
9819
978312
450023
13321
642266
434812
866768
874411
851077
785207
417713
60842
308717
495503
876285
538147
485261
994062
675071
485316
277071
270321
677620
606490
478713
677196
24450
772296
87282
673675
648025
705876
550709
766227
369253
899995
131857
280326
915821
349861
239962
747494
153931
614227
192176
318865
28104
831093
598761
49194
9939
67192
657886
252696
53150
368956
916431
951848
336662
710148
7860
901966
846845
945351
688225
686025
389989
400355
703060
250340
515019
18417
479262
677016
489805
937651
389420
378255
513289
247658
279922
870403
857236
155461
554547
81605
805844
684915
703599
236570
425403
320345
680425
671936
799840
857695
180819
714958
380795
943397
43160
367609
494653
324564
52166
844787
852298
124239
301271
327341
727572
923015
423066
138045
281365
592045
913731
858011
986729
104963
731851
418054
206341
843212
453061
289860
498712
711522
486143
952006
399036
625318
634705
550377
335897
676497
319429
529177
743319
972521
254818
800272
901245
478864
977687
364668
244907
595447
272897
777535
339952
134447
471321
795152
912521
13152
921021
813055
95991
680082
824921
224597
527931
597737
54130
592601
530097
94958
77391
863728
670855
380487
137220
220124
247256
377097
513948
414629
469033
174820
173730
972373
202238
466237
89676
766428
268314
951001
695109
803476
518418
414836
39830
342111
715597
648754
382960
910573
32155
399981
800856
669082
37358
884269
992303
678388
151737
730485
781149
345178
977507
797114
330138
696191
105704
458799
610585
856398
40589
104635
330833
899368
542717
594124
965416
221641
5061
71493
55166
928584
255465
579283
927124
592637
334753
723549
394136
405309
926771
312218
870158
219648
255406
278012
103324
764260
22080
510218
886130
953098
832821
201675
127444
717854
239116
378078
43973
660533
478840
980199
104530
296399
742704
374436
243128
977595
878451
698781
495986
89242
925724
636922
656228
372923
26013
187566
542109
565478
441115
95761
92300
80564
740070
54220
185859
928411
262803
354989
419744
981192
881912
626395
11677
262117
829124
950563
248310
359866
462456
940656
627315
205103
417030
626074
492945
805616
642436
767061
403281
198825
24973
86922
718300
251825
345013
55555
271057
271747
611238
524735
860845
806310
541020
97189
885718
811439
948985
685718
202372
178013
873605
987739
696972
126434
787846
246781
284683
357569
999288
524084
966123
116306
64106
995639
366357
307747
280501
561586
417011
233209
745753
93782
545056
837172
93173
948234
278255
93136
32611
756351
181461
241863
392302
390817
693492
795604
277233
545641
97604
362899
288013
757071
761568
537477
58182
787421
78059
65327
492923
800735
852445
661601
80896
954423
320494
17108
216153
316940
331997
931053
383062
711651
172061
832414
152390
461894
762653
210348
431641
394336
698226
502603
76054
725355
62820
370469
647541
685056
634706
222905
359514
766669
250882
9824
419822
877477
732041
377900
397148
904946
463635
236777
806949
876677
787792
44037
69281
615310
127420
403020
311955
663015
277705
334923
262375
879498
806954
224726
55242
508515
704318
156582
22822
606785
203415
553626
273785
872870
6311
369438
219729
506237
28487
57897
675814
678955
89315
307040
529107
886206
36100
301592
422835
687170
5563
474233
971284
57266
277991
577405
977755
587212
28068
55320
226292
575293
950352
232178
611315
459900
384123
996239
525452
790067
970346
847056
659883
869271
281864
152531
97073
590168
356650
501621
524429
129588
121981
251447
126386
903399
286351
547838
371770
659389
486070
267380
589015
867591
48161
950413
844337
843756
378809
829668
708258
727639
904051
46467
6858
280398
777525
92226
633999
964003
493538
468998
584628
684867
670212
219179
675413
189611
946261
792956
820476
794811
620842
148959
159588
19235
648125
954126
472904
616185
800277
179839
883494
273581
150548
762406
911317
702036
553373
838672
915712
627552
205471
719088
195454
499121
538627
720183
880719
776644
694830
363612
795958
886345
138227
58747
794670
382419
193944
830362
352394
976873
803011
45126
91628
625785
400898
402332
494561
973548
776244
25955
980760
993941
425558
812183
966461
628483
626542
973505
678903
123701
163789
943489
788474
164845
800581
854702
783945
389085
312808
933396
619340
217342
248888
384860
507401
838144
620208
271177
842370
774684
821486
885278
111788
435461
884219
325342
545799
663740
548601
34603
818654
923587
358312
434448
626205
668457
781076
20378
816138
55044
92703
854241
272418
470845
897702
555172
134609
880837
129555
613906
104140
921510
9279
322917
159695
463284
185473
255017
552878
844706
201304
658715
904218
89008
368369
309996
949299
349698
541077
326181
740484
270733
971441
642788
313951
143018
108739
649796
473622
602573
58655
297115
748051
458447
316700
51164
337941
662822
816797
847005
622344
889783
998911
489140
282495
93506
158236
929658
488848
653308
939706
120177
669260
816634
175444
746434
226457
26761
304642
389535
158190
303898
296647
675271
328555
386330
258295
539879
777875
61152
579651
759070
908711
249856
4195
730521
737632
114493
503006
203229
434760
117403
579065
153828
810357
67217
221178
766750
878883
228701
331863
596568
630381
918130
395392
357626
344488
408589
676998
504683
299484
831845
855462
814415
669600
626433
81398
114352
709137
432803
421483
52410
608558
59874
316229
971872
640915
550357
770135
128861
735184
649067
295991
21205
333862
32280
519934
512602
256669
58730
252604
862922
877765
431866
874043
407957
244231
979517
623918
833116
186662
699770
403255
255029
823192
157270
429138
935243
360059
678923
840801
372642
590710
436663
679188
367929
232749
966545
286068
523784
498016
264182
469645
30057
95585
526817
333814
183315
274032
185274
206078
799361
128309
493509
968629
217457
916952
788795
563732
291784
748096
756086
177930
840274
127271
833733
867108
706600
77719
13920
612375
863274
577731
193333
786477
363692
553796
897312
959050
264494
704047
667066
260570
873410
137359
677320
604506
417042
523460
658325
753215
716474
141303
250906
44230
632785
381560
512281
23321
886725
932279
581769
557467
120420
890588
251499
198353
751799
267843
100987
990700
241929
993751
807106
327159
317893
15370
112712
98521
968957
548462
83431
800328
193799
394931
733179
234763
897538
97662
529206
471337
147574
282786
231888
622643
411418
