226284
552705
274019
536236
429244
756100
473027
869338
383343
662526
209208
834009
549324
225833
539274
838867
801163
117150
842776
836551
916112
799243
699880
741774
176068
142467
763983
158330
703890
257776
697273
75671
408891
76515
740502
325331
659415
517900
130914
167546
579369
918981
350863
884121
981405
841864
245456
87940
671008
633217
759492
142900
768220
922559
966269
411272
687759
898948
643693
162668
72647
517819
131053
173399
495356
506121
536425
229038
663625
175484
526314
423942
453513
265824
170753
797831
890250
653104
49549
917483
816113
540522
267882
668902
840106
184699
109686
879264
371465
307866
435457
603165
73794
46129
561168
462014
670401
142197
424334
168929
364519
807318
507472
32035
675427
148946
635907
402373
500968
398501
911797
768876
46736
208091
595388
201474
447373
141189
5959
347771
887687
954762
620415
13938
676440
439957
509593
237617
308960
463788
953659
176272
76741
91233
39176
352052
251594
691489
514698
228601
93771
7657
192635
168426
346962
883801
211888
180909
882458
849505
189411
70524
565086
457175
621723
796941
634780
925419
915258
105812
894635
35954
335203
95902
642678
217182
151301
439134
941716
597199
647817
308357
908933
726402
671764
296266
267916
349479
912377
662729
407652
731089
648574
673480
249440
587911
852553
204180
306274
584631
601832
102474
385079
118858
131322
823281
296526
232083
562748
457029
619411
641633
499636
162511
22765
946355
968947
479983
507984
755915
161099
298108
814655
481627
135502
744322
647714
438812
497150
28650
311743
484798
861526
773687
896920
909434
209268
947372
711074
852867
500577
813452
358685
198682
313535
728377
903700
421825
755534
427134
199859
288391
962202
41960
456000
960706
508485
720207
7160
7131
832172
621938
713799
738499
955257
218304
190434
902724
575621
410355
158341
482674
645479
882839
333892
485760
809246
321193
553872
288814
851351
29658
933641
77536
704411
716083
941114
580683
653783
109906
675061
691592
281097
653266
135308
498635
48965
802249
506473
918509
957538
540458
918347
244324
723395
418059
314654
229845
320645
756994
749045
856896
595970
260008
486758
424346
336000
398079
304258
158584
309946
916080
607983
407271
525256
613421
43364
884568
746157
508405
268545
829368
748733
585269
350793
864094
837929
262092
752253
117598
926505
509543
445782
235899
236164
639179
773598
852281
160959
632626
222635
881679
634656
6412
761657
28411
249821
609190
326115
424688
409446
670824
489982
921323
767692
134521
116754
794787
383500
970685
297462
149983
185212
741246
286983
284513
456913
927272
920196
244608
867339
435822
353545
572563
576061
619467
332262
835593
77245
935395
936988
782998
111012
344520
242483
857800
380610
625112
128699
418040
633889
865795
360797
715547
280692
688234
660188
877368
444957
836899
173102
37748
660440
703641
172657
682377
535687
721296
976460
938005
553882
872007
60707
67535
51930
379702
731638
857940
338451
88439
68759
453215
525980
614465
718662
248088
190532
403087
985067
912259
128603
321951
449646
434457
791706
897110
833206
99892
803120
791104
817405
732771
807722
193462
732237
488222
316093
393240
852057
994579
946035
143482
249786
380126
118896
493212
96517
890392
912480
47952
971909
217606
982784
536384
558874
91251
963525
33480
206189
525208
314988
130623
527630
143159
390111
164691
428461
433031
289217
215634
480306
706569
239575
68677
495609
2937
633874
341367
379693
324128
647741
832723
691072
716422
912255
917419
743748
440133
325966
19541
294313
888249
603953
217008
550740
90068
559663
438660
694552
638862
896089
816968
731091
816313
201905
701309
815016
224114
267638
232631
670420
671219
944525
19963
31663
425094
281805
324292
828609
935508
767655
389024
375999
684700
653745
193911
949025
127935
44493
636844
259425
519095
372090
839196
820433
474216
953463
997444
709401
894159
488399
704767
521548
12311
543686
803820
454823
708682
475550
785070
73445
935397
700486
185933
39490
873092
493280
824314
37066
346620
468653
798511
571420
749383
565528
862133
121024
895770
275292
223167
77922
707859
301586
772916
630955
427662
922971
477706
783419
501847
184998
880781
378693
926073
851038
415488
914310
205685
533299
450714
477731
437711
387716
414833
921182
977410
127078
406581
595636
90963
911572
486226
985239
339842
285619
984697
549123
204189
125120
574073
573759
590064
128088
221255
484274
93591
382307
575580
358240
604148
289246
129661
615103
92219
86660
462614
533818
241834
164633
252928
520833
549846
138771
800866
961355
110305
179173
324339
945513
597640
480809
940125
203592
954585
464297
558269
584579
9793
87561
690439
710819
550787
748565
708231
466036
431877
692579
924738
986629
613317
497829
849723
654139
109737
761485
558481
451474
406387
303901
125894
822706
695507
772042
7642
509418
243094
385996
925013
970379
279677
881797
104676
149539
942824
705995
944027
366869
353585
409428
441049
988562
446614
247165
586761
77046
523854
858551
433349
608641
502908
342414
188309
354736
867777
35671
678612
9271
140588
78838
478259
53982
368653
365321
583319
79861
413159
710581
247006
115253
423811
773259
249727
158197
887457
957398
707215
546885
695242
825027
792288
105579
269569
762413
161220
640504
285719
774661
986735
321989
62174
538267
399546
454031
162229
266699
270340
513453
244994
947974
883059
577834
71679
225724
389912
777923
474155
251747
18865
459134
997664
295271
539400
223908
793860
818094
969080
597726
126617
711367
113103
655592
98928
853166
917327
365428
450875
827006
534927
594717
203903
767156
832127
47750
77288
93595
711177
644751
575734
791450
760722
482099
261782
394582
850271
27969
726923
746757
473301
739253
199371
46672
373977
394035
285670
534948
388118
152415
49185
161558
447324
82843
349281
626096
977253
584350
31683
402909
78836
217454
859401
445996
301463
89466
495470
675716
472075
816022
708634
738917
303550
89939
870513
195734
79087
785786
768965
575409
629425
579621
807532
530247
822287
14843
475821
230897
628042
782598
353684
197236
418814
507507
561829
219664
993251
830629
654957
547494
331374
688758
515635
841987
861655
83979
927438
611341
198518
410642
100816
99080
115463
815323
290720
68998
892108
291408
887206
512105
858706
328466
663903
10710
925643
102834
789776
806968
308314
662409
150103
420974
256878
813429
125084
768274
429254
439280
29479
953063
63634
454030
563404
417310
555450
654419
832769
462533
481848
378350
250768
892621
984288
114838
199271
525046
175424
164288
238989
969817
581858
789626
465903
733266
9902
321639
664856
701959
62508
626775
906880
507546
778472
955779
103163
3879
818350
866466
356818
78266
297781
545322
13295
261968
596760
528934
682865
283208
336511
391408
909728
125351
266652
181516
387322
623492
364369
865
730412
846870
74223
800405
984092
340120
730586
317315
263203
741526
240200
345180
407640
459736
783464
220119
668872
372968
92127
849302
136129
136128
768813
477271
44365
141013
48687
597011
52925
748026
43581
521527
71771
71347
172211
289340
652865
664855
746957
783333
725063
508256
761516
382996
14679
928339
572661
716746
620573
912070
273753
945146
662747
98899
851631
48968
323225
758552
56252
253155
899257
551655
739221
457787
679849
293905
348572
616289
682225
76746
382054
181883
365164
263481
414589
263456
382163
446495
509889
824342
541365
893985
995753
372645
756675
718003
552935
97175
151687
486883
995498
35087
564853
645311
405373
876612
112090
998693
843468
463576
631089
936933
883655
89881
436949
212308
673567
429587
697168
40048
169710
573647
714385
344427
366259
839021
967356
619094
776250
989465
205532
927659
248602
316461
103220
803255
216536
236899
479091
393634
376170
812469
463173
71004
709078
871507
751366
633190
670775
519168
444625
96570
107169
347978
807031
790809
990748
645348
605451
82159
514381
227426
165658
602404
545587
837775
737209
936001
284300
824174
925238
182013
417880
866764
131824
718436
817269
43902
466691
816419
341225
877885
774875
222898
57919
949722
304298
524702
709832
464415
452916
477106
649922
81860
482119
728705
16983
711499
889673
715411
423548
495353
868458
689322
829946
764081
367160
697007
478602
548462
327632
920702
720792
102876
378162
847755
255018
200660
277806
90479
958874
64627
350075
981459
693439
742869
138215
948919
303786
968755
657384
691872
357196
991766
250320
890972
445749
136823
949471
367411
278775
833078
193650
751276
336105
449714
346266
998073
309895
46859
715976
709248
138423
270834
787044
321990
70310
446121
247676
171450
48273
167388
757465
612700
905056
496860
996206
827976
468908
715572
701290
845539
673122
356330
336684
292577
846207
237076
671894
820400
726331
877267
869754
830852
475650
649201
953906
249408
410653
663059
553804
201022
540208
737818
269921
585467
964060
343900
67591
21602
11396
494714
449372
433203
414893
935326
93507
678800
965247
762004
186155
145188
396840
765121
94091
39408
576480
683716
827946
586035
387911
620135
605082
448822
162154
644993
369029
573361
701540
419308
44511
177885
833505
456863
123579
394647
305022
450087
287482
369966
414924
532999
519325
541449
732084
759528
606844
766776
854260
225790
588816
908437
462407
78202
505706
595158
924771
918949
399879
702771
990812
232352
78138
923822
92902
179637
21897
853380
815864
391577
488597
863982
576203
660864
212272
152660
903489
263389
939667
810511
100067
500917
652519
868441
304387
695647
440705
750228
932032
17818
943787
419251
347240
164107
628253
317065
8120
582993
499787
616556
265342
897095
108312
130565
621727
18325
687656
637496
555381
43251
593747
528938
60368
323004
549685
632755
572958
880618
906786
18338
936421
510388
130743
841255
368236
350081
152587
1761
14778
689735
956485
21573
152502
400389
169159
901287
380205
8345
371784
506280
695731
612927
518336
455165
607264
963878
324540
477336
825468
645232
488849
691061
176885
140167
555181
642114
608332
389271
162825
941675
672720
879403
663866
324674
43459
965351
170791
426760
165145
133920
774357
849690
89118
830803
277790
71867
948791
66953
941697
500346
364544
883461
538451
131264
372181
110886
922450
548024
311021
490656
68953
413915
647648
606289
23088
595415
814985
718083
369147
893723
466374
725629
202515
528578
311964
485382
8690
37721
235576
863223
50120
973519
633808
232763
299818
515000
676840
884327
233194
749821
255537
60592
553793
612644
509067
807053
49321
538680
735915
799018
799240
825621
344280
470661
301958
403218
244560
898281
614527
25547
501895
398725
820308
779401
100303
326697
937820
166161
14547
585116
763832
676038
878653
243996
637765
931643
602744
576243
186154
920665
938895
93298
678352
339305
399412
903373
944946
827455
872541
678994
685066
946692
806857
482568
687723
552414
234657
147616
595245
683582
988601
950554
35906
418117
544117
808311
790183
922260
59592
178582
675127
922415
442520
415790
36505
189004
412094
991655
749146
280382
296233
915349
685973
950649
775394
711826
620367
905793
847146
254006
704863
275380
300607
469173
614218
713136
570750
46678
763501
348450
591650
263756
444243
580972
753130
958003
792743
633714
459289
554024
492419
295618
278359
483013
873126
712797
372085
766072
259909
264230
103246
591551
977976
303974
484616
998914
410197
29626
793722
89292
408666
982618
359080
352551
617027
125382
180521
673300
895164
320783
865002
608996
354673
913663
934219
954230
26241
948326
878566
229709
586960
462274
444145
760589
98683
620106
345721
24979
748647
563735
146126
586798
311538
563951
9790
205373
704075
982064
798713
505765
619358
247638
948052
882223
212263
497257
345769
945725
325416
345094
979867
618535
623414
203143
88631
736503
545581
525778
746806
397308
521475
83771
61151
383631
312314
817687
19017
233184
186223
60574
957118
491963
316112
386876
701499
533341
988395
135220
932629
98541
530657
108209
694581
999513
430009
995883
472644
144590
668240
9842
870817
871251
523055
70618
410895
596099
878709
767684
972588
987045
290500
567580
157290
801174
840436
302149
7874
56063
794837
230642
562459
951471
472604
512091
363831
239070
436577
302908
987880
891114
743328
994721
997035
388909
92073
912963
131359
460263
142634
215564
624672
109786
438743
876407
497796
226997
173491
904531
690609
631592
128126
943718
112345
555926
376379
53486
11412
464233
255325
999171
864025
106815
700237
353432
747032
846849
636571
877472
578422
467477
879358
608077
357477
410281
145225
495923
445919
112880
793773
10252
782144
188010
993957
821460
220030
418843
971330
677909
688710
165469
452563
299581
216883
360337
636208
737450
622637
858865
148131
519944
121820
977345
465012
417618
5448
483876
271696
535476
150607
308043
379797
860177
297025
957128
183101
875488
241756
956609
843300
776113
319711
587328
652087
221966
462733
526438
192635
827645
466240
238975
971639
680033
310950
449265
278272
900287
565213
844943
887199
828447
192295
145803
67104
49161
801418
869703
793722
937902
142919
690444
233238
493097
424820
505300
412606
671898
798328
376065
211491
329138
203747
580081
532042
8014
721256
101929
671317
116602
206071
245038
213802
873174
546875
628786
36226
163606
468589
166060
326160
525731
272979
574272
255499
588895
583897
645406
821402
472069
269130
152295
937244
227887
841259
656777
907537
557106
732724
496811
632552
272740
828268
487940
561829
353534
615328
543623
924078
576156
612287
830328
558963
982113
644949
818338
633208
695735
717986
624481
693697
973044
552087
953562
135129
944472
392300
751627
636670
392627
454944
37373
804588
910819
794510
865238
807108
824379
289769
319243
571673
812288
185108
760562
882584
86989
944929
532149
78033
360534
349795
152995
857894
150729
547633
306272
809103
447056
477434
712125
468487
574259
834880
354722
886742
75547
413043
725352
857724
525682
830443
363715
111607
41317
787456
344221
126897
330059
784585
222910
56202
385631
101104
438438
530173
154409
104495
250365
836145
941436
501609
225441
248478
187864
525671
92639
941850
878959
143021
532286
564672
845189
582905
948468
522683
721072
510679
638716
813684
620543
847204
851647
780694
824055
816093
883951
520250
988665
37346
392243
36724
971199
889421
693052
878393
717701
774633
480951
734764
976132
264017
155931
334595
458841
636967
120098
295386
203461
454317
440980
321172
757325
342083
810238
524266
116418
823485
856706
781202
645851
473504
339848
776076
513214
898106
159634
764683
984542
170395
857326
746239
471677
38900
619396
957499
923475
776778
323087
277064
657223
364950
92905
538949
786842
90876
37886
158649
38947
406374
849634
855863
692596
779901
105087
1645
581340
37508
136167
922569
940550
925584
42824
447431
220863
922600
45181
169244
757973
790901
402945
980792
918874
661733
175806
918588
637704
732963
927684
596344
923967
247339
712917
249055
19433
786380
470172
294986
760062
100478
281086
666853
480995
920541
84106
537210
110574
846018
607434
690648
780484
786108
738491
139359
562724
1776
228184
530987
577660
882890
19794
876827
822329
277471
213405
81917
946332
850913
157796
327128
828103
218494
557405
729429
80024
831637
333046
87242
702188
865941
650350
641636
352325
599540
48897
239281
964486
134089
65084
3080
529051
341448
288494
155349
160309
435287
631103
770181
458675
24913
645082
942858
697500
11350
731526
577995
155849
602380
23827
649900
821600
569975
812655
79157
623226
894449
2840
718177
649382
489606
604395
912197
239303
971374
412060
917915
567384
182375
912511
919147
864528
60463
232322
968597
508065
892891
282621
292285
514714
933719
540258
594067
60204
233019
383631
524606
3401
354310
182275
789348
568424
863545
196652
157912
179110
12242
603806
549793
649414
223268
599392
758947
549657
33999
141025
296365
553657
790946
235464
928926
106031
502665
696937
181748
673972
728756
50771
967859
669653
880647
881030
766190
44719
481015
461762
758836
361050
994568
746106
548442
834594
171360
379815
796514
186545
393670
481210
109573
814792
735869
403817
541922
405356
363639
874155
160003
458909
807160
460734
926216
363713
667208
578149
79218
425952
122260
309104
77838
885896
707554
314483
220795
811985
615279
61785
556890
492091
74088
797073
933970
421171
183425
557286
208125
526773
561780
421356
675443
991883
28889
139222
365489
610163
48926
409573
858341
145246
983972
686587
472216
474773
217015
473870
959544
944695
647655
456567
926785
988381
936647
285674
379464
73374
755330
384256
159268
93934
863573
594224
671353
364193
65708
773213
904930
324686
259933
830921
625978
586318
312827
225639
470408
630884
355160
997645
36485
693878
114459
331784
685578
246713
924409
757514
994522
943532
295891
509118
500746
193339
215788
760316
123721
698755
625094
786712
688080
841909
646232
115093
490023
422420
258733
615159
308240
336152
5851
391542
909460
311733
973919
241486
187625
683765
542546
819188
589437
665986
666442
789219
389794
118976
805392
942099
308950
225431
420729
278859
53805
751822
525795
622734
192925
628754
755022
675185
442662
828375
600084
258572
111772
734614
859654
876943
35795
422772
373477
85356
992293
159747
117498
600690
931234
780961
429522
890170
812373
721726
54618
837306
4079
737532
666835
521974
948051
615855
396337
872087
523133
462339
923286
966932
171535
810557
720678
843469
553466
445210
564742
259958
757445
540947
137078
18480
532605
840130
917384
330355
150202
897182
977789
132200
857481
123491
929851
633876
550395
840205
245356
951726
209673
167810
910837
460817
15394
472207
149265
990668
280468
134539
933322
214039
470226
932504
40276
305377
427816
506631
280454
