445625
961945
514626
665565
14021
813399
700991
340209
198924
189931
824837
797488
864866
110252
301254
205370
310655
374500
207437
35772
755918
691600
274327
815875
719636
900484
814539
154162
156475
920235
272214
423311
65403
341932
393127
218423
915108
742825
702660
687410
400906
418849
794632
434657
810573
44725
477818
131284
544323
978248
649546
826616
328389
59199
356394
928493
940819
576424
524806
435830
568613
973750
896034
199690
988751
326378
325903
135751
977295
361166
113226
583494
290614
675740
620401
177161
904753
105787
521251
993041
908788
408873
295602
302221
865922
187764
509767
496300
649946
225954
672083
239763
878913
403120
273262
197610
539049
290615
921422
855569
378747
912747
884197
85681
927494
411134
630294
293485
76675
122658
588694
330102
811076
525419
168348
540350
2553
492818
17540
192580
374559
582294
952582
160270
984838
316732
543245
969973
21693
65720
186615
356698
938524
306852
357736
589366
722413
255149
242571
985679
996535
94477
347942
897479
639913
578610
460313
708879
681376
159358
17395
728952
469077
704872
38769
804778
423974
472575
940436
994221
559039
545231
200414
612389
964261
516188
724072
444251
577439
414347
445795
365174
578433
900640
641897
470344
847574
148706
106815
381764
855401
140379
721194
571790
815600
699580
433194
202539
789590
515485
956824
664151
694564
905953
632663
622326
114315
454328
442170
108386
128720
921918
40050
926051
642388
147584
228146
687420
959295
633759
166433
238882
819081
636110
214011
34760
433316
228662
921541
228885
594377
32440
901355
354935
17502
217362
843319
281169
728769
197851
300080
581968
30516
875432
28173
192219
255205
286289
917268
609577
219352
513742
110548
989676
617971
337914
502139
940267
934566
264634
399445
557933
36789
422455
245346
910737
942243
763206
343378
727355
142204
883689
987615
960809
793280
691439
669895
476515
779431
317174
335333
702737
648341
34257
985771
680678
507292
22084
755006
853242
602088
346412
494766
500022
157067
551804
593809
74729
253478
169954
483259
110199
948976
951176
857755
556976
695590
216822
267765
231935
19407
118548
666871
52345
639019
247885
838267
292245
201208
653584
312408
334779
763872
399600
596325
982069
85186
191147
246540
439810
28123
149320
855750
837257
282961
830361
651320
786283
864604
824288
99626
96561
108113
140430
923936
100260
28748
991463
723543
104700
393018
578049
787549
604592
723777
157098
416461
863596
194828
787049
999590
792673
388406
276573
410056
174582
500754
334787
443082
204700
201429
11795
435706
981567
876641
493001
711986
933336
226862
253697
298259
935455
745943
903611
66209
517662
440703
725631
188987
977441
127262
466330
471093
43978
344300
735750
345812
908993
977448
755239
34789
533640
638533
371634
963898
820204
709746
465832
103618
290647
851332
896960
513860
178243
187523
872867
205496
688073
959758
72721
433666
858967
845163
858465
216524
970112
238191
584293
816318
265134
658694
690668
504221
128498
242080
547105
619773
490684
138745
507152
394660
573350
740482
220361
572093
549802
994737
973725
457653
476084
493858
724997
610806
847123
752552
765282
884670
90121
278901
82720
150107
433601
856161
580083
331973
821600
31834
140611
308440
687476
567657
568484
812
409673
186589
105918
204371
351258
829910
73100
95342
802277
126511
485056
87660
292247
877385
34243
999520
288807
841457
380185
110654
419263
250221
553379
135219
593940
325864
92990
194654
228118
187639
909321
334766
902403
511815
293445
925593
822487
501926
125973
780213
145054
844906
745188
864119
586665
54849
828069
44487
705823
758103
10358
158076
951595
586974
983134
430137
784851
90237
981557
204899
79529
959255
783523
209406
947866
153462
205824
579107
945763
776340
136219
314720
332516
128774
852374
126572
981901
173317
97966
9029
789172
793307
514265
552744
584393
164263
159112
517676
614113
427980
756684
163132
917934
979260
102101
705135
590224
418588
164629
758022
505924
779989
12930
453569
648506
869559
553787
626462
32453
421001
904130
688559
549292
273521
971560
206167
570077
12028
376326
914337
176577
171147
527911
203900
441003
202651
912323
210455
512682
2671
927206
615765
18045
454492
292976
647469
282086
878065
558965
305249
440663
627969
5252
126617
75657
351886
207813
726620
407020
279891
596732
971690
200185
415918
108714
753720
631843
98280
467666
763144
662123
693986
130457
487589
846227
767775
726342
617592
862250
107944
117098
776778
528134
59808
778969
646807
253968
813220
263062
244747
867129
351774
491789
361052
923659
742567
225273
757123
356954
790550
532326
146456
298073
554602
703249
450377
288008
843663
596907
574902
466891
598480
710972
572396
10135
855706
894948
59709
229509
612073
216253
950265
88905
749522
25949
975819
672188
960235
582008
20017
817941
520218
211170
285913
404022
25465
956593
693397
817186
300451
134913
368315
782413
616862
347793
276188
945612
401829
286218
74015
456620
16464
107424
375929
987230
600034
519121
51786
520079
889391
329483
346775
984342
976808
177770
917472
424967
122565
387743
794654
259557
605645
50412
368923
188532
421637
319499
775789
637355
800051
454895
235472
690568
870221
313890
458015
81470
87619
668301
156079
618698
250854
519894
729224
716707
760819
362468
941825
752848
138944
547582
291831
192467
705090
125713
642794
411971
356473
239824
17780
962487
853752
592502
168166
467422
428308
573223
795008
869228
855401
564532
590285
774895
690628
128445
263961
936192
521328
940401
213584
250772
725216
7473
740597
760946
472054
445139
376187
654399
466990
870979
944067
816629
665322
805763
761843
493618
474266
747666
133743
3949
326535
701739
465975
531203
649661
800676
219677
66160
92563
394039
951201
427033
672152
618334
485739
652229
45148
200151
262308
387372
447896
325191
318385
890280
70843
967675
726989
556232
879825
980617
635521
599940
105298
431829
808899
12874
598341
747440
898217
422198
600207
359322
418248
33441
588124
738344
919661
486865
51625
746241
467511
974350
178603
637634
733775
173332
882719
543233
63238
342948
479343
463727
886025
661365
781630
993431
851907
923848
599568
12995
998480
357785
370457
997245
617881
26033
533345
203827
551824
48088
72336
489908
428233
57832
105499
1623
575604
726397
904075
393274
477299
880841
451815
563368
619804
351236
233790
372436
193036
80640
589395
178178
257702
907418
841509
247173
833511
851981
261529
399587
467431
215200
573830
158228
161967
224512
114589
55081
132849
82152
751091
814602
67048
655932
821485
753944
672205
286262
399879
801585
338547
807735
84353
502097
824512
218111
892262
925718
862536
760
451066
974300
629767
251564
598463
545670
605179
435544
283492
796574
599516
142424
381707
460116
987833
515073
211317
99875
194928
89933
547469
608209
13002
256433
188109
662421
131377
478347
911825
903570
776142
77751
863734
204418
55427
25537
888942
349166
203650
283892
640164
389081
936904
509073
563078
299005
64826
314012
616948
806061
615386
167696
946691
217369
370662
36146
312238
188912
662349
955522
613273
29792
12431
462222
107395
486777
833200
258978
254537
160303
242328
951386
350033
404030
364362
376024
463641
267624
707711
151568
335388
767962
826974
609536
106846
855981
457563
965373
425237
626375
703849
759785
842932
134050
708189
102209
326228
479717
564897
904915
404417
94830
911249
90956
360799
724145
325365
887791
634872
829626
738715
480802
77731
92046
672209
765603
449169
608559
91260
455256
852151
874495
925336
167299
232020
325372
945741
861076
11294
372906
617130
618200
571725
415758
947456
728720
410243
788438
180190
477404
248470
128662
621092
322646
622140
132205
9606
80060
928658
108550
56671
45509
635145
257082
41135
55444
843821
238035
525875
451914
575123
740268
278688
642742
473951
408244
627451
287464
106159
855761
661335
768931
76072
697505
699052
709360
683547
627355
204241
48911
157459
901396
39703
89289
575485
317278
687681
511905
114164
802891
753955
54440
275561
201487
212502
922544
96748
699011
401045
48216
303897
865222
702711
393990
436961
661630
576521
910324
839988
740540
267463
854305
59080
802941
73207
172199
123913
694989
963683
490284
401885
253255
817521
356210
354578
19447
427680
145674
461223
376608
777633
667814
621428
700697
96976
856523
626678
80978
219917
338597
708347
650164
256763
286324
827942
151591
622613
33061
115936
344749
702056
672316
636380
754347
595313
825388
330116
957192
349907
979337
567493
523502
304820
298068
637556
862894
330422
442358
895387
753472
617997
109000
45925
238951
357506
694095
99617
23091
667523
800581
257398
352160
306660
409298
804068
234588
541430
55002
215474
783398
91778
688815
870778
32658
479331
81063
293069
832937
311421
464457
136068
58605
165726
440481
232228
106106
355631
773427
361005
84359
521110
313548
520383
90764
869868
772019
852074
840446
582678
626175
859024
775734
272450
12930
384697
319599
70400
344163
556787
876206
439930
716490
311780
909948
670610
160948
160238
840719
628694
383782
505789
279111
514658
495294
805744
846676
469395
745316
45281
691252
25635
657312
146067
552602
971814
907014
833463
449770
473568
171148
614683
86753
341633
745724
690864
747730
886846
990980
409782
69323
625996
267179
276998
54422
1659
106014
417851
881755
686
80169
642494
94051
476915
839553
321005
935479
815747
58749
45736
481511
444247
156709
971064
322918
590308
785187
435675
476819
998965
544470
477552
699282
867045
181958
273083
857
743413
451249
838678
579015
933840
192324
91381
156526
838552
674533
237076
459761
581420
755181
266559
838793
894393
504371
72829
932578
480378
988804
352090
575586
855309
10030
674768
518089
814643
487547
259346
680691
32420
821052
444916
313979
475277
751163
575226
343610
218471
263826
177339
47021
646261
973529
743665
899572
36250
373178
682272
820535
951188
874850
574305
699235
216409
65680
597835
21202
462540
693135
624636
640777
779036
630592
328201
440986
137594
347793
980352
432170
530548
620810
119574
227661
728051
372230
231858
483085
523789
535102
485524
821898
430664
556033
443108
290491
367660
23360
332051
464979
634180
842885
241520
129854
303217
95236
705545
718026
328618
304330
797115
409379
395283
181394
56089
721207
50425
571191
255413
781688
137448
764867
802382
417599
797994
726949
123222
266510
550684
690369
130206
246254
28718
28578
857248
745783
573174
156107
785705
133934
701490
111467
376161
736456
795480
320814
306488
370765
930332
717808
353967
995416
270334
24140
564480
788603
429196
340051
643051
811263
955195
911576
438687
990664
43550
607976
273729
525591
181825
70936
421979
657770
654757
974518
700004
203262
581591
585633
303592
467829
45615
342197
86420
443794
23138
992606
42016
663200
198213
104398
189849
564275
947807
377609
816714
451270
278697
517917
287238
481795
704740
542832
90133
70434
528087
20466
444473
370281
19492
768305
437723
496657
771718
629002
854807
994825
133225
746237
28129
19347
175334
123866
500242
561997
795930
146520
686739
148618
334050
456645
351716
843167
894004
161495
620042
71290
431645
548064
39123
346732
998611
925856
374151
719943
263926
880308
198765
840418
996072
331501
549814
612793
699397
423548
898635
961073
210369
784265
76078
723002
837533
546402
903695
414734
253574
866000
866926
16086
803786
488006
82919
574315
569911
143027
879839
765817
961554
846070
295497
654400
4529
101233
905686
294836
180022
648311
718391
612357
899368
414879
91600
708025
668015
865274
992570
773044
287020
138273
554549
962586
635123
455207
791593
398027
627878
174125
156055
376269
870383
343765
446689
96968
464089
717519
328370
188586
306315
453327
887243
867754
843235
258655
385643
336490
990891
8336
990746
195126
773947
799884
607059
216682
839147
880327
120396
322480
118578
411092
196643
353125
397856
712852
803623
669021
375028
661513
875647
203901
952923
262984
477243
205127
194886
596365
485813
865715
972070
452648
838051
742840
235143
539542
620093
382442
838278
347883
598405
244605
646448
246634
103095
600039
286649
107511
497487
396580
241494
697699
364466
345427
427127
205415
255418
700478
835556
770540
985185
869751
722867
500615
588041
179037
877348
494850
787813
265470
812825
948181
289160
117142
770677
698164
974344
263926
133711
977026
622350
963200
329235
492259
344381
875663
60469
800943
944253
671027
556435
63746
80035
181849
603175
543536
4927
490058
144997
597462
67329
829258
132663
417611
397448
588512
700307
394102
269705
135926
203893
998905
525208
123414
335806
669515
303190
754772
76009
891556
770296
263691
411814
162961
66095
640319
108373
354471
273081
854498
915104
907092
733636
4850
935477
161937
616890
426303
64479
500852
99374
21002
83776
748705
530465
949705
58477
924384
559152
484488
669286
873355
337054
698089
665456
468254
149626
550028
598161
250353
430125
989385
168296
872449
139234
520794
404070
198762
509202
47958
663149
815921
217003
916120
695491
208125
389724
73086
540018
671014
803647
196045
561152
588262
171556
938610
973894
438509
217014
45412
190896
218000
10701
171557
368400
901153
962383
168166
804702
950297
206019
220618
842000
867122
292660
189763
216146
558866
682366
44633
597731
682017
912184
658569
247948
67771
726014
988298
130237
363201
853785
456555
48901
942090
930189
603735
350893
405624
45568
987771
28274
275429
76994
482622
200670
276027
338813
504623
389954
749346
39546
854141
928466
845653
471245
982431
10973
419598
85855
742612
561255
654880
903894
289348
149413
829731
95459
259590
272724
772425
337063
474171
925238
228175
334915
217815
55978
447632
129274
807040
582438
543411
737221
537038
47828
848197
795508
308467
368583
17313
838524
301492
254169
600396
213025
594261
577314
904285
320961
335123
201815
644057
808250
603787
372284
695709
927225
287992
173063
106036
509536
510554
325459
145673
530835
807601
256317
941558
438880
643112
222175
447354
524744
873999
149287
469322
75694
949185
336211
212158
742939
499173
317003
189612
604844
526991
838426
409938
11737
579782
316939
254444
863586
713505
702428
276134
506200
460298
86817
734188
163205
744804
764920
242653
570681
821129
864229
277341
604722
379948
550474
98825
735207
815646
551428
269638
559409
469804
297316
904050
235094
946149
6536
883068
537524
774265
511766
83088
139335
699324
648212
34538
688215
58186
927783
661068
188096
29573
302247
841419
935327
927610
251035
899715
839382
948514
526230
942698
905085
234180
253421
711810
882854
29623
540115
552296
190730
207942
917716
727306
823444
752620
966698
168758
611722
248638
777599
544781
17044
521768
755648
391830
998763
957199
166618
663855
33183
620310
345941
447902
63172
136829
885513
60869
126650
610979
353984
305524
234648
555180
846698
418968
572149
865021
288631
834578
143762
850020
517845
93667
56679
560405
729798
221251
868937
825807
353436
259665
693044
222558
684180
594532
468411
383097
532941
841535
914057
225163
652579
940899
780883
605135
936429
223999
320668
739412
766607
76611
265700
447328
154044
654226
338606
727601
876683
530966
809389
808478
26549
349997
247626
163357
796457
431424
337300
813981
652044
618613
86341
884435
691984
129082
62445
492435
550704
577858
370558
677140
819653
150669
415859
390806
467528
520607
502813
145695
649061
124818
860555
638176
229688
429191
140117
112183
176102
36024
833861
800782
599003
657065
589859
68768
14683
340861
331612
697372
477767
797669
752526
650082
615023
993139
534707
659434
817358
234829
985319
189060
966054
234877
774551
532474
994169
729380
899656
720209
366241
452367
884097
316655
562701
350498
849943
692630
272344
169840
361747
952782
276103
752749
412673
849953
322207
808315
636568
837632
250593
382752
690177
723075
148387
31321
228613
285262
663308
25287
5208
786895
702316
330504
936956
737571
127798
983585
401940
469848
450779
432279
843974
505101
623939
886301
382219
325878
652074
450087
257238
12412
375318
372892
789534
481281
963185
460267
549578
812481
411591
439093
538424
516564
276060
133096
988459
401936
504171
315563
553935
287563
879159
145653
871465
798462
832528
75385
58079
779076
455653
568764
362721
398210
123776
227334
393587
355234
807586
184054
233369
181111
576507
692848
400030
123141
862726
76146
970560
736088
615487
595781
790267
331090
830722
382479
383984
996611
75713
325701
48690
445808
124386
166717
231982
980278
147443
839137
963060
822536
485579
267712
426470
804757
217854
681086
413307
73925
618812
669612
886833
687521
43462
498419
821197
315986
620302
355689
150992
960577
37995
624774
777848
588382
180854
206576
251759
722237
265732
339954
591573
385690
254463
196811
653349
475325
358883
654499
23814
99768
128595
959448
280176
305742
478421
325751
824313
987374
358769
477383
682299
613212
376993
858878
941220
74417
56501
726359
136346
857593
448518
286971
448777
632762
915476
928924
87626
979540
36671
142049
304433
491460
188446
402235
127219
598146
607296
614231
717618
177419
459005
714540
840807
530553
153463
273908
237227
596877
125234
588919
641186
261775
819597
992770
126084
145356
75933
727415
585545
780479
34341
510
654769
998986
136179
859481
901229
951779
828058
688982
369645
581004
962311
689181
121159
730746
428546
450921
695873
531415
924035
58452
217787
940835
292078
772618
659516
191926
69997
355872
132375
153120
455209
751485
256825
598769
820069
322614
61714
477268
532407
973944
95966
769430
132707
271710
859407
9925
24789
956451
53017
238259
564027
142129
31642
502554
191997
269272
487843
784729
83674
244186
247335
803164
847968
947747
192319
445531
982087
208597
777943
722425
698539
799490
674489
693388
806245
951411
43188
442940
323589
442085
140840
230340
844909
275155
52273
293270
481165
695214
55150
424027
225846
80682
572525
103384
820957
376114
348980
979564
960687
902588
530094
471542
503115
965686
745265
103827
491873
503904
438440
594565
742757
320691
101730
204207
141615
640127
924534
582524
935538
603346
766928
722272
32471
441300
100253
264182
174773
871408
988495
898505
258735
805805
42445
914350
243307
770331
114618
913038
841770
566568
996513
248386
250505
604498
520250
871767
379859
476983
493787
249905
569984
124168
172350
780939
367759
844828
68011
474524
393147
319776
103426
284501
849245
761261
963367
253511
827102
308978
509194
859170
742422
994576
963345
846169
108614
188997
182309
171169
914734
896447
497878
232279
338700
345874
147244
349249
627699
328837
361035
722348
848388
371207
501186
981429
477067
919295
910064
845284
606392
337857
619859
790835
258808
190300
334446
575724
70255
684240
981334
925680
883733
298525
43802
309716
180138
448374
459853
317285
504087
320852
713330
454540
783331
792360
997122
127501
632974
850152
874588
647913
131149
212555
726346
673380
428259
49808
881131
71137
905113
953591
418947
685481
946458
778131
702108
168138
886637
529271
598934
23708
436431
291854
350866
334623
877036
44935
981815
617792
491002
841645
831071
366714
377202
520404
160802
149849
129452
980847
202429
761498
830103
552703
638174
599215
694994
4966
738830
931487
220457
379994
468283
767049
722479
992436
15009
519880
848628
86120
130197
591346
34531
313039
769646
194299
895099
337697
90448
438071
964584
86974
250134
831997
718333
843243
181979
50215
640272
221338
226789
290741
305459
241313
212783
713361
702154
536717
297298
421741
965006
747408
354063
717385
661981
315925
513339
861968
301755
17076
368072
749730
634921
874113
879532
833517
279072
555903
702575
642612
163434
746930
647254
716914
945054
509010
41703
458391
181878
585243
419865
436529
4942
884546
994522
316774
79355
863874
830844
933406
856710
730579
734333
431101
911300
25148
