729453
520274
542078
951073
975520
397629
213020
665380
88165
730747
678735
715757
492072
599823
284246
56690
929932
606789
369683
336043
974762
202151
580373
210188
484649
384776
363198
666736
838966
958269
90390
542865
488864
816043
358123
417908
692307
657532
995554
292642
511535
577772
925727
180048
363141
32191
600204
965344
260910
852565
462794
240576
512519
292629
107186
385777
585932
998791
184454
801570
700112
222974
325626
632506
459286
821554
121176
782261
449104
560556
916820
358758
966705
303130
74988
139546
390641
860930
989243
18525
473181
908180
276380
493142
11480
967832
482677
84877
871666
891014
369831
558157
570914
707188
176912
938149
884067
539114
619963
275656
153961
206865
267109
596436
796607
653258
267373
11248
383999
765084
183255
462030
419181
544005
992316
36560
898800
739761
602194
842503
526573
160328
416980
770134
338753
931682
767182
384181
248155
509270
553607
98257
76149
825328
338314
649425
200621
628288
79251
193588
98820
400399
157651
374998
4786
459821
961376
915217
703139
564646
859260
583808
440274
200019
697088
708703
186049
80268
56038
438670
296210
123067
66224
615349
219653
247948
368631
837633
513935
460416
187667
343499
822803
175201
266212
360922
405055
521808
201595
808703
204550
672826
758441
511647
321973
171433
848865
983437
590260
152630
87692
49877
623260
121117
419050
859798
943087
818089
902751
413255
465656
18318
605026
205594
450752
182933
164925
426749
17770
83058
323329
553021
734380
474417
363658
781189
828330
676495
260139
186245
36721
308261
349749
707182
102988
399935
894761
860313
436999
957963
250872
311367
288318
601453
35826
957315
45216
360239
332051
595684
282118
587286
720935
162287
621738
93264
232598
827353
250117
272777
411600
987625
735177
626972
82773
786492
372216
5094
872033
824738
963935
490039
428595
104102
773427
774882
515513
138924
853510
834420
409882
838898
751526
157953
609375
158137
757267
140186
317375
766717
212058
932698
406277
557855
532818
27808
962336
274788
702066
111511
132295
567382
955918
748528
162951
867528
113004
175729
975146
935927
875783
365607
273542
93772
744223
986935
327455
530431
983355
401939
606010
648469
833341
279880
844799
505865
896416
735347
535625
230089
925328
510675
271310
471255
841957
895738
477414
604944
817982
745694
55481
628106
373110
141836
241610
601046
920902
323068
35034
522020
52599
351231
377338
649030
999425
573397
304625
495885
58245
773595
644997
300432
652388
150433
408362
432715
249338
479450
728580
262755
840827
451564
559451
972743
893928
87080
628250
524723
669037
547668
160516
881294
765530
637859
196724
181107
643580
279878
295887
996237
682072
523611
573384
912860
706883
181700
516623
20884
451297
325971
770903
786404
225976
497185
441474
139988
273200
973118
920812
178311
381609
562498
758673
135008
807417
786434
943452
430081
459840
713630
723085
705903
823722
374136
562181
972370
170049
574079
985713
135832
123053
576105
56721
670776
128009
441663
565988
131476
666274
658834
200818
599223
411662
166603
4277
230782
829735
522400
677029
804820
207459
682851
339743
564182
248209
919604
796273
779925
775602
722071
321796
201657
442354
991392
929767
616066
161409
809035
970100
685674
908307
551592
870305
762215
633840
712883
792293
199884
583544
108418
953412
299471
61239
432791
741625
921765
623201
185749
48959
911370
429674
71120
694333
570909
498372
50429
690444
678119
248886
251336
797350
862716
719062
196037
458028
108282
1891
786238
794003
189678
813889
956202
45549
253335
971601
980543
287504
811266
650796
984351
892133
413524
434109
316013
907791
365798
914296
799107
50805
524234
768571
6908
931822
337965
422591
634028
345480
712597
262203
259567
201461
9
304213
797791
97491
636175
423365
165023
205654
477264
395785
746516
984597
863064
416575
684532
350829
981690
360034
327414
779542
118032
683427
493865
139840
54944
94051
342945
441961
833307
245067
142411
993278
152767
132745
354274
601067
633500
433191
670330
915329
424051
199369
968762
540099
258937
578499
499111
952205
576444
827669
712731
703970
673309
34948
715156
493776
103355
901270
10536
942978
484912
213865
552726
241570
171061
13488
440057
420585
691873
396683
313366
697476
108430
240322
235732
324452
326620
969951
118091
401571
320143
247973
975220
902030
324372
771888
798785
688979
792929
579114
790022
939592
941562
242919
383188
522005
104143
496350
819303
623744
962306
10629
239413
64083
830087
583496
241254
250604
139557
115045
638627
540513
499865
836967
950664
800333
163481
74108
382323
806332
697654
360245
457150
45679
363034
365851
959817
848652
778289
572008
432496
278821
785445
724777
865628
829603
267009
653742
418741
149967
570679
278762
717557
985788
286717
848942
338904
978581
641937
11453
485423
967935
117854
907851
80212
72362
670775
589079
140408
293689
129920
266722
702232
90763
378603
236042
765199
626278
561312
386504
118980
527232
191926
502531
997315
406441
168606
994126
22570
781912
527584
148677
390138
660432
225213
188415
493901
556846
161074
159472
725414
968402
911838
674590
398436
101672
179067
930494
332113
376274
148232
385579
848215
7796
938439
764866
904530
484059
365410
844572
561409
770442
487593
452713
427477
827555
560246
379173
867884
338415
368306
246202
890391
852554
899952
750834
648215
615726
389239
949527
321191
371226
586461
986474
537267
383134
155342
459836
119078
108678
746348
839276
120417
813216
645905
695037
288135
368684
663663
781010
46517
570592
148953
425801
381839
854229
505818
804146
635958
672145
628995
171115
619669
308594
778819
967193
485403
668915
89070
386117
513923
741470
56800
728464
893710
666510
151483
738132
821203
988384
158283
700633
983276
813174
982987
516017
767314
783463
922369
684657
833603
357062
371652
298892
122975
222862
998046
909901
655379
859175
565068
766449
569196
13079
934754
813342
478541
647496
982859
669892
128124
582769
317678
272783
495382
913252
12397
212870
448931
621748
610055
540163
921156
114369
421725
415375
129481
216930
302930
177305
257695
758637
175435
130515
453286
390630
269398
428778
908577
792257
18215
822112
406279
617109
248893
382535
465974
31520
362467
76508
214791
25457
832530
366077
237372
830070
627251
93960
806742
794018
504835
409106
718724
831226
234704
162817
996405
727549
447456
188743
473806
592814
858096
284091
956984
498111
496474
494933
46352
522972
102096
869318
37442
805009
532740
672690
567856
948312
248362
524107
889291
604227
779285
862091
872645
257538
212862
610190
782109
333010
261796
769033
199705
153091
142605
202219
459474
643107
711530
937550
789417
930188
35928
726490
475671
507143
356675
880759
201699
975388
44069
613548
317100
373368
442412
41369
988198
590264
772986
474445
196706
342424
838598
158405
243845
152819
843231
574658
925658
478518
774801
319301
586948
249253
586464
129770
774284
620105
854001
318047
5401
851893
917193
201791
556541
50228
241644
240655
633707
356946
31399
879123
112967
738371
259498
963342
820950
968755
729037
315669
790037
494954
533811
336783
734309
922715
638796
713675
534499
751114
375412
944190
830742
745561
375609
701592
411074
815981
523834
537217
344217
5953
807978
672309
949969
574471
587828
959225
110801
701942
258425
913144
491076
904565
928628
520639
282640
7074
893567
489362
180449
844991
761326
290985
194655
326713
35289
819018
612542
730263
303160
950596
28787
218044
517222
219909
948996
915096
138888
819033
145528
976753
30791
192255
409774
355018
764409
82026
387658
649069
535389
253777
381834
734810
112837
483827
456566
882636
325198
283243
287734
239396
75659
154091
343422
946677
180288
869592
792868
363563
703370
350082
294225
449752
409052
352190
299670
23708
872548
731810
109462
769201
187468
481885
854433
308561
870364
478576
816802
881860
946556
589517
172846
321289
311511
964490
222396
569184
594140
703298
892276
953330
883998
875593
596128
188446
473115
494537
302975
23330
885914
919998
627192
308769
534509
469578
116780
269462
458198
59445
714340
344662
403142
268229
350377
590587
497729
737398
277107
54131
974493
509463
597305
111331
581544
444417
207463
276217
242345
359348
712878
704013
435391
113295
322933
527539
617383
828844
75629
446879
818521
372438
496578
859701
671505
167144
537709
844269
374955
540803
484134
272224
370343
265835
592311
853489
914189
930878
794988
803482
294378
363539
936423
881298
476856
74667
993040
635992
606747
815382
83945
635487
929544
801574
168319
759702
269248
292424
127036
698323
273722
332356
806234
937883
3231
169041
601522
117776
351663
348309
428722
470584
940353
421817
752621
411622
974055
115622
699789
510919
437744
975774
311331
148555
762183
798905
249247
877869
619832
81082
97115
213921
677523
365837
389969
596250
378089
494879
827054
460277
831795
470938
519486
224069
25427
331580
640326
628219
810034
834131
397616
392754
21768
692503
652385
637845
704505
639075
292391
77806
462621
846674
709070
32907
270872
568626
827089
757199
482344
521704
279406
659858
510078
800288
641170
373878
220291
973038
532148
189959
439995
308934
683326
920974
482823
466772
947493
471027
326596
676729
962010
429580
173905
41955
172120
437382
279599
181064
992542
558446
913217
382655
709559
816669
524338
356283
44980
809342
323509
877092
507324
372349
354472
426644
222778
798414
742034
615531
94388
48663
358475
364943
805180
930363
904251
309251
478911
16708
361530
399523
429882
641068
354903
817465
531661
457352
425140
132992
443944
794194
185679
321011
976034
26193
767579
952656
432360
859047
675788
222638
119314
325879
779506
423672
582801
34737
273981
184261
759813
840379
174943
248661
796971
488701
500303
16619
380020
872457
104937
58946
973040
598758
160754
562925
900777
207352
566522
382030
287885
117517
752858
602354
655298
371718
153565
187464
810654
827680
368635
300156
290479
42078
46464
359285
859060
495509
191820
717927
427759
656787
327539
73045
34066
940077
499332
833063
345686
957796
100647
501475
290155
803891
147040
755339
249226
904248
690160
586835
310822
163836
743514
81598
51072
524065
316739
687956
123930
530535
523059
9922
117763
514651
338104
123278
734353
226524
465321
365685
644653
561547
100936
698594
205128
347471
812417
565901
657772
59585
2255
988783
456813
841915
277246
971741
906046
523704
818251
978696
377248
681768
224999
871312
557172
71827
524378
411840
242930
577639
845509
56938
348338
180832
504448
531296
960744
862162
517793
57164
488493
554902
975582
409325
76216
32783
34442
247279
884651
398424
965499
199141
441737
561996
496717
351845
709702
115953
256575
14016
158775
517633
84410
974108
371753
901719
925554
946352
122125
129971
458213
60444
313425
52650
498177
199651
334473
677293
428323
137542
467532
174707
526393
784190
385628
630854
87880
70997
480445
810919
131337
678049
927334
189407
393775
196446
855317
29156
966724
437991
236029
955236
276593
171473
95131
16880
235996
202404
472423
366728
392428
375031
621221
799167
456936
690599
889498
856651
825789
743603
820508
306987
910686
31479
752771
144117
552774
56451
291900
955003
757849
143064
237307
631449
531624
218942
601616
705374
203347
767109
877779
964053
466761
755670
224250
768111
998892
4340
29705
681806
975951
154133
469416
324912
28577
517527
878608
971382
552035
425313
752863
726416
786069
72471
44748
778824
288367
307321
133684
588455
542923
235737
43091
387655
278560
163191
273870
361079
291688
679034
351020
811716
432739
608845
135589
684842
177973
770644
560339
832087
412011
653514
929157
154520
921435
115641
382451
712675
475241
404692
822923
583488
355366
287412
472106
37780
937490
315822
98854
769227
665538
827149
159624
987105
743581
803889
151063
260174
851072
558595
857359
602892
106818
170067
434929
623430
314833
763025
306932
764318
978171
119333
594969
552539
516425
818667
825436
869102
341830
264526
640326
827679
645021
207680
301535
867225
675808
654931
891329
908878
221669
778167
633224
956040
269963
220561
115494
21326
491738
667060
312595
583727
501128
923198
219745
648430
380120
199185
112749
655049
497181
646253
353138
224488
437661
815655
95991
609119
290000
189896
407785
797088
268104
82821
760771
83584
816234
714774
879465
757412
703770
724917
273749
361992
33013
629556
255912
538411
920440
415931
26146
898267
99006
303197
207981
182744
714726
20951
107092
910568
784915
239716
890705
183799
238348
884096
633667
873256
731012
827575
920766
449980
508789
163240
899581
682717
728101
252123
304306
312712
922571
690876
869118
416469
160394
493556
797692
168357
975132
907043
332024
683687
848906
643131
861182
728646
68247
632124
464588
245107
743037
127624
948457
765770
288655
177378
607439
646052
360125
183751
188291
336120
481846
19817
241158
574446
550824
148164
995235
685442
488995
675423
64041
486545
586715
543841
742643
64580
429324
469902
660899
325334
262712
393948
937261
315971
799308
925430
294607
621646
608161
691212
155679
849839
617630
668437
638076
191448
351226
555106
715878
868451
471455
151840
655658
258394
181674
423722
63222
540770
795151
486793
183179
846276
589402
123849
173327
768921
625808
142201
44738
888722
14260
245886
294985
934626
162213
491348
873382
94728
283556
671971
263753
358140
352500
489017
505663
976437
35162
810154
70409
165013
620932
607425
948552
965362
449670
146914
467859
986754
382271
624318
347243
323298
223834
752305
587718
224195
797360
822843
931719
381170
342219
382425
848015
876162
629894
873087
11757
648919
608784
686709
591025
749074
607055
916299
118750
277524
320865
864954
731389
476849
169597
818905
669582
456179
930488
481784
560538
45320
300452
706973
676068
743305
179859
765977
68925
148903
47033
459205
616183
582580
292847
225118
74545
737164
43156
617786
531090
566686
536590
147111
552401
703706
712686
865183
509808
127161
554546
518377
671560
726436
36387
503118
405248
85186
15135
57334
57175
13601
608625
245472
882401
633600
461212
540731
110671
204662
105335
980899
497830
463299
210226
465339
620242
330098
468022
27043
802004
542695
626027
328150
361942
947403
593683
608867
330591
653584
327571
324614
713953
226531
84818
855907
181104
667502
552442
351006
966733
638086
528220
403097
199393
808248
423984
488843
864965
318635
698170
840186
965502
798962
999431
873493
129030
94257
633622
362160
353861
524456
139796
967964
571551
715105
836800
614562
407270
486194
820974
690204
181104
754480
935847
524273
511364
824688
236013
17003
826990
897211
131100
937655
78066
906509
642155
883448
428317
269578
14418
126151
313399
539326
54150
518796
107540
884879
32
463282
757513
513026
212700
363594
725500
200166
678204
263550
392661
610721
985740
985711
580177
966613
651841
720750
823669
313006
352827
87316
596959
856906
932202
69695
498807
564230
360332
161321
326661
305057
668820
850470
54813
428624
263398
268538
59765
739870
391999
684244
642071
341884
868210
485163
662705
757548
317325
675636
47882
313094
471514
702397
24335
577254
533249
516073
666572
780339
930123
71048
378038
63372
856769
914450
649892
982992
121587
644417
370014
357898
838164
520008
895822
859896
839363
727155
946900
27959
214245
986268
55157
87180
617965
270535
827827
197777
961277
216283
258807
846202
666790
893822
629419
499459
458572
507019
935396
405560
306789
771187
764669
366048
757920
692653
797311
905799
241250
827611
869692
575143
443883
374779
62779
12850
839959
395974
971853
314303
810561
477993
671998
862734
192514
238045
554727
574905
922263
642405
789536
442426
396000
276643
973972
809107
358405
7512
989613
353822
856307
505911
380013
59249
982660
140068
814942
121581
273341
701198
663202
106148
79537
735397
761572
987812
704962
209338
562287
7332
504583
302771
730653
860746
445577
147047
105511
524247
202408
127900
345564
507888
132507
213914
534253
788746
316821
5611
517029
958896
310274
200434
738677
262900
595632
203686
298349
206448
941067
827561
956487
270072
334913
538313
1246
227486
439428
960914
34044
432608
440238
21453
922512
333426
739454
83674
874046
948068
658496
681829
217425
393585
213771
538312
459852
432547
842468
131005
824350
136101
924416
198846
970931
741415
833383
54715
297511
155304
890868
375223
69333
935715
347577
423936
638286
882648
426175
402953
1190
9269
713899
655909
91304
993889
789500
384546
652969
227110
741936
880320
198842
830968
270790
988237
484087
621350
519327
62494
75516
790108
536190
187628
421815
125842
656430
3848
769945
655125
242563
844028
320422
200304
934776
179840
335469
254647
373047
439062
354065
331375
904056
543363
321733
261661
728257
516522
675606
161386
337419
515590
306658
667632
698245
363651
528038
101219
322866
380986
173749
504670
866285
187591
593797
288137
256589
133065
219876
391397
488931
978678
701128
136436
348064
868120
383683
990088
824468
902952
397845
80102
177937
226309
391515
426133
578222
927313
944998
29769
957031
296745
197095
579623
489570
865343
113862
771317
901708
468885
331985
599904
890466
497879
945937
25384
658572
751126
842617
3372
813923
668637
102520
291789
947411
402226
621102
437186
413660
365802
333178
801336
722674
932713
893426
874852
229701
30390
688428
387366
152987
502775
43193
719131
107864
956557
582130
569343
482144
977870
926954
128509
601619
385819
351747
853526
866103
928606
182044
678121
466548
61091
426728
75620
480696
570319
510874
719048
33979
831873
244156
578706
192348
882563
135391
490443
442602
56428
756461
22830
785984
593430
799834
253233
548424
853240
367865
708978
897632
589151
676459
6207
394009
39374
445170
787778
853148
464174
153059
841031
304615
282803
725370
306092
393397
400526
133255
638500
19068
738888
665479
114983
130000
972162
929934
94906
252837
284678
814815
134294
790961
163081
316574
772600
998128
296511
204828
17028
884097
219995
229970
502167
821870
815778
193450
722472
162697
356523
280310
613785
249777
998965
235395
172832
282740
615717
894344
710220
632718
56282
520185
980727
189136
362415
84985
838023
711196
539404
122732
960096
398925
255401
695466
142378
387123
13665
574287
259770
751419
861166
737071
575071
292462
633287
369127
89484
563280
486611
486159
3869
146920
368968
428811
102983
95648
645605
471553
830113
107266
372552
338468
169545
313314
183533
394991
994164
993115
413699
220782
576086
713777
788140
455670
131626
18838
238738
927477
42590
199944
233633
384932
723295
637015
84068
980697
715132
178628
838655
790392
867897
181829
482310
310282
380595
509862
508473
396134
922795
968841
2910
705163
915824
172302
921273
727504
227245
7950
79721
310194
639501
160256
338338
386573
190790
439742
441346
236838
801417
981730
247058
73509
11588
977930
717276
914656
184594
958716
563620
782225
5569
717026
852356
99306
330237
278966
914279
472767
882141
854969
755170
705762
263626
899612
702442
875981
587080
21442
917558
11127
356514
619997
509810
962761
728566
78517
715420
667306
676506
144199
729151
494199
49834
458954
377290
844622
696432
548557
543373
104905
978542
151740
283215
490121
814794
32129
189006
310056
684823
915910
84
168400
975036
186201
362482
243882
502915
994281
911004
964014
596224
382637
88672
119129
686555
637284
834244
11837
342077
904247
994556
653298
969555
848186
403845
261418
716226
567377
506401
878050
224807
831407
35695
863157
8841
674874
338598
313419
493854
901387
539182
664878
829430
413457
783195
661629
918984
679060
280519
470457
755992
431895
123658
657084
148097
638296
782872
638154
315492
454833
144184
303104
585453
250400
125213
75241
204415
813028
634787
451248
886780
660222
85799
509103
336882
783383
124419
941798
410405
965760
901413
644359
937141
944659
816458
506541
740972
243321
597404
13485
3046
694214
553638
723013
62301
976446
962480
53490
358993
146939
143164
313437
711440
282150
702171
807797
737575
700130
117932
812504
481701
777993
799858
111658
960328
903502
641681
235464
693831
366722
310053
171031
306491
302578
60096
712182
728235
592045
784638
507282
940402
166435
33029
779735
385423
742696
614110
836484
993289
515672
294763
35927
76925
251029
539332
339752
500422
919084
218546
342866
634119
866454
471815
373195
22552
880026
307352
415509
67210
765520
815769
706061
372825
685248
434387
701281
822893
595560
397828
54687
877837
228060
658515
528488
758817
17544
312686
133827
220449
158609
844482
771342
204768
148058
615574
794639
37359
352291
982917
405224
737775
116043
141974
424873
959223
742518
317945
806720
39709
482121
799137
639691
580389
129170
751544
199630
803140
148613
217092
835008
20111
432161
837396
241792
896005
905906
760038
911909
119029
540847
238873
388018
430222
345923
243337
150696
894849
309417
960588
508534
520021
23536
1288
781964
544455
954654
640495
191693
741211
429105
253017
264675
664515
634944
203516
97644
829675
921729
37002
205522
784095
328164
713704
962168
17050
381980
957318
265616
590380
353405
927455
547657
79238
510208
305295
647590
55397
212516
602636
262698
968537
931311
880258
287599
887793
836307
339919
923671
623429
211307
216472
883609
332448
3300
282438
512381
215304
464057
66337
425379
667882
420182
352071
309372
874023
490206
324296
363996
769269
432136
796961
504808
514227
341220
748948
186666
713422
241020
807904
837827
527561
391957
100386
950720
759916
947925
924104
670981
58571
562750
185966
914789
397233
409752
151319
173716
457706
220461
74057
509172
349930
624622
890821
656651
614877
583027
634785
689110
765772
830048
461188
943222
288873
751011
748798
134665
970167
855513
931969
563988
397208
260624
22592
714844
125492
484647
473059
439060
466371
918802
610212
75120
851256
827130
965641
431192
998283
778049
967486
287992
994593
840867
161294
2164
738137
567800
411134
838393
831541
807318
44870
427311
659171
93459
735469
997642
728488
139560
725760
698432
448488
9585
528942
98325
174932
564176
247363
241233
200560
985522
498047
666131
129087
927273
945875
270336
71886
685689
35191
851796
984155
881518
503082
138648
220832
224170
733639
12916
604415
821373
709953
534300
227083
973933
498043
215398
436848
589141
50567
38588
815105
245097
108280
447981
708444
675095
718821
553054
923196
690441
866749
121245
622747
651847
574338
21398
940290
642170
642660
107998
624238
808715
364411
404461
889121
389802
233183
238569
212866
59115
645415
550877
356721
819466
373629
119368
809259
281039
876955
839890
61399
83917
528804
762713
317227
186692
971681
727786
947838
179046
575382
368332
42346
92855
130496
9910
340125
27597
341038
336224
889405
310071
821945
115638
704757
902202
555682
660713
800353
103798
974854
808544
429842
900584
387648
616269
521534
486729
225115
230490
402695
49683
703346
358721
592934
99875
512999
272059
584116
488441
836540
716944
729877
810653
344465
912077
899777
976669
27834
348116
859888
894641
358972
325325
328930
737599
235045
109562
538440
808569
945093
409833
88658
627940
968716
354306
834070
283380
62914
857344
372569
126932
330781
238717
595006
36417
619650
757413
264521
58390
516187
431437
3534
802146
774481
233116
839098
456629
871718
113639
74557
557754
556146
880283
106835
460350
325753
835795
775598
591183
171173
245770
742210
353023
991140
234218
477100
489992
803808
398979
714880
170249
322647
333079
842221
187247
555864
332178
938127
135727
457881
591383
931153
584111
373303
249013
276477
350852
475658
409016
238370
933334
382436
346844
856417
767456
623015
228573
557396
870612
476672
756457
9626
119387
461380
723767
334595
212410
110373
550321
505557
725648
666961
754637
154361
333884
763111
228218
534789
101787
150
956021
497319
876975
872660
790266
702762
225371
72824
742360
110056
226058
950581
757981
92045
670448
966772
668081
916227
44905
181453
626047
276159
988925
351649
112078
386600
84101
582038
146798
273759
71207
831792
177805
623151
375228
446729
51433
192275
602643
719917
19808
478302
123151
48084
479203
403019
824299
990844
130633
878241
30430
241507
340800
745922
77977
267870
280478
128337
615470
634073
250389
61502
157514
345068
81157
656944
788323
281622
447916
49422
653933
289752
38456
348137
127685
867760
72445
351433
107569
425008
617410
351634
513535
279099
969846
706962
494089
441884
948352
233770
222234
405699
531572
202519
280299
333277
79137
999709
291590
640591
356295
522063
958988
788686
731430
610557
590354
378206
933425
174266
451301
631396
14242
442888
915822
166442
413095
571427
136369
46256
504890
833191
807727
49001
766670
395038
674028
736985
682853
20394
804619
914632
267262
594699
960661
694627
974828
37710
709400
705904
461826
954003
531372
960172
723947
426233
624465
904964
60886
775272
633460
918956
272206
940218
865936
896862
984615
612807
161585
94770
355924
42379
111061
471446
708246
858166
221995
851051
951247
31185
481021
251261
386485
574792
796137
311004
967906
701656
138506
516571
143495
618197
928759
173093
435585
969368
352545
709943
920388
985861
855136
810941
764019
417589
983239
446157
422546
333572
611507
551482
213011
151544
475555
178390
488204
868620
341377
349704
222794
711449
927359
714885
175359
85344
632029
835310
93398
585654
219975
168326
638887
101964
222362
178255
448710
462746
791751
921280
866934
148904
256592
360036
56123
785401
436016
118609
305421
504020
603287
932548
632425
622512
128851
320278
39617
170555
428298
640221
488659
268295
612964
898722
176087
659858
645445
701242
667473
195824
694712
786819
965767
555415
457831
573373
659341
593735
153350
764034
531836
359124
218896
571299
809473
98001
959466
389473
847249
148699
998435
271749
425658
337279
760861
426204
30485
124937
829061
109139
756120
673002
89981
283946
896136
247620
920476
549528
17611
483286
713099
642172
102555
924671
868048
687675
546903
220272
898727
605306
371123
284147
382540
924025
253776
177682
144918
916234
475623
220389
217469
767534
239134
223932
163388
32587
286141
88485
299666
514635
124282
457306
567842
878739
103024
224074
250106
359454
279022
921410
102128
930102
770988
135480
338664
211087
69081
796020
813235
521088
821008
322651
678866
230558
266216
418330
20056
291639
673130
687275
709997
334632
980382
54791
464686
10652
850110
796136
460466
823329
608844
310330
719016
937448
475135
165534
660700
748953
64857
319641
356248
614673
461396
888543
878695
675449
992954
636536
42549
317572
924116
735437
934354
732164
336314
21906
584085
369002
345033
743887
83549
600216
166835
278540
759155
407589
189489
980376
524299
897196
34515
599222
193386
304721
874487
590501
658593
510354
607832
214795
832119
694021
687230
875005
662501
468468
260627
637293
148154
93969
316694
747953
652895
697431
150440
584236
896949
248384
677828
422683
791962
976669
23436
852414
454859
94997
439678
614304
816867
348156
983237
481925
795010
537743
968876
161520
461641
3146
924845
785934
756673
974438
120488
178754
376795
113202
64175
796814
955154
967309
636734
261338
280749
97662
551432
476005
109216
308528
205228
632197
894610
153549
874695
305308
828218
61109
225571
673945
645922
53531
731724
170536
94478
115772
874691
722296
67510
770877
754956
523494
195438
116193
341666
735435
570918
627748
213067
735711
365902
13686
345670
356744
199826
272471
678688
757187
330179
945547
65125
653677
557781
246395
175924
787823
948293
981352
805164
523012
114003
853580
484482
725289
804781
770639
936821
661792
679084
139235
201432
238944
545591
874812
796558
351836
484357
602095
418581
708526
500225
685990
429816
306912
552006
22078
48104
960599
594953
33341
343974
421981
396630
986803
976727
184265
770483
400428
430713
913229
403105
578062
78965
801564
3520
923926
932298
522550
244370
675881
609257
896017
708248
131802
937952
201510
38808
212727
789678
765525
368256
943440
50805
679477
376165
403205
437069
27452
336548
356363
302836
558472
917033
879611
700644
32200
873422
707926
355901
600521
804443
921881
480674
498401
604076
162233
707424
680050
262320
905660
805447
983963
309773
853812
641117
727489
608417
955352
997480
983797
430436
231744
946858
241986
586857
256893
867882
310550
864451
971346
960748
537099
443460
672595
982018
414864
133537
362137
304955
547256
425521
915424
861498
834079
834772
175293
418851
21045
400497
463486
617006
181416
703895
291232
110429
741810
36293
66471
389514
32316
460485
649182
842650
310253
853170
577003
726542
660308
72219
446670
660984
93742
197760
57334
473674
291412
547513
435776
332233
370436
958070
107469
55457
161546
347937
356094
687891
316362
433376
666895
167818
731757
74294
395277
196491
606566
507721
116981
618889
724320
753342
268011
142936
524934
183168
546067
864954
321518
555296
182224
336022
306851
576151
55639
171590
465485
783526
724143
607695
261951
510750
502023
77164
987229
153148
453491
448707
531432
13036
42245
586617
497960
378734
793092
626849
242677
26390
679372
848015
21217
415533
481921
540363
543365
902646
621489
810849
340135
479243
447942
909206
161157
323109
725924
253237
73536
755641
999013
857991
481768
334464
491438
281632
66144
491216
990382
727382
852142
577318
163187
440205
704609
679685
862888
469870
436639
729079
239023
566646
114634
128306
843927
45034
858255
705622
725626
887465
626187
530899
404214
933593
308569
487912
351878
49347
780412
128198
975100
862651
701286
823955
754589
723832
995811
906698
984345
272834
445861
854079
318757
98505
211948
17984
196279
856401
256338
18583
610589
268491
921648
234413
909243
772800
929393
76553
567071
351398
452017
554933
612547
222741
145617
688065
898974
569683
768346
371425
680935
458891
690507
924977
118631
774685
766144
274713
724409
675919
645249
142092
854753
394272
38693
129898
766215
797757
910561
840070
937615
808909
472562
678977
477973
442215
214690
687061
848586
56803
640313
758894
155238
586830
538052
384882
848393
2487
841915
203490
326962
201510
982033
528024
388954
831212
446429
796976
271790
182550
786720
16772
484328
411899
989554
44303
561993
78197
552974
458675
807989
173740
734454
37205
191210
546254
192388
463270
305246
268571
390607
19325
458613
530460
185846
796384
493084
627571
244492
537442
207941
424910
29984
750950
886527
218421
74919
539329
45105
537731
376905
602814
331954
928626
157509
283579
483208
658575
377601
690288
841084
350604
677682
352848
430550
801076
352676
676359
524155
990265
829926
56548
785567
91817
240086
313105
253608
736191
948420
233661
752353
647190
59142
666
913815
995449
130008
656322
920532
535381
924333
938229
697461
435152
512086
435389
745642
674354
500878
106226
960458
499585
830688
775578
447249
997164
271541
750952
135287
761245
63230
216165
62637
154609
245370
771116
375287
449028
286308
483471
471201
658021
131389
52120
352031
596201
496113
58217
308229
357851
203817
645253
797983
570961
400428
903079
656494
782234
490610
582224
446912
546259
409927
339743
694378
972185
212760
867928
315941
938072
723166
817479
152067
198210
415460
523837
101900
441564
880950
374777
315769
855090
335080
462691
811980
36395
812608
686449
480714
830135
27777
722028
920854
229668
584533
803917
331372
737232
662870
765185
913206
495993
734905
139276
983694
108912
154327
140873
207505
989100
737049
895312
476060
469755
668096
318640
72678
391188
350479
807707
840570
33991
905301
968353
54735
241621
591323
644117
59590
695068
788902
685388
847423
240747
682665
691907
547927
456244
498058
227680
306114
292575
952207
775441
291842
371899
490213
991185
875202
611279
529101
90441
938577
62607
225699
369299
683838
421674
507788
124185
774988
482112
711996
79324
479314
294193
615650
218257
595634
505297
759216
541541
287731
231927
191626
362530
801790
693
169290
662698
439986
832097
162286
834591
288676
283666
940959
468581
435894
15207
204510
970175
885906
485633
773645
550486
119812
41424
124568
459160
159026
46987
803774
466685
506040
987769
234752
937893
839844
496493
283812
334174
27403
401807
696166
364289
539526
798868
9724
47227
326413
94159
508933
121833
404717
783585
746189
31261
297577
995148
718143
604670
812267
929766
21032
477388
33509
425577
594212
880320
750921
936743
91047
747793
757473
861467
453098
268947
415115
136602
938991
194490
818133
209320
38515
612797
883121
726502
219568
952726
824533
778025
144396
923941
854898
963175
712481
513780
571662
869771
125994
476374
690368
182952
107782
141288
425544
815945
560428
890105
318280
991142
230124
907654
857507
434228
797918
681054
285745
870548
586025
600804
957212
964779
653233
348275
159898
411793
288606
12188
536327
951010
987142
955786
732637
982451
545462
772167
23059
764447
822306
436119
600592
233855
340198
21058
87883
738743
543672
459056
543873
716141
553901
531436
486929
74965
138404
749131
526327
861032
622995
880870
732643
876083
453868
435266
178165
648524
759787
561169
639832
756383
792703
858961
658680
840102
835090
533203
876193
721527
429239
279638
792758
830455
873839
590354
245898
556332
351576
652944
114846
771441
796147
515830
303160
672898
119888
472929
185820
609783
783640
54635
685865
490510
824183
940620
435283
604513
286820
524700
549049
188534
286734
208758
60131
644661
594085
606329
123929
820724
446722
265384
322402
274030
127411
507313
618520
858067
53287
14795
989092
374393
129202
87864
527388
304816
768830
494442
393910
419123
650063
761730
991399
541369
352561
63219
252764
667755
397376
623621
501076
237873
498516
285238
936024
784934
400391
190139
23000
595946
137380
17316
85028
494357
706093
185629
278915
609672
105865
874192
414580
692704
30088
923048
421886
495300
113365
818737
659638
440542
146807
226139
190861
312551
998211
995037
78611
730266
540002
884727
620748
927434
599035
847503
359725
911951
270332
729085
656692
695388
786826
598050
65057
849324
962563
94259
47124
254299
432364
790420
524228
455249
833404
597023
283097
623385
258116
370243
401127
704784
384889
145481
171592
261304
590176
6258
801045
757164
596884
245373
439105
401262
605559
247621
956690
484444
339507
303878
827260
335874
443180
883456
878683
102728
347140
506420
497292
141260
760842
752587
230313
708043
395136
503638
772832
33400
407687
14832
115184
141743
928297
594432
472127
773507
573187
481883
730458
182003
108749
359366
767625
401980
240391
99865
349006
716104
682370
551038
435642
760324
966217
91033
348333
748943
553450
315586
487080
693774
413668
206253
381392
691676
212334
245803
798082
584671
948706
391561
872909
341878
554117
241302
125456
903246
206771
402883
673073
223764
868587
870946
895671
45060
62965
812305
146181
76832
136236
171056
854196
698173
12332
98125
192332
821559
870424
870881
362142
260165
274568
353972
547840
766439
283726
248475
306214
467644
300772
197154
706009
800688
335603
183556
17047
935250
628994
677271
121608
330051
678137
243269
316568
540042
261841
186740
701749
681989
969563
606919
293095
633594
969769
260990
159750
773836
315357
766521
576861
716937
333516
839514
269210
580064
102158
647687
971694
19824
785508
848655
136327
761979
322823
297060
463079
139705
189961
420678
354017
652617
539498
120129
212784
338115
156858
411020
227380
455912
902629
754771
534154
474747
238752
929103
355910
461353
817199
44816
586192
284963
292432
846492
952344
802764
883591
188018
317239
757710
162887
997607
873828
253511
162554
824178
283343
281313
235757
512451
145629
593664
941915
307597
389889
624404
463125
144421
664051
462286
140939
19330
442064
463791
490489
296676
625678
378427
741168
405138
378586
879821
376127
324220
454096
504068
225087
479550
635926
788827
404088
514629
453782
651927
636403
32076
913046
554649
185885
212544
518389
134611
978581
374338
908356
794903
380819
567242
146494
434827
418612
718953
126502
44409
111142
881127
720380
249283
408876
235722
86299
511347
407950
33976
508466
947953
224545
918388
287004
738766
691630
621508
218015
974716
86530
8243
135742
513312
355026
615987
936635
735360
189640
193306
924461
641495
885102
218189
442553
770056
458614
766778
231920
804143
108387
58559
81157
350162
482008
542888
74601
319798
154235
817685
642309
577870
531270
939578
15635
135759
258986
274881
109914
896223
651487
564234
288580
203243
13581
305746
957597
40727
156624
882545
352234
419025
958188
313213
327716
216191
222605
345677
163664
345558
24761
695384
831356
107468
906260
521659
617176
962085
492623
811225
73454
662698
912943
786268
589311
633401
33653
81690
339644
303349
442863
938836
690461
799645
163547
321368
264226
344762
638131
110022
271332
591474
281498
55087
308439
24251
565025
647385
589215
469097
345334
827487
375435
521127
197865
462197
117426
379140
990876
321738
346537
60261
356615
17542
924126
943961
305126
709170
712980
715914
218943
98039
912507
967822
349395
452031
377003
777693
997793
143864
425725
855069
145361
986935
926598
839322
161988
22009
66801
705361
168437
738244
564600
579627
156172
356780
213311
66247
127615
657265
944077
48816
800869
388230
894375
547502
397977
849900
774155
44792
257031
189885
343366
993095
415894
528901
919090
22533
141554
719883
914192
682468
582069
853165
748157
204812
711153
354665
855892
858988
821404
594872
597857
409586
807321
803860
922237
596437
694175
246619
553355
676303
141000
988620
473421
567785
361464
675246
700836
746926
337256
478479
683106
923777
531598
99562
553485
340235
40107
52066
422387
809036
407344
557867
172133
505875
715854
141320
116945
773577
497177
137966
585280
928743
648216
365064
633192
522695
942827
310100
798191
496024
838809
355050
121021
585452
303798
828061
885756
593900
604397
639930
79535
342571
162672
821869
757548
449687
589113
440260
94583
980684
393723
436939
124349
567362
967914
618709
960810
789223
831204
1756
861415
305480
323194
18368
211635
952552
513631
280235
444189
14643
910892
314774
975259
507980
215438
617572
403147
886851
797517
488300
88579
603746
142713
198228
993430
803942
126963
431768
547750
293515
722069
428650
823841
876225
44479
396532
214938
902074
596799
244921
690884
264037
674716
256857
165197
291317
16575
670131
697365
980250
937151
465637
568649
600401
123784
249391
481376
392983
140071
803701
98290
761209
789940
918563
918448
699719
791643
106667
460548
403046
326217
517929
370694
170437
323505
538280
215063
731304
111288
337150
44638
792416
423043
856914
418525
913563
615322
790654
662511
758935
398201
270223
874080
734770
371891
588137
940841
715102
327300
735368
152518
442672
159665
528353
905718
701335
807006
22951
730127
987049
755372
54377
510267
972825
597772
339480
512403
247429
807269
286951
592470
249132
494878
50507
763781
486781
726664
46562
984095
527498
441579
966448
927412
924124
447852
480836
406248
514080
806679
196473
625927
270718
249103
314584
524415
459018
777103
553371
562750
686035
61596
779532
376937
286937
807049
413452
284981
596765
735078
699568
642022
412944
486919
265094
521954
88493
88108
853749
556337
728674
643090
569666
456916
249257
344981
117679
507199
351606
98368
364030
137908
641481
940275
104275
953212
814115
30192
619319
965893
325845
447106
584889
396883
564339
978954
252719
612196
810280
522151
576858
632165
828003
903425
946599
675658
696623
562354
823186
549134
384865
920338
457701
81863
644714
480926
496862
555364
51661
500676
982319
692039
400234
701070
291679
540921
673080
743720
409294
696846
867985
48656
695701
845974
812839
766809
848012
244285
843988
288475
375845
783744
538512
542202
945909
652876
949628
207250
39251
695989
66203
825212
959513
177999
847264
40448
25864
53421
104545
549207
499080
348340
349867
643419
937484
339162
549680
147853
217492
12993
718812
302786
744268
913642
728709
343212
302610
318999
45121
485249
591125
733442
622161
493770
7832
626163
371066
251850
628630
109698
507380
864969
487360
795497
224124
577980
959906
951877
726212
407186
766691
516201
861771
858717
954731
108639
771079
888603
761375
599484
464125
516129
464520
217311
421235
701475
336593
157702
231742
200610
806255
160076
434869
40690
951643
972035
207750
447719
436091
321642
515942
461980
701407
535755
483492
966687
403430
632180
710359
874428
659713
850511
435190
158629
165199
688545
529542
121275
9896
332443
180526
124027
280373
993632
498214
645512
81980
994772
799822
547472
822458
562269
530331
947102
504937
532730
417388
136508
894689
264956
487483
5955
178011
64100
412782
453441
877200
192411
257485
434629
944512
506376
898447
451145
698638
920978
499213
742653
757512
878770
548056
656620
511749
820851
800230
325325
135015
395337
708519
157480
277761
809675
202230
362147
443858
356623
868395
526121
883310
278817
194573
812982
159549
408863
974628
47489
949469
941812
513069
775749
114019
845679
512487
720750
21823
964095
561163
368285
794365
539085
253272
83160
874984
745846
869900
562897
194505
725220
25774
28561
408589
846280
246024
673601
503364
230454
518899
241045
204486
31516
48714
906837
638640
385376
511489
910090
831244
110038
166030
331777
565775
806683
754949
672062
24891
645585
937089
905985
673893
493815
340606
606126
334417
826083
758916
320795
148601
159327
19710
116603
881388
445214
675625
31457
919123
812697
532200
443700
989008
354507
187188
920046
104447
269253
181104
385872
31134
706734
389594
921254
153225
772315
407966
870642
721118
742791
650117
377848
499071
977391
581642
362405
301813
75469
630029
663645
273074
93806
276129
52064
985519
146738
227712
264536
325684
794592
987742
105217
964726
47011
906842
796405
686106
376485
679633
268243
397336
631303
238221
718795
930170
490554
924571
934217
916804
376509
887610
948988
613486
749427
647151
492866
397709
121376
922038
920562
568080
418624
427027
690373
35621
500996
739270
801761
389115
793706
962012
714692
710819
830263
430114
543754
457488
469588
566197
820762
514685
793027
411829
776499
677933
478652
211160
770575
828110
932456
64026
329393
621239
712825
556434
292240
883024
825316
181280
972192
153169
191164
371075
896633
378659
164716
676935
437734
526370
490577
478811
77517
127364
853618
574401
756918
428627
794205
16350
441913
36310
994719
22513
683784
974286
307679
364128
671767
238812
373975
87278
886116
716800
920880
518857
373030
113404
939706
768320
769238
573078
416773
733202
510932
402685
187038
980322
397944
946947
992745
614086
76086
397065
874072
702526
906093
249016
797637
563073
557068
189547
632818
630451
218017
137514
67162
640628
22400
603346
839475
494162
941516
445264
100163
747614
49253
642508
686748
366940
727662
335330
554870
244180
866297
99851
487271
859397
448082
919258
580097
566777
107109
295267
740488
653684
257228
304950
458190
437254
995897
530313
637613
432064
885501
659443
208097
72899
345522
888597
630976
391220
16779
793491
429206
769803
232502
93312
467105
442187
170603
312984
912358
584716
445781
594278
868526
34292
331033
237638
301792
440004
794183
810821
394556
831246
52572
132260
400433
70149
34481
27068
983772
621868
949060
571195
229855
358577
837090
320204
336793
740947
659437
89941
804487
833981
688079
242714
137015
837111
194044
905215
736292
25138
202973
325674
884275
491329
681694
552519
599049
320743
188949
38757
135239
707083
923277
579005
768867
298824
911919
729939
849892
112353
39244
361782
326393
34130
716554
425633
840311
481409
674728
899652
489198
918227
836015
487388
959270
253915
402871
841470
575163
412526
495507
817204
790034
427026
385114
39102
600183
660117
449235
999866
688469
25529
158268
124190
718097
952845
769975
837473
208323
48983
419026
50169
516369
413677
667569
747008
726506
521762
729434
286576
596316
778526
629661
583501
746003
340167
545310
114210
800495
23579
416512
66851
745024
620832
467376
298801
299745
554930
847691
48509
477870
736891
956525
436228
618211
600322
492439
487800
210706
841690
919356
698111
456576
140730
768552
221588
500957
347053
905742
125644
343327
507424
122604
916659
279034
170585
622685
636181
668478
463751
991611
826200
499596
451380
151150
442310
650806
720470
506326
178473
697779
64133
529169
239247
17339
908296
335849
472045
586053
782536
524573
363936
677339
574822
189578
85518
271702
471016
749814
195883
473020
993294
769402
989720
204018
448323
105225
981861
812191
567727
330081
174903
114656
50089
114892
828037
713121
631754
433235
399164
727326
72605
605696
325059
316087
875378
741263
66649
942761
168850
562545
851098
148079
263756
249788
572192
570420
696622
546162
926533
196531
116368
572523
68807
154669
987402
945698
631109
953478
477061
987738
683814
897341
239791
827243
88281
828230
483400
615725
749110
145350
84505
561343
559683
808234
600325
564597
548819
905829
739064
888540
253642
717764
993276
771754
783035
373935
123626
315527
743730
588030
239293
552946
320397
482421
38594
543442
766789
610270
784236
278106
376074
922945
306436
53591
888717
330563
15485
577369
519895
659545
341541
40443
202710
268455
312248
587601
762873
549625
271759
96366
347120
718556
925237
342415
976086
987162
553946
176488
805611
739601
561185
822792
535418
748143
510996
900843
821785
237005
810999
40604
247119
580452
607034
336133
313744
84592
416264
274453
266787
976543
699836
660556
633892
992438
744819
367910
884966
789121
782524
900001
130288
544693
795884
192301
637032
668772
340879
407920
172622
27099
8696
892275
693855
958939
812538
565804
925530
476403
334959
758056
334942
25590
662581
142869
178034
504798
253177
973353
920799
914429
709803
257779
561080
673820
734673
354684
938810
5042
74488
488089
863246
245058
606596
622736
598571
15378
841577
262501
555672
765123
666418
672576
922575
287698
447743
71612
556669
854954
966988
277390
524838
543459
337259
361552
947110
528091
119380
312105
993938
470383
1043
649947
841149
931799
409119
617385
839639
536732
176139
86115
224303
520374
272278
67023
129369
299782
580829
339510
449066
556844
582383
77064
492128
210374
885185
507693
762271
127622
651384
100649
261334
326959
308644
966058
279232
393068
100877
184177
882375
692429
647717
915483
692226
101598
848092
261259
528287
888870
446419
59958
471068
989305
52648
758219
547439
961658
265776
52797
741190
276593
234563
457774
621033
964869
423344
26809
29243
254422
312785
105948
599199
451193
198714
553921
610038
369297
790667
665703
270279
130950
100581
115890
486776
183973
881977
503499
296057
790292
731836
61045
656832
292272
287991
193582
405550
130501
795770
941438
678097
544873
578928
714079
106627
275253
788494
175560
581679
733025
456998
201560
673971
477051
48920
888348
172001
734788
828071
121533
964192
734567
861161
243145
523696
451159
935640
66204
467019
931396
975239
677098
504870
773049
703982
585068
8087
350101
473318
287013
688016
565412
171120
488528
558537
944985
150319
383336
989564
28778
722678
690067
416138
481480
232892
216108
909947
384634
814892
328300
342051
39317
909401
510516
622431
711898
955983
340217
588159
189740
16452
560652
343102
658604
720686
927365
643308
863859
551726
185547
63532
565739
217322
689475
157273
85706
439544
472851
773252
35116
631221
555666
707097
669837
818806
334030
725408
208608
316822
871992
928991
777486
253935
601456
741276
693902
536036
804649
174207
945885
166874
810361
269078
468379
712390
48320
417587
676802
176545
738034
340144
718339
913465
303554
676819
792830
395105
74220
735372
539550
492681
320671
625307
886032
892392
101830
989774
302878
842645
390514
551528
714732
251445
817318
835742
924749
564239
261054
868219
249283
281916
1020
607203
327889
64314
241328
196724
537727
541471
899524
601416
503018
851370
961313
225367
612933
709685
929986
348538
10864
77831
607635
798986
679411
554886
419973
297127
559511
639177
672497
353108
22689
304395
484134
722240
809388
964220
598481
925984
993186
371250
89480
867127
344406
930302
291955
335927
677121
540441
606295
319041
870040
182716
78720
419657
675398
921486
242763
561557
672075
596408
547021
188260
302768
636181
706276
85419
64358
484997
474520
181818
488955
977761
242028
909310
517304
544328
64839
969503
185561
664408
745914
160458
458537
707513
908782
642249
722362
115283
639659
270669
665214
1503
337223
639630
945350
977883
998185
846729
770900
556823
172793
759592
370270
167981
77030
459456
858786
627726
969811
104692
259040
143222
823967
771190
85497
275713
100623
86958
983714
577880
676186
50035
144325
587076
475665
805110
870388
949859
243882
607038
85002
46839
718312
494349
385248
98203
577832
346018
469801
159698
907913
390680
775275
461880
939705
128556
747674
377946
934041
272604
20755
795617
124172
465962
756210
991145
78689
256895
531536
133872
393882
482797
160540
871017
850457
567245
819541
4400
696358
3079
42465
307673
688223
613872
291277
504161
419581
544782
906466
622854
912830
543350
337952
214130
152565
652310
247578
93650
238698
637007
181165
646662
269999
890682
746142
237745
461312
69772
891151
572911
527062
69012
925150
752230
27464
308705
115739
996278
935646
768576
49187
23306
610100
869410
935389
245904
514632
898205
681297
765253
450528
366025
796576
692905
174618
728587
502628
608338
796306
894638
343461
634781
978985
13165
601780
484543
842040
97869
109736
284473
881106
230055
939954
66666
630446
583683
635999
825214
463929
971168
421419
796036
887927
435793
546940
35614
791570
727489
331906
18194
100481
819031
429224
853245
269526
590900
490679
14374
875556
823897
637448
417328
842954
422
269284
173226
503137
861566
256442
957953
584894
982918
275963
654741
748708
282635
306966
707560
375113
232387
8203
467699
641539
849131
347502
800275
628879
424784
994107
501536
167806
115818
179792
274590
299069
731490
895179
873293
110399
332917
716288
400603
966665
892464
892119
42362
253785
162779
678593
894859
648756
637746
788053
542969
80395
436878
784139
575331
793481
512227
30867
748849
277500
525154
679827
804488
379677
604287
581052
568664
112126
339085
474503
981266
709775
551877
341906
178167
74636
771813
222929
94284
123015
768373
355314
851626
283917
245412
356113
616946
579320
212113
237845
634909
444561
547943
969317
438385
951391
544928
776075
751119
905680
256682
322467
722793
776067
971110
411199
912786
636656
268237
938587
573550
122997
914797
744951
557576
968830
499346
512279
834498
342351
223296
654611
892007
858993
987163
992475
130269
183863
482281
892363
583286
363
564528
569703
320549
236890
609146
562867
541005
850937
410231
179186
523573
71411
748673
536441
698136
238736
720186
50542
220250
969731
9361
626018
421972
549200
44580
659913
926416
406296
971008
108242
740304
606850
911939
553447
487689
799112
786082
250435
539757
983579
874503
300906
964646
161268
507155
91338
247326
952313
562945
542380
846971
405319
829738
606103
826344
213346
556773
238145
741647
28343
241926
184691
613859
379657
544647
57272
975193
278464
703301
193281
874998
110027
524833
585688
860931
185901
508231
27775
281630
631787
685067
242981
927595
477073
53551
827140
507175
317340
927873
761754
280221
299911
683169
873281
456881
603509
117601
602605
8473
736247
584581
165890
364588
452219
313641
959888
152402
758674
353282
255468
22747
555420
487612
974124
31533
356818
661571
124734
596629
554096
755550
686757
516158
422781
715957
173777
694399
467320
799987
518491
464142
759585
392582
199578
995602
719009
780419
184804
315223
853527
75047
796709
433755
841215
634041
139861
173701
1793
514571
340633
777333
471316
768159
632056
801846
181005
133861
863096
756816
167624
512418
982357
496059
274225
280749
232861
813997
747632
536020
548331
774164
408175
972827
520701
626848
910857
761380
969652
831287
352464
391530
430633
545996
689467
807975
460199
634186
988522
320342
357576
595690
295832
260115
355375
738020
500892
358942
272415
866817
410076
990974
675638
621455
542478
745922
278346
988015
297708
936291
574175
382280
839156
696133
855873
851422
673817
576540
315396
532669
161225
897067
584982
205583
407772
49192
972478
537485
411478
972476
969971
167698
944409
422502
873691
442379
257706
994175
983071
498827
835038
81496
679527
569851
546848
351359
940855
692143
449506
655009
66277
509587
867870
315913
549558
312068
393416
644231
128853
380411
8658
680427
160751
133156
845339
350960
13038
512717
136501
500407
59407
775162
253713
852776
76002
675925
74314
107645
416734
23042
648650
123098
254942
201233
821789
849044
743292
549453
643344
680018
135560
667249
909125
165585
399590
591226
597974
869441
8833
201048
719972
167373
706800
819390
676475
2680
941475
47640
764003
359266
996745
654300
820614
420331
836290
172986
389817
973614
635772
353709
302825
229038
538924
261811
782947
556239
942251
359001
356351
537531
741035
63024
238314
449189
178324
940444
423567
972778
748543
5962
946402
923347
555150
524737
74313
871287
940006
140114
220006
219966
788234
345130
100613
657728
958101
456710
260063
967051
560915
261701
243145
424452
737341
336729
18556
986340
423696
550871
264001
194660
13577
688943
104185
778036
789247
320309
114502
551268
135388
624093
639386
963494
784569
426182
3738
971178
955606
548141
431278
517161
615539
236994
718056
683646
615437
966487
376654
473518
550968
484597
10886
135816
178581
22409
83549
312360
713841
663228
446579
103381
391803
910176
86855
549194
884639
238278
61467
995666
140483
990764
528964
632780
697757
495315
345360
662286
386095
93167
506835
959974
848736
675320
496976
766844
433080
298270
225345
633363
893496
450009
8068
543214
705492
924126
414242
876239
527246
529965
657020
951515
271728
580167
136852
794329
628774
634622
146485
222105
580982
105636
502464
350001
463516
453733
25109
577315
505286
43761
59738
639642
638056
374609
648491
14931
487421
926555
509918
962393
39068
851329
784945
445544
561651
182723
997779
502643
29794
327493
90123
947969
528758
609659
857801
139698
252096
623616
969928
496608
491409
981958
757148
381089
870549
600488
807005
404136
35722
675484
535856
837643
676891
963588
834351
304799
77597
107491
30388
755135
730085
60780
879943
633196
717507
23350
454113
680910
805408
254861
83421
526937
105200
734178
371642
54219
507411
585058
103823
614737
736462
857444
356428
901321
359456
771131
881448
313507
696452
411051
747564
257377
780291
800441
396188
652605
76530
475611
739261
936169
483855
124559
886344
699569
481972
228104
807913
832765
576502
53058
743860
539058
898077
986807
580645
222905
216255
1450
4306
889431
804667
426144
498287
595579
205263
905134
369470
30551
475287
396526
228113
309862
787683
489483
83581
677835
951923
167932
835421
882906
134865
573262
670656
659248
346827
573657
796144
175484
440396
727636
557856
81697
420247
641477
594865
628148
558367
736081
126689
592928
690757
959793
261840
3113
222446
441221
359728
748749
786176
439170
604105
599302
571450
447624
114279
21805
590510
727183
449313
111032
893019
736895
471110
475300
158379
387102
714533
452590
986373
195555
634553
134267
879376
635370
637103
961239
917766
625409
584150
10458
461168
346527
174562
574823
291331
523892
922205
712590
775895
707484
949867
335633
880960
290669
119096
31556
102667
838255
349952
427981
259351
896235
295098
603403
680909
659548
363298
312211
322941
994563
200034
333846
379414
917270
869916
823774
137730
386072
702422
221303
665372
134916
290755
159210
398543
599971
635242
704421
487308
792061
239733
419958
696679
644716
228120
114934
408655
66187
387804
881347
525032
506766
800903
552677
657671
521324
256618
771538
679177
566454
331271
790092
21776
860427
572380
630760
928155
339492
118609
607211
768513
311755
593145
486797
672522
366569
985480
684895
642666
119036
965650
262408
323675
308903
342076
525995
240662
556835
561409
334180
881645
939284
208099
782450
914312
878966
362284
413487
737658
295158
157663
406137
506879
111069
294848
853429
468372
18535
268669
857642
40115
919666
964472
317768
895658
316690
826994
363660
762071
419777
488277
477051
547714
266804
358301
807307
916311
969288
573605
992609
187518
985051
19978
264245
835225
838840
674878
908307
574233
73066
431083
220474
581374
736625
199425
496615
503657
410067
406494
909676
600287
55369
86041
667129
624348
443290
930347
59644
322193
893190
695355
826853
83837
610008
60357
979458
377635
103774
69350
193866
663917
22709
212486
31477
935133
673726
932322
804232
89068
345517
756725
584879
648705
342592
114050
967874
826767
309708
344961
867242
190859
190322
894307
316253
557449
297713
540164
673028
531954
334038
168429
779582
659236
907790
29250
513086
840998
26844
269902
752848
196422
996325
451753
389305
993362
446056
262276
446075
130927
715404
452753
839479
375577
212306
181265
877165
956215
192810
534267
319263
170778
409697
318534
948757
599122
929335
111252
62649
578413
849039
144571
930850
880013
629887
163888
231214
592549
648135
33042
155784
582096
666783
311313
967561
478413
105257
285433
219130
230683
454982
700127
662136
26029
195397
644518
202480
277515
438133
743598
194122
453061
851355
390490
4515
974804
611071
695165
30258
380110
501281
313633
630476
357573
173961
36147
999746
725758
580668
76814
827048
849289
521290
298018
973169
720962
296836
897153
289910
908194
172556
707846
978517
853250
995589
238626
919862
702382
77225
32772
951081
501538
75064
806756
239723
825380
184398
656621
545992
219325
249166
892933
965338
821397
276474
844474
777967
387626
168421
414922
261384
721901
807103
926159
535614
840121
390031
972549
955264
837424
588288
588474
156343
424692
490706
537425
184906
824383
279921
594802
941245
722720
513699
733713
50932
86355
454810
729434
424022
866363
993769
582198
842189
41342
266068
337661
187945
340541
811776
68600
588644
496623
781257
494673
526656
19801
1266
668634
843085
776876
911671
698358
27463
790778
640063
360680
64603
592150
564397
917558
35402
588872
15510
48889
214695
739434
733453
879620
84282
357475
662809
784239
19207
135293
385288
698943
416296
292068
392029
40627
619095
186109
882084
830957
570376
852704
583079
878779
651251
707380
461241
449730
857775
526950
859951
864710
473978
855302
107887
282584
518101
201278
454560
8733
699980
748207
371969
951670
924884
887337
991957
855441
891084
417223
397500
82124
496870
736101
81310
124417
422047
904576
413056
257650
55722
243048
605368
342226
269803
429988
121085
937646
199198
320226
758936
882166
975832
467417
368119
624876
655782
766717
390880
732200
784402
863134
916867
952837
538180
563038
318120
634220
912836
162381
394631
647803
769565
137315
779766
514385
860445
918169
188733
512249
220282
184676
753221
127728
183247
142287
203759
554964
55875
301427
833154
325932
522570
942870
891196
644238
988037
668766
818569
256497
228037
671792
323857
647567
689901
731050
356972
91894
65461
81209
735601
317996
493067
254103
67948
930301
306516
316516
853421
585827
660304
274976
800701
768080
221083
321347
11692
34650
768527
376121
781830
506947
759047
843005
12964
955300
440703
597585
591006
662262
983127
809047
89566
747133
813942
801552
359440
717650
226507
958446
349109
652235
533039
567191
788887
317705
225574
641465
283223
530781
29125
178116
714850
534359
751661
34569
674882
817965
898357
329581
521744
806917
123174
358025
268104
977375
562655
148002
250741
586018
525849
784576
152011
596290
899845
680173
304467
252618
311058
444939
475649
541835
118859
972434
566945
216097
882588
66790
464944
29086
351988
349969
384263
74454
467718
132002
497202
392583
834347
557921
735583
210082
239522
303661
528562
7802
755063
749876
441909
389448
458241
56399
80365
220249
608004
540600
132936
994389
586871
555561
192178
788844
599713
14034
885702
257502
653149
846709
73698
624615
753660
28386
728723
913670
743625
937674
352559
830441
948199
144899
747202
490807
687127
590807
579296
432889
650198
628105
277338
842406
8867
415973
98635
168137
886174
104195
575122
9361
858188
721048
927322
892789
385719
837496
981204
512258
687667
830636
427974
410050
342459
1835
692733
686922
591609
120377
153694
580641
943140
818265
270491
840328
671428
219056
161153
565611
292369
779448
342509
895074
198457
502557
42527
866404
600257
404600
11174
512457
385155
767013
139707
923193
936725
700675
472362
398838
742026
768583
319851
328324
931602
974333
200463
979313
768637
365469
141014
670532
450396
721286
912669
716870
212744
199705
998260
955687
179772
491573
112206
599631
829469
294346
821266
698819
994075
956636
276750
694319
206959
578134
390155
19478
223492
409928
947835
124499
693106
817983
541583
320522
161445
832384
853797
692273
666460
419424
112799
544053
299086
101443
762703
318986
298855
373679
319566
272978
297263
237580
921580
47209
844876
306042
475521
517835
666462
725839
981538
107810
154120
396204
313839
610416
469519
615419
358922
37398
87066
542279
412194
132415
314329
365239
629165
659244
325059
881384
694900
147356
181815
863270
86856
307479
329476
861831
731410
766359
153924
342437
70408
496148
497635
146422
18940
248811
991229
588298
247694
337514
812901
535584
850946
6586
439683
479012
454188
313449
414613
24329
830600
502868
925014
397503
778278
813101
944891
901777
112514
805679
673370
665758
717682
5723
231590
979378
738680
583981
283093
928577
871863
257376
839394
440639
905347
234971
570030
694495
54673
875063
650114
90086
47053
715181
748975
205738
432395
327073
16470
288300
534549
895621
920580
14607
674723
624491
687669
742901
893928
524652
464890
88885
855561
235054
982453
694138
288232
738388
736640
458043
237471
162120
495085
208594
109065
439774
245032
338300
727482
116261
660473
967020
381198
226959
319654
599564
210399
831674
306613
333521
810960
613786
815119
157881
510342
286597
970048
509220
101815
690203
479835
374284
276186
411280
478843
867107
302974
204568
379492
579080
587255
789998
267463
610853
934514
703552
510820
328423
747114
107130
707146
308379
777523
931821
302394
257634
215860
474076
301930
90704
144626
439523
18213
546983
789063
214405
52239
469291
809009
415504
502471
819810
406662
411311
624741
1898
732230
216588
244066
663542
866953
341599
345751
634215
330455
185624
794590
104771
958934
869989
135637
426324
623838
313760
785793
97439
759785
357721
388814
647616
855974
706171
389044
567135
339692
688029
386934
23761
364875
603687
355013
723853
847999
282079
829249
191368
353150
77839
916511
124400
354608
701397
744421
493890
988991
395207
183954
125513
410308
305408
389532
103540
909536
536844
669009
775250
391020
83692
218335
646380
552648
551046
983087
504191
276432
230892
949035
643796
633517
960071
134369
244158
825607
539487
681343
913648
236504
275082
832126
364536
700252
4016
985756
233692
224613
497334
485185
393103
216842
8335
668931
521296
243839
729499
970053
404704
319616
296250
884474
998686
715432
250098
259847
273728
198366
668857
482567
49264
237486
199839
935144
664385
161974
527514
743922
767500
660279
630320
474920
622699
435211
281915
303943
732945
574774
742812
500843
779461
722132
994623
513489
48441
530802
969414
377207
415435
522873
469524
978720
135767
183493
645881
247476
364663
976661
43189
317507
641752
433626
876715
332970
990074
841778
808419
17998
513219
753198
506108
375686
729729
168463
692012
506773
887803
939600
822773
640916
811250
276381
429607
276271
758009
957473
450060
990598
299822
738941
840179
102579
984724
12244
286812
475563
545614
135043
6269
151869
210170
770478
756655
73592
112680
113910
658680
431082
411446
115910
136437
914562
417098
307277
268836
699799
905130
73606
721420
563457
308859
44274
522249
773349
755476
265768
189944
24207
426110
932546
933051
793848
56458
651705
92905
898086
696655
884043
733845
185203
468479
711128
469241
411109
651941
711885
176384
567804
408254
189495
792365
591627
311537
281209
550635
21310
9067
272409
129905
988794
578843
943732
650193
850978
904519
985554
145886
496053
433738
242388
283704
994068
768490
961290
664118
76321
537690
804257
94126
347652
339721
540089
663651
736839
470948
148309
951116
723425
333295
966316
340669
384912
749307
819292
314677
788575
663365
443006
180739
360711
9707
710292
671317
153778
706124
506143
310814
522586
130234
698766
630563
94992
926366
42064
259875
943321
889897
539466
600097
248499
976755
760037
987855
805173
212722
157182
961624
655956
669399
608513
510474
773122
544008
420432
503455
883824
740982
701404
394343
189557
826844
887575
118291
337735
326227
770880
695136
411813
295507
474013
347869
708951
468554
269447
303323
702733
187410
283231
562993
813157
275219
381791
660009
211464
919925
657099
938379
315764
728767
610053
805571
506132
62801
365504
654961
760842
984698
657357
545422
977679
421175
976977
433462
350770
576521
268504
67286
383548
122802
123010
260786
460213
405131
12187
407827
133439
297477
479177
770572
334367
971258
486814
906728
377372
335343
945997
902258
270272
886825
491514
934945
733051
245928
553194
671261
372519
822468
360922
663410
841639
120227
782891
360016
802024
361365
383546
159676
389961
420044
997198
609111
809943
439547
490731
122569
640049
649545
895555
352010
923147
676466
629580
210957
536717
996539
95213
478281
464283
41616
398034
252517
335792
64827
902238
77951
983075
466179
866240
585433
848460
391135
216735
636768
781248
461397
309167
37402
810423
742452
471845
219500
204367
449578
204487
850758
349802
39747
737884
91436
742962
342463
580867
970209
162108
635534
34912
889586
304906
85482
837937
38940
712875
408401
84927
789787
127677
967390
591663
936016
284307
761859
616760
483789
620401
799909
228847
637057
877428
922772
342973
690875
243983
430950
824755
21084
847855
411695
867316
276574
566272
422942
386000
19003
536905
804279
103346
740411
897715
233896
680751
883165
378407
272395
618558
555233
770324
440695
463047
869296
3472
885699
348692
680617
38294
302360
710052
84297
377646
276018
498462
523318
784170
728307
678627
86312
999372
658340
78588
914549
35461
152137
381555
410487
340312
618143
961661
828379
603229
758644
528660
457801
145762
38499
216547
391595
356716
428331
858907
615709
939035
659436
523875
367471
455787
243517
903148
501401
791063
814380
471906
344892
920024
961363
734014
513041
617995
612563
47416
705456
669232
813104
852378
537535
306254
911817
341232
974709
725109
697138
865436
108554
733147
755248
214214
344765
783080
563024
971184
802177
230989
174884
501031
395653
917455
704347
987413
285983
679714
748476
749684
792660
687664
267519
855261
350214
107065
352264
361598
36411
172308
398144
4778
603526
141203
836818
915979
308372
921924
280959
307314
488020
674004
178207
546703
68036
392719
369013
126588
99797
93442
55469
677875
599738
461698
864180
456161
391314
488773
595252
229010
307696
481581
992235
77323
673731
152293
479143
63286
224359
95780
19808
306488
356039
418895
938674
671135
530156
439867
915893
985975
637671
25872
510075
405628
510487
142857
798565
755049
596504
845527
231394
931503
761288
31205
860997
195329
789879
983543
269506
124300
174379
348396
196870
456708
264012
87714
503984
761306
194994
817528
57135
431689
85898
164462
