33785
421823
99586
446022
658138
910633
171654
488496
939298
320557
815600
359711
71826
484817
884418
774118
172219
192391
915511
155753
564890
110304
167608
707241
59611
360687
517991
219118
524030
9211
865495
953168
409175
983008
733727
42401
697775
860546
219524
785530
37833
318191
748115
822945
761663
29712
989328
132692
166090
879436
965192
911413
940320
756794
432323
948497
807223
648704
956694
89550
959336
543885
602517
672561
457967
786415
516901
380042
345615
570193
602478
402365
824978
59605
90864
154413
409134
943306
425581
845638
157315
729482
643908
180711
376449
846963
285790
318507
476263
484416
323073
695251
53414
237251
782146
331537
272996
924033
828247
223539
334940
334442
592138
758442
140322
760243
878538
377463
844420
739794
539420
231473
926476
666517
493295
130869
885347
566688
897036
501290
43536
175041
427308
826351
583069
671985
450659
684516
931738
39018
651323
376594
150331
565599
138268
384120
593948
602269
704934
338099
545062
714236
872545
866057
632073
1921
969228
681169
764521
797652
916690
440323
253269
425880
314906
223064
582834
244524
708221
739677
223606
797054
706451
144474
754640
567687
171046
508377
127973
969766
471496
506261
622518
202909
650497
248577
378845
75938
268256
221809
920950
731683
354994
887017
626395
507226
476113
783937
437191
837768
23444
216177
141916
129937
504804
94079
847423
684467
784622
130882
