31473
245921
978722
53869
824296
16573
115503
306358
395288
987272
962925
764254
480430
208439
473222
452027
475199
386253
788365
557789
15669
776188
77435
331007
176469
298917
186821
59161
54825
812540
907030
717138
531278
551111
685102
187667
411996
335493
737431
819383
651501
174315
684927
119774
810508
872713
517879
769185
256252
69900
458951
330016
302690
147932
806571
771446
438544
333478
916591
592846
647982
683764
707234
265551
507511
222714
591475
662317
15399
237636
227125
723146
879617
700869
49449
265349
109103
749298
715173
534541
659526
175241
27165
693637
993897
371211
476877
717900
865802
611286
833103
277544
892049
260450
137292
805454
461205
144408
427343
13200
613063
466570
92597
269987
265966
889875
129089
822924
525836
755596
688396
279655
460064
481064
431321
94228
993093
793581
772487
931007
304696
407056
400863
514633
315830
4715
39245
518744
889092
713437
89644
361208
463240
430910
897082
197612
396309
574205
439339
112213
895556
864985
736537
672766
379389
53048
97880
998402
490901
655911
80936
593626
454866
26351
749252
930951
833481
814672
465367
535768
91112
158173
639694
837465
176080
460467
64648
847768
952986
985303
358314
302485
883067
89644
959952
280581
526978
249357
713182
193603
142590
107405
366004
873812
749308
855560
547904
747861
91309
521318
220589
946243
679847
692140
423737
364839
993026
265214
64164
222108
451427
103876
369342
321749
169689
624245
178353
742482
588987
924654
896203
188130
181298
877488
614623
330715
712240
171479
994791
272902
173824
844947
710541
550818
662558
165168
287254
997762
238706
879696
719532
592017
931563
407611
708294
329526
8116
429517
541750
697938
1558
32462
568334
616486
229226
815263
126896
109266
429305
190799
173489
62584
341234
392333
686506
101119
144071
625656
747547
989428
167972
172883
5051
557386
622156
938452
125088
202434
722194
5147
285895
864486
491314
604608
99457
797679
83914
843653
17147
153094
743288
517226
464296
741032
123537
429600
156109
314274
268538
158741
784616
407100
58983
748270
294142
382450
140654
537875
820736
565981
569479
626659
42457
52721
22562
986249
898263
487967
822821
910502
916339
185947
385089
713198
372862
991352
104496
357583
495658
322350
392461
512203
630067
367486
983055
612519
703208
433388
683747
975803
73434
689643
490278
961898
798368
948375
368380
216108
120387
949980
809168
145479
563917
254004
442088
178013
886185
673805
210083
181406
313143
89032
353298
490205
109679
237534
555185
532800
277167
828573
630017
681618
947874
771728
942979
686451
258127
509053
664402
353455
937275
831496
817565
866859
792700
16245
537217
728699
265308
376395
247039
857425
441702
798868
432607
667985
826128
320256
335200
574592
788804
484777
347802
414106
283213
289265
453938
644738
998555
454407
409530
695828
908146
159177
887971
700246
548917
818435
312095
441678
634763
581270
125015
154861
720364
654900
669702
195241
995594
75464
409905
622312
829726
170738
367363
357464
192077
187440
9288
847643
281719
264536
204422
923680
295005
640002
329652
838477
682284
841602
563608
405848
757738
508882
562624
708533
663612
29647
136860
619370
516561
970074
414390
461118
803887
604255
888080
836111
805528
846642
997785
466755
562200
10197
969611
619415
676974
594006
453476
929811
222165
452373
233598
769182
706094
414436
509773
455470
983627
24455
244917
182935
659802
797914
734342
259781
500140
654738
264405
775685
430945
856347
93688
665149
365106
822049
737885
713340
925915
580267
421511
107308
587299
725921
699175
631332
101641
791022
152019
811674
452301
185984
428645
173686
539608
759916
598451
163777
149128
942127
375910
397308
701148
886736
239737
522893
178553
224417
573456
853076
834199
784996
792242
32029
52683
138057
203557
876910
801329
959637
565797
265471
583221
441759
764416
846921
206206
432053
417233
740407
124600
704795
812567
76281
423869
47027
439345
250040
331360
591736
163512
85412
783637
586532
797561
757288
928000
397234
783757
109503
153688
533182
373911
580192
751544
996616
712922
851349
970370
395543
495604
115882
30960
965690
623995
917696
455161
308841
746995
945281
270748
887755
242217
592429
550219
751633
217262
508627
796983
27455
175283
787996
731892
816395
150014
609666
35722
415518
114311
612830
414615
467383
893745
899038
984292
967471
236776
176341
887618
834519
551507
674796
374304
141885
366966
674678
51885
939470
919912
219426
468324
476629
279083
783753
56313
981665
921453
592231
46174
732677
308378
385127
54834
978681
308892
797015
861383
938590
1136
680955
648078
984927
541158
129469
809121
593843
141557
755906
330221
320575
713784
145751
118330
622999
670921
721866
859097
762533
159481
57557
475817
877858
88937
225846
819333
555202
589064
599322
513293
644717
938409
233591
442832
650471
478015
569593
663571
189904
529976
216596
958849
52551
766068
106040
465262
127146
542177
710563
305545
439417
31349
793744
121182
383705
685126
24909
563846
174644
136905
657642
659500
238397
536101
398861
628668
745233
588723
347939
289769
649337
264277
732721
38555
609100
684976
832712
364340
861938
297543
338327
790206
826691
754229
329114
109043
992013
707719
72689
338536
13557
527219
479307
197526
861364
358201
850049
947782
638787
411669
687615
402329
464210
892126
345181
364401
325553
817279
530380
238208
540882
2383
706347
140715
486565
916686
507001
659034
220899
540606
680677
468958
185447
563675
234754
127744
643190
23225
686870
574050
136671
613434
169105
871444
920318
820328
616219
48758
85146
306869
833414
444421
522542
585100
917987
945412
460677
614547
640624
986375
85630
599168
276399
578335
752175
516501
215122
475421
805414
226425
113874
186693
463947
745269
308574
239569
502433
998023
581937
767262
221803
107110
715388
125559
813355
274708
930627
288701
875654
70681
244612
740591
878467
295457
34513
70940
561138
250292
883711
246178
325545
417165
254007
773537
732010
714138
394409
481474
544
628559
628257
42462
178120
983143
732466
865548
599341
826105
250062
61130
353803
905651
150391
198790
618517
608629
145680
622218
519250
500108
426637
444099
673826
134921
192010
428972
957535
899454
996791
520604
771487
586452
326512
634024
281749
820812
55146
828598
688791
78672
372809
226271
944954
55797
8911
249664
109657
9360
941744
450142
463797
750258
701121
639603
946358
549505
767438
946905
113744
566132
670090
825298
348737
764906
610721
482994
276982
507304
546538
802473
385741
655405
685432
564209
314358
727732
13712
942736
21298
924102
142324
724106
633598
516089
748382
18215
718153
529096
564809
859356
119328
570512
811944
957529
691242
128421
783674
180846
523791
667471
981813
109915
725365
577124
144479
84402
386338
549315
945916
566699
126277
586026
703010
755076
220688
810229
384040
462739
357950
945204
620669
335466
925106
715431
198804
136101
231360
245017
708093
90706
468420
259286
928655
489790
140144
49929
798978
718936
407524
338807
570393
456516
757814
974866
39676
774207
489617
175355
58788
312554
899449
570839
844143
428021
538348
398157
776275
654249
45476
7193
532271
960657
683322
253904
703485
846406
200548
585968
158948
201494
818655
357923
288426
231505
612904
430865
370759
976367
395491
58014
509140
960097
923359
731975
638050
278515
661169
972884
93224
475226
470909
348859
633492
156512
276755
109457
955970
935849
459445
297453
504586
808480
62327
379291
690612
827587
487359
201018
82823
701193
449516
559667
645759
608108
610323
872342
331612
538902
684837
922450
376215
35116
681964
667345
743088
386673
839028
714990
427426
985881
599942
105748
779832
285867
297424
205108
268153
444177
775520
881442
632319
944447
17871
430669
617382
576638
92090
584089
617503
980820
879916
97435
345828
321746
744984
110576
609414
144570
242049
807994
690338
122058
621564
607353
139186
56425
435021
869377
638847
187117
417967
341085
470644
810695
704560
343361
275855
541900
686136
519076
29424
576224
458666
477058
255060
95425
214306
216492
38683
545069
459167
763978
774341
890929
780794
789551
144315
645392
146388
487575
382410
371532
162959
639680
923626
910740
396531
604321
202300
390281
814064
86155
227795
863598
284227
833947
957034
451181
109105
417625
793843
329408
820080
277873
609807
974978
733477
402956
835929
484627
741512
626377
292380
259105
628708
361629
741477
314842
327355
433156
650740
651371
319815
192610
456780
883699
870298
469755
391018
522825
529255
767115
420370
460326
220633
97348
808836
37361
169953
281826
135310
738982
790797
386220
949947
520673
908308
460489
86825
254477
188718
811259
85560
833572
471648
804285
293086
688289
191125
370997
548696
397706
4904
660694
60923
173139
767679
98902
976425
274737
364625
223174
702879
674685
944327
520275
99882
264064
746560
970327
513337
445281
391279
380765
636430
953192
847584
902704
435279
98286
781976
952094
727929
820451
648601
198350
451636
231484
346116
252347
162817
583543
185561
879052
446543
17228
265370
782610
733933
721842
357583
325789
644058
256650
373346
397115
147065
449772
2730
358990
497441
485837
904645
669577
913936
74698
492061
640071
136191
638995
268174
607944
493200
401655
404062
658568
68836
818567
310506
698302
172553
824426
428770
418222
611408
855357
895403
731819
526973
778532
372899
237485
130776
289458
297793
190794
931617
621105
527385
370453
796128
6606
164991
204624
291418
777956
627780
126734
263840
797475
789404
177194
239617
727452
52960
874973
811359
712173
611374
412480
925983
389060
58222
368991
378490
520401
345136
80950
725297
913356
547377
990091
668125
892128
542205
739239
446436
470131
919342
60210
952904
705555
840402
33258
468185
544638
912362
107456
1035
278733
978575
245711
499170
446527
843056
517242
96969
67486
828470
946528
795139
3152
173960
46654
757369
311805
126890
967586
403633
368471
522176
287304
137439
813578
49265
831251
431958
34882
521511
353449
481559
314836
477106
944619
609034
324682
481420
716880
290122
993166
680311
31645
375451
323185
103939
278275
72503
773209
296748
702933
137221
398853
853599
766628
888619
96446
18333
606264
42362
109341
140217
749806
271496
353267
651579
404585
618076
423128
898599
237366
59073
46291
674199
852544
835069
160995
157317
431212
107612
349288
267941
29970
460069
751729
605103
580825
856046
865507
64378
426926
487691
161922
131076
301281
947298
527647
44046
418204
955098
756382
76516
718400
687026
715171
310843
350429
557998
990681
477554
720654
862123
339166
528699
665328
700180
688399
528147
5437
815213
935979
81325
929608
137869
252454
117805
748951
794473
439693
818447
505816
582602
801808
724456
898562
699233
79089
412997
918921
340465
881032
501680
316733
722218
68208
351697
82560
812694
542482
908912
492834
577324
692683
146136
500059
673026
727741
104471
629092
691168
291375
858019
250610
443568
701090
895191
129936
280145
69297
145114
113368
170122
696099
729504
506381
749339
111313
199370
685592
793136
331374
146793
345757
94511
403448
27936
138618
46896
15418
813799
486364
367884
187323
135980
814717
440142
138823
641172
289726
763783
561175
127263
620316
841790
503007
1065
298642
313859
204533
593548
746635
493476
562905
119971
240515
509177
201893
538410
809337
288474
986514
535425
761107
850545
636708
330255
312718
908074
189108
296003
641375
546695
424920
392054
392491
733327
772208
867500
254880
717606
710736
361658
72430
255800
782789
72961
439782
78607
965062
498008
21741
524037
974457
644168
27164
730643
225374
907696
915192
590343
708444
181513
59977
492372
891046
599364
207449
770884
170506
790288
795146
226952
577366
576183
656980
79600
121063
323944
822363
265717
729615
700047
510953
935540
715618
726368
805709
200502
69213
903284
391439
590186
245684
456458
109070
725556
841719
28654
228217
554270
695584
917559
147686
898540
979067
60009
709778
475854
644722
10427
667958
966703
166388
170484
921538
906667
756994
761775
664184
882909
306966
652477
251432
790613
80048
972585
161604
16105
965950
312726
20319
220771
501415
368645
421767
913688
386996
748531
768635
756632
258395
621983
742539
224961
495402
40041
302283
72558
425677
462550
473011
942221
956027
702192
908694
416846
129027
141515
725117
36408
291567
400034
636192
403670
352594
866783
94720
319886
355699
650361
24483
273105
894870
604024
106029
114606
910179
901332
506584
688002
10742
733243
882000
924426
840386
191282
507822
869017
115170
488851
778382
593892
548350
872884
90575
478267
547542
527208
302182
568402
285742
83039
763487
925566
770006
166889
253298
724731
573333
589015
403774
121321
957874
608002
85349
911384
267102
442341
576707
795896
537345
506533
541195
900595
71455
945138
903296
418966
758055
477061
575245
622506
740376
507337
86531
589153
796688
329494
461101
633388
990643
765080
479696
477418
210996
54030
642820
51194
323971
23023
539625
438897
351827
290535
510344
687015
856135
750398
98440
878444
337720
597978
700938
280024
901477
251035
196961
426048
710328
972068
951985
645829
87217
443514
829987
215686
82994
56068
138562
624757
56549
404210
924213
184391
621389
91258
477785
934789
734504
440510
721850
943296
677502
67786
127727
66530
63178
118713
449359
80671
902465
319671
296851
891657
596739
967264
509898
831683
822493
632519
510579
168333
553785
185812
11066
935359
194339
969413
462162
937297
703608
443733
815019
595414
997485
90297
43409
924617
683001
119943
515617
114176
704289
238578
667176
317053
538334
179312
695065
599076
258796
132604
87019
164998
527473
501175
177229
625947
933320
397290
975367
913679
826474
114982
874606
300787
87673
973260
416259
408404
987048
985385
312042
550889
672585
577913
711426
437798
686388
209549
264229
408045
913937
497863
325821
661284
316675
825601
35137
104417
39473
96333
751499
48898
898930
513047
833752
885786
550357
714535
290331
576006
165386
186819
494718
82269
129391
389553
346550
938309
127995
521178
741953
147619
454529
288330
712127
67178
287842
512532
10730
93589
730130
656595
778164
538159
42245
53515
45372
410063
507893
99949
429548
648866
186899
457657
232241
317408
802183
513406
271768
727713
166182
827645
597890
569992
512624
574956
522564
750493
339778
315606
37149
166841
240798
6943
339220
24666
610581
935846
172782
490455
295695
243971
281353
656493
557175
202927
63065
658359
685061
171779
201212
678396
376169
530713
356987
895011
748241
760207
100127
461761
608087
507562
236654
187155
566218
85398
392577
590791
671448
635467
213123
621492
686037
674764
870920
815339
761258
926090
546567
385509
476
380069
466038
788891
40120
865554
229760
765813
960793
650455
512294
4442
823509
115827
201775
663590
9354
425628
312269
207994
539328
948000
813646
201644
868155
313005
851387
572959
714848
963564
449681
818734
898305
948295
786329
741826
734919
566988
389990
428292
827707
489257
752427
121195
484209
689559
781046
799734
953105
459924
580045
27574
562179
582152
302564
752387
253495
511433
550071
804559
834958
915962
759946
41431
157352
619086
928827
206325
814795
438954
321536
908883
626540
791465
324419
370746
67486
601593
45719
845128
87124
58466
873941
842752
444756
624871
529112
457467
390075
53573
301521
158461
569959
223512
234119
380195
853124
476381
501742
953720
883446
667154
877987
187238
813216
40122
370626
442825
88143
594429
597541
589599
693831
563051
557305
842524
792103
202337
287358
666074
669307
566020
547611
455854
163550
503595
256859
832918
799114
974233
602696
12046
422654
165735
829666
47105
903882
216897
666684
110877
196282
181255
122932
225983
422237
377235
466701
889678
673521
464154
196395
716195
207340
569771
388010
501094
812713
581525
267674
317940
19758
556454
316315
921276
697814
248909
156178
954793
631136
293409
159621
688249
121746
291002
902681
355757
702731
83645
747429
352217
373988
279734
582514
918107
518850
847006
832274
717352
26876
668987
432537
355266
29603
125286
221565
994630
885362
205800
826310
419617
181843
908926
372849
442275
174348
382908
888167
813996
67908
568654
987925
746370
878646
225177
366823
276293
365361
897856
535014
709177
995529
784770
981868
52483
693214
2816
43072
327791
640646
265628
807122
512750
996762
590718
903508
191709
525338
256048
863922
702656
179774
288681
754608
449357
217690
864103
889439
757029
781548
327093
716348
330270
58949
421260
695077
6395
760466
126934
697721
232445
495239
433421
625803
900754
168103
160770
688577
731244
142770
746618
594959
275885
632171
543859
105484
354558
289604
737220
288174
876159
21352
222690
532711
449240
121957
806079
567835
58414
564341
485324
419836
966770
603495
199712
29892
939411
497007
168817
977806
472084
508102
251006
93138
288376
139455
664399
340667
47385
512104
96788
362855
897943
420441
46059
182010
867758
883356
958525
756703
998369
877752
136839
896093
243091
155036
767927
331089
831284
50853
28076
493646
975000
306828
587552
933709
39139
918639
531362
346130
243681
271546
29691
314270
837746
276594
997811
491851
903970
361246
406572
993927
958551
449234
889131
962671
712356
554713
926839
331079
876282
413182
79194
748948
601341
612919
102340
527383
682101
359663
813903
658022
43163
978031
194590
197672
363219
777256
797086
627628
611962
717663
567854
959462
403348
214005
210843
730376
709416
882962
571524
767417
687848
531566
69469
780597
638280
465531
728142
638785
683055
85363
508219
538441
281867
206393
398623
603736
793663
265134
550865
832754
182840
928147
438377
992337
841821
569430
800060
370107
844324
58235
418434
119420
149314
545512
880409
262917
509306
939533
221986
213281
772375
652398
840138
418960
117877
24654
951715
54082
416121
550970
487792
386865
400096
266991
396160
824667
939637
489384
289201
260891
403484
410632
238166
221539
172364
343137
121523
684184
942618
91935
937637
482890
266096
641877
403998
224783
944988
892001
729614
755067
736133
695165
847390
981693
440120
121061
214486
753113
550176
572193
122527
732862
211284
695982
896802
236739
777419
712333
234062
386563
224746
402151
645881
962321
562622
521755
599774
517594
376133
744230
563589
386262
208743
836590
19328
282218
145218
37547
771857
571358
628643
509234
668201
950774
203472
331808
816843
117231
590594
475423
232079
185495
444784
702616
955139
560585
458758
251765
855532
297028
5684
681425
855210
861672
871459
294015
387129
552652
543683
296500
36948
201662
385472
487122
372148
32728
879251
361169
828470
228987
884597
865484
953434
303467
372910
857958
361639
295303
674059
241879
729900
842851
405037
777687
386978
609284
973822
394597
970990
402295
489535
521076
652162
440270
486269
879731
277283
22008
661347
605687
407685
561724
781480
402504
627986
366866
616936
163461
703690
475422
129105
20596
152707
732106
864372
558506
619666
823358
927163
58643
225986
916351
250
812575
275841
983649
523742
70026
970075
126826
487618
357126
788445
586309
901216
429446
792219
880736
158436
459369
990798
453922
948444
773121
643733
609548
204172
51136
440220
169643
349087
496958
155738
299063
648759
184810
104820
986828
888997
463626
408831
100610
859700
865712
978019
213995
204832
148155
37403
472296
585124
800967
957016
979752
250161
556658
669637
936831
12794
84364
461798
110494
362732
344346
65113
25717
784252
712583
671999
935266
12952
534056
826484
86420
123199
79594
162681
370369
734316
478683
718643
423040
121069
73425
989133
570691
692819
59
397240
527669
437442
997762
905170
3052
958056
291227
144740
637771
192779
528556
177094
630583
458042
772312
286173
118260
688549
664681
16645
638427
547081
705881
333961
773370
483971
449853
909903
903688
710918
719
166737
676227
754024
247510
803334
915432
804118
53300
145503
694030
586664
312204
706861
842656
961808
537293
442143
890293
516139
759264
335913
647182
194362
982122
995073
264875
376746
957630
38019
324234
540431
487586
361269
358909
137584
938044
983716
314087
345403
551898
499309
103315
697241
751067
21208
173680
232668
261500
953438
313773
509397
525378
640779
398573
681603
813505
51838
436903
518758
822536
586766
438621
481905
312234
931015
774647
244317
603113
791826
174844
29018
366976
948082
809388
418400
755725
647019
104956
213924
204761
102909
923630
139431
853190
619598
856269
521832
173268
710309
815490
631482
855759
921170
530902
953648
460761
379052
311429
765236
559823
76146
808507
848631
753627
553619
275630
782402
516246
21514
673879
230764
948759
585376
909262
592100
992925
475797
87233
434542
213141
386201
132688
512875
298568
604789
906121
684368
589987
819975
269563
536697
897636
979882
364857
274006
643807
895540
321965
470147
345066
41433
850005
892918
955947
337580
60383
564882
692668
632518
18013
974040
536504
84671
860261
131581
964581
272281
927432
794006
270014
147453
305517
557167
105755
895837
698377
307964
531711
453880
826941
506535
459454
661756
639435
494792
418313
249861
820726
586163
427224
954948
776502
319658
167602
417403
224725
228083
68636
873380
332329
497669
100124
627377
305454
430044
917224
326255
330623
765420
991536
343300
134897
104754
805125
704023
757453
752997
654180
854222
354919
435275
2019
101362
811935
60841
984439
227760
347444
968403
222432
644537
504384
632353
596465
149000
691924
876226
78848
389443
225264
679850
529830
617467
73567
146599
630131
426766
160301
845137
729457
377772
592390
215776
248083
555382
306029
595032
396795
820546
55381
621087
149477
582779
344224
937583
305907
418022
62129
640038
952277
133247
855984
415482
390356
474113
898777
426187
354620
338245
981697
465873
725028
190786
317159
496756
771931
852339
591283
36795
487921
767126
980430
254044
566815
80
645085
28017
273428
291310
259355
366796
655389
109766
374481
521377
569647
546620
13109
849826
805332
993312
942941
602472
163184
267317
332766
976589
51247
290637
860421
190678
885006
896911
329393
487373
786050
678043
583948
119982
219336
635332
390436
488183
838602
756924
202154
644066
490731
547213
644357
981039
229615
810563
200468
778586
596554
491368
960511
312812
167236
451687
203128
198830
609669
282450
262676
200632
997507
70399
651840
580775
168133
580941
145569
497517
615954
910469
656460
280194
371195
578459
618079
639864
641474
742803
568890
664684
872422
877504
907165
56216
13580
204839
613792
539782
591819
476291
270665
426911
208276
589474
314189
166498
623676
661613
64166
814576
131112
802692
517325
620419
962004
600136
802517
167423
12544
516850
730532
509537
526839
284192
237070
620244
527613
971824
712079
767394
327060
225093
315429
554183
510571
38567
561288
984546
228708
537351
168455
458565
147328
28063
111872
586155
849834
375096
33148
359241
246045
210309
820453
487421
370482
976173
713700
354595
332682
574310
532635
731783
968532
304701
199036
746164
807739
964786
607044
275435
650543
216511
608536
859695
984911
126393
470010
55677
613808
341584
160552
63834
962957
364977
965265
448132
269707
130506
892789
719562
49894
242861
478552
409591
307582
577742
631778
833962
1400
223207
543254
370241
205842
510459
446253
995252
868167
67510
769422
799422
578459
480883
676013
417333
103876
986264
746493
419195
472181
257052
486803
80909
406600
692649
762201
150840
959942
74076
945259
681964
636246
108650
691217
951017
809665
659100
712154
17110
521758
771706
982225
88304
453791
176838
525855
194335
990262
497503
617724
641701
225829
78983
95443
89135
596001
7742
140658
280398
55202
64845
701611
155327
907850
986206
392522
519526
310767
967240
954098
14426
405447
276969
941846
494873
989807
587053
241873
925596
390680
292843
180899
358342
491406
745966
396809
548470
400806
912272
654840
854395
713540
68162
169589
528999
775302
522089
882708
168956
856849
579107
993547
908036
485686
680360
735473
334781
583552
907851
489433
66544
759004
434334
449093
520610
817573
89141
97033
550116
535308
915587
983358
418437
345889
37730
507487
112808
822400
576750
702211
498544
358618
583824
435127
192599
260063
824281
941879
333790
900613
216324
448009
801823
575736
660190
550199
895358
924062
627009
144359
62526
300550
458748
447256
404400
355820
64846
34939
638213
190955
567505
706540
929285
467456
422580
56843
326809
318582
371361
965883
549570
416436
820605
413175
162284
534239
53581
286284
443357
349229
743926
119927
687816
908871
804189
113115
979966
664858
877805
375071
377476
426171
428022
613730
129855
70132
626739
698844
356876
576048
878948
669138
773740
37502
892890
361845
65436
608069
342737
166552
711683
936517
939639
154636
907909
186949
410379
547035
569461
541407
625761
234589
253415
263332
717186
20217
261859
362541
275887
451068
704437
623039
974790
261071
868577
962458
839614
288024
766451
381470
508749
910448
14453
738139
382249
212028
627643
399156
82346
601578
343768
900270
721614
276234
387251
842907
194007
150214
400691
924125
884943
790400
285847
231641
499627
453447
616675
368378
987086
887348
199925
711903
541028
293543
463862
790370
81263
126170
527724
482118
221662
402654
381547
840380
256793
472570
316907
416018
541914
459037
873845
338617
298613
82108
214136
947057
136504
227916
309048
722515
291693
561182
699494
786554
435068
463570
953098
502287
618797
907449
296412
334192
205132
918411
185075
522301
89509
355905
104341
380223
722607
904529
127661
331828
341957
514436
348698
866683
72399
481653
42404
821080
78143
802216
739017
281957
272440
180996
956854
72726
311561
836078
187409
97895
379286
113604
579955
61924
988567
749555
564275
452821
184954
268662
995165
37507
249380
913835
976706
21419
728341
384083
173097
649727
704170
285158
888099
179219
673915
497041
701948
298667
702052
823501
940110
431838
765345
784093
773231
18662
352531
493348
512778
43655
448735
467360
623179
165786
817014
895239
146036
813622
423727
899132
447565
840249
220560
502446
854584
2488
785771
356238
253666
830081
62309
979755
26070
324681
281874
460459
409835
481591
213372
36008
490078
830860
59779
492260
284154
299693
46110
540139
940595
769870
592767
665732
871187
465341
990357
555987
323148
778440
155563
120078
906796
718092
259566
95898
159726
931292
292363
409985
271084
815498
586551
152594
601330
19733
141960
340694
200111
676015
346304
377002
760005
219561
484203
945726
671871
913213
401502
846760
717346
935352
592031
466150
74140
89474
569059
717935
847897
271051
572402
838580
873397
357716
138279
365304
766220
320919
614931
577608
865772
610580
746242
725977
378156
288314
962197
577214
34774
714734
407822
567619
921279
825082
914475
339177
865272
467285
914153
201213
105437
660939
569065
576599
872587
971081
813680
620140
635566
62663
394249
787601
932855
793426
147717
574861
718701
333557
208739
831769
29851
352323
130762
126646
310247
413572
268018
244843
711811
766906
471843
290906
13436
978062
759766
513662
721200
384156
265783
666948
949469
55064
773580
306050
528148
261083
717999
204888
442124
694926
461815
375202
81618
923249
485685
242903
741022
234505
230234
432001
748354
970916
803702
715673
286971
977098
656155
582782
745898
903938
114592
113554
398940
621118
723906
324017
34629
304164
711204
798735
53516
919545
400375
99501
860672
529964
156340
587192
498280
871229
98118
130238
658167
413960
254086
307405
972830
633394
874782
329962
412476
13935
105102
215979
125297
347053
440205
657778
502608
535712
878791
445510
920050
753067
303429
541967
619304
877672
241067
480750
37128
538324
835610
577719
274536
811866
971894
232268
607721
991930
983617
647575
494571
246614
95398
826403
657630
966745
354194
408472
876728
862148
472637
448081
874563
638294
470407
273627
367118
17176
214461
237069
681795
544258
750522
555327
228633
351693
68778
551592
284448
976534
317226
158616
979065
72044
976395
691662
389928
30838
231030
449911
918402
98628
190057
707268
630720
463216
964704
194982
203318
491184
913614
594345
251229
729788
381066
874602
254924
42390
564423
992182
818822
286715
116860
601217
842476
348324
290850
745984
659795
160889
928284
675683
976816
486995
776816
277555
817008
332972
971315
964547
776421
978726
101444
594838
91802
944052
595438
692109
59463
191785
370161
111883
53472
672987
155546
896743
629448
435379
365775
303309
236003
88213
624423
9010
808200
956262
572086
65073
305941
558526
673894
269319
31454
892076
374720
783783
873405
110880
351946
359355
911117
431609
994251
60089
295090
397932
73642
414365
804111
419597
307637
374664
956699
859517
193213
819061
923534
220273
678686
148052
260213
152922
582364
744389
19173
537206
649192
757106
603340
365491
155843
99145
312034
195899
998074
864341
692351
10337
362895
690296
419911
871014
634872
688903
292800
663719
80320
34626
370052
552487
173388
755886
310546
707765
412664
218129
992766
546874
87520
414218
109257
265057
307515
217482
711179
969443
945057
631987
845389
788718
930157
827147
176755
260401
67517
420252
545686
21767
874902
664236
557552
463357
229925
968789
581296
64705
966112
573824
631982
524394
989835
821250
903417
618718
200215
658259
9675
604068
198629
408742
970398
46983
342312
93226
633111
392547
437799
717341
421025
466831
350690
980936
100245
87527
27340
879835
782357
367156
44535
485925
5688
25466
806990
583151
999647
711583
990907
511734
494758
404979
729257
501380
648631
76768
748963
5738
387192
113903
143387
259164
400420
554804
103944
211625
605303
891864
989286
673813
632451
168641
397729
838165
145504
38112
854796
309862
497153
795350
837003
447562
49185
219524
770514
293792
130523
17326
839172
130271
543897
905610
270653
710638
260261
12331
340779
276579
444251
707781
128791
37655
28607
176092
92226
885475
390571
415118
314474
238521
862305
71033
375404
650656
952767
459530
579
108941
322320
231267
541358
429595
823806
718184
744240
270504
2854
149735
614193
66251
150916
437217
534658
520373
219981
82489
977790
65059
794332
902712
548555
818941
133892
225723
480000
1743
697732
413498
925601
145953
229720
738677
273605
714292
735916
822397
212057
471644
549227
829724
743165
833653
638710
664674
767116
289987
989489
67149
156985
812906
949623
409172
375956
520518
153389
494160
548908
924264
108788
139527
468367
783214
149432
124375
453485
355262
359718
385468
891163
139167
582586
766398
812275
607667
44470
524666
846040
709141
807086
934410
970711
767819
130496
33172
956841
602408
38818
470572
684629
926913
895252
582695
209778
669193
350452
856381
427466
869132
60208
965338
116379
182660
382357
929089
91767
591131
38791
795357
344651
471230
376394
919974
405052
464539
564924
815724
571245
556087
167269
667331
920285
230765
991527
273164
802926
499398
372432
371867
856064
863666
943054
246602
980604
931745
776194
727449
816109
227009
83053
862080
944968
424404
767431
455764
210316
741421
475182
153745
393028
576582
80891
569162
273386
804609
427761
314154
556326
97402
879183
345382
936819
437829
144581
341697
96098
305801
886339
235963
170425
249336
283756
357975
549683
505130
844585
380424
794219
761109
85594
518967
222995
124331
672616
819700
394718
255952
341686
917942
607998
378231
678326
208208
919495
712920
443672
170227
865715
592399
739228
814170
266239
787796
160841
321686
19314
326931
378806
363062
310909
360232
724997
838482
250046
613817
877104
805492
495711
195631
618747
617252
497627
870545
812425
562575
269793
79999
159435
919891
38609
125321
604051
282666
776035
555178
398854
770544
851303
944100
422320
387090
687654
208313
85874
696981
836904
643779
772246
117632
387279
39857
124355
220904
67937
702942
201804
101718
412707
480271
370786
683670
677792
342345
63722
814943
40777
55757
224682
987034
935350
754226
302172
29073
683850
34077
676325
69813
621301
805150
55071
665547
378900
220458
146194
863093
411315
796209
358850
71961
575346
754588
519906
113200
863109
938853
978342
999469
418005
876562
637302
704391
414212
477583
908990
85093
953102
759079
43170
41254
805258
612319
346447
864650
674704
381615
879597
666112
145653
741725
333873
273356
954674
738488
108686
215700
485923
401199
599307
232072
423019
450508
198704
907372
489908
406160
735386
704708
104916
698731
57070
504539
727115
979416
131818
312623
146153
304915
508503
209276
88269
82040
536219
406115
755783
877305
491627
716151
648415
439676
543197
82341
855919
65935
323995
113917
884459
729545
562419
708897
318529
285118
936076
232649
138011
852638
236404
637680
667138
631594
558420
545886
520668
342996
917765
151827
653206
488691
761723
144781
540124
579232
79839
88438
492805
668144
616315
239278
729677
450574
281231
481008
956346
628275
978368
676131
728415
256773
649008
868159
309310
567817
132393
379226
622472
722759
900850
84111
606401
610617
85636
777225
729791
453551
51222
493233
959057
423682
570133
6450
595133
57714
206128
172517
147745
730079
719
870046
842746
661281
298531
294226
550787
419844
582488
499171
45237
663203
315752
150538
581933
13151
197257
947168
156460
322301
235398
957897
519608
207450
868396
324606
977887
336267
293915
703797
470619
602005
355324
682414
993105
760581
662737
112540
828724
243054
998887
763375
753543
692669
500841
147514
695231
795706
889615
211654
633990
259037
439347
184114
567644
787147
727940
795589
479448
158316
789267
275922
570573
388329
201419
237191
12039
377671
911486
817746
752437
640987
487322
306351
424224
471209
379578
282770
644569
82653
148824
405230
603890
78629
742497
448353
677474
799721
577121
123004
830028
673128
456222
677490
845145
491312
35136
547932
102529
461818
202349
24102
496873
358111
74803
940314
80167
172603
798303
534599
695457
402525
253674
415949
303443
743
763539
724616
126895
170441
396168
263831
600030
927252
621246
4360
65701
669118
245216
456801
363491
209585
288675
33933
405686
891791
174776
587682
380350
68871
259099
262219
342777
100173
484553
464663
312973
471097
947086
39389
179941
127742
487868
933577
955058
336005
416888
305224
162451
168421
992366
137100
826960
181825
985700
221756
291007
930687
680556
585212
562697
484257
946163
194644
72391
850753
379767
138879
354886
718765
389974
415058
224681
726109
714753
206791
836526
2893
189839
960230
299977
764347
179886
548303
552556
93055
694388
263334
8232
812354
265364
888987
108589
919004
598188
892693
833197
984654
601210
315450
569951
503960
654703
241757
704096
997433
264732
667333
865651
537601
142281
148950
730345
384148
715237
323807
4700
596797
619799
213119
563989
356332
663474
216436
994765
509902
354120
302081
92305
587207
732949
386876
561726
634575
155228
557809
967404
28646
981328
621302
607656
787317
235752
985997
904025
605507
313813
258351
585219
259664
79888
812155
629930
167378
739724
605563
183246
275081
634251
812367
502549
89217
852685
409144
401863
26020
595299
758595
783667
798649
542497
794319
526638
772285
779249
745981
325691
353052
110020
613684
128582
531404
90596
160718
589707
830535
991078
329443
313108
983011
772667
210736
283935
148623
872613
36835
305438
275116
331974
312133
841239
810693
753107
575108
366060
247277
214440
272476
667829
273268
457718
474850
807241
354629
459607
301293
377308
27295
934658
842401
852290
67374
103258
239769
250130
892165
783969
798000
463397
548347
922505
870381
491262
516767
398571
325192
736260
499992
166865
410909
727338
438430
727277
88236
65007
737807
705453
871947
528449
92655
731622
434281
778301
518975
666285
213567
287249
611704
638277
868885
865155
598628
498290
838189
829834
570138
303340
234896
513114
709972
694255
272628
509117
728942
102703
184839
25949
713214
354473
415323
827102
558666
926421
596270
39080
790826
597432
943508
288386
624315
817813
926787
311002
580093
452995
337979
605985
869898
277594
114640
541843
446324
670023
843029
218068
995641
760895
252583
382262
414757
808401
208979
263191
975365
840147
931301
542759
745667
941182
369550
409608
815971
206294
117233
578190
925977
826945
762890
468326
433668
301498
379707
668306
373131
43741
35317
894418
449555
985570
212095
823071
253338
393575
71462
199888
398067
883045
841410
476640
649374
244805
631968
232647
185475
132427
197393
482500
155339
972976
45774
521148
513243
721550
453958
460988
544622
204085
604678
408411
733518
179675
270468
778683
695727
13487
435017
74094
472168
364494
341432
606004
625039
576655
70654
830819
555631
566521
663000
387808
161129
631124
614780
735561
87460
109661
752549
358581
908018
571603
893630
647379
901121
943278
982250
385647
559226
532015
328622
51795
315129
542290
969788
483914
152938
292385
861085
127167
513596
704418
51513
963973
910725
121265
613830
121008
81650
421736
181707
508256
396137
424762
568592
964061
881277
951839
37476
701854
7949
178217
431434
667556
512314
103990
989122
575427
678338
709118
512431
384769
642366
804492
777834
810967
111476
428234
129826
849941
931610
786293
766573
513185
162280
472175
56816
497183
464600
285491
322343
593389
934077
361699
298194
288069
262845
436605
618621
776454
68973
560236
35050
760332
308487
411963
728028
76603
386826
470308
880962
44763
4975
756103
632575
256285
52035
559990
589010
622460
775398
787629
125159
753310
313311
622329
723355
770136
975531
7138
396085
729405
423533
2816
989956
708205
287217
673030
678869
384731
776515
813660
485224
170885
509986
180276
862136
570190
223570
975019
243160
683705
292753
647639
75065
807300
620065
409395
531208
266079
629252
368804
533556
695879
766470
88615
916173
175492
237812
120218
685384
298555
281898
676964
690655
841521
164810
809985
87957
666333
759881
239917
276503
284711
785507
177836
712446
409219
330671
998900
600113
730853
381389
728632
885992
289952
95611
756307
271051
591903
752583
952269
297465
451070
564319
21900
726436
227334
390468
512793
787353
15555
758621
771150
12317
318212
978024
19354
554035
430895
759051
931057
359995
762750
517577
346962
467124
654490
723152
295030
529506
960210
310510
856722
860491
676472
682852
596553
319899
416984
298579
174898
482983
568790
670419
227969
151182
106403
367523
598548
253372
984028
793082
432988
140616
209023
931580
401062
240445
44682
990472
460933
567734
465394
236974
353502
60643
379964
523134
845968
511144
670972
601467
395518
397540
114600
637551
347450
616718
431704
261272
426127
195516
675677
97536
560555
935806
783227
56234
632999
663335
870596
854056
108405
646571
281170
169354
286117
762404
813600
711601
62484
318959
768902
299585
658353
77299
143311
74293
774445
661826
998328
118284
105919
177303
408776
305889
796113
635455
639814
488088
385482
211029
527452
248564
748856
461606
863878
422854
525274
319859
546039
873152
869832
974356
308808
998952
860032
572089
722589
477096
493774
716364
735767
923778
714391
112178
404079
844704
752834
81585
902517
171465
120322
778859
526502
263216
778884
321993
57315
129191
816050
626867
664916
268401
743202
914491
158232
593524
544927
626073
642663
304525
933522
430673
784135
11198
776396
83185
119975
524866
14834
337462
953756
178113
161349
933519
315509
324255
537868
10489
554109
242799
543137
706441
173132
578118
830358
533512
857354
512170
915202
424952
507586
832296
285035
722165
321438
204420
644369
34999
459141
281739
436693
68212
325006
726149
181572
755170
465247
961799
969541
804890
749798
319908
286810
391832
601395
969156
939542
857311
206577
912332
776156
386681
325056
947261
716047
239772
392816
54681
826587
363177
807643
904191
62431
748942
511711
147416
685878
914122
29238
197226
276513
468112
404404
583370
329682
743045
781981
601902
148567
975204
806177
921952
544226
24961
264310
883791
480369
380523
810639
848640
915102
560682
942654
657826
151045
951655
545763
224958
787021
789291
302224
64013
80661
177664
762107
793059
437821
358836
485918
222986
776910
813755
649583
409834
706631
790836
43383
62627
502469
887492
23890
194813
331918
179871
739906
831671
690682
361573
721455
348092
657022
468392
686463
69235
27414
292940
445710
565557
494542
5896
476106
617754
299118
831049
864942
91692
507200
52469
582553
643197
629695
352716
862154
962901
158494
531627
782459
146371
535730
133867
78999
553940
944828
175462
22168
952034
575767
414745
292865
786820
23034
692581
201845
376931
752043
791472
797747
877228
469377
53032
607279
792865
522900
366888
961485
187018
365251
569139
703804
634890
647009
685468
877997
33740
680060
63752
993071
833692
970572
609676
999785
506834
496245
445360
647667
908585
567033
206229
19729
971117
629053
908658
582732
800467
698358
24954
515823
387235
91696
90586
399579
352016
209595
441758
508360
394792
495858
566771
447064
115622
145833
148743
608601
58085
601010
693325
503448
149807
765132
788956
933532
665972
120937
166263
630534
677846
109979
45800
128515
855009
391962
61061
137131
556376
180788
149140
325753
321770
272402
983883
439143
416132
712162
25328
482086
8832
224038
191903
488823
268987
257113
929898
787305
20035
925689
499546
777071
671087
980918
894996
505757
324234
802037
253399
435583
688551
970433
946274
891798
189912
812111
140402
542256
58873
260780
471017
23907
471015
359429
136394
802662
871567
408402
446817
546699
63329
715873
219584
634973
455970
724539
972579
413650
638881
183092
622709
778349
952513
67732
550252
655155
430389
739293
380367
880455
665483
496953
767128
788132
595807
901570
298356
988471
261808
676141
92838
496919
535695
19284
603468
481570
916083
951262
607674
280949
806250
673933
287235
161543
529642
931235
266838
586402
880262
464178
535684
593472
947068
10111
21407
981438
521898
163346
835454
728639
724385
641949
504542
87712
538834
128262
70243
639699
801381
113811
347068
130842
46825
468593
955492
572962
494182
276257
115652
155706
433677
953152
744309
343726
370961
389745
756772
870916
60495
926889
222287
152722
829288
502358
423339
737338
818351
6253
11368
772
583870
885519
83340
642070
713379
317527
927036
594386
844920
43714
197658
878732
63184
47036
793863
320167
189837
494339
14281
388363
702223
121530
625736
623620
272903
438604
193587
330426
378025
64251
566592
555849
350336
529860
698960
604477
624923
108657
310576
581611
689253
282747
177596
656302
305811
971097
216158
317245
797046
647849
71924
836390
426160
67002
211984
808873
775107
91252
664792
511283
724101
745188
537998
265206
186544
519400
778858
503905
466133
400948
593700
484161
641585
394622
139534
100532
988440
556620
521629
278021
411598
407448
37384
241961
798069
409244
701832
491477
447136
234304
370560
900026
88965
912798
347575
452254
533073
662318
388032
305304
19862
456083
880891
628264
759648
28801
8308
785521
450661
556105
701032
912403
122074
677058
213224
779049
485218
974294
759575
535004
699105
135910
111630
358882
572271
433947
453086
339735
967209
961994
172341
175862
785249
706307
352345
237620
309621
987447
631506
968185
6909
637315
121765
230460
260190
588381
917818
838713
929596
511001
891807
620946
749132
700313
233893
442944
875911
630863
356520
306484
472826
82288
204205
726478
690554
269432
940131
401080
938357
847507
238028
102817
455140
85423
18485
314386
649629
629596
758561
651950
470405
155612
48964
140362
123043
649229
310507
737574
472783
541296
718009
188360
685385
447765
635147
578804
93478
285541
323261
712714
321572
878668
459078
472956
759391
602241
214846
292969
119133
959795
680961
658075
624964
399633
736811
308698
75819
549878
198850
347563
820365
852336
415156
914216
108570
884203
576885
712253
810791
431679
558346
940540
604678
358739
45860
35230
327921
297196
341412
201879
472608
101910
986365
327765
916986
263213
732536
16660
232552
882440
821712
920096
491716
256643
707837
473449
724272
606632
756558
71164
533572
225530
447407
334948
352287
119517
378635
445916
883486
357157
29962
530095
658091
788665
674619
280686
699757
455459
990670
806158
118429
19576
806968
688667
449400
965983
413817
931165
705040
35071
884154
723014
173630
474377
802895
449428
323058
522783
607069
750409
60011
391647
407765
554053
942786
605265
239006
759677
75744
289321
153617
229466
293775
598200
564062
665264
171438
647158
189836
644121
3519
539556
441245
505710
210010
545761
122831
150049
720516
150411
65599
706362
525979
326096
149993
939692
770600
366864
851530
46675
458263
936240
990374
202637
959874
901438
957349
689970
338409
515260
725401
589681
364478
594635
469339
258632
901277
168950
392083
39135
269209
310167
221973
933250
670706
617642
315752
648570
109410
841836
804259
718854
517014
147951
766897
676731
588090
181885
30707
792373
503405
300262
721924
379193
410068
699625
943064
862889
883402
254331
228349
682146
250485
886
64324
466678
177076
51681
193209
660929
480820
529944
53581
682986
863778
638168
348437
113976
215995
347881
943467
894030
839487
501736
71986
384389
180356
839152
110264
930724
960486
694565
88884
248766
461724
529820
988718
335337
379174
632042
26430
257558
963298
498888
471468
729874
703742
545888
782583
438360
86920
205559
761393
691920
706466
804342
987463
515496
1809
709462
802463
918606
437684
987431
469082
793671
455313
491262
994425
542703
539083
313529
718619
831181
8624
79536
617892
768914
547119
42234
614266
889262
891110
580249
8041
948368
942362
526723
746022
112376
40000
354190
392113
209594
777784
36663
514643
115025
413657
175310
543175
326109
973991
729986
318965
838394
551841
299397
252953
648127
500855
888091
681475
578448
95577
346501
751031
60064
908779
584004
902836
167239
598485
664012
589394
750204
349046
290823
723716
252655
140408
625346
660733
147590
586110
117560
165744
19505
967226
76665
370159
105260
653340
815159
191989
74001
777445
468269
154367
451799
293658
418284
186068
817003
101907
318468
918502
107497
463987
929355
448145
916791
720434
125645
669760
216830
275605
11472
133167
922438
997631
54402
616586
238957
424737
857793
666357
916548
317070
45831
794597
700231
667945
638961
694059
945206
792575
42602
33489
80660
960369
968440
615517
236347
361418
501219
164979
360346
625519
941757
599894
243597
751860
456915
488911
856279
108427
246638
776358
227839
987095
529478
861261
515076
734239
532932
972509
504509
693022
789427
811703
281874
589495
414018
250316
888721
871493
651576
685049
971822
149584
418869
652106
760218
904349
390048
498080
529598
345373
547378
951597
506324
623301
783326
604827
32098
427453
186524
746188
850644
765682
269905
90557
108150
77510
752861
52356
869259
802151
543872
659448
596108
681213
983657
812015
275904
864765
647325
240674
726068
273243
844929
12397
227672
224092
701444
734323
898102
158409
640811
628767
378704
175039
376058
280005
427732
797796
137980
454182
871166
645428
374576
823122
856010
841721
30864
517288
190357
117209
574462
308089
130128
92105
911118
440011
566879
828000
26922
382585
85972
844038
593254
905400
170882
524875
984289
265524
10305
149076
297620
637656
821438
925295
157818
167789
365564
747848
213340
322138
337003
627445
407032
102410
907747
402988
130381
189483
376253
509140
50310
380946
697934
727672
67328
358843
364801
518104
168186
408814
155408
224474
105880
29502
765599
630750
64020
328300
953397
667695
488962
136744
673751
321620
84734
71863
876291
348551
958004
237936
834054
879613
667595
709088
302651
887844
759279
168333
180448
75371
242489
518872
581014
22778
556797
370491
621045
608515
636145
760370
970697
465008
879093
770103
692590
731132
669635
271205
419907
559326
5557
126462
865358
160799
448365
901512
391340
504461
222052
204818
504179
425288
700179
371732
92070
401593
203831
100084
795540
846499
272581
647717
425613
573649
451498
60266
518786
610863
77501
858041
892280
967477
109828
139322
684521
245246
710688
309038
785975
944311
340822
144237
262157
267890
562490
749640
476500
285274
133626
380109
59855
102401
587652
986088
555092
629590
269525
660838
23272
239922
125663
979477
313973
844369
192470
607560
175274
294750
409944
506231
199216
440422
547575
879042
285444
713519
105700
479830
534005
418530
274361
982952
801916
586595
489698
298591
837619
149441
245609
127438
912052
310217
730462
45663
942671
705653
586783
849931
777959
878082
34378
782789
811817
237919
876348
67894
899114
811265
902724
960035
561245
956563
369193
335148
116845
342987
169492
756846
992445
30040
928348
980551
345146
850359
388524
811897
785177
538277
475347
591080
796146
612207
994472
166397
354617
235621
790232
728877
231957
81773
339598
716308
839006
600883
316989
229243
278520
233214
420685
704504
256198
898334
677535
101045
597965
802818
971135
527497
786087
764198
474661
696898
857569
375849
855528
78596
855153
126844
234560
938186
988567
861623
963126
545675
26702
506246
949226
919993
818095
200576
674368
168355
260451
831384
772777
200187
670467
636396
737033
762417
154446
591419
781578
289021
401990
542900
31357
38460
758055
68649
658088
925170
40133
815586
688944
527598
722369
896782
854052
856139
860135
941076
947427
869906
703015
992072
844652
524221
102255
95610
592896
784279
268961
199848
466742
176511
683126
173715
582811
450251
357231
268527
515075
821896
92083
227763
389809
169312
315530
740689
185566
83925
771380
50432
54058
577385
38439
602228
952028
149792
539236
567151
572247
227613
688501
536497
748060
215721
732101
389771
150390
406163
471003
197650
898886
488945
941493
362478
24171
34436
489213
264914
905805
96890
165226
545478
182023
23628
27638
831456
753007
579336
604343
903377
692867
248105
871965
788891
58353
889250
671431
26336
671554
220218
978114
172502
205541
250448
40287
283927
334292
825600
596591
77461
946533
644830
767901
730731
248431
648031
274025
441614
805655
280152
519805
26402
450870
903646
839917
206185
27624
976588
605008
181078
748468
330082
629365
497664
732563
836170
1028
131122
731807
597495
588659
417119
999962
989030
993185
86515
587543
969798
651474
477828
289416
719668
776
472871
78822
667551
160058
212959
645047
280331
891316
844465
702335
962737
654730
624147
405893
232835
924858
367938
850944
391244
947357
756083
163871
796534
607754
404129
967154
203494
137032
231493
947512
246273
482285
104868
669445
554130
325399
