290052
615928
561371
591541
934490
183087
104934
462447
694441
117962
248400
571793
465081
161151
475127
944710
505031
467593
884400
400156
521554
169363
914218
297412
30930
906048
363763
969574
458760
78421
646229
529055
49393
674756
513560
67544
333076
18198
7915
992516
422203
329523
616797
102005
993598
641297
555910
720092
876282
266103
217027
901403
818593
322029
761437
620873
819115
687618
534667
636417
517291
423290
321678
700903
302460
164242
503418
86457
990746
301040
714197
321357
420621
776684
593880
684525
750655
393077
962194
711243
700847
108705
523372
620067
564990
975637
913223
352428
688679
960077
702593
87994
376268
940489
936151
39667
779819
526613
847973
713643
82607
587315
894728
882463
755235
8550
383396
982539
300993
228894
282561
658280
608105
765179
465744
919558
837613
28927
448268
995777
979081
531541
851964
953635
977392
426744
197269
836438
146497
298242
348539
62596
142488
47122
531880
369421
12801
527192
933990
548
303432
143872
78454
104134
30444
670392
310099
559256
756786
203424
446672
939869
36053
384397
568286
494417
810971
785338
552362
937572
459394
212556
282147
906134
722650
65856
511897
76651
100588
573812
318657
187020
240728
922959
155733
468794
966205
616205
767960
512815
42320
875754
639863
36435
370639
848234
711307
1560
537808
400771
91515
46258
703923
494697
13055
231926
928758
387124
924351
792910
331431
283951
235161
469335
205428
107583
149122
206423
143710
440622
558276
216158
544652
61267
89381
921336
203836
110816
243560
998027
243668
103624
921837
494228
53591
253258
424051
909304
800883
212447
366398
825866
798007
698812
467348
733912
738273
907076
474593
16114
295509
266702
881978
634169
714922
905230
872190
50463
138655
227170
825305
788928
329771
624059
525858
454364
692466
129190
869732
849457
504339
744886
182970
95793
196382
112912
212691
173221
140835
633171
529238
619166
899110
771426
551071
822483
631918
521551
278502
446748
505213
81189
630273
364170
199385
217298
845888
525344
746121
525423
916854
695154
301148
918382
835671
974809
291618
728799
690877
855953
357054
46559
357189
942831
929811
37021
481366
242561
902556
691914
499777
808900
349592
976157
927812
133564
802466
294080
228585
306228
357214
93658
672076
520210
76624
407482
18297
548054
283590
327964
716723
386095
394422
546651
432210
132218
47330
334132
519620
735384
537463
912435
927348
200426
226550
948861
304071
399724
238025
641337
866563
375787
418615
187419
249610
509412
934003
339149
384708
202171
945679
52604
554140
883284
699598
953277
4449
386898
859926
585563
19852
568554
863620
496959
777697
100387
86938
228986
329454
859628
83732
680561
67504
680025
320344
801189
120597
779004
860555
383069
310749
635740
696384
687219
603610
150165
688139
196985
531158
429452
589620
729158
139603
109324
830343
282592
491885
681602
838152
200071
603484
262225
266885
316380
700182
389843
517571
312301
308049
595885
559834
413214
464742
131598
214877
312692
50577
997508
712305
823297
253333
962235
913023
179496
114300
316306
835972
973644
330812
738011
646469
178713
442166
963887
277088
437294
337175
101484
465278
159846
45281
671949
290021
646018
313924
349220
669354
198580
281958
305398
19459
601803
111042
854195
72443
417654
669804
111824
980606
734966
359090
421251
461460
793444
942751
803418
273131
744988
58137
154297
406668
6213
410730
471598
352048
800766
504859
280883
554732
100583
714492
307583
893831
47305
99009
185097
646252
869091
282247
703770
774139
162066
493940
757197
20665
312668
560187
423974
629672
981081
15167
578701
110002
704830
262735
561702
165567
252935
179792
793294
914214
476097
907576
644595
658047
267825
830070
921680
785751
654884
739568
722692
368445
180500
73508
840910
337977
441460
159088
201959
378140
933401
658733
259580
910131
299588
699765
425671
412949
177040
519813
849353
850076
908724
120638
927462
341680
404534
22534
163804
882366
532973
517643
341089
761224
322033
457511
746137
639575
551073
577375
720945
54731
676176
242054
377051
149395
830477
402367
934438
222071
747853
903840
766329
934674
967223
187697
233708
242270
431244
679059
408066
315816
163697
327293
273351
844130
831963
49186
760386
103703
475414
116399
950680
860857
818674
855216
768317
439574
72778
369746
568983
646057
814770
327107
88753
714445
469628
222006
695704
186060
447719
222146
381398
181654
245222
221162
78024
586061
734984
447671
269150
695165
674824
542722
389359
459625
340595
352206
312183
421313
762354
119825
45038
920175
85491
173843
661253
794000
952888
219632
857792
99456
816188
968312
957547
968974
777021
642549
20602
28047
183147
54412
31105
869070
966827
663548
329228
921249
952264
905796
652892
762838
140023
283937
558527
146509
782853
962037
250698
13215
613087
558531
609398
894652
373437
715479
29077
766547
193261
615875
140527
896938
827768
646467
938941
689421
173235
152194
216257
690019
656035
161014
364864
139804
982029
632294
884126
755782
327322
958731
237460
106303
516580
683988
534095
18821
518816
996100
560360
33577
853160
944503
911420
30690
858979
116418
785640
882366
752467
143415
616803
961843
668986
310792
103928
421716
433258
10435
290782
847903
656168
152955
601270
970227
732668
434823
769248
964639
730648
312676
79737
219029
721378
419382
138229
938813
683680
532011
98134
918758
446335
46080
663879
985239
579520
639389
134039
519364
940992
673756
81429
407772
241250
648232
779972
996863
318939
876095
765243
346253
540313
457241
352668
527322
758225
682211
865838
141693
238436
813348
812890
351495
846637
60289
273919
158417
512425
438939
258738
242607
376964
147478
564117
687233
456060
896373
339218
949095
966516
837985
6261
969300
967447
460425
912292
81660
408679
452259
557307
612391
875361
24144
117000
312999
459855
9949
196000
664294
880682
524581
226204
884569
227241
804821
680052
723921
739498
932616
129525
933360
825020
575632
245090
982712
412807
108118
352741
168319
474201
22169
832624
677183
530125
404434
549429
234762
724378
748984
929662
901594
662069
991903
120809
397958
715684
101436
964932
928145
781857
288515
672513
818013
372966
357169
150422
991869
430491
473254
545268
394920
83354
568362
960737
822345
783067
697232
398580
694322
591233
562872
475181
421169
811584
703790
482990
650619
119145
44399
265306
643141
285523
102412
583561
395314
853416
434344
402789
286247
506889
596955
2660
864250
757791
763129
330338
476040
300543
314733
261914
967973
442873
431230
337984
658414
649598
405108
611838
371323
277867
219347
690122
551345
264246
776838
92833
472884
853172
843224
333794
446649
202628
668443
584713
491001
446236
586859
739334
827265
202094
634956
352825
808999
608182
416560
12685
170903
451235
599510
79662
625739
363039
52172
931752
406873
622781
284437
733534
996198
996286
587493
883171
263160
399360
870665
646328
490665
621124
605475
728483
521784
193370
137939
165800
382586
731883
495794
623143
672110
946083
635832
814801
597101
512505
276029
240456
999552
85788
733404
161235
394892
683003
102772
615482
254696
262385
757384
748676
789327
892300
415302
86539
395121
304761
803173
692601
844516
289229
805415
591201
635768
51826
360382
10876
217191
534316
953035
219262
223147
792647
417921
9620
312938
943007
201640
734525
244557
373515
165182
362050
540206
199719
840568
14035
115247
683197
797542
996736
723688
856976
427508
428752
565496
485508
240460
120642
716477
896685
832089
501214
146206
692466
62695
491766
529925
981278
299686
412094
406762
612483
304078
360709
913931
974155
174428
942223
345976
604124
293690
567889
301258
45991
171132
74825
449524
190478
373895
996407
24561
654959
195980
887291
285213
703122
748722
357964
815264
642027
442386
212562
852037
143179
768604
666018
708136
458666
329238
428883
303694
85705
742405
805697
891727
353671
796516
905054
815278
542850
937105
311280
540745
861224
11911
210091
331307
506969
935046
893419
522559
179706
358287
929933
364448
697497
341963
394155
616331
867256
193868
291059
932918
625080
308139
767140
120634
416356
234575
671716
485419
373654
231759
126976
303944
198346
218479
978304
144718
888573
96327
527206
18791
915393
182210
808132
383360
996704
171585
86711
799736
318762
932959
363715
795315
85918
13264
239500
587855
796017
831010
214255
31854
901309
457382
29883
467314
358281
119848
746959
653704
931121
103577
30161
370010
200242
204750
886344
914024
823252
90593
27607
700145
91572
846069
815447
708363
126253
241688
495184
913042
330467
971265
518611
702269
865324
115256
93558
270348
448602
47189
366573
472158
852969
573536
905793
992671
813378
291799
113136
36318
360938
121359
93858
57660
620874
815922
769987
613824
457499
532967
724929
879240
723501
828175
677860
757210
570325
785450
442180
733913
110577
127322
343596
617939
768281
510272
304714
397943
85092
363075
101967
825764
734548
346991
12777
234844
784031
218425
935706
614103
512923
957793
316405
311476
411141
457776
587189
730634
614957
887969
58682
336413
828994
220508
661537
204589
22390
46237
681150
901672
3533
573363
204537
36223
137992
30309
963714
778453
510248
36271
410098
787476
849185
496554
360256
569882
602397
436041
23836
519249
178281
849727
579371
60061
371776
579903
164320
331886
483954
762971
809459
623541
14001
938318
578369
933234
809080
813333
971776
673132
162009
787127
721181
589434
251681
966566
288948
359551
530729
490942
75819
460723
827516
255658
78508
189339
937696
582054
949373
47899
830083
176670
837053
255650
383491
244725
768445
634307
527386
804515
998904
930788
142693
688118
880369
229135
278607
436025
390248
540454
43550
675442
373880
757043
915994
954692
224912
675805
884821
277173
224844
346359
919068
483274
952047
603955
159737
954383
734015
18100
991457
459059
474109
839233
955841
798415
188608
919381
156000
604871
2541
803155
755248
790537
639509
370390
84215
633523
846763
706023
716117
977745
889120
849992
57969
690436
120029
95341
728196
745278
225948
9738
653697
412393
553764
546503
810720
685543
152095
683473
111494
286836
421273
344586
54611
94504
617943
715104
220295
247129
482898
737723
64017
503390
763791
496464
325110
139822
82716
410387
963547
628134
289129
663945
565423
459561
690240
788091
744951
167906
987746
100999
477303
374757
68992
540432
224826
811251
876307
371221
203391
531548
793240
353567
161088
791103
294187
393940
950943
514413
262207
598121
528176
831084
566328
460789
548765
520471
512357
498912
875194
613731
401757
446970
879078
259900
990965
323240
450586
114189
757787
626809
910289
373407
955730
550422
15316
416473
870666
162904
688417
556261
992539
283764
216119
965363
759838
431953
927809
783767
563240
535483
66780
218126
408868
449775
448711
381726
901836
753366
356006
203547
913540
943759
619443
712645
504147
846245
718658
963919
970302
996640
496431
367355
173187
489271
378598
220768
763759
565027
619278
352910
670108
733774
215059
385608
261195
893418
450062
133552
688665
393759
880596
244736
957921
834140
678168
236596
505263
240719
41981
504134
115548
757039
121596
937297
733515
932406
74863
227671
52158
907501
684344
489118
851350
691743
43792
156149
777509
191407
117936
996756
432306
132294
882261
400161
152392
143652
18228
770767
209595
706072
385274
724321
489784
592842
731454
672333
486472
905910
624774
432443
836001
145011
370803
487340
822825
789425
900810
703992
389640
33858
622559
416431
434216
455119
980256
271137
696396
712939
450939
879226
237706
786372
406701
263749
467942
756725
962344
765649
825933
282361
952097
786609
279723
650363
34611
501916
976041
933705
685171
232821
818246
842726
149201
454630
663505
683902
445287
302437
563264
995060
876065
579929
429425
308760
679882
283861
804026
493876
182255
405506
911406
484677
911281
171420
35631
653959
551789
554323
471915
671465
255232
590865
465717
849312
554233
799515
758464
16920
623903
276817
41210
534468
655771
433167
973891
366678
128132
433014
635592
449547
873989
504517
918400
131358
241453
914144
485123
950428
158739
621427
839106
863895
321060
380464
791271
12596
397963
806836
62794
762976
279227
641351
688524
820383
935068
97794
588052
637061
585039
438219
275940
762557
44000
201340
70487
549254
634695
392611
650553
948670
717531
225954
204291
278231
464916
42293
50353
494438
612411
642579
471042
182938
916912
989166
510220
165193
258136
875029
8697
165734
484833
862585
757858
194127
137075
269069
638918
640963
431540
796870
330278
585137
925944
623810
928897
773355
646084
564869
467175
73721
971005
778078
472252
73162
60146
856616
646988
859142
451267
105580
49285
486783
293548
973412
583317
328197
845873
975898
625825
972568
299944
430063
420703
867960
50590
140792
524944
435545
284711
750467
287901
470195
480646
684407
68237
87349
91636
610457
671137
219225
350737
136107
355853
530259
971876
972207
937299
970595
589841
754377
62140
732362
155926
617346
526902
349721
441281
491689
330181
726308
830002
877396
652519
738070
92040
428292
210185
538654
430187
264934
460255
241415
895414
688054
923940
609126
309631
524670
427694
456172
856260
806589
341932
8027
100403
866595
145792
747414
215638
216055
76787
580369
907417
147611
27225
503911
848761
238376
691650
201866
306955
872499
194202
885460
449830
148657
667422
965628
644719
463287
772987
285605
661631
616025
851333
320337
499571
859188
719632
942003
77775
227208
153967
64802
433871
916221
390087
372393
838220
783686
657999
981371
458056
197283
315366
512068
524694
813376
330128
593114
35496
659067
179534
637458
940599
264579
954010
508016
81481
888796
778428
255990
438050
314367
247756
537373
959113
255389
330053
496482
712181
677188
376001
513783
769685
642075
743062
436314
760569
148615
802189
519171
817632
484144
568508
595447
989790
754334
885695
418170
790634
548477
272791
365281
699586
921535
772830
751557
197115
202016
160870
929940
780264
789637
750702
250817
3110
392638
51200
280604
276291
489514
8106
266108
97993
57978
943383
414488
839210
101774
488905
947893
11593
382139
806389
718010
100579
748718
67066
977119
45272
986986
752127
209668
352858
337581
102441
960478
825009
750129
252919
313036
796904
45454
519674
550727
149399
84412
156147
436536
776654
887734
758603
244260
681435
849723
313577
522242
985017
695278
959860
649134
695509
882782
440613
524150
526205
650847
691143
159441
466728
328023
712014
487215
597276
602261
806033
350762
160640
890587
363110
463452
185214
743292
875225
419020
705812
60512
152968
658880
47416
691045
70494
967158
135078
869152
142442
340653
380423
812289
919003
447390
270655
273621
595931
245448
839699
466724
208580
923177
534518
122106
846723
459528
115567
62467
532296
421679
714792
81807
776999
810615
940565
640630
963918
55547
902782
276885
578211
971374
5227
493366
764090
870665
283756
452174
357424
827165
596354
427935
520295
574662
475757
123710
945246
580224
73235
298031
555179
361875
736778
819500
752024
352554
406338
517125
36568
73922
169490
955297
698916
81982
905885
80226
153975
89751
705505
655591
535778
791664
847516
771627
904396
965767
545179
492554
962890
497863
122400
516836
43351
441083
630447
55770
289008
73374
351285
954550
325007
307022
590422
450535
126785
269918
851345
28329
275942
125130
481106
257411
259653
209606
615573
49706
672137
101807
536433
735235
638749
151651
302793
342022
287455
882668
951114
575038
673795
141783
249057
924268
462855
302819
834557
322059
960398
421589
455420
540271
376284
874281
683701
310599
233005
552482
140193
897
210610
890114
482534
744588
112553
278294
36097
900025
497303
602089
124176
832571
338789
870809
167482
73677
658645
22726
631100
437235
463903
819174
396368
439448
594284
272437
9147
706070
488046
54602
156596
226581
57114
384069
305068
249418
900163
334245
688831
540001
533588
679222
954869
391222
56234
243751
573428
468988
658444
876537
878598
822336
185928
379156
722371
399624
801643
675444
190619
355797
941404
969280
600514
534088
156245
560763
76856
116705
914943
682195
26612
459938
352426
636247
510508
770002
969126
205254
180548
163805
343872
416642
689360
557081
380828
156836
795400
272227
378476
820969
394951
109608
397194
846601
161536
551552
296248
367208
607166
692148
531569
718246
145045
268704
519019
66705
371754
577139
325484
295802
221980
524628
929350
400613
627342
225567
506801
597018
870035
449421
962051
691672
571508
23602
706126
927401
66912
846687
277142
653009
411441
378727
81261
779680
553623
422079
786989
553767
190947
571327
755922
18631
118770
963909
500402
898596
750516
927097
444569
919865
827032
128682
811973
244166
880918
264151
953275
304100
713752
546058
160004
51448
199814
900767
971207
378950
605420
12963
361284
325213
586763
72856
999850
935600
155001
11796
412822
932613
559285
261640
662122
351046
25483
711262
500933
719797
880096
232700
834596
165053
727899
876518
248021
132579
684720
609792
784467
832732
530762
468272
808515
361143
993109
655778
142282
175355
581349
533797
902089
29835
520454
489651
845302
872582
727969
200270
221912
206764
917959
71429
931294
158585
609565
109014
279517
988374
809188
704813
905957
700837
914788
181771
905598
754746
229877
771714
168452
605034
594538
581468
69980
889531
562650
52060
827282
916090
258764
987356
453649
816748
385534
128085
336446
102172
420114
6333
738289
671635
457750
298187
96208
71142
811695
922774
397450
780521
478881
785499
708909
799810
876028
258205
179557
931288
245415
330023
500242
93097
702338
318893
373380
178299
431483
481553
532310
618
702767
287681
343204
66976
6266
494013
787434
170723
590301
278902
45818
411785
177867
680850
455257
839494
6608
669004
680183
407846
285278
313913
574986
253270
851254
699813
366214
864860
728239
910236
201659
121959
666470
819204
269578
452032
288963
344808
98437
888416
161571
841999
521763
611036
58087
825035
799068
837564
793049
467086
89959
497321
853622
897589
675598
677828
563548
748009
928938
368467
121809
823067
806145
382358
799917
50284
760
236024
986150
657199
218998
9121
839350
944454
334552
389736
845227
436264
272266
329958
85130
935429
673608
894630
584353
630976
543666
600888
49384
215323
768581
877284
299475
698737
33276
141564
199671
143068
846082
257739
527254
421175
480402
941289
1289
589629
891629
