235074
450645
624239
877408
148692
318630
71199
332168
913533
380428
87148
167537
829458
446784
584994
488637
488506
385958
598769
659100
970820
379482
331998
673258
208229
463267
512714
611893
550796
851589
475805
127836
913700
284019
789903
770898
263910
196640
862995
165250
187607
875894
658784
203213
862629
480480
704157
726639
930394
325250
743528
108607
521723
107336
852995
260821
926144
641948
604827
589894
738159
721393
57079
401930
328727
398525
959353
187199
727206
594371
456340
419206
692135
366222
413579
120395
823644
198714
909345
14563
396404
969195
241699
19918
83370
473185
747790
304859
775610
886180
562654
327147
310015
47193
570164
936077
806382
971191
625315
72521
833257
878611
176663
595576
301249
652183
867874
8848
731275
991825
170148
447742
93597
641063
791319
949356
420134
23401
494709
336482
784359
248255
598214
454280
667154
444993
815177
6026
793789
716134
955454
972244
684803
662739
159694
574845
91512
885205
39960
920384
904070
768554
611545
715364
10984
172794
976759
468926
838275
527715
702058
470285
44060
699633
631688
133187
126522
490477
867307
631331
803353
963276
574209
353733
197576
920137
412911
37047
715168
883405
55010
444158
696417
398217
816053
780666
98986
439846
951928
911911
517589
179156
680675
323903
243757
702591
177239
661821
687116
752864
720525
426621
69974
731952
357341
308288
681228
960823
978349
446539
369165
623234
554484
390894
471535
575474
18986
207906
228854
56177
719694
630156
453487
37568
570515
601566
578796
959212
35048
960733
420061
89567
891555
872445
695622
384595
791753
152040
705378
620705
265660
637085
592340
34104
913474
517173
553222
562089
167598
427010
183329
323998
233005
694160
555111
14507
475695
567117
613552
334269
113135
617733
675647
754158
46049
878341
121216
308027
544247
340577
156128
666893
199121
477458
18121
34035
295231
744183
963577
580209
422387
481468
656190
696498
124936
39448
223056
199832
866153
854000
421514
242868
924575
167129
594438
445009
35963
347259
438677
174827
46492
700752
963224
160893
469470
39244
242815
802872
801056
481943
204891
500879
424175
844726
283041
691567
744084
735623
50429
566156
758838
459051
973520
408215
214510
927102
337224
101836
155366
548545
95707
814055
190828
590681
115808
907062
468889
492336
133066
747466
202648
447994
827521
85959
134165
752530
1119
220379
851588
54530
167044
178507
230923
458786
574422
953321
778893
653399
586328
93858
676628
910525
989798
80308
205786
925983
283402
826236
428916
404515
281598
900653
671708
75203
492863
656093
825305
538358
152907
817913
623501
144749
543415
683737
810651
745976
31534
411887
413043
783881
380234
221272
506939
687057
824136
266709
962587
487047
241836
996371
372325
736007
967536
266918
993888
446743
273258
312084
613936
419396
337017
353742
765731
185067
486955
821498
134810
364819
551407
73131
600978
303160
637809
624690
837774
592739
467224
163406
559459
608884
969816
585662
39007
852610
748660
765368
976215
722073
512404
967858
306252
416418
937470
193821
999737
915360
679732
182257
385724
55702
721194
696739
720094
427015
597603
893428
332929
664917
574375
594595
918693
864587
903267
969027
691223
168374
492829
603047
175350
220910
504465
551289
203299
691506
400237
228074
595396
326321
343014
601347
642037
914917
251061
208922
84749
776090
234162
696225
662344
643405
631179
84697
465302
287983
507489
155300
990975
257801
8639
631095
401073
965497
602871
434862
606312
405210
417115
898041
274616
595778
361621
701940
492666
460196
317540
506965
21521
853014
334707
643518
352472
224174
356952
3059
498281
367877
458022
12261
691340
695709
278767
262061
991547
782751
147801
66900
993167
187773
562523
123023
809288
798326
665877
557704
917373
680376
667914
539223
168926
172319
552827
959568
753507
183579
882976
321461
996308
516080
106629
802380
399923
333912
161728
853708
929225
995523
405131
865329
698956
449918
903042
677231
761066
796145
540666
602498
659444
909123
292859
846436
357866
948504
828188
647768
355871
860218
970618
980964
697801
659861
72340
836507
90855
272860
245382
588568
695823
542922
807712
279303
398483
922179
772451
14493
46287
837721
643031
77992
185106
846314
474572
731328
814631
149478
110315
785949
870719
56366
938807
191683
713532
537112
633958
150872
336092
786447
619798
819990
902528
336919
175406
629723
576536
968367
774226
511261
191790
50319
44994
728316
102347
370769
690576
732912
362889
493676
317564
380257
12535
329755
16941
923670
701026
985116
280334
752965
670790
425428
350915
528392
241041
949903
721095
568561
701968
643942
465892
124468
768697
895098
272333
65347
944467
886172
89243
500151
882822
845263
51106
898089
78459
704933
570672
330721
669615
899333
964002
759910
227034
139406
873570
596852
758902
54870
551808
349772
4014
561228
983404
49445
647908
163131
179278
397376
635039
72815
239234
937625
867344
36658
674931
712441
746047
193199
171347
397993
896343
734840
61620
785601
952586
28387
536262
745950
808482
196559
537581
751729
887014
983172
634814
727284
884517
868665
106583
395705
801249
623471
934296
848667
719131
638202
987330
388821
184120
764831
571050
489841
923469
775897
103193
638552
614348
80182
196099
902408
385674
282527
577315
778533
12780
691252
466671
852262
874862
232341
359165
424624
62991
934142
886450
399552
628380
606090
389218
818177
832984
678936
972234
23357
699525
751947
593637
654064
34002
86443
220206
579832
240353
52329
232371
496489
923252
630975
446867
826814
207923
594358
65236
409322
875996
197185
278307
401292
158663
393799
94889
126976
595861
232894
752006
722001
220213
352563
733932
82381
330386
60902
282587
660530
663965
586769
306228
682180
428914
749769
907645
569408
338409
286782
354992
467178
448828
482013
818240
641411
511632
425428
323241
47767
19810
902133
415602
445874
378255
88820
103810
463987
73919
803530
952988
418360
794160
344316
726457
122041
923035
710582
219521
351729
307012
952145
404453
109686
795683
348980
752796
804394
434410
32534
80503
1482
51379
768673
135331
471267
862152
439154
244027
995493
964110
417853
113928
197392
949390
302990
19926
625419
592481
830570
274419
988755
864120
566484
217095
691408
215878
156523
669387
89284
191370
301937
407079
607516
814460
503526
871532
477673
649427
54227
880043
529832
353713
588642
137008
946045
898796
564010
894110
787263
554362
699273
134312
58156
189752
65258
336042
880509
490903
163111
387042
899605
440228
870664
666830
36371
733938
121512
660770
984070
65125
50040
914470
436224
812318
714653
371050
956099
423678
642677
542439
496985
176665
669047
940020
923520
435193
353592
326753
925377
89932
806090
186484
165025
459947
82815
784125
626545
394119
126411
969688
427264
598322
843720
413759
774321
987527
867154
487625
777319
618040
57490
539395
517084
37298
541337
50922
885009
926255
17506
673922
975520
896663
95482
481109
833453
348372
577211
235915
442107
193905
657459
699747
173147
87661
273764
174348
648254
603682
54437
72994
533164
898957
770022
845192
520525
99834
125201
477534
3045
90125
125131
932511
584093
559086
348185
376346
831356
637074
367776
180875
610869
187683
313605
806678
817177
181260
197555
603167
842157
241826
344826
12040
379414
566706
890324
112776
99761
815075
344516
479588
180223
109256
506904
743949
395517
425989
971725
284375
456146
679706
740241
56145
505122
755665
626275
989061
737920
329152
177111
628557
897216
675452
262965
216720
167657
813082
167681
940888
652746
602851
348246
940625
334500
429651
511276
139169
498372
491918
72056
329118
975156
719200
157938
762096
768391
459951
693554
57029
554259
370240
838324
89066
241276
536546
77307
662861
996970
279482
779601
462156
404124
743276
718443
522553
314262
701860
723051
804909
767158
477950
692672
192133
271141
597656
983913
249278
766504
730033
848406
370089
802966
749886
834799
505483
276324
21065
393582
157011
937756
292102
938855
360888
721645
517428
66856
465903
35483
288940
706299
22406
647319
888202
361416
526752
178025
530613
793879
824205
204809
701324
651828
438725
454542
332014
903403
396162
132990
990118
992307
58807
898500
836210
766055
291312
51391
19118
729263
751815
164534
723490
193533
602048
347370
234853
588723
133250
477636
752940
891043
177459
784174
948530
272878
497006
296574
711046
491725
459235
284812
594220
168494
53516
991716
469169
947574
241864
148247
438095
430181
844310
670252
568120
266776
941359
278068
238914
935207
120511
874107
98288
444462
359554
23130
372057
775401
500600
24554
863608
59001
847172
345875
129743
184579
10919
879298
874424
306168
652755
441529
145161
12591
826991
888960
872163
17581
693415
160313
748568
383495
508588
211025
901110
345631
733839
53395
364788
857034
834165
298326
103864
916242
726456
309975
680067
258263
927067
100705
739770
411664
94055
793960
314130
621679
767206
975094
999126
715299
460475
798333
986072
246711
817756
313419
479410
721303
524334
195995
680951
782323
960508
858823
378620
772540
478675
325979
792700
179916
821564
413254
54572
267874
697046
683242
149468
437258
147600
733970
984966
905244
647105
390787
126711
610139
902244
392619
874647
648189
889651
412662
748887
480714
40734
741248
964149
755165
703080
45541
490159
432199
332191
598899
887874
170387
113398
940481
879709
892901
754048
552729
332519
564156
789451
187024
722666
466134
933975
559607
41562
425779
428338
505130
973318
707825
685489
97605
19162
619478
795149
441591
931278
4653
683287
864878
330735
280839
776665
878514
193032
992802
663691
582606
853101
636520
625775
99496
360803
62094
147337
97458
524079
665501
824766
320505
546938
986062
840713
952155
375965
628877
908372
199190
177359
128736
835129
129083
468520
117345
142548
428033
987665
468199
591236
953973
362507
693571
61375
661327
779864
105190
635855
162401
450313
454368
377389
122792
284197
26755
739064
115269
867635
330214
877586
642565
870373
707845
686936
350236
674017
859526
649723
278065
597165
678679
302656
955283
489590
424114
358416
940041
156156
369474
426236
276678
980958
204128
700242
486843
415357
349878
83989
611975
311632
228164
205403
620042
787076
314945
264648
873623
290253
275353
372002
828039
297806
287637
485266
499498
339233
182617
416374
796441
815939
806918
637029
831783
174879
222080
372224
293046
17205
646921
684977
236197
931303
289676
846659
539623
886944
688950
962334
756207
19681
658815
227549
340423
741802
198983
136142
299712
686145
48987
499397
648708
149026
609878
980061
801735
242691
352932
530701
858908
691458
563362
841826
554276
244525
249249
572318
297057
915886
347786
448237
558249
88593
840347
912128
355893
319796
718927
857865
619673
186570
847516
668753
967182
530827
228438
215673
983083
766588
407729
641803
655027
141462
838756
310908
583239
997782
424168
262208
870908
176736
380063
977290
761479
765072
273490
938463
178261
802015
44435
868822
798903
957295
30337
276654
437883
863860
273770
983435
961302
726398
663819
698703
543485
767655
415474
791505
951058
312661
167045
97341
261051
502700
91803
335560
941199
103123
96199
817870
785450
425058
493110
626505
483552
237989
298030
550704
693198
62287
474486
168426
603916
106367
570133
916717
215102
775783
356018
739448
182602
361439
410074
360937
224996
110149
929889
321979
728452
523982
719327
929760
777530
871790
445276
877943
919256
937184
470278
657962
293069
254034
519006
61223
763665
177329
687028
536249
83708
303884
212615
504578
434866
673319
879310
459159
259513
745567
424084
862008
526123
623604
651390
435307
652678
566072
674664
806772
80545
228883
413806
572210
855098
474992
852807
569816
24746
457736
151563
606215
928313
512969
689045
409989
972366
2466
302531
681373
831039
38894
627802
429651
400647
333690
72519
526145
218325
958709
744128
476626
862273
549171
965641
257306
173529
433630
459795
806993
142746
350073
959102
711787
508667
794578
820159
606037
960994
859396
319837
180109
949498
536550
740950
363038
825756
792532
193758
586423
846570
546456
404423
534695
74875
676148
430012
170104
297840
833102
16807
533413
76709
907064
835763
911545
314243
294876
443627
866117
132851
55105
453249
559741
990893
842748
747883
455663
536430
151157
561768
206241
733960
914964
541665
113479
468947
144457
808938
177566
920321
345526
646695
656040
584080
273273
280012
455428
417432
137369
574908
255337
187780
424908
779027
848383
346973
185762
655679
761306
332994
893074
919945
206547
620020
547488
546098
960005
112718
226791
769976
695329
272338
12936
946424
614959
87646
740143
809581
261154
911101
994879
237974
544726
451417
146778
495478
464040
160142
863566
296565
321778
380955
318239
80356
384609
59186
624813
843998
410421
864239
897154
962121
273173
780517
365818
97404
112973
7251
123599
893883
720485
384949
843776
617501
661855
80631
559518
840655
629388
696132
179827
730673
108363
10045
893455
482910
336351
438918
590960
720073
944876
516602
197581
905346
369230
780670
484671
832600
897110
298099
558861
444569
133154
600709
2066
19637
337944
296545
222605
938241
264447
122051
775621
147543
853370
41709
316055
20058
31969
780147
710110
466519
136829
168691
201085
679239
669216
573411
713739
518577
850207
650051
715932
606060
666862
657073
415144
513986
275030
615899
443163
411568
778837
275022
549624
466059
62674
550381
960363
777660
919355
185790
872937
691756
248061
752607
763590
348795
979935
308566
899539
381737
650748
148230
432305
653271
748699
288060
643639
573480
58668
273513
77307
893122
890978
228651
777793
916785
983783
734979
972030
943274
780800
6187
459591
955820
538239
819329
904795
672962
249567
956572
216137
78437
710079
274496
733631
123903
80766
298284
295153
911819
492591
94032
151458
367576
863225
457627
919634
224620
722190
93363
326917
81541
601158
783422
386667
663547
965463
899293
174257
870465
613171
912441
64291
860234
128831
853877
304316
927112
119915
835
412812
547727
293362
489363
437892
959385
731248
480037
173025
421026
796891
870527
472435
224180
287391
847163
759881
186301
437850
88504
835707
897308
532273
333873
40980
952186
61517
727402
346074
948373
83574
275718
954874
870552
657930
3510
268501
423078
465689
195916
166561
576694
844192
711661
998845
130840
785121
689381
96278
855958
972443
889429
200111
650742
606827
111943
884688
689819
2239
500706
853709
983563
34163
794425
714801
899979
125770
884989
270088
176230
95370
925523
335046
843661
342452
556225
311255
11736
79262
925185
832004
540266
921519
630264
809662
652211
317751
896064
687307
771024
511272
920929
762506
71117
842421
217887
717924
710602
477446
239341
952337
453371
279125
438207
79684
352457
870632
384061
396981
937494
624363
712403
785161
155870
138921
688037
188767
303928
23591
882336
983673
782972
346397
394796
643653
898687
360146
625982
287495
501562
247891
790985
86502
166089
904591
484756
29648
353295
969554
489959
560906
547254
142684
77407
387863
828116
697437
741025
478660
460905
338704
237931
493262
909381
551473
102278
75057
928006
988188
338648
907471
700223
341508
127061
936761
655157
488460
353046
473884
794051
471557
290114
288907
640221
851973
765096
422436
890417
964448
857711
606306
223785
347334
674405
903039
814669
949753
316851
240068
143302
257641
33969
754670
874430
360109
517910
478526
312354
316256
90696
639582
76873
949206
624338
530219
418286
28282
576884
75875
112153
392134
196819
500460
432669
650141
140689
335167
741178
45384
157815
70767
485218
551563
388687
576730
580697
418211
866703
273195
577973
121951
489391
461001
382405
246872
975708
173279
644814
63887
520261
851273
668017
535137
413074
998616
414440
213929
697716
110594
848687
944114
229079
168233
457343
709079
721333
788486
86389
638458
137604
748082
709906
736029
350671
744017
460060
967840
349475
358747
585313
278487
158943
928328
434011
815495
190383
677207
980143
53822
545426
910076
152528
551372
624598
332772
934592
253665
837670
365094
511479
748868
364026
492551
575580
175278
160556
304682
665776
76993
422251
535058
668042
774568
258248
348118
992189
998668
611566
692832
94101
849455
231407
263777
834816
371305
271225
707605
562442
536509
460519
855470
746177
811160
815283
632288
51959
668325
849418
568904
465830
557135
448568
900217
475566
111444
467522
65189
929337
482243
524691
932261
374847
230098
430158
242085
507109
583198
670914
245103
939777
569471
149307
388690
886265
83591
965365
285167
95561
221016
960684
531679
475554
115487
921359
938948
587056
892657
879571
536491
844404
230336
196899
984155
718736
542841
34804
56765
9698
137086
78455
106599
810823
642299
483880
186247
58753
400423
398084
677032
806067
986713
35607
308260
709385
362052
957107
509607
169780
721105
274300
883291
715283
520664
677409
608885
722669
871482
172261
543196
998811
224861
915035
933809
655171
760261
90864
518207
503615
751308
899874
306368
807131
823614
890511
463114
333117
718035
951272
444693
806880
616585
10436
302505
974328
468126
284497
677224
843962
891303
79909
774965
652212
254224
166387
635584
672407
251569
97816
746992
143957
540808
423573
252523
391845
526169
430232
381765
431268
698015
442035
217474
754197
735661
732270
985610
296073
583078
318007
672552
261210
138069
69240
657662
260817
100010
631233
464521
713895
293330
848164
880461
575785
753522
854304
49181
214324
825279
550261
100297
472864
856764
793367
89508
851642
619345
175421
836016
289897
367749
928536
498409
955953
949400
605729
785835
709782
538240
990795
608896
125528
509182
880408
500042
866333
479195
31880
152329
131501
546244
575083
981514
792343
207935
53720
807917
830896
161353
336694
112273
257723
398286
663095
882270
593444
983876
508389
115630
41831
277669
859412
558104
504910
67207
527864
394395
255639
310745
706127
522532
558323
51836
621694
430524
605355
274684
601338
496145
375774
169577
259293
869728
922085
830486
298265
797243
558807
765357
43528
933308
811944
206765
525409
597894
402220
849538
4679
51764
797498
651328
650619
867106
103979
195963
597426
489684
686850
128517
30594
218374
997157
648133
953206
909776
284618
456560
153600
185654
243245
870439
778446
737546
73341
918061
320245
497342
386455
540483
112394
145290
838249
279842
742032
833078
558009
340437
188363
989317
67710
543728
308595
64446
660588
607216
323396
978520
807757
250993
856050
798657
649163
239238
460154
770443
638474
219001
96148
260211
604402
400799
112645
204048
918602
890902
681552
441813
870016
169757
900300
930626
295557
140049
107409
293997
261141
691648
971532
989353
243220
885676
551922
50320
114516
900382
333905
560435
422259
985571
299330
649818
704993
280616
605947
531770
513280
925933
714625
56178
184932
536297
57594
522497
361273
608187
471969
419337
818244
206407
456466
978616
12610
217781
955397
111641
741612
982850
192407
146614
674780
100545
217092
810983
190986
612850
543922
860348
259119
829693
992742
491266
617162
848780
952665
32246
58880
472642
696293
994692
132254
124379
591770
536122
424123
295969
491758
280654
304889
174728
28368
151432
681770
636391
304157
83725
750478
318227
796652
898186
406522
114266
835460
624953
80277
713177
855277
708499
560189
486458
920931
762450
481095
392974
202023
583202
88546
372035
179057
76131
503388
854338
450432
214685
387263
155496
166545
495809
401300
370654
369838
351704
341127
783063
765277
250123
143018
313125
754234
936269
520916
916089
36831
989417
844066
124853
785343
76579
269469
398192
702610
992910
339388
733701
87978
210474
33088
706008
657381
348919
131581
372327
660731
37914
943289
758536
475447
426731
104365
911940
958851
594969
656296
72656
794075
643707
296531
832804
700068
994356
687503
431675
646166
78913
939835
625317
308371
309090
171473
396
564828
483682
451312
462145
331161
502853
141684
440962
309013
944718
643969
192267
334733
99562
593439
733333
667997
441532
735551
868847
774043
829574
487644
688504
366847
624752
758653
237623
988479
756472
210839
289623
961018
350903
858319
560898
801098
18508
246236
852696
965116
450279
560843
168268
464732
611956
127772
711003
479209
505697
874506
940202
921703
333198
46184
890108
673940
707729
418087
224589
500530
178466
785652
420045
208515
983658
182526
335292
228499
281827
213525
978910
618415
68523
54702
419100
509619
582699
625411
412151
771009
959390
634071
829481
765518
281025
457111
291802
86038
815702
479964
35067
784944
439124
273933
487811
947900
873710
942754
884292
724152
910462
756931
628393
134962
689486
840846
476686
379480
684931
542200
575740
908011
713447
89611
708096
519954
457297
923469
585894
826635
809011
78017
630743
670204
572864
40711
774092
906408
846904
65438
340526
52797
124241
905610
523532
413769
397699
578769
854904
121165
856625
892447
836799
964842
123503
43849
719298
657784
211316
664686
806773
947126
60381
741754
101940
247003
852443
861828
826877
654987
744763
419671
546830
438437
354193
310094
812252
210361
401600
585240
527405
230935
87911
965148
85459
270658
873323
123254
474565
289860
165341
892382
274139
286363
834760
532330
988518
973073
283610
41002
111017
88297
556012
41201
262328
52149
292016
258355
489004
53317
139190
155466
752512
52346
833051
440851
748812
841848
662606
787125
983131
614649
560896
302145
989163
361407
847144
239157
498624
381346
300976
739931
582821
500295
1471
492879
312832
473265
96036
78749
590545
191857
399900
456136
477575
132025
716544
723304
90239
470543
637326
122027
462170
277469
240018
953916
3385
192932
125744
52032
596055
2449
955985
550717
185732
801000
987112
815957
852538
283997
972192
482353
817118
185474
688100
928441
155796
177049
798474
802559
176831
54155
755356
934459
514708
864882
715845
897265
338650
709009
569493
712239
403712
825123
240689
215922
139738
779792
445082
363112
570042
284604
297048
808529
542887
975546
504706
557311
462653
35615
232109
620284
864288
678832
214767
47114
286302
79869
427215
54469
814369
272839
647371
106469
861197
101788
870916
525536
446204
640708
173706
993388
522003
292948
312064
595426
88257
17247
419500
388990
621012
664844
317213
646403
737335
42051
915513
122299
374988
150273
82594
815772
491234
17804
955589
405127
345683
626624
270655
8745
990205
486151
967339
763332
878427
982823
745420
86408
963199
991541
28820
529307
11374
605543
109135
892536
714776
14663
434735
460019
334450
48836
220724
990555
407794
339171
916600
159800
30566
711634
15828
253555
309234
39901
810610
496405
681124
921146
423345
610472
921525
675582
285742
972025
358111
640306
358198
169471
191829
927617
100868
872278
348708
266632
180728
503396
580644
931472
205143
879708
625626
896856
930233
406753
221038
449354
329811
815874
324483
29456
488865
349540
920760
615232
617520
162621
364347
246003
488517
199676
167237
776115
32302
662855
467318
947154
550563
733468
650317
760536
446935
83673
887683
776788
157217
530647
339845
810707
275970
23280
206029
858735
544658
496097
376604
184894
899148
104715
726614
295020
939826
39252
522105
984931
274846
552490
241019
639206
410471
311400
888896
999421
95340
282001
610869
881099
883520
362168
484428
544443
330482
956738
295508
190425
305207
797700
388403
933117
861366
718278
696259
132641
999664
354921
767175
25748
936459
258596
623561
894088
407610
494058
402385
735493
547978
113768
740228
867776
587914
674026
236182
788103
426072
760221
390125
516179
303876
524527
677460
184704
740324
544275
569688
288728
63988
526816
843715
726475
355367
954969
855730
318075
887310
480455
465877
935732
990372
283203
513987
770553
392948
423760
94712
541241
324903
534564
124780
392865
527534
758407
594448
26699
910728
348245
110887
598227
355440
57246
589055
432586
363559
516844
295436
730820
208345
305572
831455
921548
446830
553349
794568
427960
941488
406734
365189
664151
777428
997564
831973
480070
171495
588529
290621
67234
113494
586672
484550
537751
553690
739845
92242
729623
485566
64194
1065
164583
82126
642595
489028
232659
623774
186003
395557
548418
376372
507720
224977
955812
520147
927689
91307
132744
772965
275791
376367
480137
379460
157833
88775
356520
916133
330938
263373
148534
298017
741310
391710
289512
194017
862954
981655
461
345830
987984
15663
506011
328499
613026
972977
758565
625175
165934
612308
610921
432090
709383
874360
953221
63940
178948
931072
939722
277956
915874
260358
366761
175428
343685
595263
39498
783175
194075
657453
95996
849787
156513
234043
641478
106145
735680
392824
805532
368597
433999
806835
909998
58684
282940
692783
824218
217610
335236
838531
80705
58926
64991
711121
424886
294874
795642
455136
918803
537202
880220
861529
532710
769424
214570
694363
875657
761906
931974
880571
143823
450625
161553
792923
626330
477630
128337
680549
604042
526091
935150
244005
387472
182228
946199
309569
439008
896088
762690
94037
443845
445336
924688
293423
833102
232922
941582
186724
893542
942618
332952
751629
653313
120078
646168
441057
927027
272533
383532
333424
851227
807867
988454
388218
532604
934635
194476
978090
714220
833138
729088
267186
11045
966443
187930
690116
846392
429133
746929
532778
960930
67853
836442
83266
222967
781489
156935
949978
620475
906291
105456
696612
172048
629966
474126
967062
751945
804136
25412
181792
615452
479643
791897
239883
769014
573793
681504
27371
13737
541148
489721
819648
507905
324096
659312
932591
39092
859358
50626
432216
331063
514509
315072
205652
833453
580087
49357
743884
752122
677117
883649
194809
61430
794760
691312
356403
367742
712750
217925
759224
84452
312252
421255
469756
214086
569254
935806
573735
47484
341256
668015
480112
774635
623000
203842
338260
821814
460267
144581
639666
154261
594784
204553
969286
874110
389869
270058
264064
261183
200644
256364
575808
148973
979169
861185
175793
860726
791219
561640
45119
880339
381860
210031
388726
556378
825543
988697
171768
63536
914973
852442
755483
477340
352772
129023
570909
398390
43453
620010
279556
403198
810648
6139
519447
319049
223230
192587
57138
782677
771099
313106
232266
153278
200294
73960
744766
167562
680078
379369
300565
189598
686403
653745
872858
657748
110941
978694
602641
199332
929261
76117
410453
45951
494047
307797
233551
593850
554248
41672
812245
538151
202386
499360
260701
129024
5697
555006
607004
439293
787169
145173
659135
298437
500430
682605
919109
624832
395424
102532
260407
258571
194545
995663
453573
768133
270156
837406
86143
406022
712307
547485
27052
145648
334925
85942
940746
685789
183402
7892
216227
293240
668660
974019
25225
360872
30709
50611
877870
830886
594495
549212
860642
150127
251580
286715
362985
769173
107474
473978
426168
419057
51314
692333
28428
22323
434558
155257
71464
332186
123797
824783
198569
753150
475772
234646
239303
107018
977066
808295
631914
386184
363056
980082
516134
264469
451971
303677
145813
327859
668711
506445
616336
324733
842362
493277
344586
554933
407835
452747
182024
396026
180981
69458
847425
998613
784812
612850
358862
38898
189346
547372
832909
664811
455526
571433
251032
946560
343418
41083
511325
461539
916223
36475
813210
637168
75199
705296
677816
404922
954967
819089
648576
677889
306815
698882
316990
32447
353143
716347
45361
990433
3664
607591
638059
515539
598165
575591
296844
165812
87252
498262
47829
978665
97676
253544
523819
807053
793972
130795
98667
864326
371494
577264
895716
23859
880166
506435
959797
841281
897363
906453
114948
198685
42345
309883
55448
910788
109937
805903
278548
230838
196806
505780
152849
372168
173892
356792
816153
316622
662802
687031
364061
747388
838346
326279
715861
629792
816056
124923
365983
929843
745572
511132
504233
709921
408589
541800
167937
209966
911365
196166
970696
534659
239097
40165
433222
979737
767375
179632
320919
472193
581672
812911
778306
494733
343940
852093
166698
817823
152773
936674
769053
486668
606092
604748
95497
767276
20928
241647
223183
106240
509741
132918
895536
630720
30472
983780
91365
507073
183825
145420
14731
852608
134545
543977
652346
592974
678275
702107
145270
967831
311311
697471
93630
946640
280625
13993
218690
987389
390008
93377
412338
58332
593963
340599
307378
710129
547974
24292
327849
757231
313442
352638
604665
886144
721138
561976
390025
358961
951529
282420
757437
853501
852026
205798
703111
388853
15287
490118
627927
405576
896155
896817
271470
352181
829731
633309
586512
205514
207318
75703
609688
297303
897638
472539
137701
154292
427695
656879
717490
254700
532700
895453
858948
97285
27625
731051
694140
296045
897154
486712
451916
684035
614347
345813
844487
896062
642745
511229
297232
717438
369053
912882
135284
935021
27777
135478
810644
883154
781739
958820
204667
801650
992062
929257
256718
964259
653568
321697
959393
476398
17591
409106
637286
619936
21868
636799
108672
950638
66321
658154
338358
204482
899390
592170
247938
450278
107799
60836
194889
645516
142410
518825
63014
49079
805749
873260
923935
282314
794788
286686
805497
331115
218680
769384
553768
669716
252067
264388
325406
643702
123919
234489
142020
974345
450974
719921
595526
576053
303564
94264
814089
851926
926065
176403
419256
83568
753572
451323
421756
8495
526905
173685
638986
209624
99178
701391
496150
584210
596435
589176
541541
102667
710423
413181
302784
937288
74593
572444
941700
3277
540869
345031
849238
936101
81924
841334
28917
707023
915438
483113
367528
568837
415650
175289
854550
692330
989105
381338
897140
256207
323873
592560
885144
822690
688205
809226
771373
209651
648938
292799
854080
86052
343012
67171
582198
747565
624998
578662
720544
541386
557241
313738
109607
197185
717956
228288
725922
510035
183857
775709
567815
482623
526257
854718
757181
750637
449237
86709
544143
881598
510493
808174
913149
119853
478670
836963
417581
154978
164348
977079
475967
301843
968168
520755
932349
112919
137730
926428
335537
325513
728719
229357
870993
4501
634021
719606
170390
473890
44820
41169
688235
782108
32287
660604
216384
869149
285800
990552
708477
471159
390505
451325
757588
594848
801950
803896
467695
148603
303297
126242
768457
602687
462893
995358
183833
559750
925348
617710
918696
223092
526636
310451
156804
728322
370068
885311
181069
20838
871252
678040
709612
441633
74578
795276
791844
302884
304129
988652
153280
798304
963044
497190
181548
985129
548529
572355
678880
952070
319824
772025
573687
463383
659202
528174
325470
935651
510175
573450
446119
985213
437367
373943
687165
152979
961114
570936
714162
43091
43252
245283
897141
650426
771920
84988
718687
115003
324669
401904
845292
976008
518542
414635
631750
201471
425402
138390
737085
330484
197412
449776
39892
688151
484278
324232
770485
472002
819814
878932
735492
179938
44443
454385
788944
241215
312488
950072
235814
575785
580790
504121
492032
612929
559489
804759
70043
561057
452473
169216
149478
958249
99208
945415
777814
30951
270003
547871
476822
339298
292890
448566
72220
395395
877849
787883
985111
390881
255889
753838
872004
177320
638913
309811
844064
115812
235725
469971
634872
975984
551201
216703
275164
457589
751663
344033
311538
21281
368276
840337
428902
240806
770457
560304
348607
845868
796628
18341
156813
731477
659247
936370
12159
881002
18816
659826
120529
463079
281688
118065
408098
553631
371800
191464
856739
48141
839996
782867
538731
473657
811195
233521
163752
468356
421319
771479
377073
392976
633583
814770
693623
495374
501092
874647
481241
747173
781017
288328
787670
119484
4035
255750
105948
735908
107584
20814
336128
2661
228180
163633
17223
348324
617038
392211
814241
394669
892041
507136
960053
904739
394510
446630
855575
397377
353239
566835
777303
679244
322031
473292
293747
198743
713333
608806
786668
548722
249918
917445
539382
763568
355674
885583
805192
306836
451951
114124
267412
315352
292226
970429
324433
81561
544789
23381
164531
64866
708906
362456
856188
723
174437
916175
929644
416877
83919
20133
159764
599997
521783
283490
726409
994787
866995
168321
887475
775231
676804
282863
195525
174519
946199
918179
322823
901670
992680
946005
842062
921316
29058
702300
602190
181806
513953
76263
622406
963634
765560
927255
336793
280634
666381
17592
819773
728946
477570
451483
380748
707543
44272
179153
596600
759295
332780
239622
169308
624063
282219
24887
