292002
589749
666726
818627
72147
503794
831448
548531
442787
162173
944281
707813
474813
167018
902260
441176
727187
112372
944518
728326
906455
952813
25283
412772
877331
728592
494436
900744
720678
785970
462700
140964
731612
556439
311702
874608
796648
741665
443741
336550
58241
945700
318631
479207
938902
709717
114383
739387
690158
225312
189133
40246
82848
521752
89669
423926
282220
876361
143337
880968
772853
527081
873611
545514
29212
779117
653634
836075
257018
515961
196024
877551
103673
561071
483855
851727
110608
383977
413678
292381
983129
989889
806124
754500
135120
225421
97751
222990
469290
988648
361760
65344
812559
256299
185127
460896
766454
651451
767007
409367
642076
93948
58526
580529
394721
750308
305924
308672
568959
621802
373125
172768
607847
955228
347284
361558
754106
495568
840109
350290
627233
574706
869759
40020
936265
724221
428021
231723
561214
88901
739872
480471
569891
117872
993027
958736
380236
165253
179578
863456
53880
159900
521351
102187
873582
980085
184954
15247
247922
881125
620157
898086
907172
886635
455801
724520
21302
591201
307049
106926
11080
912718
212025
35025
359778
756760
693530
161137
742477
758039
607141
373010
760846
673220
761833
996000
2112
934864
474387
768403
112717
883345
672441
142957
347849
910999
901443
476704
87787
92765
30134
197774
261032
240027
586014
112360
693550
856569
310424
624823
471738
194845
489721
804345
234774
776869
952862
933603
998898
149809
979986
197126
641566
758295
304533
784524
669410
574778
110671
21793
32571
780789
332753
124846
100658
7344
613187
470016
571353
732373
736432
721031
360357
871261
43051
745147
833891
138244
455516
237657
441049
998363
376426
24651
404538
348668
216903
466918
383300
521943
309651
849165
804090
474731
210414
383219
38393
467473
5405
765949
336634
860786
588631
267397
651043
238361
72877
220347
694730
990243
809685
109734
662279
324819
766482
879112
283252
621314
193537
4704
221699
71667
738561
113097
563709
739589
199168
233088
905299
499713
167071
98371
766754
410644
817665
772180
228488
475670
195125
399901
299805
205640
796349
727725
887377
909021
739131
403744
572832
364911
774327
407901
432116
845266
446543
903161
706199
573894
462332
923066
50322
795334
756604
383414
814503
510397
685986
675545
325032
442136
30070
161604
128179
354294
726026
30483
214603
906173
226138
50039
893075
240518
396318
480642
358825
542072
644144
18562
834012
689842
941589
438916
417932
241890
400938
737594
447965
837427
183981
388215
187863
261411
275876
316182
196125
772466
48045
898811
482184
192886
735396
706993
265120
697932
582122
382451
471222
351337
191576
759302
656097
323598
699840
68611
766291
379034
304860
567283
173975
558521
717014
163666
514985
930426
337907
850934
393266
614975
251421
507337
48158
204685
480843
496946
579100
990211
15439
730451
548209
29416
546364
926955
840505
899357
877489
492827
349564
987761
980679
761093
561833
559571
197651
382160
179762
398754
255640
901064
159747
337697
53836
72739
487008
777862
470917
538334
96474
923185
631040
533382
858541
162042
395854
652947
209785
60067
454940
208111
708059
653037
389085
72916
966952
993734
957846
151954
560709
285727
250757
26992
828070
326428
816815
870954
683297
417381
780997
613401
892398
735834
657266
764657
529918
26467
200068
272932
20980
937445
465012
861027
308036
41616
618580
542468
352871
602453
968212
256959
676216
35637
23792
382866
469486
407029
347130
519941
260343
52782
947903
64456
365485
781056
189337
832632
495799
638694
484817
479616
457599
599333
76974
143900
871115
735007
557854
270009
215098
936708
8064
552376
408157
128936
155596
707410
888688
920175
408032
80470
503988
703780
64743
980621
622186
141097
133416
591806
885678
982345
594217
234253
820653
540137
163197
888958
651460
646814
139441
417879
119670
220312
593487
59620
563146
345979
322765
42452
475903
677390
34966
422465
39661
248332
317938
580429
59386
854040
779604
767591
189301
259086
546304
727661
317202
283189
188375
789484
722690
446160
445504
925954
859887
760595
823477
90981
571729
988659
101543
920956
338096
128854
175567
507499
135350
485930
420819
950316
109040
296978
647568
372952
380705
582330
864394
714374
613379
640651
614061
450186
859739
827130
32063
290399
260471
968443
500453
106271
894407
736340
69327
282734
803926
765324
585088
740599
594339
787010
423997
946254
377248
245657
26514
702133
652678
398161
707771
830906
50323
150769
109430
770238
815970
489952
533603
925520
18149
245844
168852
468407
163712
976034
912887
728846
626053
280883
464349
852682
339272
684759
873254
516696
363615
254323
304139
185441
274552
29398
781896
450671
493783
41834
244644
982569
744298
99014
420702
366906
771402
744416
493494
610832
484048
603360
546773
634497
557202
518863
483930
401352
716793
405870
409601
992428
993280
966756
891826
272065
995019
463247
31588
326792
879330
824443
604908
280561
111688
83440
234278
796034
657596
893349
941566
424015
82059
461267
42204
600617
721680
498725
67242
704212
264586
376395
618755
575727
990872
943726
553273
853816
19219
582206
277251
804264
940296
606695
223617
780858
496016
571105
292974
86026
582926
183846
837089
184600
918533
798591
49792
600427
295252
553144
347265
423250
780751
215602
519006
632902
772794
839895
747605
553387
79908
900200
52313
950837
696734
423218
534296
459112
719703
524959
393514
619831
594197
370152
333459
638222
298002
588392
810741
693611
882353
219020
62037
98087
470043
672231
69575
637075
730490
515362
924985
102589
664658
29392
834650
642770
898167
254432
223397
872797
604079
816556
147726
15086
283556
861678
562247
141334
923526
676817
302127
337358
430587
369509
221912
362999
843396
597805
931827
45180
777325
692883
320347
617811
173616
201276
995578
85667
939944
641397
372956
536832
125933
534604
116302
850321
942224
597116
896306
505747
367412
111872
650530
134198
646343
132680
388543
465637
14428
698825
283669
243427
24807
386223
183276
998161
364116
67502
208238
773836
667972
409142
216688
988147
743844
263429
128287
68934
714476
495190
741960
287721
601585
819063
261507
856584
496744
51192
503613
665749
978168
38591
305057
525102
271482
939577
55075
57305
627728
38635
57193
531889
624351
534630
571477
437658
610346
531033
495411
515311
886156
903745
994556
877886
845778
104123
537541
391913
310835
963193
780231
321133
221356
219795
782091
973311
268348
354485
900210
941522
619577
935351
525662
733237
214094
188618
947713
692954
921170
357901
314048
148722
918725
338047
88515
519347
57129
757328
893596
382523
803579
640592
45969
369934
733197
767689
833160
474172
535297
129704
866702
248734
752804
46741
782083
280702
829092
242277
818662
184726
150319
779173
694713
258545
839850
923095
96272
61230
155851
664761
910204
302500
829908
697600
213966
500191
445805
808484
302730
151303
248412
519381
835498
852001
914467
599179
811595
829423
344118
111227
470585
682163
553047
147429
79186
102546
543056
190538
3481
738515
408652
21179
202393
294854
963475
191245
689331
232065
526049
817513
662727
447110
998433
206080
147835
554816
177419
214043
281451
26604
602775
515280
208109
726549
260316
859792
452479
768504
960266
357598
967696
687302
679040
369946
458855
347399
419915
590267
518068
170971
129788
277084
261425
494555
71013
490221
154293
836383
217264
128842
833109
738841
759131
59240
944119
590303
935507
767532
740532
138758
496236
51798
367785
839209
606459
538906
713307
294409
739409
272463
242372
173391
491156
371392
530878
815596
827067
279905
327371
461409
627173
439900
640959
649115
125655
245768
759371
117750
957201
624443
939238
45410
48459
779318
706009
649315
364881
625343
753384
738738
231992
70284
629272
716289
892476
74779
829282
179292
375992
629854
712114
212587
970496
624788
299612
357716
942238
243891
813916
542269
549736
185025
76360
12079
576378
290115
882580
301334
735766
7692
310785
570788
345684
763126
687396
113814
616391
211631
19855
786575
414382
178859
620126
454880
894740
151735
10528
467305
938949
253102
744607
87064
472557
857796
904782
153616
870542
104895
741134
615526
695069
439046
807196
87813
215610
101522
426267
519345
745931
7745
102906
196456
939380
521865
465410
371557
270772
819721
580863
41086
16095
426875
898056
705837
271796
975686
265132
695083
936474
618737
117498
433848
59900
36593
430509
710072
586878
745315
936434
709431
815962
678741
486296
95245
94812
513278
843603
417565
426102
603790
787053
45111
267072
6240
533322
959901
476176
39821
375958
197731
833203
621274
577613
707823
903941
516369
864934
682848
500210
315501
212125
653068
927049
313710
923548
643681
761146
955853
916549
575469
566892
812810
66974
745464
889597
45473
376410
649679
904215
325658
662464
822492
904491
40704
560634
227184
614285
193129
155196
55203
351340
425460
327439
444627
743404
410386
992249
830600
925410
384314
425803
279672
65131
301504
896967
122278
570538
217024
144491
517220
915740
749940
578206
333178
399321
169766
989174
338655
233385
807295
806372
382948
131392
80573
838717
891312
920536
705539
854565
371814
343977
103754
429722
77795
647112
413173
144603
558755
791833
790339
520051
637699
676594
583646
448997
588129
772494
501072
474037
338207
475115
502549
148625
969991
73729
286155
540443
595080
253471
140550
492628
1055
723683
257344
382054
607505
316245
943981
204429
677844
577312
238957
865828
78158
112943
589275
793416
967797
152480
495362
116907
16981
960552
310384
225015
219440
63555
925666
414620
590975
999957
638558
676984
502359
6498
796000
803298
663335
111783
485100
880531
35678
193299
956098
36850
630761
551717
455088
698235
996442
809507
606273
71051
717156
95156
654483
42314
941314
388571
847238
933685
545336
891536
16785
24391
454642
976317
444654
228163
611656
379858
688310
117473
217379
93893
500423
515026
715193
312297
490145
88690
63284
438058
688976
889290
574193
329187
878404
410302
966243
703324
285884
687705
477720
574307
128673
206899
332180
485637
472367
392957
477401
586089
778638
125225
18568
114378
211903
993656
453665
402575
296177
217185
919527
792457
83572
793499
785375
346952
276741
78664
3190
883674
428615
168894
42690
548258
272019
733938
251873
651536
622566
600963
346238
705922
801145
221664
931122
811191
612590
800856
529542
551788
732966
883325
594967
136853
696815
796787
646482
835513
280411
847898
515743
160362
798892
494869
368027
372768
794219
467447
109117
958962
650903
425866
373082
836400
885819
552699
198275
853791
275609
871013
22348
576658
147970
421432
672232
277217
176839
649094
902192
51401
949193
239466
646210
44576
816685
772885
321990
854322
799980
160950
844108
464125
186759
913285
589713
222150
730263
595373
272097
308375
995394
940692
91798
888085
612042
484808
13310
113409
118911
635463
126235
966795
749205
911019
223683
16270
726928
919152
598632
598509
350492
731683
645810
388872
653305
832938
482248
437402
264019
989546
193134
424434
393455
357976
187272
880203
223170
983008
294653
936778
364188
197739
219063
828181
637633
696273
467078
168011
154520
570075
970532
929763
19773
73011
704595
847844
962161
298090
753251
629374
916209
734310
470544
698692
341732
632615
557256
558087
677933
397620
543625
698768
362209
507046
451625
196345
817938
4432
543215
382632
478666
448585
490399
822569
491540
50841
418900
319463
815667
919292
271941
983111
581174
647573
368041
56354
788771
50546
316919
400668
165712
767416
869063
541413
44626
728875
371924
398860
998540
131676
885283
146299
382825
436848
376444
585939
676772
589384
732311
929573
267396
456210
921619
469705
671078
608620
723039
760671
952562
996528
750267
11360
112368
19296
873049
364256
795379
788015
316189
947554
609395
128426
529860
829975
322105
424193
166752
493941
610163
457270
375617
929841
472039
840225
438960
528536
415556
260061
622549
472527
850772
504659
784888
651045
795726
903201
93284
5970
481161
407846
175272
81039
620170
447852
501751
573585
453694
508595
851759
849379
547139
626646
657526
858015
980960
342301
699585
549256
731990
361950
63214
489287
361166
804432
603153
264449
777841
338221
708428
11473
578327
969603
634840
912487
381719
248280
315488
736700
131901
424312
595852
477169
356121
267229
774811
605507
939700
529849
126313
640621
826462
572578
533520
100955
874147
225498
909675
166854
692700
428090
274038
660912
229281
809531
56337
931390
487388
378721
524643
304749
415288
741317
855323
421938
464185
378749
671122
486963
282086
819818
347469
329883
365345
528605
227294
321822
573591
130662
466025
642441
785298
273403
172420
904260
558827
786946
544312
175976
592221
83707
355109
25271
942198
454413
248961
304252
196070
91051
317121
315264
244538
467939
592336
450918
377570
704707
852348
543204
473326
11368
118192
523102
67800
518628
707548
74144
370938
224779
425585
14328
964576
907611
967944
336174
465528
762373
308642
881058
215654
988124
571978
929472
426036
572441
885719
577377
243879
605257
782990
528961
852972
356691
771172
456857
867313
146794
684960
118745
458321
768203
111007
825092
250343
736499
126321
671207
788612
138657
884449
584887
713595
746947
113362
277254
750041
899456
267077
546466
416754
349985
356727
44682
63894
554013
143719
25934
219683
41663
414710
31170
586740
935862
852710
156062
133111
137593
753669
524725
745885
239316
527907
430800
344618
702164
719870
982951
324908
435467
70399
44091
710984
428161
834973
182483
185455
563191
633760
489041
622192
830297
35776
315247
379560
236351
138668
364123
141524
221792
634278
246509
100999
586132
947979
353025
845559
176515
687344
724854
304369
728751
581481
796994
808557
461212
671459
803119
600444
138776
447601
504117
599581
911338
263524
615093
811632
879195
793426
634960
901634
450971
684985
308450
620551
988818
477886
392990
337637
384261
310222
457863
64748
212576
723237
826249
432292
552102
281133
255474
420800
825714
774398
893520
145326
861800
524036
930151
315984
600126
585343
33167
471044
837536
336611
170472
352671
324229
647391
