536341
686081
192390
976290
36503
156717
272802
872870
12929
723866
528249
458027
419683
299066
381286
740041
81482
905150
208397
320428
660347
670148
811556
906771
794635
198638
916568
36149
381342
962190
591645
78654
684986
983549
781589
541750
389447
697547
702108
147075
478501
873744
844718
459589
241962
969441
240117
183199
709111
180318
761139
84310
686006
425961
22921
619537
966002
572145
343714
950208
167378
643052
894719
763674
206579
490019
184543
524734
353121
758375
855114
301115
395570
844257
770426
511147
612608
127943
472359
56826
553537
660267
424110
160836
212101
300013
722269
123612
959499
346129
956317
220138
452607
799659
118268
652140
254996
601719
921495
490269
552570
222469
604256
577906
757692
477777
721042
875457
712761
304689
655278
556989
900221
205607
989040
918364
937852
336598
794707
962713
97770
699538
334654
638293
691578
58064
919050
104281
338481
200124
464752
29110
269925
968490
37012
375181
169047
174948
670504
669867
459050
875170
976958
882508
696320
64215
179887
402113
594864
384232
139617
32876
405221
63351
766839
83495
323478
82462
870299
942148
146717
659320
872801
633071
262199
197721
600152
446128
41623
787165
281010
722829
482599
715166
874061
356748
825820
986623
112157
831510
406196
510693
606136
223095
505423
855174
583550
122626
317543
84697
884707
618130
516718
439469
964699
798891
359043
405078
356577
350078
370128
210497
815971
708875
934466
967593
122957
45601
106982
733026
745200
164289
418333
449107
363087
275041
836347
204417
597574
467276
866754
153094
536536
554342
24630
524576
162131
906254
771613
121253
129250
123996
597525
128533
767087
427785
793937
532296
249970
417262
590386
844550
3867
403749
611390
137013
928792
54604
408895
279085
422723
674408
553402
371368
835372
9189
298123
413653
453502
324347
665050
651467
757712
236717
992892
325850
911562
845868
552296
955198
878642
138456
513875
322477
598802
292902
431275
639311
249800
238748
563117
988686
283114
283833
244708
44291
807827
918579
340223
956175
542031
390680
958413
330635
594527
214934
799767
764887
730601
797782
850394
752975
75967
141378
787039
120796
745034
497064
714553
942182
21266
250678
555163
870503
636397
683365
747731
295195
334659
944179
671847
871764
952377
487624
355530
578921
761474
551930
249659
266126
414654
385068
106171
71679
472141
827089
452713
481303
481077
624270
420795
451005
343660
126654
240027
417405
967234
312655
292444
966453
181357
849161
420375
466982
33843
507567
668710
441002
612974
804414
796988
820869
491583
100626
416096
650067
961042
827048
579908
631073
820937
570622
273990
875608
817351
696535
617730
490900
296604
307291
421266
466644
996744
80986
775971
69065
856686
95665
824309
605585
893846
423045
866350
89085
41567
617197
28316
280398
592447
130028
428102
257087
186488
383323
727789
950332
391770
630566
377188
208432
312303
285357
477833
313148
955974
910602
910303
722179
390559
503218
579401
326882
169712
869172
788517
595261
338706
367199
187843
57589
561355
185409
363073
441333
541944
899593
807109
279788
652439
963406
434325
915925
247983
123304
600342
490609
724380
418940
648543
51543
706875
382166
600185
760929
984430
948911
634293
462152
759244
172109
906282
27722
68904
339146
462346
340359
841404
837868
920736
830124
862579
706419
304361
52806
481488
972402
379532
923064
778302
268757
701878
841032
914228
804673
669718
785619
675716
269913
367922
875233
83777
212252
168997
206675
51467
860587
68405
678137
596729
246632
805013
833408
926241
100731
631860
847560
750918
100974
406783
343700
883231
421880
169658
327707
117760
380439
191990
719227
466856
628054
865648
732237
33382
660590
34118
481747
297704
105737
933399
212302
438369
372833
85685
370221
687766
540295
456841
160479
89990
624384
552260
245577
994356
314762
85694
340628
144274
893436
374381
424541
831051
418699
155714
408912
167021
428009
750755
334351
146354
885831
246209
948299
182058
338876
3543
979830
538310
455870
122302
156943
28291
446348
616814
360796
347120
724718
103381
411318
193182
3668
255501
540414
419300
977884
719742
579054
78284
285167
703632
576522
826718
103179
865482
679732
372102
370011
209164
752351
973156
483457
532261
324124
380017
702454
197586
926288
388425
127177
904852
793927
416729
370243
862381
902689
940773
980780
335670
928746
953398
514086
860576
744968
961631
847030
918661
923789
846891
215843
688746
161068
325285
593655
436756
154697
781252
316898
509123
288745
446896
547390
232591
685961
262517
806766
663966
27146
541315
188319
498432
277705
846815
805488
46439
57997
327594
854830
25222
699226
297356
573176
242692
729570
547837
923714
616413
755739
946544
94132
771030
165356
243804
517618
514267
64385
810728
505207
801142
592509
69042
865562
513006
13071
932540
12915
301626
644446
130227
15255
467680
568606
363997
448254
226095
471748
238239
86854
544917
510166
26857
923729
165598
661915
208447
561481
175434
304050
971748
775747
449545
207487
485221
515521
99797
577472
440319
309202
517996
204670
53230
687572
954089
686622
726867
226010
227518
199319
965952
831464
49168
343230
235876
69211
878319
593916
405262
202022
127217
542306
482271
658870
540650
694227
31441
670263
57929
236831
436766
846896
93970
976241
404430
931978
844659
432798
217760
842222
558726
602205
38100
14027
898274
394390
708499
21047
93918
499603
76092
45997
843747
727827
892620
798709
615661
852029
91113
128289
88030
320690
487563
402803
965119
131707
518984
236124
388116
181090
827258
146335
100954
647388
666830
921940
775775
294243
431468
335497
173374
923298
565246
457283
581878
350218
836192
25122
37671
541250
323618
314594
672936
807675
550140
879294
137607
513761
161551
636271
585694
137517
413844
334482
576590
783319
280227
524519
925979
10345
955234
266549
270116
423407
925128
593932
354173
919243
806477
778786
820267
829221
460080
341727
987067
416191
263780
338804
499007
769766
251032
203814
934054
765636
726114
122217
111991
979155
849415
8487
470954
585516
243369
187488
545443
948797
2766
230571
364299
190233
118089
761370
298061
940010
404487
357051
478186
7553
19255
960507
262778
372750
649687
57254
312192
345451
94360
405705
774760
20498
588141
208953
983391
575856
335925
903660
986639
194577
494339
944452
842870
590074
506182
297900
446370
815253
963738
623707
994187
879879
778730
948406
141069
943646
176703
125074
779968
538406
435242
277079
304054
189019
374218
841216
181072
864888
535867
722174
177149
38830
225883
472380
182160
807600
328122
571390
559165
348011
850334
338723
935089
54291
420463
812553
634827
492697
235205
564879
520634
151224
56653
848373
397108
682223
576146
726176
491663
112009
893102
412795
669440
991448
689420
463991
634799
133632
919896
20594
27123
391215
477510
635765
597231
935530
153916
863320
52232
576579
631005
835328
178626
840423
579443
174921
737846
933459
281464
202110
673714
675175
342401
409413
473453
945939
936072
954968
245925
128942
71124
60974
990295
857381
863495
325048
26330
317712
394244
751751
611737
276576
488443
457034
792299
146485
241106
823797
418193
573964
799473
46398
660811
102486
655274
968129
984215
721315
724612
236612
283911
231165
105763
34196
607230
43858
262805
465038
964614
829897
968827
353786
404241
510709
488786
458961
801803
370599
447133
959967
232280
458653
82033
67267
272623
98009
816796
467796
508690
874253
896179
896286
519017
434930
695863
997194
649658
631096
168291
540507
470344
341272
37909
347733
825413
330437
74902
899320
873908
166592
475400
371818
330656
235851
869675
336306
371122
605557
896268
765280
878963
621460
684298
770571
451551
394577
633862
608947
844450
422813
876710
923332
402482
224386
929030
324924
834440
2260
462141
235491
547260
237062
42695
203705
780092
948057
919316
443822
47208
268590
408236
660491
82893
679485
636605
36590
355261
854814
436035
20338
377607
693765
359634
103149
257625
930827
267331
920659
813742
975783
680889
121271
596469
581179
89678
307762
901632
758411
277407
394972
154405
138888
487473
285303
948405
698378
439167
863212
270230
380061
871777
247277
178240
214002
312346
553593
421136
202935
405182
249406
640652
734785
458046
634904
151220
813988
846226
753656
579649
191845
183746
659552
872957
663239
619728
929290
394302
129153
548741
4200
909120
633745
291351
579591
11742
76970
475379
982861
25261
369033
664045
425697
392757
567462
581122
516201
697741
200901
566150
441262
800082
920171
118830
797149
817220
984302
735484
396903
218365
136038
465987
532999
414798
505344
42966
87651
673079
73265
166737
121740
934019
954566
392003
3744
846974
121562
552183
540111
704468
534754
124062
903994
225096
643618
383770
621495
362765
937730
408553
30385
451972
393467
947436
101229
64019
918188
394003
419495
571038
868233
54055
928667
818725
213234
931636
757471
481466
878690
338897
226413
581021
956990
314318
182335
480566
98061
307384
587347
680302
912519
672395
264142
284714
542342
956533
691645
240740
805145
319555
859190
896232
725240
39338
914013
196777
523089
756404
91842
303998
27969
768262
71400
490300
490590
946698
953441
414576
413425
18557
232916
120121
989377
686550
812129
457408
531018
840850
476571
68054
379533
664281
257460
729128
98177
63502
717879
757281
833447
33720
761902
248540
128059
180936
468515
297669
774
578758
567428
617803
277648
460252
714015
9027
746099
504447
804941
839580
517451
411894
719852
113531
573898
138888
27333
601011
220584
958086
454284
584546
264183
454642
157701
914667
299348
662859
928963
856907
965562
208438
117707
463962
484528
223499
459160
510369
988131
44153
625336
958994
688782
702038
169812
753192
675925
369798
561101
674844
47666
635015
276161
86657
919366
457560
380588
228028
590033
890308
762347
564068
608701
21583
607324
281330
189013
819259
432738
863845
695187
742263
824261
68469
674774
74981
495734
256049
746674
5447
843119
248247
227618
937989
124985
403664
755160
104029
983495
509030
839669
330215
122688
699042
809748
1604
345562
691494
513665
802979
2786
139364
213192
894383
924632
910041
911399
595097
927926
912810
268645
621053
902161
392729
393148
250163
250265
37220
276529
512117
953531
109754
912837
890408
96229
35034
507332
790281
473257
13771
993402
559029
449531
403378
793093
842260
149013
852883
983814
168548
679674
401511
798193
65566
877846
980437
580420
312518
11780
894417
608341
360148
293162
811918
299459
859706
991103
104929
716046
279890
522157
771443
822339
232166
529490
333859
342288
520475
289760
212214
533942
74106
638179
197307
207515
639772
24738
265408
288319
282162
804511
102122
75143
915246
974522
694965
987125
945106
381362
513545
618297
940115
750154
878133
808096
769833
163978
927626
6571
78710
117532
523734
49339
618576
968215
800956
767463
683885
814170
917741
795952
935914
848078
235525
89932
714040
910541
543172
896286
49764
156641
677863
851527
974401
477860
827874
357142
947955
732231
427389
30107
896283
899567
966344
798425
665562
337594
364284
205465
512644
490080
95920
669531
826403
517108
219061
937128
768165
266504
977614
972995
566307
875248
580431
608766
178382
266464
696145
520424
122040
521647
471951
315108
541436
423612
773088
163349
34124
153455
199761
382261
759893
173529
390302
363973
289105
150581
354125
126174
258408
886544
708904
909927
541764
802756
761429
327008
13296
449760
981075
37338
994475
200868
433427
906697
90191
262439
724977
955698
992793
838619
817869
165758
136084
904873
968266
144689
565415
369398
273891
894068
466231
478791
161957
910478
292410
926977
447821
829169
61338
89225
837374
87153
74433
966346
559390
112079
102535
347797
116687
326068
721590
151458
586949
21817
497142
365428
943369
522339
391130
807515
188425
794860
128517
431827
410841
695612
857530
920074
633738
668343
630592
348671
248549
907951
604910
260806
622149
479482
794648
432104
1358
107423
934806
578535
633422
932970
809902
889630
495214
589535
890269
900359
991508
183371
898887
422487
714585
553782
452152
44356
330658
605492
62038
193830
330205
155739
247782
616123
20122
58574
286711
826885
129283
137848
373678
770766
331770
386901
76079
705740
311437
837802
228645
54111
206808
491541
977519
171318
363064
502783
275048
325330
23527
511469
62224
511523
349625
196470
686940
617166
419058
389839
857430
996240
329218
598850
74290
954236
420446
143805
472943
16096
2427
745671
925606
970374
730345
46157
102259
891286
25739
174555
733949
446425
140079
49638
894627
619160
778318
556485
505796
924642
132769
775424
947115
459757
583581
463873
858198
482644
321997
753384
99681
240511
197899
625018
409172
253601
928667
162873
839046
949530
926820
164750
91435
132988
431756
266467
727489
677482
380975
305869
531924
935260
272635
442471
781929
517760
997227
151674
630989
397115
23709
752600
875066
582861
903634
42312
909218
657555
115074
748891
200923
738725
137754
203357
77096
937823
47699
479079
873056
428222
697136
181970
423358
599008
22164
308038
328452
835053
492797
584240
99788
996821
260577
514961
524460
375279
23715
399987
783365
679937
734386
763704
664488
277853
16255
724683
273190
516008
938584
70775
117875
449462
781286
580438
107574
226577
745727
701921
836720
330649
817897
384167
69766
515077
127980
525849
718124
196487
208339
936130
507952
279694
572927
574035
318689
440805
828071
258396
564698
137721
953519
518103
526254
605111
335652
253727
174705
519316
607890
691070
99105
827878
958722
247651
192304
740847
545748
564082
364271
87867
932533
524534
389144
975199
578940
748594
509176
398049
711526
318037
428279
919286
332204
809547
203974
110182
814015
7920
25315
654732
157728
845535
879436
174009
669277
300329
841214
876537
733675
440354
20712
870701
220573
89301
971825
966999
740927
681623
262179
915061
497745
979769
122098
612356
275683
291991
182317
757477
656586
459853
325248
947357
841980
155081
607011
571191
505165
916156
22371
177668
407623
609195
879499
815875
764831
819810
299439
739547
60058
754375
393236
536772
520828
540364
779967
660358
75880
228926
647897
760090
757529
341627
25723
728685
483195
838272
691804
762434
972967
35488
764244
894262
52474
337809
517324
414751
657617
869409
159045
73038
194978
259974
689793
825012
930874
865426
20817
362145
160207
237381
841852
271655
867329
414461
912521
638941
268466
334920
104554
559744
667838
560666
58181
543155
432025
297498
55392
247783
870276
534358
340839
730453
971756
833495
131485
63720
735327
718736
298973
786553
760363
632816
370252
457010
195093
413591
302174
301459
605043
641956
545345
194579
10343
87277
410409
900254
143032
97480
764921
659965
123278
752966
882891
391188
697034
194496
118876
239172
539392
912649
900567
728753
561618
554627
503996
306014
723690
569805
398061
794419
68307
381722
909781
945057
4212
811037
329333
938204
471595
855776
951309
664839
274626
699444
199523
194478
983505
911107
968819
684204
883952
890561
517235
966573
845462
934209
53441
514126
430483
612964
629995
54241
118502
664620
859995
199948
593340
286702
875485
287760
646534
98022
283918
655336
582901
116197
293028
791048
600597
443877
189332
30148
380675
581373
80420
107666
194508
309039
748877
106152
319012
966623
653708
10943
458880
782303
725957
217658
523344
846245
342996
808095
9564
889566
502642
375875
233914
355291
365377
808325
484650
727529
668277
724656
411918
784128
336478
122180
239816
995665
999509
446863
938034
424642
980995
236916
260725
113462
897161
354701
736966
803653
840207
746221
131523
550219
471981
152254
513062
962140
447855
307529
839715
483413
27080
373589
78756
242894
257239
597094
839647
592363
870862
289126
97040
371730
622597
876706
866264
311095
610010
923755
437554
384402
452738
743709
230926
765810
644593
317372
241292
648235
979746
752441
652566
618923
437315
616085
811930
735467
583808
28893
366051
840705
342571
45395
650899
616785
427141
377645
907519
316836
774636
619318
39207
408849
534624
694163
538576
249687
388723
541921
52992
806093
372237
937337
141717
423024
249497
438165
132803
917724
558672
968716
4648
333142
235552
998585
899214
737478
465528
214074
33852
591362
615667
23892
301369
282053
418398
284468
578974
219262
757800
779152
257623
282437
554085
942956
359030
652520
241343
954105
626291
247204
209273
205848
31428
448687
99425
965244
120213
70322
980562
314285
375589
237268
868771
198120
997245
639410
187824
386787
332365
651434
509443
598255
59620
275351
469790
986231
758027
643351
521639
44581
547455
949767
16112
607460
102730
330832
573090
283648
235709
146587
61895
997417
132684
723552
340209
802390
537734
782364
33097
879621
248175
476961
664759
680865
460155
907911
559531
814397
45610
149120
922759
626109
738171
712649
419753
774677
685774
60861
254616
672424
28825
740996
239050
613074
579334
567976
22159
884161
776360
384392
152350
927166
720857
397093
767994
640778
419057
187417
773377
123683
386021
753704
434321
162790
464889
485999
875863
675022
789795
709881
658742
61274
74558
497073
865168
207245
513767
170097
472947
98639
802424
888953
39395
982065
384415
541051
268224
104910
280346
797714
920084
842509
437265
592851
838075
292994
729999
298236
683759
607540
33951
749770
520175
743161
641343
165286
451532
858238
123971
536767
818448
693283
267977
759475
579403
181059
483797
131302
986939
535697
843465
924278
131927
504669
158018
453637
187704
280118
504273
892469
330277
275114
852308
761074
315321
367785
887217
705256
178355
71624
978478
125590
567450
376609
801136
806842
367307
849559
319695
120492
256737
314743
828946
461447
278591
519738
610508
411841
686076
610983
367506
762268
156204
960533
584663
565237
64391
1806
510631
680634
487161
328848
204156
678969
982789
918125
985920
467027
866838
562642
450080
770767
694948
633316
440713
768779
235455
533446
370370
200013
727548
222071
102950
524855
54393
489625
835260
104729
835598
866828
146805
616161
784017
694841
436225
627053
266438
730667
363022
123521
341346
216855
514206
721108
550266
545980
257411
646021
297165
168933
481530
629803
403114
36940
667234
726345
908671
814489
4759
714785
627840
627783
218736
320351
158960
579304
922577
448566
333071
536703
997101
412616
43489
691147
649819
546111
331478
994595
802132
955321
478299
759868
116167
326752
236028
680520
695833
402647
678900
187577
220924
757520
824659
457187
631851
464698
863434
40640
851263
665944
881238
213261
548657
475373
242119
969553
114605
704659
780268
766525
892111
109228
730397
660655
132540
904879
798501
308369
253216
203236
612361
217502
409855
549547
59385
68037
857914
579445
287571
308966
963105
249302
536654
491897
526895
806899
475337
434766
984486
45462
322352
586734
281288
395232
275016
901345
886959
2782
42521
809033
733001
656116
134005
803116
282292
135605
266024
587983
731762
109653
499262
270013
158537
622006
842155
66215
432698
503262
673435
41701
121563
218826
895383
176795
853907
427740
336784
968694
9010
373999
93516
957846
519147
544715
961130
531078
944111
486516
526867
336742
931622
665821
446591
684458
651212
722234
254369
874555
598951
556659
475313
760059
637152
30836
509908
767910
823557
338465
247209
448276
881882
93607
758130
558298
633624
458670
282461
984400
938243
863274
622190
993838
943339
138577
271116
949904
952319
535335
568805
855641
953672
711732
414782
798771
108106
932696
932378
260724
417842
61557
275526
694620
536891
498954
880383
567547
308644
325728
161665
932720
361734
768988
376686
669579
708180
40629
219095
500180
918004
100416
704489
428453
996852
592167
816695
99442
935402
707193
486751
224681
52141
422555
150428
9588
834858
312027
510056
496924
545379
797413
587020
48007
446922
936142
740677
817314
918070
843598
532756
230938
660224
282059
113251
379651
569277
199120
562959
742492
776151
323036
461782
60522
439946
289367
308830
267008
28984
717984
403104
25504
433706
517697
647407
854844
832228
32516
668073
630677
798180
862239
135737
726085
37047
721930
483142
991575
31287
49
52027
458772
150564
247941
251380
649497
774046
559789
868226
561891
647292
886939
334299
823277
589261
663673
968929
369648
2729
304321
147341
151305
733170
715308
782200
314297
490028
686338
353926
94150
168118
840336
60975
119294
802213
602552
453483
936795
909692
112930
875129
273218
625737
386513
741901
554662
416926
565456
212436
327306
747371
905290
127333
508707
217269
817465
320261
475419
362933
610039
870103
808306
825295
125168
251998
395839
4333
871225
800112
550741
389688
244345
179002
151296
440755
972229
119146
509871
811764
950922
733565
645803
138815
842851
628837
805189
680704
62283
98966
240463
312805
437868
798829
278720
564950
660694
130557
850619
201170
649867
45944
585129
151335
966967
614967
433154
394381
301373
352230
645547
333536
335084
532623
125434
399097
864976
554753
616597
287144
791013
489565
712568
391695
793447
521852
614421
339614
928965
131584
66005
209830
656307
589942
123005
75292
730334
877413
851692
898797
24699
256054
89728
204216
485241
170751
58969
582253
676693
882222
138101
862208
214091
903182
196026
933321
847594
553977
687891
735995
309569
608283
915890
495550
908533
702686
570739
667244
750900
604279
640161
978853
350660
23756
957969
360848
30773
557697
370732
881134
482805
520670
978507
440156
438530
988190
478971
626725
79226
904727
756511
817985
382222
530753
844405
785455
747221
839588
733553
999722
499005
283042
142981
126859
954780
874014
444482
913146
214116
189512
633944
398354
860277
388295
115961
556113
497101
3841
626012
682296
121498
966538
975198
441541
725104
538150
573698
173963
895318
174269
119577
466603
895035
687514
225661
55217
296134
644831
930103
845773
237323
774217
937089
25068
538585
932444
404069
378482
114224
562923
473604
446422
147600
762502
84210
168795
81580
217024
597055
854119
976382
185115
148881
732354
727668
750802
291052
703212
828040
683203
947028
968730
331565
758328
792074
169423
444325
639505
853873
234068
179311
197839
668052
912276
309086
720639
86273
268502
251589
765889
421197
183959
390095
912948
845755
814083
166827
485440
192824
141648
197604
419647
323901
14327
193294
339464
309655
723664
621084
570458
400835
555146
218447
975586
373555
260996
583049
840425
164269
635850
769664
722461
659347
633519
359118
820922
697597
685379
564132
823317
304322
280689
692319
467525
958742
335096
372275
249006
482061
331844
962627
885931
447678
604776
573523
576408
522882
364410
835349
320441
457436
994828
693151
338762
873459
681346
235006
809187
833530
718613
864420
921032
288432
377443
322684
858187
321283
395440
58975
86238
700176
928893
886750
396921
957637
140419
383487
166628
738088
605580
710918
94626
110832
372783
340584
855354
750865
526246
426405
864483
820565
328909
272046
966795
637286
444857
21057
251844
230312
831539
78550
69707
828867
547600
207985
621367
709118
339438
854808
767867
761159
922509
256479
862359
666959
890247
591199
841697
30098
232173
717125
831788
557492
423872
979206
485458
945671
9417
25584
800612
680553
788630
931356
463978
647691
815185
467328
800984
747916
761022
981217
158800
103747
6160
370341
92558
410524
921065
69190
697269
244761
368237
10275
271859
942906
891458
763505
46995
921592
24870
896718
470943
591722
859244
105462
816047
169867
397652
493518
5714
320979
471878
389150
83992
788609
721643
951900
325371
826426
855208
503587
989864
831051
336568
174851
22573
320843
671589
98481
538496
614172
429091
751519
116329
992656
782473
886631
703629
490151
35629
970400
649369
171255
208346
148819
315399
81189
298160
492680
578704
527247
9881
842041
20078
373452
777060
220264
395213
733259
702399
35276
806925
346008
209813
581479
878582
676669
678786
276787
711353
896517
462575
137722
641951
281371
767695
260037
20945
476434
644021
203564
568706
490174
398031
121996
255677
279487
307139
573335
394694
851998
450212
277126
865392
960975
15377
690025
437499
291990
176682
671582
49639
92487
45296
563424
338713
331237
919480
70967
600233
224812
397708
648973
67782
83563
775967
161185
959431
690760
142186
101461
189198
266663
281447
410529
535579
227430
568681
475178
7339
387071
427734
515629
885130
199633
241411
500309
773052
317048
964330
404333
147460
950040
718474
564400
880335
402937
548379
776571
719552
241292
116397
401763
669145
451980
516380
812899
104642
491456
815474
102958
214393
440029
627929
135075
215703
158152
230075
863263
588027
269752
910904
132908
577685
387770
747587
402902
635921
527438
370714
84254
140893
503087
166048
803720
575705
574704
873880
265935
352859
67266
490304
525945
819483
777554
976456
260421
587842
201935
974125
758144
284426
102217
300279
331638
798545
797749
292747
261190
716480
20301
674349
713359
406034
409812
49686
506950
398532
463671
852718
761834
177496
910351
96679
105166
125317
477956
362806
530453
809534
117259
390062
663933
683805
653967
550394
42578
414508
366126
764918
534658
353808
735322
372779
551825
644307
687840
177893
497891
777612
484805
249139
982518
103789
929676
945147
864563
392297
261781
818359
751833
342016
477855
400400
617497
642664
831918
562389
551041
221849
764872
723864
821200
991926
63577
523301
955240
458131
977974
679968
183393
27175
546558
480186
939001
392143
66269
899919
381482
873788
301162
565472
721556
46779
729008
675624
84314
563359
883274
748893
725513
589005
897576
225156
684786
721572
355310
620657
520280
388103
317371
933018
803205
490760
944903
108695
414583
868914
174373
85305
924216
376179
369576
700228
674251
284388
378850
742154
864514
123447
829831
389605
999597
594940
122481
324944
118764
110416
331133
329826
804838
117154
763090
426089
814098
691299
953218
141343
822898
615050
538184
300683
611104
889345
237361
767031
325057
950319
326104
263562
103126
801763
1738
925185
705137
183706
694600
353486
352580
425517
635690
948877
547349
868186
637472
119391
379917
992236
153620
495653
647792
698442
158443
362587
398440
840026
629675
672526
635450
542480
876791
204155
368346
557527
798069
513030
276313
913498
652368
764692
841852
447727
929689
180165
930921
736992
620808
654929
702459
537304
578593
854526
167220
247783
289074
671675
475474
350194
11960
622173
76538
838714
479138
100403
899409
953351
448749
488647
223146
369072
603246
917940
216345
998474
575342
246047
215846
218667
596655
415059
778397
86874
561357
526205
177219
766356
678272
321280
586339
52925
519614
977910
131654
933026
49341
312837
857088
816807
585046
801497
812455
652306
273989
305091
280479
672946
376525
247534
613137
22125
344441
530553
389498
812837
429244
371638
196127
9351
92346
718271
824479
625840
35296
491312
780065
201915
564589
320388
678379
313195
295060
578447
812564
888946
927162
193429
971730
802012
977754
900166
362925
725275
501064
802007
126421
859247
324051
57406
439950
879090
962243
458058
641417
104061
672065
457820
252687
564026
214230
27910
113686
204040
889676
792510
265590
493380
222193
393662
502389
973370
605305
480124
86590
685608
337091
923585
358385
894187
963508
990505
506900
171209
378240
515702
458854
590618
142535
410000
867028
447891
785499
632477
721029
418672
284320
706361
290768
835134
328205
214930
361101
977666
310543
147555
892809
693321
252876
783627
752787
427406
13380
611401
702259
436865
789076
338327
560507
811770
599253
601055
872501
242298
705505
921118
591803
811545
91189
545044
529830
245138
997746
192037
465054
633959
261054
61904
142865
527026
736455
904073
544447
151882
302568
238132
7025
179534
885732
737280
5513
808145
73679
994654
87541
101922
834123
160029
984510
167222
745520
335908
558013
358324
343237
966987
237356
170973
83051
776342
682458
153879
361498
538510
649144
18452
296002
334078
366737
651491
771411
616199
272535
183379
608408
659488
96152
784640
200574
546030
320848
103675
309619
781500
420759
279642
705130
910039
867771
455001
447802
907849
20200
348651
377830
458096
748804
752609
312440
424890
9623
82998
316166
498815
990824
4916
537046
604730
974627
262343
719838
20581
442613
543389
925412
266993
234170
184502
641028
960479
400526
224525
447696
184510
587072
989923
309329
330689
384485
333284
967340
726524
117640
765880
797728
441723
401983
98793
686252
52927
773913
814380
787341
293206
263667
533710
461093
547734
296682
709948
392056
592437
521834
171503
347151
284808
393509
226162
111679
755158
439264
201233
524164
102297
461415
896864
726982
328656
941409
127397
947454
55683
564862
508963
271730
292885
813516
380292
642780
924159
780841
133090
699113
647599
305299
127473
221277
374268
767451
900685
402899
437956
243385
462108
823586
214692
969848
13664
443292
771731
485010
963100
352496
677595
141014
199903
484015
599925
479749
384497
994731
162241
67133
52825
481915
194847
493517
547273
707740
597613
39079
715688
90226
573917
938483
433594
55724
875377
296320
805293
378117
688534
682901
8386
133414
6619
735206
198741
28456
502028
289250
992011
329976
483055
461673
826136
351572
256794
286619
515818
875313
719215
757452
269622
847743
787574
431379
540061
920964
237141
156034
547834
186597
420782
572848
164683
671684
85525
40881
142073
113474
481772
257447
578117
369637
585310
137714
762385
953237
112308
216066
85193
656577
784471
435598
833644
761439
311395
901277
649403
274064
569571
372546
783612
449313
332591
247973
682283
431598
866015
181819
534270
162529
779243
939863
95124
43480
449569
559130
431929
240421
433217
459975
814680
266478
249592
631281
386942
857717
691831
987733
241030
804019
523824
466500
756647
660253
179245
222457
920598
332168
502157
437513
387289
48552
484187
986296
840106
886452
110028
29607
20164
546662
29717
825451
895821
897630
812199
301498
38303
413798
248648
310015
48756
328016
817615
149773
509742
562940
439228
400559
793281
103158
52017
949662
117630
46588
572497
217420
182908
632796
560820
691101
763173
39804
331844
623413
513114
786996
677623
361836
92100
504405
160169
634526
371320
441293
958357
329120
352326
511138
220528
809037
607327
14236
747554
766078
991328
860928
53985
514711
283647
906166
440556
164350
43281
71756
643170
112295
18677
944851
878844
454155
533217
977511
654637
242807
537671
232013
484629
819009
277347
308533
293724
802069
652452
686366
541873
734893
858804
919512
97183
69279
803174
41893
524361
769488
82555
714617
999746
514118
80913
451361
810123
115356
705449
535552
376554
562062
556243
130035
114979
890996
945144
974870
764758
193100
766212
661856
126644
768880
888686
775530
683679
894950
217509
70669
706718
741526
681752
486632
833978
50390
228898
415425
68984
507298
859793
311107
924530
996263
690066
591781
996820
237950
616378
56491
678256
728374
453171
154758
423103
574538
689601
743575
272181
732977
27120
801682
726399
25941
73564
2877
243740
419547
436189
304918
28245
482401
896205
515348
916954
987078
961142
369926
797243
938338
455709
445080
875008
421974
659685
559925
961445
587775
849186
93958
992117
351812
21115
165271
316801
167247
919419
913883
615485
457753
34932
553670
879928
472029
7952
162712
909047
693614
64309
848122
508397
286308
497108
93632
747288
43250
488271
11599
184762
956115
279301
63320
428722
624035
50747
491522
229175
744970
387880
350758
270834
659475
185757
154292
311093
481627
454031
802931
255963
130916
948738
346085
931260
621833
849108
789704
346445
105996
600292
896889
739475
276555
723741
390708
225090
383890
276067
113782
99510
837193
278488
462019
16205
397774
161611
331524
102495
359582
815933
780232
278235
181996
586898
391595
488447
92052
692497
309524
741171
173545
172696
255255
43139
249130
424991
669948
988279
290900
470950
489879
704657
547857
808958
718550
748643
4366
252785
783193
940938
467178
866128
81659
889611
134026
378455
93680
264456
732809
838078
727495
728030
280077
248735
649230
2270
216949
789950
194772
979687
892334
801274
99209
513053
692453
996879
15938
833864
342
387782
99801
605387
876995
790074
196210
625342
767937
578119
482712
662379
161260
691344
524805
505250
857147
2477
117376
458489
72878
58096
685665
462308
142692
563346
243056
206445
867593
90303
773868
736720
833836
440763
522791
399477
488750
248879
530382
551114
710550
521940
337223
33340
588674
842619
304371
986195
103481
652022
304147
170216
954587
706983
960390
479427
572985
559011
267952
979861
777089
207297
767479
744014
121170
254853
77671
957788
804398
697380
383605
56066
470925
812148
108449
791568
797134
384242
435700
76101
212809
351919
351849
169853
469759
441943
486248
290200
596915
300191
692269
812586
458258
893579
374024
521496
878605
802969
562173
233109
457160
830285
996427
42809
288298
751386
266186
469499
50901
500394
658925
752011
495919
283338
485864
140175
676959
504885
425067
622199
852372
948220
174091
386559
633919
954510
231362
279553
904737
646250
196685
955572
530622
192542
995059
66949
533425
866298
709670
389328
971673
169494
233218
942459
909809
141693
747506
68079
982206
854709
494514
162612
614433
435436
349615
688360
677196
819649
82826
256732
571729
915563
325947
723723
631766
74378
588562
775480
503269
582408
697881
660131
766752
819116
560726
275751
546450
403771
518253
950259
889312
928459
871201
415459
890846
968741
159995
160506
505789
985430
164739
746558
734499
237778
266667
534769
590547
701382
162380
843751
285451
922937
230407
791433
551917
897246
224078
209764
979605
377848
609851
390702
149577
561514
393757
150295
523598
748122
983316
987272
670807
88513
845714
56636
48729
537939
108289
495799
109626
807365
10051
760358
499687
587839
45845
763157
863684
945120
81165
350471
924095
745896
243906
119285
248894
102983
291338
831398
423926
289151
640542
962535
956829
573624
194138
912936
21303
851616
208737
974195
458893
240636
977630
463433
43581
827856
70757
581211
397098
717223
289847
282786
80147
110784
48292
369499
294210
690133
212107
638435
362459
803849
370109
590250
980308
926637
281088
861783
338755
78575
126959
929016
603794
247391
860735
988388
748112
280543
322652
740400
932898
122983
873586
106506
512215
715442
844935
922549
302809
136265
809861
434913
925502
54698
611094
603430
946366
600277
25896
633373
928128
132146
348560
616155
862093
43234
132554
385291
168294
666720
976094
885543
843056
830100
667935
321043
212877
199732
166990
716246
276487
75735
179675
811765
444710
619864
787723
813870
920289
890595
162677
855822
459377
95327
382822
56239
608896
774392
842724
131346
570945
285383
301072
216405
949209
624161
422436
127825
495546
849401
403868
185682
711249
591603
139122
562356
190997
827782
771649
929430
642944
571468
331275
894270
867611
707177
972950
843593
862961
636246
43377
362061
672101
565257
215444
90829
475808
11651
185253
499735
728866
46261
675671
913982
22714
296656
620141
847088
411025
521192
509085
473139
959008
512579
805519
524160
447682
470404
4740
201596
470307
283439
222548
630223
636952
349400
258704
469795
127241
513837
810502
21051
448969
145052
466274
204141
694470
733538
775665
658622
791452
588658
776641
480536
723716
473662
698725
631466
452265
23844
881301
960860
299931
724344
813809
320046
149532
72938
663462
946220
455896
138644
846441
756048
656818
67875
305953
59060
505658
260959
615137
558450
602234
96600
69331
651674
871472
914927
970032
296143
229589
587070
432683
103934
807900
696421
745966
236284
875766
386418
397307
164731
452306
288684
62709
240937
35555
808956
892536
729830
932441
324409
616418
165023
882161
385038
584565
183244
962984
49162
809877
484290
864651
284356
69547
978101
260714
558633
552620
397582
996266
639588
236980
890597
582842
520232
260300
439068
581854
173341
647627
926935
596007
82149
539544
945947
819779
829257
436429
669826
312496
746501
924407
960024
360076
893612
857274
362134
810697
442745
489105
292217
616124
196340
845620
887869
343828
967294
720594
466619
255399
425913
162301
763228
884456
611926
994854
212665
463989
238140
965949
717969
240717
877074
584570
936870
418591
605481
219642
266548
714301
529225
660225
566991
662704
740886
816926
963032
714149
100255
2540
183451
264388
108932
790452
908872
235681
793089
49456
972
440715
761819
601771
563980
744322
924581
574148
432510
634311
207407
242833
718627
886091
876364
900639
15013
758537
251583
853208
301513
993455
953410
927934
136208
114423
900722
935379
732784
914261
351194
71707
637674
835721
337882
562105
920904
938324
939635
98678
297653
769287
630706
510881
52024
144694
243191
339024
545679
131276
678562
361284
486052
669688
497753
784043
784814
162630
544759
484030
434023
31112
61652
810251
62245
18098
483373
976269
280152
784198
894832
815351
980959
86052
569767
541456
344647
761731
465598
427447
551648
753469
674546
18760
356990
639492
770072
714327
81225
484210
819912
98009
512513
737023
599524
514851
514515
695308
821576
782090
24080
205340
379600
20009
517136
700002
947904
334848
812066
120948
440724
105465
578158
846431
415013
536135
38058
941589
114613
6375
429685
760578
646487
5064
713363
750141
130110
291783
879238
523353
889184
206419
960517
390170
631366
889712
734748
889668
873587
392471
349215
876559
435630
396730
3788
417720
733166
193060
189628
810353
311842
404415
868422
479929
200730
163696
375921
417094
414869
664541
913043
301342
710952
439758
184586
547972
873799
333361
556374
41296
992371
463031
543954
541912
782208
656669
539917
64586
115330
152197
41929
307740
819796
319042
730959
28570
583364
510003
772781
559006
756254
754630
128270
721182
523923
344926
780724
885087
638534
512335
682004
34952
845556
176454
806222
675473
700157
252678
225287
654426
141971
514509
655717
242712
288062
94229
45222
225514
143753
479542
788125
622218
425165
569576
108235
316126
883607
457959
982806
870318
197753
871087
364776
781297
140906
954535
936359
948096
538906
993498
108428
944172
723735
570400
930210
218091
766101
302363
281437
845933
743645
225885
553301
842829
960021
688999
864925
800931
50536
441292
592708
949622
692817
935861
922792
36366
481033
358397
972530
807592
729355
278524
105073
142083
266752
53922
838486
383128
184205
867641
903242
358950
741941
434316
68904
166891
333995
279910
693530
774383
882680
345523
824275
837433
693893
427140
474086
144997
938438
549166
313794
606350
89155
159825
27083
604709
796484
331190
926485
280803
463385
799250
365695
719707
435395
28456
653290
184424
124675
157258
167509
297094
335292
905215
987478
388093
553735
369152
858615
866040
800787
348957
122283
195444
837815
91389
655532
730964
716502
591874
490418
113425
479662
916427
334737
539278
540477
890259
926640
171913
617296
657334
950625
119086
466601
545172
48930
592966
708812
447694
299759
577164
450278
382382
615490
530848
416283
74723
50729
605845
787435
236521
83201
874021
173631
921671
288148
596292
941846
374834
137805
377553
616071
491023
880340
560617
272946
388054
130698
896022
578375
783250
769186
823077
994994
171205
539546
876949
212578
8040
971797
841259
191797
5327
699287
961443
383618
629355
403356
308161
704002
67562
961301
833221
901659
991673
253696
944700
775051
652329
656547
445811
770605
952431
476772
465351
616107
538437
598024
793240
346625
948143
467782
133788
171817
884504
706759
759375
889513
509787
892157
125768
964021
623453
153437
278375
11202
310103
31738
519339
933736
888049
632704
535072
559666
555530
227401
822837
470854
900180
996319
881836
942891
445085
94671
634026
916668
303144
588646
600942
278312
905017
524171
756958
636515
881520
325752
290557
886509
487885
697367
742138
169597
602962
641461
362273
284298
999686
837413
380980
991221
637973
6964
318165
174806
985749
754884
803930
440929
976867
235271
631811
405877
494700
564506
378887
385217
224904
381371
946058
8339
477760
835497
276652
777534
857264
674967
726075
599080
82888
385228
491720
189358
202284
101466
429911
404532
444795
228088
732912
261516
754541
758398
255122
680385
466390
580029
646471
21250
503431
552313
203539
882470
624084
693701
449222
10656
117871
943481
812785
483712
218739
37969
642293
809635
583933
586725
418871
356153
997365
389889
556399
433
464619
791008
860448
7427
517659
12682
271458
520857
816403
877703
785115
979163
926892
301630
581068
26326
114035
974767
47559
268488
618668
712266
165567
3786
549356
938794
353080
900570
268069
892913
587869
851396
182783
210752
36464
7725
464545
72339
848539
633340
374158
472248
813094
89830
445868
956458
453826
887124
534241
106190
38594
803314
696662
860105
166441
918102
825565
477692
883614
259339
294575
248349
684156
906874
211790
414451
780230
896500
649097
43886
121272
559390
638110
366432
460536
522618
840761
979676
362923
587470
626331
333354
970596
675635
78614
23459
726264
254651
885428
772271
682605
336576
792888
820825
873297
447109
868156
565324
26662
217228
51385
881133
207611
121524
121317
718740
808406
846027
633463
258151
337101
586104
638918
453333
222068
637310
154319
481261
905072
679150
944278
967896
253098
51564
139107
674681
84831
507803
431981
358560
756373
557160
684245
633189
232552
103024
369417
854311
749251
856975
671945
474785
331306
749766
231430
760677
366451
433224
299494
345017
440085
333665
229797
844171
329304
217668
300053
366289
724396
344367
518086
210561
874646
346173
692480
157674
756869
78984
765613
969966
97475
645944
86932
188828
618439
515309
209088
907182
397095
969669
640447
550556
405546
97866
692166
181018
132347
389243
382258
587765
899834
920117
28521
999238
185133
441150
603999
829904
743764
383150
319796
534844
229786
501051
679355
703918
703527
266783
677462
765379
434194
400808
488765
331114
470708
536860
471133
371164
314520
418374
129821
240377
360782
513057
526395
777024
167391
408160
481621
891755
288922
83224
412548
710245
964941
647563
218787
654953
338640
512722
38317
521208
942971
875046
384068
233718
988343
466763
737934
504482
209970
365145
589690
875696
638828
993768
772833
485893
300079
73815
161415
214735
986587
510201
6912
726718
908255
538909
623599
833634
674692
343801
503146
803106
113699
912051
192313
904342
426679
854027
294142
567938
290253
535975
693102
566448
999256
189180
587133
63337
737057
192663
293592
964367
830107
992390
716940
149530
100820
466789
699268
412717
964936
527176
284463
40276
236624
341570
328512
63517
533751
267088
512655
568336
344557
39013
520797
661452
495253
950163
935476
779263
463737
30931
568045
482561
493789
463601
540236
68686
133489
559255
45829
278110
339936
12020
919266
726563
656965
356552
584060
767070
263421
629071
715494
385118
995607
885831
902634
421207
284648
272288
761067
734939
322684
902784
258793
554935
985703
276015
767395
759085
983801
359526
654295
308745
265039
71727
237541
593378
822918
611704
660242
177455
950155
71866
697512
996931
358478
642881
413562
21222
212629
604055
689988
658258
650285
270097
371313
92359
230843
50741
71799
683467
415792
531142
253982
247938
938522
791919
946590
41061
299288
534472
626469
365474
925350
574919
235959
405520
35094
563846
926000
599501
493472
724652
864037
475511
586448
663931
657833
419459
123357
536822
874411
30909
586394
340077
636220
38876
986694
711462
409455
610113
972222
681450
633754
942732
218898
705385
778680
998811
317044
820810
271152
959201
723660
325523
551153
983262
544425
816690
784564
238976
280211
187814
856227
598102
665660
616013
343448
686189
485204
358346
457406
96393
637820
594642
134676
724481
120530
142996
150864
611320
593259
249027
874976
929908
92127
677825
693515
976604
517181
968809
719734
39570
9183
583289
163971
624427
663577
105051
432788
679751
891787
356814
527341
222546
429014
932085
358584
419414
55339
822652
858657
925626
96831
608739
437665
900442
209307
938281
938905
379396
831311
935189
953428
695821
331142
633315
377903
616975
787061
268874
441493
428224
756142
494758
153378
84207
946449
65607
678825
88221
671905
312662
927697
185653
889396
942366
300378
363113
813188
573630
740541
314539
286564
927914
258354
609797
249356
209625
623819
965846
618005
377231
426878
673066
275840
362375
914176
439860
293040
887548
300620
792618
760952
908820
887554
185597
955727
899690
561133
891124
996064
456182
907485
823396
873726
524251
445939
946702
589429
461646
349051
98453
592572
759454
404339
944986
243846
402019
799850
971702
394295
51911
390020
980435
935668
767916
291098
54312
732115
125689
623230
382159
890034
45252
707164
263620
780003
939997
630652
477500
602629
526517
438883
103967
497774
87658
630937
582628
743940
111088
256646
742984
91499
38941
941750
61163
593496
51409
798012
446151
261316
230847
394738
349581
324157
239709
222
585054
390998
964452
293424
901155
590783
538436
898855
53385
171183
564264
417876
244636
852221
492577
461879
240831
102415
588721
153541
168517
123241
879607
858635
331056
199527
693298
404140
447108
907654
800051
345734
800390
743708
684388
180339
937366
261864
999278
295724
567718
734276
461324
239495
885846
439351
887594
145825
550126
754855
925497
924886
178871
426347
746962
445613
321910
384511
925188
599761
41094
117456
474300
138746
555921
394360
869648
255147
251755
787012
834088
895124
565451
61616
145929
887511
357670
76980
408383
62119
112873
71415
965479
91213
916691
781602
74902
418565
633838
419280
303593
516293
630760
328161
726122
783581
707730
155502
598684
519737
798708
875670
971364
492484
61898
750967
457428
954471
439904
561273
720596
135919
134981
561668
668207
520845
550447
795089
382392
936566
417259
202462
685783
255915
54398
395387
68659
834067
867166
993218
643837
535620
865862
650276
542807
940640
278650
845597
54368
780700
13079
475209
556894
744220
545814
529041
953158
561850
724573
406142
692138
372838
853697
23278
150656
156647
805149
501667
65994
653184
402696
15609
580199
617133
19893
55408
26102
919757
903020
541159
629603
795865
531425
400682
998031
608530
735982
856226
792608
449785
881906
364075
201698
924408
141701
603203
479256
889758
34647
751965
907620
719496
25508
719509
490702
372827
950165
1087
687028
338541
494071
644760
997007
807683
316240
103966
968925
270645
135331
566907
287984
901806
838530
760925
543059
756688
663755
636833
24980
728052
84480
999021
748659
158671
733383
975645
656421
820464
501114
171348
252037
10469
554988
18613
758936
685246
117178
567210
18555
442409
732681
669793
504236
220732
450977
165783
758065
163154
43301
893900
806504
275916
869038
705750
492268
601657
854660
526738
195937
464656
184248
854389
43677
444954
882849
873984
649075
473132
297713
731666
445661
611538
403059
778967
189573
134536
699363
618911
993136
390754
964521
689673
343240
206731
171700
364510
821444
849706
515888
903930
591798
300960
944291
117860
313777
946222
388521
337151
488724
932852
550154
766810
930296
717652
594933
212770
834994
629429
699356
874615
942533
996771
882219
498267
426087
690964
276069
240839
385582
702534
725918
790744
878615
364355
208719
489382
425011
310790
906521
29173
465647
515064
169433
502149
740094
568019
955748
123716
102821
485672
744543
438500
331042
224251
330942
999751
983546
700812
92311
706773
523870
76977
171106
805360
136505
753246
453071
884095
426457
799943
827844
950375
281079
693724
692914
835864
442404
192691
702995
303171
595027
290628
244930
820777
243325
170509
771382
590287
883124
489174
102172
964046
692488
935951
855889
697735
97104
583381
369785
586483
346710
259859
239103
215128
331873
247365
229801
920599
994911
651928
515350
337186
441519
285358
114071
231116
41737
679869
68712
424185
991627
526935
282762
226036
461344
958852
938110
63135
989519
64459
69151
511941
815582
516752
950045
705804
695392
65815
254674
711622
54690
103143
103938
84262
777262
8585
732212
875087
65402
643952
410087
533448
425456
549170
750899
453132
730971
956852
795262
405119
760491
277733
498263
6266
115941
854241
961970
609735
51434
191477
894400
808488
84001
418242
852715
987922
588420
355962
678187
110391
950468
222408
886792
766657
223322
608716
98796
965082
486251
62340
801828
649512
305559
821574
212211
408534
367903
347497
857235
228174
603120
902404
260937
724483
609104
478734
589923
129450
800164
502116
102737
368200
149851
627818
482846
354406
758011
173257
770441
574050
704902
146902
402948
171360
558088
576274
494088
151901
724928
730574
146003
315428
738601
193447
277503
449561
857572
635695
10432
180850
380675
590828
452346
385222
721332
27258
310013
6653
341640
778827
162014
627368
515359
144271
931891
625706
785522
722351
859946
627795
251325
604146
17734
140941
306183
652035
616056
826607
97679
233034
647382
32559
105045
451510
187322
651828
733378
557084
216570
858634
282548
726841
893823
636399
215082
921939
625732
356746
579977
525246
265389
104379
680841
758203
951809
532493
81215
313787
513670
835656
225479
361025
11064
419492
368077
502053
464869
752664
841208
774516
544360
563151
102965
370229
577344
684284
767195
574087
868492
61764
88768
308134
795237
408410
954776
737036
412760
256809
911812
330996
249278
142378
86655
156793
858874
672789
173344
612573
234639
276148
676812
451366
939484
296850
593852
828643
466356
485203
92135
943053
246942
680605
455628
223816
87526
628660
641182
100937
822878
217764
474571
170001
48372
619927
144171
818711
919921
437190
589378
253635
364684
779980
278386
26583
664105
782038
161344
358184
21425
287927
288576
398602
768462
311000
567264
149323
593411
131789
617231
897493
586727
606466
741832
203191
549948
971540
782591
749501
45040
546812
931174
572667
696239
809190
366428
662569
994595
353312
912243
731944
260361
332782
198428
780323
375217
29306
847089
445009
283986
83432
50911
731478
876679
417992
58926
117321
283178
6373
958191
766097
647948
899258
506945
787560
30798
806660
691967
345857
669855
908915
129226
144262
734610
669242
901102
343098
202138
704389
485107
319998
996774
216330
293059
756911
84819
756473
449331
461740
189970
499725
67503
536309
957336
390020
443015
475759
111419
723371
616976
977092
909616
521363
387000
707559
611742
108704
551850
218549
451358
553407
714970
29431
359954
201783
454253
136900
421407
703065
562504
816707
91848
542994
96244
114959
305384
459679
557611
147827
503628
586527
930434
316052
966571
351044
90866
923822
900226
407075
567620
297782
272080
17772
978137
259807
258155
751795
990163
876601
245118
710636
202468
716083
784480
641526
470321
125057
129105
635982
541730
232857
568659
571172
314825
556247
183075
800842
754348
265024
943826
164297
804144
760931
27973
86670
135204
764379
425029
259138
873640
156658
990788
339319
629881
157408
109229
720446
252634
38449
909990
688725
894559
930116
238181
62397
466521
499823
196140
875626
953945
277248
345698
953684
498787
511647
151760
973483
531633
637583
675509
200807
291616
686931
861638
904317
477563
349997
521541
976493
943843
199617
859196
328568
845848
407129
332310
966320
30118
812994
647003
364519
866350
211987
743878
684553
655568
225677
452741
985030
757810
552094
68621
79399
994160
913536
668055
850114
374112
566782
669050
507017
759744
367191
769958
936892
65534
765883
842618
233663
604900
234610
424515
162630
155743
762908
114578
129260
777706
271699
397049
449379
165404
405996
775393
709638
619274
148061
750987
298571
566490
750520
564641
301332
447205
933206
804856
904996
164104
584399
143973
148462
499848
610533
994873
480969
639775
715328
796058
232577
75047
860692
938943
934599
430882
30686
8135
912008
153508
328078
829879
29083
479645
707391
736527
205459
511303
372641
548423
971636
660072
546552
622315
574659
658884
233981
748816
679478
789283
799266
40306
69131
339130
420403
226731
656885
169657
857944
556690
100592
466417
19959
157230
828854
144287
505910
391510
922186
79129
690846
641766
718961
156435
679963
427488
673472
883726
429920
951516
439185
875871
4263
867053
517775
973016
329174
506898
467057
917525
484221
255254
278020
333668
987580
793925
209824
45330
44994
104331
762492
142094
35824
453610
550430
598717
682139
962135
774891
30745
674352
226290
590172
600390
417907
478305
812945
172403
776736
706632
189952
613673
455730
350502
990022
599412
166849
576719
44766
387562
827334
3842
334191
434908
119099
529574
696319
545753
952797
12006
170886
603545
761427
993829
245981
336589
173289
262624
518613
647041
17077
345375
476772
130858
205466
538648
72635
925394
206122
755552
504627
814685
287463
616078
367461
176695
990754
947054
897432
103836
583621
710431
899221
483075
87212
190538
790039
306600
436525
105215
26399
624244
846392
641134
461283
209036
211034
485566
908070
483123
699868
872077
365987
931101
455944
975237
771939
932433
721163
964695
567342
520761
570550
46103
808734
275465
13983
778868
776079
371594
823332
706002
25330
261890
276879
880390
27073
821698
631445
113965
571341
396300
217145
177193
848690
375198
178254
38714
470957
434655
535001
191925
502020
763365
597972
303139
804515
993633
704015
504056
556679
852392
535538
556333
397651
441630
50077
15485
395008
658241
223216
242810
772978
126287
957926
420617
561957
695381
440860
402752
245318
910998
655728
438618
231518
238612
914629
913621
890921
291198
713762
606377
211333
318069
410298
152612
118982
971581
444166
976550
125542
908221
513422
26487
405082
411634
73416
532288
46079
163126
160791
158637
190707
437417
347636
84828
788225
145337
330474
340546
590708
932052
508475
616283
490060
18983
74784
286795
584527
652881
691886
276310
186486
227049
219348
295289
719944
895912
875841
421091
102469
585013
206306
729363
766392
248204
988489
646991
280688
420490
821609
405950
482120
557527
122750
170467
932641
771440
144394
992054
423281
173967
372281
780384
788469
421818
310630
179284
759170
178789
966966
887429
490361
822853
528226
748743
522969
104371
307027
445958
720495
217912
256166
2269
759272
976635
388687
976212
709063
421380
461017
565305
320049
966828
380363
868569
285861
351268
481511
535387
800906
555422
805132
783930
509985
25371
587771
953693
159770
684242
330934
857045
138370
112442
211908
928754
230617
786612
211858
698562
250050
308760
276723
473831
260051
923675
256136
81748
976204
643994
553019
788644
573925
760837
387237
871767
952384
469867
764240
53545
555646
385245
885206
694609
665902
705730
365736
914899
438815
98295
480299
963074
115158
827296
222780
77142
166875
912080
771412
806949
801582
983633
546887
93058
587927
304528
591271
761583
935707
500968
190021
194303
482250
213321
317335
760397
775670
571845
73013
448787
316798
526391
988606
928552
36488
952208
60567
781976
708301
863103
777875
964385
46605
794044
976815
743112
67172
842738
764596
615446
108149
340999
918271
916275
872450
665289
707485
911965
356190
153654
486096
727045
285369
800936
962351
942662
396187
379675
636073
627011
848300
461660
280234
52763
356591
909712
909590
486604
163855
140959
587250
515169
221010
284859
648738
124889
640426
117073
952653
294870
625130
737354
280924
860670
985110
127294
244770
87666
199699
150646
812502
686249
17853
475292
286971
425512
366807
358721
210848
251680
127645
655883
886659
428132
552054
831929
753553
554885
89606
688533
270409
225740
910047
639413
602686
267859
417111
749101
789435
5248
515508
788244
24704
516575
195460
365041
17003
245403
619210
385667
527986
480857
885778
60394
538061
2994
764390
202485
279409
313098
552153
646857
929462
624657
587520
889898
906970
257302
267073
612585
658590
578755
508739
566698
746318
776825
926597
207697
687710
251849
475786
103497
588528
42763
62962
486129
185522
897503
582949
340195
831461
947326
452776
253857
661432
582075
504273
95518
118098
896604
121879
815591
131247
312783
908547
712108
644130
505483
867331
96367
273336
788356
450205
646920
653885
816266
215617
709074
885144
354431
324727
201014
499025
430259
505975
766290
135924
122206
589399
831749
232013
489401
771423
288793
767890
151929
422200
218382
161504
504489
783235
434175
812062
897379
503367
144051
641406
721514
283906
470979
444962
924071
893792
560867
466779
316671
82889
781966
600460
937421
817749
181970
236333
370305
501019
999989
813867
964180
262823
176771
756333
963431
941641
477365
716146
936951
757258
836800
663446
939711
676346
358263
327284
918507
80997
724189
282212
266612
97124
640779
230885
319132
462543
354746
827798
759496
83536
488686
330463
947125
591123
73408
51693
575384
122713
935046
598042
617558
107308
601248
136618
161565
375981
751330
411249
12445
230345
104089
455763
774567
962058
851388
901348
739552
764554
415409
545005
545
467778
603640
697360
698799
489024
763960
190083
991250
893047
269284
99576
109844
834800
322442
693597
959064
424415
782328
866879
961364
791824
187019
390154
231916
263360
89173
959083
499116
694280
644842
312982
857890
362804
374472
6307
309462
429042
383584
67667
249383
563494
51845
237105
56196
601435
545264
795924
702275
878355
526829
209473
113377
273599
532582
871341
613591
306762
990922
222559
410325
261519
332698
206836
197534
67564
20816
695357
987199
210158
286828
255747
929261
925867
53980
749738
