908631
47817
241590
949172
311158
119825
183656
645394
921246
290888
31717
573529
795939
915562
318399
234678
6808
849051
268276
201950
382234
825389
28624
728992
663414
92222
183200
753106
844344
645694
491214
73709
905681
402255
514846
706997
885220
828101
163396
66192
684525
458765
47519
618681
460622
996457
860758
467148
947832
24217
230414
505665
684402
950550
626053
640694
285705
898743
114766
10596
800533
160055
558569
939572
925091
130062
250174
355114
670916
9019
139318
963327
488113
736547
705846
909069
962905
494291
978809
164516
776265
386658
363913
185338
7415
585074
506010
930366
224492
766741
754819
926093
412939
918859
564570
145534
314753
939114
840234
346392
432523
848407
817556
536803
869279
266480
236543
615772
829432
497164
888637
647490
44865
498714
170876
105869
794845
211558
210341
736830
754705
73786
350484
138833
919247
648673
169717
213328
80864
984262
682999
923777
249708
402620
866800
163712
871081
277335
638669
891111
867934
784439
614644
626537
354899
985380
367800
739390
481175
831189
999480
161336
656877
65163
955861
766005
169493
970842
338573
157997
386034
775880
609465
957291
418653
255374
420319
450649
302277
725436
244469
591860
762368
705080
257139
323166
989299
273126
322899
76306
454362
301540
651944
952114
828085
448236
94232
286908
694864
83869
764536
524443
716781
315219
958786
135642
13071
553714
931957
985843
425637
565250
108042
79942
152402
419636
398734
628261
791765
589955
77153
918476
359898
604278
227081
308590
675868
905538
50483
146602
360693
98572
16904
717468
880451
263819
206184
959952
814265
361164
604678
16466
554879
522191
607712
907873
324615
443919
587609
686465
975150
772319
174580
74352
63050
588400
598319
350896
226262
464623
477050
958595
305847
513163
86674
112437
671530
856084
852735
543059
129997
357311
74982
276601
563655
76742
487564
98057
740884
909164
639464
517624
306608
718814
272482
616130
789087
257845
400622
192702
629271
982872
597376
910668
400907
955583
40171
172010
916438
878610
188058
178214
433344
469040
349737
707694
15727
787275
596321
855875
891052
189296
401870
966156
738385
297892
946431
358983
150605
18282
650330
261082
25620
456354
43033
57160
509093
967627
104101
245375
638649
909033
962061
295117
923077
815490
835363
296947
429228
53122
450931
327570
433733
310078
788257
752898
800900
804245
660766
49474
156615
821107
844615
703369
131071
861871
484570
592379
716921
572692
440213
308151
118664
941757
413229
701709
289553
937498
750247
422669
325619
20111
111959
824634
497873
627259
437811
436638
892413
836501
162771
226999
206850
462835
864136
942927
214734
888485
346966
912361
498426
885310
155151
417495
525240
469426
75149
49769
983896
569691
47755
735808
961783
442710
883681
60288
17732
352010
416090
347300
658032
370761
427891
663595
649586
134542
191795
387312
860340
653158
253409
526935
234653
569708
163431
755043
539579
918573
103105
266149
241741
82602
722466
999375
650603
852155
776931
852455
548755
279952
221416
494231
389201
157331
995922
738401
579402
773865
418330
899823
56101
854936
102736
923656
248469
791106
318321
1735
959248
829854
142406
995813
336618
176063
111232
411845
1314
829363
420595
149554
916528
864690
380732
643349
731544
890946
226973
361983
987176
711186
743569
67541
913245
875191
249344
63832
434278
199616
488462
517263
266944
776056
406414
608468
983936
966455
502997
244217
746351
639397
50921
875605
322319
58765
924503
498478
394940
481305
476195
980612
872430
439408
354330
769720
446619
555497
878084
794839
978361
849194
91958
151496
60385
922593
821571
976717
535183
583838
656915
629625
525254
306636
839115
142831
322000
95691
186220
380754
810531
374251
575800
462542
510304
827206
102286
17154
415413
333306
862231
759241
508129
548993
9497
953252
157015
470255
513257
38981
710524
60936
580605
593210
18443
553276
899551
317365
433240
866241
204030
625140
921266
701578
464543
643409
127073
247209
398897
702056
957774
306494
753533
189024
446914
710299
762492
278744
288007
926710
675714
974448
915179
191945
432473
257201
726370
833738
168361
175194
126539
567298
636178
478216
580683
87117
451228
44225
89302
91437
243590
268509
405964
109002
758203
649105
458687
125578
975906
814105
447315
451913
859028
902273
737791
102005
6889
205265
245552
527177
960427
38931
903116
937060
542252
997570
55827
292613
154036
151825
53922
602086
599250
300501
610386
459762
843859
553103
875581
331619
554961
816346
983904
276092
996259
920557
605916
392672
919090
889742
108759
569166
865515
817172
638335
759866
554320
844311
693295
741704
952809
164726
466474
541671
371033
343876
215043
570760
147723
452623
588895
531450
318859
700111
695315
728996
749041
383528
13415
507102
682552
463836
578364
395180
849260
720976
194121
480599
925058
292281
843073
722282
212482
240547
567569
143110
952351
475102
985989
639715
787623
841861
269322
914979
480533
842860
213454
890772
626052
649317
421316
449219
420670
460463
232771
610679
497075
915644
427726
408849
743749
424734
658095
721662
182976
757901
911036
899158
86759
332887
542139
136468
556009
801125
534306
152882
968947
154085
391735
435873
903583
615001
665174
10018
536330
674044
375185
489348
240898
718796
855025
163450
898462
449593
988059
701784
121193
949032
873934
795306
747958
831204
975561
43185
467735
573922
124489
805563
532008
281199
468080
869662
482502
75064
584961
798801
434014
594613
268168
328742
532640
413620
193815
190440
238801
940542
698026
892749
925952
612327
96492
669464
172176
269751
488595
502734
674484
597424
314726
741842
263802
841084
196575
670623
383806
546997
677803
75874
265215
692048
739597
986930
614926
26663
725155
939629
386722
105505
212097
624496
256649
679232
462970
629554
203001
772998
469501
551677
265669
884741
948635
185291
879723
124802
820390
825273
147849
305861
391477
95850
759088
318016
999941
440059
140433
73625
403898
761758
944148
752022
187523
513301
517704
442788
979739
81549
141429
963140
35883
516181
985036
827859
740428
704889
481344
246196
947947
105151
584750
853276
989830
801469
945591
778169
961746
324693
970286
113088
721855
784399
701485
247314
159187
751825
294018
26122
808755
397181
712135
59749
16641
590631
219279
999567
618526
669810
971068
927174
852112
350982
683182
177133
124351
191535
94678
669231
672346
599189
788328
941198
483671
671956
726575
338759
281815
368440
783034
61604
2023
963158
378356
664286
819939
111881
451410
179820
303733
426504
440165
596076
607227
531617
550223
994797
363207
457620
998930
837271
797823
804302
345412
692407
753573
782657
101727
289195
944433
942940
514292
126311
38619
615340
125824
69409
354165
16207
18839
544607
609076
227344
402813
769883
616463
679332
411476
107151
975487
115008
472239
600867
703847
730261
683076
261041
198478
176937
312256
3441
547975
873299
712757
839110
95410
872659
497199
122340
900315
991884
368932
530204
294335
430622
290953
651397
591471
763428
158593
383305
705614
164039
159216
595465
104117
813885
758318
818222
151029
604578
577432
953293
671484
689
400576
779446
956816
974239
226372
129370
775737
167316
455740
761814
158588
1159
827853
944864
307905
793012
22491
823436
737558
180285
77019
366268
305676
360411
211270
878562
552639
826879
571305
544691
885108
465417
77209
35051
756378
298019
90564
477942
694579
272764
281379
853826
850956
282269
825996
533727
394984
439849
212196
735951
230971
271605
82354
131376
440082
626177
501262
364099
518352
884883
667704
217944
402642
757615
719749
505944
390068
98933
878643
587311
854189
108695
611294
561876
206805
2932
151116
795062
384584
406742
646691
25476
432674
192965
391034
711705
938601
660614
153100
767043
977931
637235
673225
219054
929916
998840
361606
484530
245057
563175
446421
642166
136459
487737
154288
486399
465659
72674
175951
776153
696260
185168
815897
980704
7215
164607
571767
729259
895159
361915
339011
826134
807956
407604
953567
875179
869077
581943
925987
893869
18470
182031
117102
785664
133234
744887
79965
513528
883745
193402
14618
524092
78018
271017
120204
369302
295621
429753
756012
423131
189663
553654
734327
687346
974736
352680
145983
155650
686017
845633
186781
736636
400646
605311
5185
899202
737604
394276
935530
291122
777324
128144
664945
277524
786789
122424
273727
352796
374984
966597
544094
701147
466373
111563
512621
676297
364451
776228
166958
188071
633700
721769
467897
431188
946502
552716
169171
456046
591974
485013
416346
605667
91456
433911
866007
327763
773713
477582
349622
806627
595293
488888
839953
358305
970764
594893
679976
38671
9648
876284
838701
576334
154978
966403
470012
31273
647882
819274
302184
478074
552956
234397
535857
598077
686975
204293
379985
193007
805354
741697
725621
460194
786280
568102
382153
498144
143322
542416
195884
841401
388507
340292
425347
771820
641311
167332
868457
627182
759412
502221
702340
951897
529387
614929
583859
11188
283728
825228
669091
978267
229972
923237
351489
376651
457868
527843
974602
702668
620882
174889
106238
194683
898441
857040
624435
501235
805567
466207
522181
565144
456171
543977
231979
511615
951637
865860
647653
178045
540245
871329
284241
113803
490419
770125
720477
285395
383214
41603
191511
758042
994904
343915
789985
765577
140830
541939
533504
476569
57894
122569
355731
102874
934161
143730
105696
384737
868768
540298
725322
139980
887794
335512
197855
213875
183979
422541
809870
803373
881009
404633
200309
743292
428240
240107
119769
128790
27261
213699
621039
612625
364856
210677
48535
275818
185994
34172
699944
800945
873198
731576
983654
440085
468172
548229
946512
732232
738016
782010
176470
960014
643898
25531
927976
674792
577886
60219
121770
761879
147851
166098
574404
10319
627993
125559
233685
905210
539515
12378
93319
565925
202276
547745
739005
79179
695047
979068
554217
483196
861494
462503
955771
29226
266156
657340
992500
415632
408934
270066
614937
8447
928363
143990
250242
316743
578349
221860
20370
398590
322568
852194
177473
516272
405735
216281
321172
114467
697030
662545
978094
730565
481489
745256
663232
893940
735724
332015
395997
755242
216396
826402
931176
685764
696578
945217
403758
563565
223128
876367
640272
822955
937876
85222
80473
368390
902618
822453
889134
420688
606317
120728
138467
691158
873814
409938
768426
521505
239965
419946
81062
237545
603636
158111
98590
78615
792180
775816
102221
833142
259262
101581
286806
476021
965955
32508
546324
735899
620448
874121
482639
708424
827169
295589
20428
704291
991207
373305
653052
455269
837668
523647
601620
544897
668674
393789
393084
610287
298467
551263
917345
723092
973700
1201
725477
57168
743547
221174
143286
573731
909407
336679
607420
508668
248070
461835
457900
168736
371177
204207
694650
580532
477476
45571
304171
728679
114394
512145
647368
965182
235830
500059
252846
416573
274124
489231
835459
140271
871965
666217
944707
888851
538745
559845
121656
996323
302911
247584
891080
825473
143296
511499
995816
292225
849858
361162
525423
544717
632032
124335
313861
274105
893391
393229
934522
322084
75579
654780
216627
246215
782735
406441
104062
328605
549972
190935
878087
910767
8561
602806
322724
611707
263313
208286
526539
420608
683618
862248
783971
20905
626809
277225
637815
849299
73362
363596
484551
384381
366581
455883
113337
864459
233141
421898
353453
519351
708627
914576
994414
151829
400511
359266
280515
991489
846718
681790
461094
689511
326887
89329
184588
678702
249543
306838
362339
949442
55332
900011
174682
63036
598431
575377
789209
361712
793650
387232
749138
250004
165657
760676
264879
472840
879502
705529
945579
857606
147372
676030
928061
220008
190901
87033
5870
503184
254063
745415
314700
512631
407849
562174
214583
883990
335771
89441
447576
552234
363371
290175
634866
503976
848204
206120
520272
496253
505281
802509
287070
811968
86528
243635
471252
762871
543665
110100
213069
534275
775061
344082
622646
631913
36292
125144
751777
175101
132239
879951
374009
991725
611972
238778
172368
754279
576335
779311
972501
113768
201341
346803
395617
566306
172188
861424
21872
911049
231807
225493
186989
755579
251870
985611
328357
253514
594393
189711
6750
792935
183709
663280
271681
998252
351519
362727
507890
107013
262022
589262
213248
437948
325029
692799
757432
852193
158182
647818
352660
8210
170562
559378
181841
538989
338092
359940
17950
232079
615693
640693
121520
262471
821098
410072
786098
462172
129123
256216
218458
289783
513941
226712
778967
491183
312158
438917
858086
222447
806144
162260
690436
37318
245599
309405
646334
419595
604324
46164
44836
674027
557700
472992
339612
228177
68187
446873
706322
735920
938802
449507
230669
874032
160991
171553
17117
929778
458060
638040
563441
492674
870864
339170
359685
721624
532025
271052
822776
942731
448747
161036
88763
990739
435169
530978
219622
736249
751570
268873
322853
927261
768624
167322
117327
956771
828810
121342
257111
119868
518418
890318
411995
74188
475960
102025
453722
252861
925236
972657
496835
324960
29731
159234
341416
854331
45961
713744
245585
89843
61173
648956
527405
239703
881538
919698
801187
461766
853241
597186
544135
666687
799380
92858
717097
430723
72670
915740
635015
872105
88950
997473
705186
219902
373618
36618
674862
346902
138847
995582
569058
371956
211943
908805
69360
716369
186188
379679
636559
481869
181392
732354
448755
295663
2039
620847
547870
426522
10980
666352
897680
921231
749664
528880
110170
683545
340986
717942
207633
430617
206600
297856
919069
508590
457995
519032
5041
514688
119409
191573
963413
789866
805875
272849
635615
735938
850527
100162
454592
732806
661168
28056
8186
165284
890073
664370
201519
858853
480673
945693
984469
193016
351847
503146
840006
515927
855111
410410
303668
133592
422485
451592
490298
645202
506758
113540
860749
439338
565679
95048
138193
772793
474725
510376
908232
454619
288899
272827
197797
925271
611465
706192
151807
445862
65633
444687
548321
967650
793918
966958
678846
106125
429085
798924
633410
612602
159405
209773
793411
203675
449355
485395
995030
77929
784998
476341
730430
756074
377922
365855
356672
22242
873304
189541
501650
452056
693210
267013
600817
933699
732371
344600
576722
160914
410477
466613
717168
931285
415437
991843
848260
278667
216216
111928
795091
829832
63577
553362
841569
523907
510843
267121
952195
150202
858992
417648
191058
685954
845236
827294
149052
590126
346092
955325
873332
398107
785256
590039
647305
961495
433224
605879
96788
859820
821690
790859
464396
617228
596257
335252
982324
21530
32977
877511
628211
12883
411639
758916
797316
74583
947158
140848
619780
627416
681772
276913
761320
385118
902707
377093
380049
214324
916099
624895
934392
450482
717268
465632
484484
509416
516642
476942
950907
237732
828201
385459
869716
255329
437200
627381
516010
854028
701282
194381
785293
2867
441015
344519
731379
299533
239729
634069
445580
393440
298210
782479
277619
644563
471179
211787
363392
926480
742975
694805
350458
15317
470503
876875
530218
224984
219230
199320
211147
906709
785148
221643
939677
589557
587376
920659
455640
475484
687751
604185
169470
183631
623625
431354
902601
424577
914498
58783
691012
629817
756254
545211
364022
127073
81710
422945
248120
546733
461319
118080
91816
132069
848137
248700
497654
300177
665597
59625
53212
931777
638744
580070
562858
240566
638493
639060
928127
167792
554526
886962
233236
123861
863330
657751
142322
80507
761122
681994
598980
868178
799022
863553
339015
912625
809773
617973
405021
845819
509441
833950
839425
950638
775689
541456
845205
770760
674560
41202
858136
331221
546306
854039
290355
145434
235887
812090
251826
968024
492392
881115
104080
222653
974071
44464
195499
31660
456267
429066
815062
263975
498208
193670
6285
23767
145789
854251
570371
116537
471
782759
866968
779300
996819
896737
414374
596986
885353
305978
572091
398699
851236
795494
811361
176929
896326
420704
71192
751692
855112
794831
929381
368906
299966
314675
204867
816305
872729
60235
65144
382141
676998
249671
94979
208657
794613
147493
939633
600171
577204
265003
482319
89961
739449
721984
994298
145714
80574
717670
726098
246467
551559
595991
6605
520278
712511
399996
673384
727024
733440
760836
307576
810120
847346
757671
56094
895439
157643
942648
388696
313440
615796
374304
817333
959110
658124
803196
259617
843684
872965
850517
305246
808197
935980
501944
280787
412289
376583
486514
620030
623048
308503
140586
666822
453582
433277
260315
833708
474323
837369
327468
724255
615246
856013
257709
661806
972853
203392
993008
740248
584172
954174
260546
191
826567
687453
522821
269691
533886
717626
737323
667851
432428
29762
937489
599143
180484
331725
399797
192305
392913
622820
119958
378185
871399
396131
507751
462976
882219
617722
725423
827940
519164
730317
275968
144313
26621
224699
925841
705353
231233
596284
739515
717907
329489
285220
151180
172703
6492
82628
446156
444721
528636
239280
922442
741084
149793
915738
330401
432557
264540
883869
839308
925704
856778
582358
584803
320209
158299
618797
421298
756417
957630
318257
320308
292696
261675
937505
198001
162993
243532
873736
808177
398641
62793
677760
724636
879897
2926
14998
258927
816188
32571
619662
173789
190858
987337
839741
634048
449930
650516
709461
425402
872742
609321
836542
205101
134368
618221
965022
771154
813539
976903
631099
301882
927924
418987
598968
487199
617927
148740
878844
515174
837614
119870
802864
870452
879660
652333
128870
820842
446376
462173
166743
592766
987197
466999
247621
939127
446702
109516
836799
213189
683575
809025
511939
507066
655870
811543
390077
833129
522793
366422
942510
505370
641225
666006
845928
411623
133491
374826
92981
315574
749424
315945
560088
843986
725258
837658
545451
454824
973639
500859
108135
462748
840882
997166
286978
430470
779668
636289
328691
556109
191362
94297
300241
348893
843920
959802
664345
365448
915683
998132
905102
36727
521316
547245
634427
695562
651665
269448
153044
451860
41709
909744
397115
644460
945368
825091
805022
126193
39481
889565
661245
400222
860887
373503
115337
188742
634375
784284
865960
285292
840832
616768
537942
545089
112330
15837
397413
19514
263253
983220
162789
586382
20774
924828
352990
716745
743212
917746
765242
302608
279665
717022
10624
689330
866156
428349
838779
887782
416243
101424
548345
930407
122061
386753
474031
991593
283814
985453
995450
236150
764124
262610
419776
145898
166902
419254
38133
115591
517172
724465
22649
304758
89217
768633
247263
64283
488261
174216
396489
539411
966039
524140
217135
26445
992528
924394
172798
246146
701498
33360
949917
387474
554280
158934
346570
311356
47071
603888
14435
685178
332978
428851
364801
985143
681515
585377
336639
167918
67621
296723
185176
494816
814839
258882
828782
961714
793931
420913
879783
981984
637132
640507
502322
512930
271677
736373
414760
355802
247911
774911
548941
473654
340011
608940
658165
113512
755189
210379
486723
954239
541329
225746
36813
557474
497495
286438
856155
957865
310338
992714
290894
293848
940383
99041
97630
651065
809377
501153
135932
299413
117201
334038
720150
266702
253602
291344
47481
609628
143331
962539
369936
879970
761101
778809
991690
177900
476604
431566
576666
78216
481595
682087
944344
402494
219064
133111
165829
398253
337046
821968
19563
115587
403873
954026
159907
84376
55133
755668
459376
765992
894775
820148
579657
785707
137437
84860
523765
946451
581161
317996
899598
972129
845688
177213
147495
474789
838682
516913
270602
256848
683106
181557
17626
393399
799964
631279
983383
899367
742942
183850
740736
875295
692791
548763
161235
143086
227909
340944
90928
537322
21859
597812
285148
260810
229886
182593
886112
882977
646665
595330
523537
991351
786631
935876
99627
2054
995525
171161
67223
351246
817386
125192
134028
749717
156774
922708
508369
926143
69896
653031
686625
885189
502828
615259
333479
110101
301649
508774
497448
95878
385097
128863
750976
708599
26249
708209
732612
244419
602784
272987
483079
485922
398469
773601
191160
775775
997705
592723
203176
914097
326635
807863
618282
362105
328266
861269
432787
575511
270197
943328
227617
525609
409886
328572
475448
142178
651502
938032
909831
528898
76914
498666
697546
236343
946802
576873
187816
279248
605666
792523
156220
683738
472050
743411
803441
187033
56448
797014
561030
683301
578669
612195
487409
653406
163853
248012
264224
850189
476728
581174
149786
399576
473342
193849
927492
895714
264311
174548
976320
360253
425719
364464
370096
869708
494561
656015
456216
901050
344851
500881
564897
603921
99775
220387
188602
365688
341785
914244
277977
427916
775532
899317
691104
797273
783432
38013
908954
586677
451094
86038
338980
169209
347596
853048
937576
696157
835899
100479
29829
362607
728197
233531
788683
110576
354733
397524
484386
183691
907527
783128
121162
437618
437774
433507
363452
548055
41300
285418
657904
566405
272852
858148
649144
169304
687523
433877
114250
325343
750789
112376
680283
586444
456796
277320
533222
810006
882876
308267
400971
768748
188569
31803
572373
385941
745378
968883
850516
566312
525351
347571
128233
298725
419060
832048
614496
610927
478210
165179
142071
444903
901635
257900
633277
455398
980380
144747
864726
913110
921967
818522
677083
739374
437141
946530
485598
581960
959723
879641
694411
867040
763652
1165
123241
394859
622652
402352
975232
254226
638380
401824
631061
90313
472185
771345
261585
694096
975879
675737
319104
843206
304587
24663
527349
731301
436095
860289
669578
232158
109614
850761
914180
194578
601327
323052
260950
452010
801262
26455
539196
205523
934117
786614
855432
320473
385387
685530
778234
395423
308131
987589
923463
580345
861461
822165
195324
867430
473177
636683
290876
677677
943663
914552
627365
591378
39084
930563
840081
531637
445519
46105
302713
936456
48690
985841
346227
128491
138332
435387
156508
227110
247091
117540
113104
581634
713807
804552
750550
470724
556329
670901
353177
835783
632306
478424
769297
452405
166464
850759
472449
764514
577955
324650
424729
31429
666198
67527
529211
525715
675985
487208
18586
125690
101627
812330
449343
19383
785213
234469
420518
507156
317490
887923
282053
103745
732346
85727
586540
68622
480686
178668
641799
464643
926254
245567
672193
986973
827221
460393
757379
155301
398350
957397
332762
801389
979008
846859
298231
177002
202533
828702
519503
500521
157432
904952
906083
663152
770317
265920
973338
721522
587642
946213
486922
919021
732531
944906
882261
419300
749236
268110
708848
301044
271831
773239
693759
632278
575429
424442
179292
613680
752777
582633
879607
595544
308032
60281
641559
762982
153773
536047
549503
103220
353897
682023
282283
620853
260599
3137
764921
160239
951734
968040
244773
589270
492271
823168
666349
885702
543182
851436
271379
905053
7022
990393
944065
994739
390285
90026
589894
625144
152351
458848
352383
168
120702
730982
110225
276717
775742
723735
787858
277713
297055
596076
214407
53277
219484
100006
842888
878035
888864
966420
425024
316165
173272
722690
362769
190737
922467
900222
289556
139450
788518
466632
80958
687971
107389
297365
459614
224490
484108
583744
369026
631774
401331
734222
622073
858143
576032
833692
578612
363601
13630
138087
782854
403260
361611
733048
766411
506947
905799
143402
478820
631999
281736
676377
823200
459000
556650
215017
205366
494400
846500
558512
635119
158955
863031
566017
257632
904430
390463
649686
244629
25427
686380
337817
200842
613270
29258
854415
944722
433696
876604
119458
800475
161373
271495
437897
753801
155452
3786
408406
743358
58818
204620
200155
553147
790283
927022
669306
721568
92255
950079
331336
256783
31661
757102
813661
434223
328487
674394
726075
850508
723641
486918
997337
229916
731623
789992
454987
413277
638978
222432
80719
957145
430854
10630
688310
144267
195731
64348
811436
364508
13318
14498
829927
105862
693812
155977
969832
804122
294466
4223
858097
909660
380772
486185
197508
412492
836848
882863
90579
924736
233054
457776
240009
307372
164255
205655
438387
874500
933398
725893
227085
203128
205175
126190
623973
647326
386875
796160
102318
694254
754749
57469
444324
124262
375988
296810
709718
626126
471630
463199
695829
824726
716389
205439
723447
687579
538592
234306
878344
905672
588649
240686
153231
652377
415238
828965
260792
392379
375062
696919
568931
266704
158123
480983
214792
63438
190846
56203
87876
685895
956691
977150
704965
315395
289066
343248
723151
566217
309279
822605
168488
843389
285279
855386
879462
299491
361607
248843
632851
189378
448474
10450
201018
785763
670815
760787
200209
163640
186005
219987
314818
539290
714068
106574
786776
98027
507970
226919
744706
313307
544750
261114
24391
828869
702988
853006
153543
527033
85390
386662
116266
677653
465371
719990
665959
62732
6510
927347
503155
851273
216078
951811
376900
803436
471973
414100
114688
627890
194944
720392
99975
715188
946722
935118
711770
807686
917829
780108
651366
14208
250798
936568
829617
746137
254443
823366
554976
927022
636140
993276
399586
942051
134588
819617
192125
345824
288346
410771
824307
532221
961400
641016
799888
386488
519247
458125
980947
913443
265309
851354
540535
283419
487677
816262
820316
313458
906337
671495
519831
883630
158893
119985
996115
960811
447219
762160
248098
937819
971399
213265
73188
384110
444031
721146
465170
624909
426505
19706
75176
224575
575529
978875
337261
26991
812621
510548
789536
563781
359758
694203
971328
862320
922181
131224
250296
705349
535048
583988
658918
17089
31424
41936
640903
574122
934952
919186
251520
875796
395620
853019
423819
472576
849212
848180
856892
995487
961715
970022
228335
987764
474952
960872
441169
87767
737416
788275
513991
181653
346190
564082
317438
359285
800665
243029
876624
184982
75784
632581
661904
57780
726452
851250
311282
770505
854826
233351
843290
149840
318212
512383
837631
846564
754594
448529
571004
943303
8266
248519
407027
848575
173786
945773
564574
375003
215270
766180
572532
931284
913458
521878
889651
400078
297357
303748
67280
194814
682952
260666
240889
858725
915346
442404
515971
120826
231921
791931
19573
184549
307551
547288
762992
201192
65919
958569
404921
963160
216250
617025
537573
938761
634427
40521
597728
337097
857795
911892
461785
387458
705385
42321
629262
6915
805170
674521
827375
621080
457224
610280
742322
434069
948379
34153
905331
147250
609297
884778
206725
891536
812523
281455
325977
784794
46133
124770
745161
267527
669737
793832
104962
593083
942434
193166
849420
887245
84280
459618
553336
746659
488060
897695
90981
607674
454865
865216
930158
787714
992037
494517
595315
701030
344715
608627
600707
796713
867703
589350
816931
403436
403221
768962
306493
618380
900358
586743
759912
716136
900023
245251
110416
922368
206752
473953
801986
719865
92503
129695
933847
375933
923854
689037
118330
653439
214831
600209
69911
127708
604370
683224
35617
967517
478809
729383
234240
324633
300649
772303
217366
900023
433733
123711
150125
618257
27144
15347
288511
424693
232703
254539
181920
811717
253601
930678
751564
333758
561964
338253
91017
90517
878300
416508
107320
611133
180554
742043
917822
911622
279456
434907
121417
343583
478901
250011
958977
981756
895945
113114
723213
517523
776990
788615
640959
248640
476913
299381
692957
67080
207636
139434
913229
719674
794089
433047
367580
984305
601405
139745
937067
381879
478846
967453
167734
574276
545434
560283
138946
765476
781430
395609
718947
303030
480776
366809
615335
687184
6610
466637
382755
120832
678012
913326
71320
624237
146188
686827
912513
108253
457220
22719
667963
214544
26456
249307
279889
326921
846282
911043
891875
671148
907684
776181
22195
244227
238673
471939
648845
295578
784153
779650
844496
852427
430328
812443
319708
650836
406297
729470
777114
481636
700532
650935
115362
186869
570497
504153
749325
140818
973655
420758
845913
989242
927142
601265
804466
510429
916557
540106
498467
618371
653849
746584
833945
347916
607131
406454
848655
255442
356453
252500
667
374890
453857
665230
172373
987082
105037
749977
374303
187972
39383
781337
773334
367280
387728
120401
195348
420713
14352
733042
20190
578094
529063
984852
276145
169576
125563
409794
393572
587338
469379
757039
739322
890964
873567
911751
695430
458547
785233
942753
437755
179267
275932
288272
432144
612212
687351
209305
700940
171850
842862
635646
447091
299262
419286
315769
928653
176258
261739
188165
789967
510754
163464
412885
749417
279558
718849
866280
391595
602580
212704
163188
749524
148914
748731
422463
880825
235945
257582
382157
445711
945381
694843
71476
161237
790873
732858
224139
398304
805503
890302
916545
388804
626109
92423
626762
16092
886947
851229
341747
5175
663505
30991
464471
396703
87926
561864
921770
687943
133043
718346
318578
299728
946333
915658
327062
406904
418529
309736
915151
933216
493827
448010
130555
237624
392447
858644
865360
621833
490128
471877
213869
865630
103182
121969
926604
74704
652082
11543
665876
327469
321717
778142
836427
829316
657559
881
75945
399504
235068
958836
703495
953855
9713
68833
700407
351005
635020
826628
409581
342050
201136
354895
364570
153044
76015
497883
110105
773594
588107
396476
887362
985311
366037
654335
575517
551327
574775
77122
646129
22994
617165
980144
130618
941105
22893
148760
296312
165033
703111
294698
174244
513307
206632
687565
774334
655694
309785
343391
396161
299890
750692
710602
196088
355346
508598
271679
159850
207061
288032
377107
503601
694064
211384
322226
446889
547052
520924
860100
472707
950287
529366
832218
360889
530474
273883
488341
799644
114366
937902
851348
275209
866188
968546
509079
60602
428408
771836
268341
939960
627225
298614
163382
46574
11040
251616
822606
527578
546402
396642
513719
367836
186819
724892
876969
561585
649217
830382
631801
50297
189594
835603
110475
842100
450843
337768
107573
488395
917959
933323
492722
762827
165600
411294
711680
713900
536852
153259
854615
931728
559687
46434
903494
316487
701433
288445
14379
277583
450132
940676
934990
902745
852117
358508
655962
305094
127380
880603
503866
97777
547889
371591
791437
387301
436317
698492
513989
273391
235906
27836
187937
911183
2640
524928
433284
979976
152486
155165
680434
503447
124569
922242
301672
809536
527075
3358
366293
315907
843819
245982
116408
584814
362540
753236
608215
345356
260101
105203
221145
973371
757597
827191
288321
882651
970865
161441
644359
389282
604028
941152
350229
13453
840322
276812
26075
564913
177784
150987
343119
182768
524563
742742
761540
32839
127787
786774
168294
965187
659404
756648
321488
521299
210202
604352
765578
333561
219870
380009
303330
989083
767601
560298
666533
811574
994435
678981
154554
366514
496073
567961
555612
937232
687617
316519
480371
904447
172579
137905
212109
905550
62501
612350
977277
147645
297771
756795
228048
968940
564042
915771
694313
627637
718904
938847
250232
414549
545873
476497
777819
964037
646664
539498
245841
833063
835304
859316
957143
104988
256134
927881
863521
753842
974726
535514
48118
693051
45510
935436
899816
579512
534506
169532
373487
63924
478341
151267
189154
553262
686240
633365
257169
538607
634475
342820
287937
84409
974782
175329
434437
695840
424650
942338
178165
168114
309600
257887
435662
748049
757341
550487
578982
52706
841458
24079
873162
806174
968332
268314
823221
321670
139428
86517
636015
603699
644196
704617
504513
166859
264884
566867
703504
97424
344609
874176
211870
148242
285226
530994
517208
267013
692774
648704
325980
366509
546325
347737
737420
663861
867201
913832
789768
809440
733904
290580
887307
251223
68201
213407
871460
325088
858177
76526
526030
40111
789121
891367
318254
301975
78678
852726
835178
332761
361492
198187
558369
46365
103816
828861
441866
918527
388888
148210
783404
116736
283801
496342
705975
771997
990382
232360
712702
545277
934743
29333
229138
357699
888285
107996
933692
109315
784024
929360
6294
748242
602652
613756
777542
153975
146494
562976
841176
887933
763014
642330
543351
820010
964659
700960
326600
784906
292901
570794
750628
381284
833067
2221
568304
692302
179753
445633
591450
508829
226470
967651
853937
876980
281904
624471
865441
288189
622892
552614
788170
494582
836990
949253
555325
918051
194193
462678
918802
707746
349699
434119
113769
114779
372656
256985
410683
976405
808858
332539
939548
671590
309042
382228
178447
376003
707717
512544
849669
19701
63686
861682
378804
227565
894836
811671
111697
581870
524072
289179
687722
540520
728445
968933
298273
867237
339164
84221
202696
760924
110690
374958
471446
129763
888369
914823
299652
948610
828944
661691
853063
886883
364927
649832
950442
239589
918172
468981
955399
32015
807787
923156
872353
317473
544646
53863
21217
496839
644896
545343
610860
934887
923511
898943
358557
870809
797462
939871
851812
251254
406404
829708
929914
825417
633933
443117
993472
157475
711082
385665
798452
670667
739279
168804
63438
609938
242449
849072
511357
930883
651827
125568
77689
258425
538828
268048
348421
942924
12054
861824
121859
722147
129237
926712
602995
708141
35873
284645
45130
125931
918098
724576
973291
308452
856968
680944
804740
246972
191125
362598
724424
381215
588231
817703
485444
189272
62677
300487
248352
156926
316772
600719
770869
884109
221623
484897
836293
220562
153970
88819
365851
597504
389705
979895
409664
129697
983946
746011
579287
217638
28355
4268
28566
831647
258641
698645
767649
104326
446278
364038
187332
430197
729334
653104
196941
412536
445214
19500
192196
428349
481202
875579
565129
257704
22722
518504
260680
334147
813448
992970
177114
176595
851920
25638
716219
506501
265668
256817
595748
912839
280723
472306
816197
481780
261054
953798
568737
448679
42879
663038
424389
131441
360214
659170
173414
794405
301041
313753
952534
784
250614
226912
735395
614982
289009
463864
84236
192919
41493
859485
46241
384801
908209
287664
220662
398463
115248
18678
631235
645343
627212
174393
608027
393778
505681
864076
516359
704316
958410
875052
654463
46347
834122
29058
839940
667332
315800
4294
791389
929816
907576
421949
375660
419990
682834
445666
387115
421211
672898
502755
214857
137764
75771
737538
516315
474116
523928
781020
535104
41840
276161
147847
368598
987704
692086
577556
717331
198225
921979
765235
267777
968845
362272
151222
161560
97643
64300
269806
832185
53515
301734
653746
869637
599738
240255
135102
756376
317995
498655
517431
7014
655943
19338
896844
923696
249883
865263
201977
972066
812400
41869
164965
499724
298232
592898
138732
100411
183140
475634
938551
883187
69971
116112
82822
366284
741284
276876
711567
282342
450796
188377
86080
130699
304003
909658
92321
941599
794297
99112
191317
512454
242726
944962
547391
735762
889567
503122
413058
818663
735429
830296
493664
442478
748663
462197
816388
191474
538727
692566
