35693
388924
863234
322449
301327
915217
187653
668776
501636
131930
505041
121488
281855
615899
643302
973724
965719
515281
850412
580401
390231
987730
846486
572037
174962
974179
693348
851258
942035
312790
482818
875089
895443
28254
270350
82508
767876
407025
63671
330213
751658
930776
388737
86564
507402
287062
32549
19233
692506
211955
29204
3222
645271
401124
483996
455776
845750
937112
24228
976658
620274
49569
804817
781750
20484
709565
764939
741601
989873
369537
320282
349362
301949
325409
758634
298791
665981
16030
846125
983003
113546
66508
784095
237664
851857
826047
779621
566709
334152
188114
188303
226020
404667
20563
329981
457339
886916
910478
112413
293156
976921
392692
540114
532835
352384
140776
183920
845036
289181
891303
161956
850015
400812
153297
710129
832865
242249
478616
550101
160280
192940
268676
763786
511618
55603
873248
598760
334451
31192
790597
68007
796521
94274
468480
325506
685325
154999
526819
975224
263881
873454
573285
518189
329664
81026
615414
238381
666287
808835
828644
857232
535326
685799
864675
208440
344770
998430
561916
730743
652338
116547
392469
62862
251012
17454
312089
169936
126276
146918
923587
983334
508368
309364
604428
711595
121427
536722
34671
203511
670300
284163
150486
196665
720410
670716
352739
630142
321526
544896
619868
852814
562637
434953
390579
219317
901385
369378
417841
752479
50203
372498
849791
293405
230039
396082
500625
389060
136043
682912
769583
487540
442877
903308
130529
300790
972833
963631
361079
421951
186100
750620
345394
224017
610583
259375
195603
378753
814667
265442
428221
749971
694502
707582
27657
269057
151856
895534
914727
428699
832285
110254
3179
220040
771622
232547
756795
232106
570502
956869
766484
19872
468558
421495
120116
955557
686373
500728
24936
556757
594080
671921
139570
261520
318202
954734
331222
361143
762416
90026
581313
244884
541948
658562
78935
440086
525547
878476
650712
835961
154845
946753
771182
976068
667545
337877
706517
107372
352010
895016
844839
730966
44186
606932
435331
979642
831594
642470
169049
946275
648107
879530
915349
817490
943132
522208
95590
896387
460192
296139
230058
320263
530107
552487
735992
187472
589033
45946
292297
347147
671003
815299
213443
605288
940431
187407
306916
391989
360714
211819
624967
413672
532085
964212
359382
95995
456338
465738
404557
407282
906841
863139
797735
161848
530035
975036
773223
439847
164690
350505
834052
822375
380843
810062
609842
804909
684497
100390
253065
631589
560815
586752
532
85547
598370
403082
319225
225906
854257
826118
202688
97287
924138
667225
428993
336048
308250
281858
63150
590894
73448
505768
762234
823778
568334
570188
565925
465932
678517
724125
799526
135662
544556
321258
180916
549327
391942
905074
946288
84635
245325
174231
609394
422440
686630
10801
398958
193043
597891
466239
348483
617865
64702
427705
18144
530978
204057
236801
800659
223079
486991
771575
11696
109556
846614
326507
402522
339769
618420
979886
893937
705114
238267
893825
355480
39478
466531
112559
794145
206469
558466
212343
185112
722459
313642
767905
321385
98569
179679
170417
706158
690146
299315
681849
931353
995483
584768
658313
229562
32908
937986
723138
567662
878035
160270
870665
989029
300312
885107
558743
180622
368810
526572
754988
887201
300232
994558
845475
900168
791741
171700
413793
803499
822178
49205
435943
104471
328135
690111
884680
644938
10029
109826
559412
702109
805354
710875
484658
529486
335599
110123
951532
972521
524454
772052
994212
810323
647157
173712
603973
837619
913248
73453
779604
583038
123211
514601
604037
614877
333468
784678
29994
153852
829695
327050
554182
13681
834307
800309
326656
802311
83746
871968
241651
922599
218718
288847
286306
649058
301766
116402
844617
979037
943448
704478
533710
699994
899264
394594
784407
45471
110591
62793
419445
518085
753447
705900
781757
212702
759042
405297
669176
221828
425363
556644
905264
182331
582644
9520
940587
687106
157150
880889
935476
455163
824519
571801
703252
718068
905958
530358
921056
494353
40466
48765
361708
699224
232392
30845
196701
476697
202763
380386
243548
58424
361254
953932
125223
614872
766477
570827
261825
578214
888418
712058
444106
86527
974099
424949
78441
593855
263392
521336
947557
132967
261370
129365
150099
687274
743687
719377
397738
414036
51138
999324
640178
931928
779520
82412
398363
612148
278093
19317
76394
530563
19189
336391
49934
698143
508511
444611
675665
258352
543635
838267
695146
204694
789403
995365
705775
669039
973448
460924
771239
808837
515276
837492
80638
593111
102660
382232
696209
550338
935513
67969
58793
538316
205436
573045
92678
119053
646350
126937
541456
390203
609122
723924
774194
81808
254810
955970
833731
565530
284142
559122
716505
117855
729611
449789
361922
513130
170967
723107
502669
43831
338835
743812
123651
500278
838234
231767
204276
543167
870726
219723
985067
900499
329330
681879
687235
795595
381465
129600
22739
360096
240989
497255
316036
519702
946660
356876
590788
212037
104029
361827
437843
575941
727328
168337
134459
418421
863860
425027
707677
771176
657386
615851
21093
445806
891750
432857
817247
526714
984062
991218
661859
442741
710266
272463
702060
781470
783035
794164
122951
427931
620537
362155
628007
477153
3109
696188
677781
967165
693869
617932
66436
682941
92318
102416
469635
267197
442083
40876
778315
797649
192107
730604
546168
999884
565673
273245
188181
292139
95029
801865
325072
574242
565136
768014
792524
410944
754436
88538
670549
593473
77802
92357
35759
558256
506181
518027
619335
57527
540748
310757
641547
331077
740677
548930
799061
100186
613773
638311
293506
168114
807348
626848
992545
357771
828165
304481
175047
527253
118563
724607
451072
118518
549518
730628
27872
307959
965509
962034
482551
56590
242950
2583
359842
322888
455281
798985
371198
374867
963978
995199
884728
787173
18589
916492
557376
462861
374332
348409
897308
287060
356772
233405
768537
255695
123582
598939
982620
291780
846145
797465
809622
854391
413300
735768
198742
315728
803473
998293
603192
714218
617606
680251
243387
780090
478101
642594
82673
651034
925915
492264
902479
791089
367085
130922
256228
564801
277854
366688
34151
242765
681693
156818
597161
677029
631291
357243
431529
938127
738699
653177
913990
624020
632290
18221
734735
385252
274174
13493
432758
508518
878787
246787
772068
943137
229280
41050
835942
584192
637073
623653
715524
294789
675965
339700
191922
93261
331327
737619
360544
858619
480066
21129
938540
663556
858309
887018
565303
875415
24446
920025
746261
674663
683674
853214
1566
503062
203939
176672
958945
653823
877243
934975
508473
920416
457733
164240
248439
138275
533603
260406
249918
958279
584345
684121
856558
543536
381072
374790
429497
249351
212215
984163
633873
169167
394820
397837
345858
974406
312857
149776
490716
948979
847361
826690
734856
651730
434073
210364
987899
276378
358603
222838
519113
881768
84726
60222
588817
723849
437418
885653
728535
642793
992271
625126
130031
618451
36709
839908
8916
577891
406181
427263
235992
335696
42759
25410
956790
711504
516829
82252
827139
911719
583388
184488
782467
643280
790971
628044
348056
154886
38068
108843
456405
291695
208040
179127
885617
711654
269023
890935
419607
667107
778221
534016
238427
306057
132272
595859
718470
263821
865909
464531
21458
156158
981498
587233
378481
709108
721742
253014
410247
133145
678357
567324
880185
894671
878248
618345
598237
523069
418713
421785
786385
622522
171860
548839
204199
767892
804320
332552
731262
222204
5701
197669
481324
628818
253704
126771
967127
651465
181970
128368
207779
784055
624303
29819
469125
495036
313137
192721
232567
966092
163125
557664
885252
540506
495165
831305
602115
496098
444797
598391
884128
193555
958321
245207
602901
94552
676971
813747
296761
246210
972395
268910
355567
528276
352358
953246
167167
598506
765609
867201
994625
277126
129303
915358
110261
237176
410254
427002
18480
340266
806824
901043
762737
848773
749981
131132
435986
617732
376966
949941
490010
76435
727804
233958
319215
789667
15455
853976
365160
588493
195571
1936
899905
500192
275172
528361
495656
374281
438122
252748
90356
577566
708551
301775
542965
560007
515950
720040
185894
424137
351486
245004
917503
645360
420139
853993
16103
719449
677182
578684
798279
213529
118258
344271
873402
34189
957952
299795
876640
638272
131957
607382
758994
603698
173758
758304
164144
366475
364166
81904
118165
925340
535670
331918
786796
93197
506651
702861
607580
31209
408742
667551
463263
757827
467660
427220
796336
697219
464334
208625
792867
139536
799123
233577
552590
285468
502384
201979
687397
206919
353802
536103
928036
967536
650835
422990
606565
710751
112112
475557
805841
433864
768507
551637
624371
512893
642020
632563
19368
369908
195186
174487
46899
832111
29992
287003
705581
36942
529154
483570
188441
644141
781534
910882
218390
595707
225912
815519
529517
220505
85006
275078
724746
724522
144354
293555
839176
415933
466334
144063
51429
606740
213905
963225
103509
186257
618840
470976
339954
622652
66840
667866
900880
176307
615463
465716
220463
140335
657226
185175
923401
789038
375193
190403
794380
348482
413183
227723
942242
244022
435038
114380
904363
891800
547407
365515
13132
946920
513606
947626
966753
200731
635732
98759
541134
40332
622279
963698
8563
852160
604396
565512
951550
323284
801909
750832
735898
200902
12277
594866
663108
720348
806279
820207
874815
313460
399823
899841
790622
432490
772184
930927
984190
93087
861405
911245
105878
216492
674787
537646
957543
794083
424579
696967
832461
498110
404870
867682
149176
477351
778793
592443
718516
594467
9087
351227
916515
818076
955318
239502
801805
664713
612977
572579
77710
279164
191381
281216
112750
376072
916192
993663
694286
248396
877427
578345
559869
35041
342320
423405
62634
53468
299198
1084
924468
634624
385769
352709
802653
46147
159015
811144
474526
842683
275766
595161
133012
518629
796448
540403
699096
30226
843104
71927
775596
995631
450143
806016
367248
294063
986647
962531
644917
560663
412377
63432
331593
110437
730857
916383
107569
198430
185159
404738
213717
811507
722121
87333
403860
426575
660067
610876
98585
72832
343433
693994
474565
526975
273387
246433
136460
18462
214111
997338
911452
572685
288093
553458
929399
122248
230691
845088
298657
288289
817977
634959
510133
776933
982607
660764
389075
530478
15938
337390
139380
524549
849213
487468
129822
644657
951612
332831
99890
974496
728620
931686
978403
226609
175471
163600
890177
2588
101435
647450
229363
234687
421666
832260
769476
498309
827180
252754
866196
665205
359200
524828
440303
350741
117282
395282
152314
995896
206262
826064
806857
162347
128674
697690
991374
183608
145074
820724
767341
531605
209493
971745
226027
145197
470245
268982
433284
825608
696836
676121
52571
95065
420258
4315
275724
284388
870170
78704
693085
511178
80572
683271
96084
503666
524710
748938
437986
991446
82763
97908
266109
224615
874005
188041
608523
890590
633831
847863
623994
551264
925755
945607
635692
392141
32363
757248
622096
141094
450379
855896
935884
743384
440883
776215
234326
67689
801498
511819
684258
172286
644445
5986
615798
949959
651744
827751
255705
614727
293963
158300
761641
835011
126582
351536
702028
878151
641695
715165
193343
15183
334872
48672
821834
627609
974142
880982
93780
257605
143523
611632
960274
810341
913549
201043
769179
553575
689624
433103
539224
307100
844278
445945
188375
263652
997015
244582
182270
535160
162147
552135
435868
575444
761060
668572
275035
690879
96385
386518
430226
51832
492837
7758
987895
315775
699263
735195
399666
428349
288546
486035
531084
343376
740364
917346
666502
183
707779
18752
678726
381719
858139
120274
832556
889128
82197
609247
114948
35391
710242
405357
716308
140152
818949
583479
90452
270207
308566
706958
725565
992060
871330
394186
867002
219417
851312
572394
367995
182320
744607
968975
194665
350550
801066
426834
100980
992767
332366
825341
986055
516940
520578
923309
722717
310968
484709
317826
460845
834010
991734
905856
419585
77399
161980
556293
367141
606120
174918
240999
966458
246852
847949
699753
409322
115306
59445
189018
478581
180557
455474
756043
72426
918875
584712
998507
941938
988140
678954
722753
329863
816964
606916
905668
574338
459525
834453
386586
574289
663156
207411
696620
926215
117861
792242
506530
789453
320774
691616
61184
640438
850246
809255
382300
764145
517472
2518
32123
308951
666120
559609
247880
423716
827056
696548
635568
171331
968631
823695
582108
689666
222575
291291
588492
606437
386185
942771
242701
181142
991071
988493
341655
253050
870366
267856
45061
75934
126479
324752
310449
960720
494656
528948
401515
256394
886419
782841
818134
122314
1698
655247
120096
720509
100494
101345
770844
431577
607459
586674
126654
270858
177769
773603
802866
775172
472266
115793
799065
566711
336859
970459
43809
31009
114632
121217
937343
613117
452449
787688
499724
265049
521147
888058
243578
894469
409476
10666
999857
425895
853031
427093
197962
657580
236952
731140
131942
796569
957820
89550
658476
109439
562744
107866
349791
549389
388757
55106
626584
613887
709837
991764
964068
931445
838197
641266
595260
736734
384518
692953
609373
396051
732297
949566
33732
597952
26079
111444
396488
140157
88554
661483
279955
932987
471900
897202
249662
22745
670810
382237
775689
190166
653324
634401
607412
51873
661124
103388
143420
93837
856904
637523
521653
830624
184254
533331
695872
944266
566259
980856
153514
985715
904903
955020
472161
128749
934969
98887
387092
539209
551499
349556
198694
305157
702993
667125
294990
766435
182940
772637
517710
74901
627197
253435
655117
996756
289528
754998
454867
304527
722439
561556
132641
855104
874055
967573
887979
43739
261123
272572
400307
907425
175580
325037
353347
103569
528530
984433
162695
154173
983025
614231
136964
717562
387994
533494
699833
302769
851629
535245
646353
362642
283600
756043
431617
455529
722655
908394
314244
974921
436144
661685
245489
481764
486529
371883
709877
641468
693441
939068
834675
756660
66295
948848
485301
309696
389203
692903
453517
406971
900559
59643
435020
322584
609922
539585
900574
998768
310657
746031
693249
815417
228658
250583
173600
604631
526126
565905
538256
323596
286226
785464
733286
481164
134563
741706
892786
566636
776987
498611
296349
363512
580116
862627
678618
192547
229008
955547
522252
927513
59235
1544
290804
485617
200702
56262
429525
956734
694296
248837
993511
77381
338810
924041
190515
167368
962728
171851
497105
496897
871463
958845
291708
292394
408495
234667
633871
94969
770159
945981
530015
954154
452536
202265
596084
283444
717255
396453
480740
269725
96562
155626
201294
12393
2989
8276
135408
984622
654329
569366
29926
57987
601707
186986
523840
373975
922581
472438
762494
802077
142035
334154
776554
604773
126195
64966
851666
666694
212930
72153
608545
848696
819055
928612
928922
234750
226719
401660
99312
139904
322060
83726
464132
17079
814106
305501
963323
949377
244600
739624
960891
107988
433903
93287
134723
591951
480651
372275
700900
307372
555746
42885
708704
424338
258437
87446
67358
532487
672067
628262
895238
318211
745749
399961
871295
569055
352489
778939
53122
108908
836238
803428
373595
582945
413112
832631
599996
209132
946609
964036
243454
61737
119005
885582
487349
945776
863016
255078
469742
895753
551246
878838
65992
884603
971654
407962
590956
257537
397132
983208
953258
993950
51209
479824
532273
843976
975074
471647
228843
422975
226266
134494
430195
310465
950245
295255
251828
572246
92298
388535
666271
777158
769715
739471
391944
949483
791124
632180
839070
6113
91894
589447
407941
430233
482847
372751
725650
789453
91360
745986
458594
601742
637627
46307
964375
214521
262766
434693
645872
572744
558816
363885
870212
768708
405607
975765
232987
130136
324084
647181
948393
132417
495644
249596
173224
209186
822723
903813
596881
572085
161255
352517
746870
974363
49030
386872
123903
726676
828014
711483
463359
588041
68255
435180
507442
953478
77982
343341
577301
77382
834713
508296
982626
792551
756402
547501
812391
602557
30634
956054
906434
797442
410475
377099
527099
627435
851377
237697
442750
165910
304982
534878
53555
284319
260090
80280
422652
706577
233164
715515
760778
960121
651959
364361
662364
506455
191531
768059
822934
557806
335750
553510
718650
428219
758751
877753
967237
232898
553263
251491
411560
416643
503197
434577
510626
140236
630181
237013
641782
687208
509220
557410
860558
420661
936706
118260
115756
211731
492540
997324
778441
643128
261708
474969
172044
201441
120120
365042
208104
895395
799349
264320
586450
788960
33653
28537
683550
338196
186580
958919
843829
763663
345562
266311
406389
135101
488366
622381
842853
71393
352280
909828
769363
771361
417457
968915
26125
13050
172074
339739
241400
730323
207861
960766
69840
954608
827923
679738
3004
789053
519995
461330
225357
96714
605284
309389
635283
909910
849071
19991
570076
686148
347572
501318
244234
477291
632168
886328
922768
717321
204584
662296
750985
463447
984164
876031
915828
511287
176043
158583
867024
646537
474766
972570
852368
155934
246388
391193
194812
187332
545402
7064
867428
897088
982596
410615
829632
71962
666597
431020
554921
795538
241767
77708
208302
277552
837111
934696
136532
237177
567152
157780
137966
85950
652738
557251
725012
57934
169279
254990
291587
250507
78658
952595
623121
894810
282044
317690
419787
932148
72284
844179
771885
119386
923290
604891
414717
327845
384033
391838
305924
842939
499863
394614
518378
925406
197514
842801
813293
575902
694904
964817
255678
837423
536315
259500
182840
82453
865167
349108
793981
568699
561793
124689
755439
420068
560311
16042
748936
824504
15126
278083
993559
28416
258899
304065
103576
93101
215386
5512
805614
569171
539284
115717
131967
356467
952025
649416
960876
696117
602290
977928
52651
248308
788425
330827
648900
433908
369391
598749
344996
849391
540810
730685
730401
905996
883481
97304
296779
486193
672870
888749
24555
796655
935047
197647
203803
510812
319504
622665
748610
630143
784920
127195
966826
139427
342630
205155
675263
786382
626233
204311
975334
321676
233073
246767
288183
859492
912669
829279
900953
610284
734690
151746
277497
823288
380164
18386
510886
655214
322260
423892
880396
52469
296567
571665
695308
299020
386830
577022
257332
970871
768455
964349
995232
534099
2624
84220
458156
704267
126227
668156
122260
61475
225538
197740
70699
408434
468288
829171
717685
463533
815322
215565
129505
257565
911616
190285
480614
183474
859764
571904
110584
647602
418190
228210
377895
485322
100841
839498
725141
766533
95150
853712
103058
919834
983227
714447
660118
183519
797231
476630
590554
779612
342932
109976
977811
244027
594922
967859
647243
745627
384652
951182
370718
422851
131713
848539
745487
168435
22946
238460
440965
845655
276771
373953
46373
887317
753855
215888
465677
582725
991748
708382
276329
426048
539064
539929
713654
595153
249575
233000
62353
212553
263242
807818
628539
46447
225494
491419
621612
786387
772446
136821
246032
481155
854117
683507
804514
853463
723652
909137
969444
128295
837172
988591
222328
98205
563897
938868
674526
502437
628908
906896
415115
162049
75555
588697
32226
605880
943742
909143
130706
825454
875857
635547
219211
651791
217961
721994
993757
270949
749437
595127
682928
1610
494643
630702
832410
667063
292299
276046
997792
190138
762092
694030
572940
796230
45385
211232
845991
524260
931312
270258
435220
22920
340463
602065
563273
877439
62307
555944
671274
279043
971038
214503
958020
968881
859892
276607
346211
181778
316259
803017
548944
450069
798684
996294
527466
383006
815282
572033
76127
685687
106590
354129
103368
323620
780588
208315
665823
589525
737030
157172
472733
414901
89628
558339
89076
527200
389164
725701
905382
248369
339571
367754
645313
479352
595696
187293
64567
476427
52689
313378
840862
815412
232189
351831
149248
116232
552317
162045
597664
969687
632199
353744
763082
843839
929897
140273
774997
470619
264911
659429
777593
591769
131761
776566
669895
508265
76443
28279
122249
304914
80026
301861
618294
372958
722112
466153
618002
974774
925909
314682
568416
606024
884954
564576
960581
242852
798971
102675
650427
709287
381456
617602
480110
412238
390607
658223
382518
83884
946386
222263
94578
938358
205121
881200
623677
896252
114012
797803
326992
777970
946536
798936
270516
552173
569011
510409
645090
235817
965636
865999
817209
377798
154084
33728
799514
88660
418627
637531
186531
143811
148041
717314
568775
590397
75578
418981
384903
276943
876037
834496
570255
203010
234601
412154
147759
302088
723077
773806
905012
481938
99834
942983
673891
811071
311614
874949
841809
61742
35200
233116
929314
425588
542068
958715
910236
183209
282554
78506
225319
388637
264303
808012
11683
178920
376271
758340
683046
487775
894596
917300
50257
250467
316112
234401
163725
776723
316180
922738
76775
129505
41019
228184
370886
920898
7302
275847
313413
145599
21172
917281
813937
809833
678477
654132
639584
648937
515211
54170
414444
623542
456998
836095
433035
197727
497466
587776
288012
574984
348248
76462
732848
857265
16294
732785
120931
345330
734259
668873
151574
924547
418587
177904
557562
318007
871763
324188
746458
357897
272914
595552
133973
89551
24029
701618
765495
212171
386669
33863
234164
362401
49662
846747
702592
883554
736695
169997
47694
554822
355825
860966
759714
631929
467749
840186
707477
929356
789815
732199
35557
464972
550105
953594
331062
161904
539485
205042
963433
716459
507035
24476
925720
924834
53947
486173
929515
20408
341280
19022
515034
10372
238706
135873
228927
19172
112453
45538
660886
807787
264043
20921
399829
83318
9555
445580
622498
118492
980380
293538
486838
299203
654458
897122
965068
59792
503555
531801
240069
987958
52759
933146
280667
738480
841002
990079
855936
652489
938096
135438
624082
686872
719395
463480
49661
710474
21748
688187
74222
103959
415372
304614
755568
771031
415101
471805
965413
506157
772618
762994
140641
139617
329615
196371
353382
725388
1615
504900
734904
670764
497368
562145
339549
611992
900053
232965
25587
585677
390064
909353
542317
488678
415009
978724
996459
321386
123544
776528
177334
999615
692995
989325
510677
723453
956092
875039
60494
388830
844818
180339
618876
489297
823411
544319
207498
228141
511475
709511
27081
421571
793531
956859
840436
921420
398993
484413
263677
295873
911999
388609
53651
195594
985827
573902
358899
232270
14995
53409
394408
32617
165738
358064
178209
504444
512499
431372
118509
969693
847665
204383
495509
579183
754377
65557
926422
457805
47822
256344
276025
139744
167270
970099
43473
946833
614621
564760
475665
126359
961862
567997
314695
247921
914633
589792
659449
646000
928782
845420
902618
148652
916549
868724
209385
650007
126927
157787
882663
382446
775372
329494
460211
798411
562434
902666
4419
834008
991014
914511
17601
775774
385739
858582
616704
879163
194788
274663
522969
94002
560311
211842
202086
493916
517857
241319
486618
834173
758464
65970
981052
590514
560192
67998
876478
800453
594373
567530
680510
534627
3954
759000
635544
324325
67541
448786
337445
903882
744751
980392
350229
228806
562531
838516
444261
687155
819129
628191
931772
889254
155088
772028
574376
597597
288670
808402
833840
346708
597925
692151
281877
477686
934261
431383
18410
93233
77847
445204
277069
942626
64989
745991
762497
294640
354948
481765
140009
218868
335171
186622
888419
391510
672371
987230
490559
207091
777050
446614
805915
179962
782229
54549
810012
369302
643554
437103
333195
488261
655944
568000
475849
133768
447139
35562
576497
747379
823503
428281
864009
822820
20081
775592
240291
855184
907229
297917
187926
289529
566951
390223
69076
264508
710985
58152
772264
938694
779374
164293
728079
28263
808153
363578
872176
23870
196725
993778
651384
446612
288697
645524
11542
197958
213687
896194
597392
876825
967426
102587
609536
637682
687162
3552
222959
311709
968438
82516
256333
71499
25740
38716
764362
360857
589311
432358
850643
84619
242118
97734
743724
819351
464949
866330
786214
792350
86090
78319
314558
588597
40407
278398
733138
31714
352455
418094
818816
278947
589390
515261
426717
228839
598833
995897
231631
686944
907311
707816
3848
598128
355211
12359
86495
31552
636663
742000
415117
907312
67422
873684
698752
38504
290702
959144
623967
347405
981505
802973
451995
420240
191303
330951
250350
639264
239057
397791
571636
433984
370524
914148
816994
38002
954551
776796
172327
647635
374579
478648
111261
896256
808423
517141
826796
43126
540317
526303
928444
809016
184541
784
445908
55529
968531
285782
291348
874553
768351
135827
38219
789052
462073
944382
17142
14998
840319
227046
548182
134291
566941
58391
812525
36563
479064
37717
421012
254690
343095
940485
838012
448742
266318
139819
483775
342577
323240
920846
636834
682039
921872
276600
629482
317145
626172
482522
877975
718432
511767
880396
912385
15813
794730
812977
86094
208748
728806
325369
688142
929586
776656
507968
363059
998235
371785
644372
282800
604014
874809
501331
408236
619037
32344
893939
625187
635483
8345
62492
156506
275026
96371
827184
190397
291949
152524
713066
325782
117840
919493
163812
59564
296744
661020
667506
658742
633884
892354
123308
314234
402274
138618
698890
985415
558255
21482
443623
863691
558598
846082
789352
985298
767026
665222
764214
945628
507279
413433
9958
212953
256642
503528
898938
567747
562056
945744
146817
177240
670508
900397
787545
16819
973458
968864
438869
652742
962609
891259
840825
853046
332126
578796
111778
462035
971523
741893
35523
187251
697582
123300
494858
339498
91077
256452
295329
287527
643480
654558
172048
806510
945295
426109
680383
56109
539906
285213
810841
605182
416552
842367
949389
327288
853734
189964
158702
129202
955273
681187
618554
127509
242447
973569
692344
127133
856608
73036
740922
897260
444058
835004
530562
449931
313674
180839
338625
109886
916278
563495
594939
827266
639382
990633
904646
316773
400996
588693
643568
634754
841673
339477
346624
852376
340150
136132
155029
6854
674836
650485
25324
755750
470099
647325
104957
977987
351775
155486
462788
601336
961649
512113
145821
332070
526146
645230
913480
696401
542618
968763
914509
864664
302406
418703
462329
229135
839719
524002
176070
247547
601319
767859
564376
197161
823751
7413
972964
653547
941908
214423
887275
89136
423225
610607
565412
724031
383085
733890
208056
18960
811340
43570
441319
191047
901124
749124
439944
407181
15398
268685
86509
626509
706140
870842
100261
178184
187898
238200
233307
478230
842605
917318
75995
23546
44304
317589
331381
736224
543517
888024
58554
120693
141952
709486
95523
224867
547335
213034
655122
104808
410870
770555
552240
781842
987576
801789
913269
306713
603695
405915
11909
881561
494508
49054
434296
159402
96570
559063
377906
509725
694613
413221
972273
364822
267192
781348
252774
618817
318676
607218
709114
325682
76828
998623
808625
374045
769469
384176
960044
157358
756780
50320
775816
527431
294487
246740
179044
884180
660285
533289
854209
298379
650009
115869
853634
42821
551737
443782
655634
472884
491502
146387
763812
959425
812892
683437
574614
798659
546161
54217
588911
935773
88819
697933
663943
848884
203697
269404
959622
686603
394203
116160
629700
46462
316974
47859
63120
158936
529351
938186
262220
273745
259993
388991
433205
262823
286522
504665
839105
969751
729367
444986
632609
495224
385032
769221
223654
667509
725759
11945
553408
474917
406233
713935
247969
809993
560343
976604
142784
208929
296358
383779
273465
789675
794394
804011
234705
290553
803450
975575
163288
941869
326260
370552
12711
152916
187057
654316
131465
57501
284291
645424
344886
133813
777339
265546
143738
534592
261016
805836
636917
891125
26521
834309
564475
211862
20468
760138
15131
206539
340639
387612
567805
151898
133963
958838
950373
374917
649072
764470
901332
876097
454211
338085
395597
865614
637125
430629
21237
226039
369333
270774
611988
262632
54822
17892
876280
185831
574571
737681
34680
414001
649006
517275
419542
113842
218080
570025
910782
744479
866442
784727
413547
989620
559683
331644
199593
286469
245498
286868
266613
993731
54899
584079
559168
925966
821007
279797
411666
925745
610755
282996
960140
696959
847595
229575
288774
53639
5751
798277
284758
315318
451395
836932
45682
616842
125829
951144
611501
339503
920352
435083
103517
905080
851285
807114
192350
562747
610969
142954
224111
480457
816193
898214
65145
664072
440345
556374
354992
611375
695445
455229
869458
346398
646623
360303
173197
433368
827919
421021
9149
381214
193337
162687
266387
778217
962591
171996
596049
530499
510727
202233
396337
918914
664168
509980
306982
171234
758910
991419
299450
967166
52349
440582
955414
676395
300385
484110
141280
793329
98084
810961
465279
732007
909769
662051
515002
720234
532182
161657
236094
388281
674591
603733
110078
85552
359036
455242
577717
595552
475228
874731
779079
1735
363891
176212
310789
159537
765071
954388
155407
97642
811272
206198
768276
171038
654742
176426
503221
734544
556925
89749
738440
838259
936739
694322
989113
602088
214978
529699
897290
440917
507448
895576
289018
946078
584635
443738
706564
290179
140907
618165
708542
992150
694144
811392
1058
124119
476194
684426
554410
975662
279960
791395
177940
177860
540760
34180
784453
563198
530492
487900
297290
23894
897494
299256
671929
484056
543194
851021
855286
757943
959482
592549
828946
548809
747791
573284
354509
214182
483250
610167
405500
491352
163563
944600
618886
135167
343425
350655
430920
191172
929392
736808
548569
327672
663737
598013
48615
860424
51091
956833
923456
224287
310527
860505
897325
244056
877049
89750
15416
406686
323274
490211
694223
808419
53115
18855
1985
862073
136420
953240
315045
700816
812002
931965
95898
452685
690727
567517
846376
23555
491882
286089
941125
62352
859456
551491
899060
116439
566339
553994
354376
713813
370670
182531
996743
358690
659531
658182
479337
565382
344195
89857
45184
927094
625685
669005
32689
300714
430498
231115
215968
191836
246820
905146
785130
801886
628287
616089
533195
492504
245744
985139
704545
748318
408866
614028
575752
846762
298207
436646
63139
393787
486947
731568
818492
391945
310988
143180
955715
822947
706350
64252
611699
971111
698884
854952
994130
988382
478017
349006
403671
571825
769028
428550
276837
614156
638505
906545
162614
843470
142652
433854
526163
126314
339848
298584
904575
552093
665230
486000
88820
468812
426321
350178
727429
863097
491598
693318
255394
910817
158153
485562
31222
451075
122423
862203
901492
819080
721318
97141
386530
472996
117504
393948
371368
988214
363757
595180
420615
652764
520810
253927
715128
817358
10546
144762
455653
947975
862345
272446
31038
992285
186597
353433
840954
315378
986937
88581
116587
612867
818399
305193
355963
53661
242145
508899
698056
160688
297380
852327
885850
312572
581041
561985
410493
503784
299873
755382
324160
162481
714021
42825
379848
908799
300911
423065
329041
933652
79681
366823
863235
415133
481680
182966
791277
571307
793364
235147
729056
164027
758639
487892
534890
645233
361847
16613
905646
204580
393122
411933
229213
318546
779213
811047
236499
846004
263017
569756
359440
828333
922690
136582
99345
739484
60781
933568
434378
587472
144398
784377
231171
324827
324612
910807
43596
900991
350769
706872
391518
791302
353513
934803
25424
130030
760246
300861
578675
18752
915589
923528
692938
598017
279410
539526
21161
900162
862187
163115
345064
584210
774531
84304
167428
98260
802389
922068
71188
978027
742739
527197
728931
350353
411690
282044
833838
508231
283220
40943
44795
272039
958713
197503
560020
605781
352322
523338
826399
504212
837117
543579
709531
8053
970982
800821
550649
938473
744152
110063
754068
319928
934096
68217
35023
187659
788633
75196
376394
483683
308506
747872
954240
99884
266936
520231
318337
808684
332393
889398
555974
822358
324311
186100
41590
86843
870572
907
585588
999520
743488
940876
253283
661738
533661
289455
892151
419446
699115
222839
188473
608197
784637
926452
3415
751188
825782
121314
2021
666506
918233
222191
559924
937035
334829
531994
871245
350570
837705
838391
834571
597947
705729
121871
835794
504134
887405
526436
699055
760151
866194
612626
444430
775218
640240
788944
921618
648035
709416
70038
210325
289780
252487
762393
263932
350904
310003
986930
597045
55877
665776
396828
286160
924159
612112
921884
9399
887118
185589
828731
644491
609009
445188
672111
530397
585836
757736
358936
835462
760157
