127216
349369
400204
655743
940702
48913
766364
180265
358255
646861
523765
374083
283680
235446
749852
120949
612729
602034
317440
344
498488
481838
477817
366368
27292
784855
949663
767862
257999
681217
62729
812836
441520
460971
903777
980650
837437
119706
407073
531117
686298
372449
216492
131087
187008
519170
245451
635930
556101
513647
177922
548821
542211
807721
460879
734201
118888
502922
269630
980670
664986
859294
893804
524174
242692
865963
183446
545691
990594
664913
680220
924492
483493
107084
28504
779794
743203
554583
600021
632409
894558
687403
159342
909851
69519
80230
189829
198542
177551
562758
116892
116030
818754
671572
737555
410613
175712
842013
941055
184406
159329
513371
219427
831817
942149
31219
751757
526736
115773
167960
18895
680440
543097
628493
278553
19820
730767
442951
135472
861092
793413
691952
589069
785530
306619
548488
582740
163805
995832
131174
850991
653534
606607
825181
998727
103208
637229
878330
934367
647693
829250
461225
754060
646395
143882
561462
504469
970125
778039
402225
484835
424766
928125
929260
636325
283064
288313
172382
818563
418634
977663
578602
652476
315449
536830
324985
974110
817453
225426
886787
296545
332364
525415
74605
566113
467876
852612
449549
140087
410370
136955
844233
520370
907744
305324
792733
175799
237178
167793
516219
6578
642625
517737
811340
867768
279337
168420
956565
181435
1245
286056
423477
400681
645266
48094
920522
16097
815097
869148
801076
505106
764878
304464
180785
613874
352398
108165
310632
945561
28549
882773
511873
542712
324869
156012
927921
626488
481331
444788
602451
319987
894075
921699
922866
284681
671715
859997
967011
256736
504445
676230
710415
177340
742711
403112
627279
126007
16204
529534
820464
545565
34525
462619
835093
49318
762266
209082
326140
213969
739738
478371
159449
341465
533323
631478
46878
185942
845443
271767
714396
104499
896629
342582
358979
378120
242751
741177
674757
280276
270111
694729
310681
701784
958918
269366
287324
657362
857861
404104
378130
176661
847332
887779
457161
590017
885010
296917
513054
908453
395894
904960
401369
290926
177827
501407
914292
203913
166763
718582
596025
328157
429835
436826
850633
750046
734147
343578
65272
436880
352969
608073
956182
118873
475219
31529
303497
235136
778386
22198
725270
215112
911743
679820
2430
314915
880141
589493
921797
485589
333182
467603
727630
8806
745554
346406
177633
793987
959578
629563
888975
881075
620458
943346
675053
220081
760940
683946
856827
874
418898
86987
621801
379540
638563
873455
209455
539688
932215
147246
29338
206462
560510
806660
236839
528836
389946
255713
888648
82715
748685
174606
952195
407887
891820
678391
952314
665584
60979
476825
804997
89809
188627
753673
195131
697693
925414
186462
884496
988817
465507
732156
688024
770009
818733
798078
631786
771275
990150
611647
174624
160698
243232
658501
116858
882488
561748
890315
850594
575724
583724
332330
674762
272524
574170
56355
876273
191670
209356
43467
980357
256113
601687
769299
734819
22587
870480
266099
403770
475534
288890
537907
741197
106548
601689
126038
609686
804419
893797
386275
319624
233976
506970
661649
595246
917100
800236
673166
492719
920501
345112
673196
801586
565532
512022
139177
467870
93110
725483
402521
798266
679265
349530
884082
304756
576733
40186
337204
799357
417540
352611
11123
540305
199143
41282
71234
126420
987911
74317
198590
90904
705133
858192
651380
896763
173862
876133
833392
505454
340575
388545
783523
136336
614873
726763
578352
693112
69000
831369
803987
90322
33678
239123
148526
733984
396303
43304
351154
541602
598896
216959
786534
365009
140273
641270
576023
225797
759909
259910
994844
719414
380170
2584
892357
944607
900617
410160
352672
972478
278155
904840
190183
315384
631925
599480
993865
171866
575490
895056
905619
658619
470716
674184
553147
466621
536791
959567
689161
893106
574698
860095
313187
468571
537354
834226
765811
602955
186373
504430
771575
440682
286008
987259
587108
277653
384206
306134
733176
67875
618325
162110
14683
190403
942398
562667
605105
453441
118257
448542
859903
319335
807115
520851
353847
873920
798773
72724
983009
604536
544930
362408
117096
868703
909093
180520
348543
373004
423788
478065
879406
638942
794141
903285
505405
95198
952267
548012
311291
438976
533589
485993
121515
782728
547035
280519
340428
812042
452766
955074
810692
78793
317939
872993
224488
157505
233380
694033
834282
198401
278435
73166
965664
48751
896748
177466
319597
929839
991606
755792
396174
544799
238293
458354
413187
497146
996591
157662
837975
113820
63192
318911
207182
377764
805517
201824
494187
406709
437578
982395
516699
822487
938952
238000
559297
166076
232599
849105
425631
268060
609363
515674
662110
102849
806278
950462
843130
641503
311642
885532
242444
383259
583801
350800
499189
761836
861443
235942
403620
202335
672619
488106
159429
623796
298031
476891
887687
43046
169457
9086
110471
540104
307831
654670
435230
496779
364988
829520
345668
729628
593264
983941
399967
505258
387667
376761
400940
828677
684841
415801
777033
930850
876891
953186
810012
176763
289898
996627
46500
757075
274832
243332
746586
2775
54773
107120
771075
318752
510155
703470
219413
127766
738374
263198
385155
322542
986235
266430
189799
943507
230036
787612
489739
795939
33198
590566
864660
189008
112847
805085
656140
940007
243847
451368
742859
65389
604770
590149
932864
681637
89158
855322
444961
330735
146032
567338
409197
968843
598022
363107
224218
961594
296536
959379
381345
312517
910519
20603
946978
617239
243762
567228
133364
318085
318762
545326
617549
360622
84177
79504
916939
912062
169667
2841
818269
771276
930048
80237
468753
952995
792454
190955
101818
501150
557319
859043
217853
601581
247500
518309
342456
736308
895270
764085
443792
226578
981580
247962
222550
556799
738134
318165
479766
235342
458645
50543
347195
100626
85389
838315
59234
703069
245008
426459
290617
828579
881719
651023
313684
515134
871680
411240
828684
870539
166783
994634
436884
815089
720066
189360
573337
431426
457542
739801
597653
455737
37455
150688
110897
420515
997352
675305
661589
606683
854903
392311
236877
424942
694716
265563
104473
143709
907622
533383
897809
143616
990994
129729
694515
580359
419681
135347
830219
784284
82548
745119
878973
177636
416519
691183
767922
855589
420903
86186
260765
864194
523153
684739
978793
779233
918249
890252
59649
284781
142804
568072
21883
890743
970482
92573
380258
204215
57851
514600
368926
931889
355189
138347
23554
825843
389711
788705
10802
757115
868189
425075
637679
838069
907633
839619
302209
84897
112466
557989
447680
548499
325788
94061
310462
507604
944372
589347
700372
235366
246181
110163
35208
721381
779356
622273
201880
435721
273724
28858
800166
214408
15263
440518
758271
764184
125930
99322
885833
326674
715340
827946
859337
71474
876883
4283
563919
510651
896043
302869
849150
847416
303923
16952
5116
60380
933693
715046
416050
627979
979874
744254
349120
99442
353472
726505
387009
926609
631442
865517
406710
852441
285994
981215
779857
802479
531085
562357
431584
99600
558187
618170
49620
767760
630329
730970
796590
933563
888045
78365
362309
287900
405462
605041
534326
968219
474517
59935
764776
292417
422779
605536
249658
171864
977217
825801
755596
10670
106078
446241
736679
349496
71497
392851
13194
86482
412043
53566
337682
451556
523775
267434
242628
76385
141225
165590
573690
593449
632881
72045
60265
381070
491835
928342
627915
756404
175204
499946
674989
234898
973594
298817
69591
388629
628120
579493
76435
268835
472765
160104
800540
902908
343176
23122
45156
547325
498354
789042
516290
674111
294760
289941
885751
371804
23396
244885
242331
229649
41447
401161
644009
455551
237589
880090
547940
755084
136044
89077
273124
15015
163618
385564
393920
322024
378971
273304
839129
129493
498756
44361
547969
790785
127887
159261
586375
216654
964235
16287
515296
846420
418079
80871
459572
420058
746595
693616
230530
255489
162586
859270
18032
872577
10256
239966
986867
576522
396685
905344
473239
231116
988659
317727
141867
603282
879737
724361
495693
638665
245636
586425
650638
493023
668063
395594
677441
347527
485847
83718
763493
936985
55414
131037
725996
277909
982426
591665
658215
35976
778864
600590
321169
143559
780882
609015
508277
97816
245691
420443
644604
135729
277283
85991
948119
492632
682620
911157
761733
565033
163335
35874
745729
143158
22547
675389
624460
154120
807699
211290
44562
531140
767579
956359
979644
616745
985847
993558
373073
723638
43816
555929
338441
640681
388924
535404
878512
284641
85128
694252
927028
424933
12101
800710
712075
617789
422597
999530
919555
552446
620240
320029
195815
156196
356063
669934
948235
266391
338548
621824
55477
579216
477716
775942
122024
579477
798115
339342
347854
589024
889690
389748
414913
604766
688359
737527
868470
176211
817761
503144
188358
915482
555621
563966
647450
747018
407826
108167
196275
587573
616159
31545
874388
906122
706004
830503
710988
742234
9387
594575
885796
830199
486980
619920
561249
819000
614783
14136
26614
6234
47738
777595
91977
187713
164327
541825
98464
169756
39368
840982
875048
800102
666058
997765
403106
665160
885371
840190
794730
715867
484778
305780
277862
111308
986650
669444
297863
266201
707042
460815
610751
503992
772068
691752
863871
293142
353064
111593
724267
416252
844820
11424
818973
881998
40842
113575
987219
518318
651102
670289
321974
580541
451442
349248
932488
349889
436080
459604
863209
586146
192676
444094
641925
157583
98804
202482
119005
813054
497596
479483
513521
797200
638922
316776
675719
369362
662003
392420
110875
213088
489424
64036
559844
200420
144153
377273
913982
545724
395676
906373
529208
3322
231449
149386
532732
96453
877821
984478
889175
416412
279609
420603
985189
622011
689087
244467
923418
795286
90585
280960
607983
503426
547301
204473
217319
778227
766641
986785
324732
275488
939567
535002
20715
529411
144405
563319
408601
655868
335188
170287
11872
301077
47922
151148
733307
492768
465798
853635
385994
25981
924624
529983
590977
956728
915826
133526
858547
905999
77135
246909
902391
156048
914751
445783
983860
770401
477100
832200
370383
959962
19340
491433
228973
158732
903739
692052
384679
372325
333044
491358
668298
137835
156395
410468
388039
232038
318347
534270
864190
75867
52487
588881
868193
632690
174687
503617
983496
923513
89777
320195
734417
265153
506553
562448
188018
150630
957415
73461
933341
462701
273436
374663
252878
191686
270912
532981
550708
826032
141378
337718
617210
458107
496621
54881
55664
219625
71332
460507
778459
731566
212538
429162
599445
609559
450928
984232
538850
21511
113036
63380
422545
890331
69714
623555
771276
646127
369634
299636
419004
741178
33773
405376
818459
302741
694869
327472
290455
581785
405281
752809
995104
176229
945689
347138
456399
869951
426372
73974
612722
642578
671676
933365
101624
489045
520939
872405
551414
20877
773796
541157
306003
138024
365024
258338
510358
641098
561683
150659
17866
36198
216106
296815
45964
743170
176036
845903
255857
26588
47690
545213
516886
241707
848012
68507
348613
37054
82362
38017
921280
780929
398235
819214
174510
393311
539246
496607
164959
832961
383291
564254
599742
410995
350932
311922
126546
262568
520109
556244
838512
351956
465429
232706
393409
997303
752784
679884
518700
624378
121747
345931
592480
536178
23068
266673
449535
691265
429931
330364
61866
773403
504672
13509
637029
873062
585778
338357
162919
870587
683337
939478
823297
905482
74426
669319
642536
868442
674141
779530
721953
343469
403147
997048
545352
814657
819513
838420
355580
889907
990508
285116
763242
748991
578776
755707
667381
466146
877977
635324
648127
95264
813453
24089
538391
788642
47052
903954
663103
305015
308484
905050
912408
757435
965110
994378
765036
249365
838983
387513
873368
149466
534724
371619
715156
371919
825461
691077
437473
264779
204060
224651
749518
63355
720779
485793
246374
869567
727327
589734
270073
612402
839260
524991
873733
593352
546470
257288
28161
338704
141850
151908
188679
123224
290951
76853
560476
974191
336333
359847
262941
787717
594128
641895
788551
249839
256280
845554
961314
620871
300680
698760
400203
843313
30648
644799
130717
664120
890226
765043
769403
587798
471238
779099
276989
943186
881034
819767
643509
720004
323890
527141
217757
732852
653575
875091
122334
930145
843911
789007
559999
492381
161050
703355
141992
664277
38380
191644
691922
178927
725803
85969
671630
739788
533791
81440
496558
415341
883744
646316
95380
341681
481977
901315
25685
815036
346712
821652
815881
625972
334254
760446
968754
495205
266217
704003
53766
363780
300875
534427
169114
216849
465895
386853
983085
289877
890872
780344
866383
878923
577502
487384
111148
724635
388662
825668
264825
761857
751380
932908
167034
770189
496096
907136
226157
673539
674122
154596
707927
835042
696555
331712
342312
941890
294266
762547
107213
350998
424039
144679
221779
758930
931223
8831
454835
886950
242429
201710
725182
863271
559122
598817
603878
365327
149424
265500
457830
787803
420240
534371
137807
635027
617950
900366
519856
693734
222838
692992
886818
24243
280126
68977
120237
815332
610912
671590
25370
389749
902434
836738
726487
293651
579043
563703
434816
893855
198004
134101
406992
983633
92304
937283
896227
599865
57274
108363
827751
754529
186930
238670
611807
186319
619539
464089
239379
700007
365196
834832
134104
174892
131257
670151
909175
438631
954525
467696
422077
222048
656190
499182
778975
155849
491357
869704
114759
438395
347153
108409
424831
344215
142463
847140
688569
977999
680632
669412
296248
497789
459311
552834
490399
833457
723477
162432
51028
510728
867283
739346
756945
592119
91683
836332
625159
265575
212172
285686
174703
980219
141752
661149
934638
37165
103219
897987
196451
898902
647298
661206
138577
255116
324510
898558
218916
817893
771340
759088
938722
71642
601434
293792
760303
353223
62520
611859
122620
803279
342704
830546
247950
369181
889539
880954
515687
276549
180066
924273
524115
864904
28870
733427
357392
427382
837676
46346
683098
470510
299888
924
134227
490497
833285
163870
148428
649909
420943
676647
811443
754022
795485
485535
96729
845958
128198
375062
533981
244612
174687
23345
245818
224715
548886
556415
359019
732129
398126
332265
922103
93744
137303
94792
410588
308770
961001
707857
893276
333093
291389
359723
744094
806734
12776
191905
677827
606873
271189
1523
841223
412431
44478
395079
790159
739072
226055
126333
769109
568112
569207
40864
148652
385806
23891
810552
984434
828575
241753
848252
164370
959290
235478
323492
157875
418540
434468
555933
554753
88315
601988
922390
786070
27336
470996
233016
283332
166286
996780
190578
99841
774791
386267
267697
89264
270957
87097
93231
966920
320221
190761
985315
414243
750744
91118
765846
477669
606756
790694
467926
532615
974544
472550
792067
700287
116308
364980
513990
152142
130518
399067
982178
232805
408649
491055
442850
869045
676912
457053
263026
127762
453121
49454
327178
29123
454500
162136
867589
874472
275802
706241
285840
133640
598395
578641
789950
699703
459736
344114
304183
385184
694527
863399
397457
263157
925340
736262
381175
542640
804988
829907
316037
394052
215149
868347
862006
90469
966146
369450
972277
219633
108275
580617
481935
844473
450912
341271
624714
443696
761014
278179
447311
70127
698795
130404
129858
159459
378659
198261
124338
365972
634804
40879
714732
531346
88071
240805
393898
734462
885205
432630
207593
914994
56337
779923
206872
138702
214693
44878
611820
627744
41236
708826
736528
687279
772414
628325
83514
170341
992642
110927
244185
681430
52541
748613
926315
723057
776817
102463
90026
105986
900610
914898
610214
314977
364569
686130
611182
820219
906155
597960
591848
81658
295124
885804
468480
64788
659421
559039
841085
144941
717789
174952
807087
994794
279163
514793
385413
266707
260241
632477
156923
943268
493356
298512
339376
926449
742192
378299
822549
592755
992472
821530
405698
502770
51932
645100
415651
90129
184171
74695
411343
632881
291224
17173
93945
149251
725969
60463
270079
619438
617737
933012
511648
207961
116408
538053
910283
684181
517688
916481
164114
15658
486608
39896
276029
278461
968654
1647
860731
50523
597581
352207
481972
767204
633814
214697
719545
272918
829987
884906
571293
658485
471679
32567
516701
345876
560969
382470
418106
134915
975511
577688
806568
620438
344054
231958
680159
558093
909968
936775
885774
474917
882535
20012
468463
541306
816637
116217
56629
758039
767638
963120
557539
160092
107605
314715
356982
174923
832708
534757
330882
468079
158831
178197
883291
929897
543343
354024
227306
250776
93188
449291
788767
310564
185436
482674
584581
770728
880752
809880
706481
530041
17422
100179
81940
689623
595761
270675
898736
305584
312460
802423
272999
684043
854374
27787
104687
638039
82718
288546
412834
436049
719952
899404
238642
150220
43408
336117
192570
96096
193619
724826
77999
315569
578862
4456
702709
481179
302966
677299
92430
221303
263366
118288
442989
478221
75998
290447
450025
307030
209640
448024
925901
53228
123863
518177
557708
506512
770344
7753
174930
56472
691531
444692
144117
847539
746138
246660
678858
924634
693255
98896
21140
924117
753301
748291
825688
746343
115901
558772
776716
995992
886577
553886
899501
585437
404860
177115
742512
908005
154952
291010
651344
687490
109626
220185
306694
323890
701496
937721
230167
878666
649674
167293
976519
207486
858334
108006
267627
969103
290789
285775
925340
54033
685852
554183
66760
604056
612261
454096
128482
558783
801299
137459
102713
222612
646981
111870
340647
999587
663337
579932
286880
205662
633890
963727
467690
494374
797828
446028
248683
21752
608508
561202
356574
426871
920781
134505
990432
111633
479925
828627
825703
532305
846766
892402
389393
384577
70224
864726
479258
32314
272339
414912
921896
132618
138035
499097
68417
302528
383276
554312
451548
444822
129637
65396
865621
382396
9641
400406
198649
326973
62928
755193
667649
299856
675324
173585
692892
747262
801279
380214
676837
748842
630362
814011
207284
735810
236001
230639
517328
791361
849722
410800
158274
172510
282244
916710
534213
946068
690387
283875
714009
915855
442714
865941
578230
309616
688098
455014
384478
40573
959990
952816
430795
426728
930209
67424
433160
865914
747087
873190
140060
452380
484561
750870
830177
656770
453372
859998
54450
271605
599025
474148
266882
435003
79030
404284
353674
96548
938435
901443
235482
238324
809114
169499
232017
365864
967117
444675
71016
582439
113571
116049
106216
266758
187989
669199
96572
547192
919219
119728
159393
557969
437092
72557
705849
836149
870602
82177
960831
213985
856964
718653
587221
40085
670541
893768
189114
24413
528514
457591
197527
159419
341568
667141
942840
235379
412587
601391
345112
119411
535692
692271
392789
483420
215378
418898
576002
216049
58809
390328
119515
826843
357512
205352
928019
488854
858356
76174
699210
313788
698210
427346
211867
502316
557706
686421
431761
630743
805623
786954
335417
390119
349419
884591
665426
833035
54047
380199
606945
44835
905511
397494
499361
93829
65716
190040
782680
146218
886900
100350
358021
605177
751444
868454
817270
619821
890725
546582
247094
686757
910364
308276
832546
915208
1844
128581
856284
832594
379118
138048
74329
673024
534008
133518
717078
694932
863084
267617
139880
854277
924591
439150
785648
444167
120954
562376
975980
154034
158197
564762
9323
206609
53759
349313
231065
307210
439306
623556
429240
453925
936996
693041
267312
865914
707664
846997
817405
696956
70099
937303
192006
538716
842890
329969
371534
264347
182840
513484
644803
769327
623454
414392
465076
346897
227715
612037
780704
919521
448915
352512
610921
812151
525476
900493
927656
518535
124499
330334
717978
466224
912077
474893
31159
114977
576426
825564
837027
423464
662515
12870
836861
730393
394116
122497
181590
868887
673101
665171
769916
700866
49458
246670
904244
18045
91859
870442
918661
463386
231205
701181
39793
566501
303935
222681
690303
370186
45553
315010
168051
853027
631503
649930
13024
855330
472587
263500
915924
762264
71808
672705
311025
347360
191755
305538
261211
704042
96596
186330
709133
40487
134891
669511
385222
56910
656077
228174
140578
78986
455493
387448
463491
801536
287855
948140
413998
945344
29912
574954
884402
107079
761665
87393
566914
493998
281346
381614
173156
325492
662284
716915
538114
465891
838023
293775
67038
356833
130010
71551
182819
29717
674248
296785
637334
838323
843767
948608
558571
949222
520909
933297
674100
406297
108467
952969
644724
752803
526971
436969
256722
913548
53598
17927
714793
871296
701918
804458
317692
994447
13194
721793
229831
219103
307232
122017
487473
500079
131404
287002
813341
826440
415119
751540
799839
156546
31675
942411
800268
823088
144090
915396
371754
407081
360815
490475
795398
847796
298836
269547
269733
922255
314690
581545
499218
22684
46896
44861
618262
485417
734162
381773
63174
112346
605506
638856
641590
373109
40060
37628
923915
866634
351492
586453
234927
887165
161442
612851
797149
660722
296397
909158
612699
748947
159910
462537
613320
50112
170011
453816
795147
237396
65068
115759
453163
959952
753098
998464
543741
418535
486427
43312
853560
536742
673883
21424
499877
586813
705564
281907
256497
230253
796014
735728
472100
407440
889817
815158
577004
943488
793607
551078
87635
426917
774399
916498
714960
654879
571020
469169
556409
72908
299580
676795
870934
755830
135684
573863
849424
156124
242817
424063
487944
5148
932569
392412
350404
968186
344768
823172
744324
409615
213142
753180
509747
824080
653486
591564
662713
639610
528106
272494
495213
234775
968066
459377
541352
597872
728099
926672
586996
768079
258612
650475
974564
667632
84723
735295
904573
143364
950910
850695
64914
580833
581102
241646
834349
619465
933150
13551
658921
43604
713929
789003
872029
118461
517521
281766
834931
468423
218332
209151
789206
447050
302937
567370
89930
862238
993633
646508
851029
67170
540280
754322
319259
707882
700530
660207
68487
682435
947506
298448
733541
239075
999502
203741
627854
631090
641678
705582
525818
356783
330196
647879
761401
237953
22741
294066
468093
624987
655813
623864
994575
348746
809937
383995
764514
697694
60870
27443
488133
171251
388623
160707
869233
968027
614107
348151
573122
827753
408733
873565
774787
934812
136045
238524
316002
114471
427148
87093
90499
836505
797381
568693
515568
688622
129262
112533
605677
401457
21454
828686
752169
14796
213976
696284
743633
200622
17814
996654
277311
866519
154081
803014
218768
695171
885516
565939
157588
211569
3425
73897
635422
440910
351363
350202
446458
898627
469938
553907
491774
813016
269997
225237
353785
524099
210162
662511
605065
957265
902689
490517
182345
335920
915711
706175
14823
354454
110998
30719
639827
862482
163897
674400
446227
721325
516388
535320
308467
34364
716802
695723
288346
984837
912393
573660
922168
581132
889281
833103
350556
116729
195362
718272
99874
304295
441498
177498
38217
8331
588141
838517
210915
345535
380087
713903
376613
210346
171277
542246
904926
283982
519618
769487
809541
337966
870213
382518
796203
88218
779944
333650
992015
737049
900859
521540
383312
839729
935383
473260
969533
355349
605814
781352
100040
500844
745919
125738
705626
140794
1825
730549
340160
100333
74773
665908
539074
754950
262341
808119
259156
994722
149067
568587
939174
427877
915090
908340
98198
800898
211929
43593
19526
189096
992982
814381
823175
89548
195447
214437
315188
342095
532547
78491
744092
540365
447903
859054
565527
1345
806893
907828
267385
100696
216399
546893
154341
72081
580489
626405
318265
33101
204229
287685
641127
89848
134895
6422
831779
441172
665984
319348
617272
317215
92633
280555
607926
782497
310085
490001
637318
479252
76449
432384
389086
372399
152664
413741
607567
344081
824774
191146
387131
351559
363838
495988
297445
802810
164455
671482
980833
908920
399425
809835
194538
797917
13893
366778
407314
982045
731307
57457
915668
276721
289925
604719
884229
34780
635849
250048
669033
864857
461100
593751
371106
962595
734185
15594
151492
750432
528416
939434
237892
613099
672604
997278
543438
323965
599405
324059
803893
755575
903860
71650
298181
142
506813
78038
798324
822995
223814
659736
605623
219102
104030
627457
412210
639382
275753
118971
491783
329440
924992
507708
597008
927074
214901
509472
243367
391859
291444
657507
101602
937889
890309
962360
87580
66014
227245
174728
328174
781959
735988
690314
341757
190802
312322
828539
821357
335572
504995
63163
948852
825581
485482
799428
331785
284049
54897
934663
162874
823731
773630
19173
863133
451599
235969
852102
485790
95829
107001
690074
652408
872109
935031
377642
30079
762859
667643
2778
522713
37137
548538
917757
447629
80379
876353
302549
871539
824491
988851
477029
477451
189425
559790
195061
748458
678263
802188
714274
662095
868455
398470
944095
550356
155897
315698
205772
468160
302428
276333
915697
787257
84800
60179
485207
48855
324670
96299
413571
500243
717221
961888
430864
789790
448738
713258
290344
448078
164107
816972
781982
64883
342920
571958
12651
518408
176030
546506
772740
455877
157465
658043
19220
833874
800086
455058
88027
362837
666026
291851
782371
391148
321139
750876
666202
192439
646841
856661
142033
452812
925439
597346
792784
176654
755052
662958
75859
27543
947153
633058
240613
351634
308183
410251
923864
654246
902086
522970
415647
564813
390132
169860
776072
620803
700488
396490
318680
269401
764458
508371
511620
303848
186761
103541
163978
774243
751816
283410
494827
474566
204678
283231
24197
52907
495112
455872
292880
188923
391365
907919
721781
786433
268879
428540
542150
780378
784537
355214
556254
40137
235689
127688
505174
777447
71387
648551
389345
985143
181263
424327
71109
176408
201648
216036
813047
790099
885730
484990
612753
825300
610119
450454
48754
174262
264174
916182
412594
500983
495257
211213
648256
973323
6122
872216
642587
484492
273833
955868
366441
234574
822068
791599
969079
25425
246404
548438
799438
828368
184984
463337
771182
214070
900288
298131
384106
938864
754823
161270
201631
543581
421310
781099
980498
328547
840353
292903
383206
404699
782825
725433
912630
217580
801389
31279
271957
285877
886389
413273
788703
884644
833437
302181
544124
825828
372515
42281
295089
907379
577357
146624
648290
319249
590842
974795
921768
600468
169795
545049
104395
417433
971597
194913
858844
631061
17710
553452
815218
436937
251001
524304
901055
518036
132968
725782
988429
440610
625893
41149
11803
66690
171701
69400
817934
941334
208833
500242
603670
774563
608130
635090
601886
152712
189769
274617
201263
930828
572137
49352
71906
804048
40578
397535
188480
751779
427370
718496
580024
795828
840185
769330
439163
806306
57137
697954
714040
806064
427848
709731
617263
783444
72468
666998
592116
904238
369682
899749
798019
397654
982675
221545
380730
7886
674436
545451
522999
119511
308632
71335
323086
232543
237076
804525
199271
439255
249591
812673
234483
574243
279555
551715
590345
611243
604844
91753
670945
895311
585244
734280
738283
195639
178017
821809
644301
946951
150452
589143
138360
41202
263655
704399
670182
434726
201322
389649
602610
520805
172729
243675
370771
328564
410726
918965
132470
696684
701310
989135
790712
475949
108891
543110
707325
255922
307014
673157
402863
532352
30982
408776
90263
976249
830282
957948
897041
166861
548910
730371
969775
928848
26733
410708
784493
1190
143524
651262
726028
533274
406783
385292
710029
836430
872002
719620
573003
87309
458486
97674
476277
276348
42222
917602
402727
487983
390004
692051
124773
169945
422421
220838
143668
742107
36422
74382
175764
976957
307570
581601
985053
437370
950177
988164
961908
586613
972486
677734
321067
575754
33189
426595
752563
862016
963423
619592
904062
118042
208347
354870
58357
88524
104467
404831
221395
847307
157048
942446
865372
130365
814531
557059
860094
611472
563546
540444
212866
720871
618523
915727
342703
998190
124231
785395
289980
501262
31438
823327
625071
623100
824499
826826
176342
359916
654555
963218
411233
442276
757560
683608
816090
358315
586252
535880
596355
826336
325149
721206
303883
226790
119476
297380
70892
705085
66001
993824
467556
208556
118766
926922
559821
54170
106862
847859
669531
814333
13090
920481
240114
202601
761528
83824
867682
579338
741761
822739
801408
947373
866397
821687
67874
301496
149446
586632
452662
402874
893429
806348
351039
346653
8692
424622
119470
583800
43393
573398
961689
237185
248924
263091
304410
697056
151086
740954
280263
326686
556054
151304
233481
563516
873809
780419
829019
891616
835972
715935
155681
621483
35177
620381
787170
284262
411220
697006
432292
372058
943137
262485
233955
995134
855804
940458
436653
793611
477581
967290
589469
742508
710462
519436
52146
362257
69290
443455
711307
775459
892451
791759
290625
879826
949856
172086
615265
129481
945282
261231
369476
565955
176321
676373
341965
820535
774135
695978
833791
568943
317001
968821
286328
616823
412910
420738
985806
803376
83549
955021
79877
936132
157463
768377
769770
389236
414414
216315
58062
26125
123377
870292
384418
788601
874709
27515
958700
463409
814465
182552
634084
241232
634006
526701
808941
925699
580825
214288
863475
826269
997151
733011
373341
91335
694164
505988
697711
585684
304615
30607
811648
271091
622613
621378
12370
376254
719569
122665
691795
148975
388045
137112
455535
188209
607080
308295
260752
865172
671924
472471
30643
535835
650786
313267
68904
801520
780237
366290
398310
134520
93087
485080
863688
380160
9124
462300
379816
523350
624489
56389
106455
386357
220880
643405
964726
374040
911348
647719
989684
286255
381427
401597
743908
307503
394268
229650
423993
545412
974262
676039
408353
182242
610539
518137
847228
778617
912400
608903
145272
208135
571218
745841
944843
968391
145918
2844
792715
475911
913452
570418
24685
887319
987145
855078
318872
387165
604736
122645
383397
79558
458181
924296
820022
277015
818878
79958
737264
767329
71246
327846
64278
542611
725886
852435
865539
904362
74954
791720
964996
903107
389510
705482
176911
62288
240875
772213
322212
524713
807106
491294
910079
412410
201452
598712
812087
921755
167628
514515
599222
917437
313297
212126
18517
837695
388131
995725
26644
125600
532329
362966
325683
868623
991605
409301
31023
22559
227789
307663
582428
840854
851159
288147
350684
29733
172384
304572
177081
730545
962249
893012
98469
740496
922510
887379
87371
707151
89780
583109
927313
476848
753871
632393
795885
582193
433581
940469
797345
254599
837538
870167
564884
538218
788977
870103
159311
250889
403860
653688
102608
832095
479273
302205
610766
401693
423865
596456
116298
723207
977381
768221
772815
545883
994799
858534
789830
848683
876322
649808
792504
636812
137951
819250
761760
682215
939846
497933
385517
753405
854287
236048
360167
282656
600498
93767
545003
821445
633025
360360
790826
24170
25147
65313
295271
272062
92496
399762
755202
450569
319752
428104
277618
40312
136579
348180
760786
426569
257115
542728
792146
354127
488997
781389
641998
97634
63511
592164
873979
221031
915075
108215
942846
878712
916738
620059
466967
348335
654124
640485
894394
11924
35203
344230
692670
187360
624495
820548
961070
481006
756260
681462
580606
825405
124640
617819
473687
820388
595536
405752
131923
807955
694866
766796
370117
59329
896981
3538
403503
281272
859933
626195
611031
582457
138339
371109
735987
132876
275417
999171
741313
802793
985227
853322
503795
723516
12001
97614
126280
405337
248705
923863
903094
340284
925137
155387
486979
883323
405594
200793
511219
985482
646536
225199
784796
959083
296654
929945
608597
874800
4902
882279
858061
621870
983542
361561
427832
653888
231886
382138
987875
19061
824398
769878
911401
480919
408933
580504
68222
643865
963956
770117
754536
39644
543952
130575
54606
623006
589543
516631
850025
130879
104634
576898
982935
814193
799304
326646
671438
688700
283979
809970
805613
137260
847771
899528
591086
95960
958513
120183
3128
521679
981511
292329
243217
506336
511706
441413
258993
168774
191761
722738
407282
902446
575416
303146
709283
655847
192997
48758
923707
897061
736443
999372
178154
842930
493709
558337
540427
359282
821530
885292
186422
809809
145270
758361
268915
768075
673866
660007
219913
34391
657202
306687
72244
297073
147396
671601
984884
342915
115440
179500
834882
762287
285635
819354
582622
969467
16710
356374
378243
921498
312515
646859
862780
807763
585191
218730
49169
703120
786051
715975
644505
12678
766829
834897
963827
737467
278403
34092
163472
371769
348879
961005
799975
646349
327494
193201
168396
92156
583147
522266
450715
885124
966353
316519
239054
577802
426429
854959
469742
713957
183145
791866
533799
671237
427877
856764
123828
782081
675993
944047
769721
364989
634789
986828
513519
108724
553513
221541
150777
331880
91104
823586
424662
229667
511527
80406
66416
370600
797340
992765
854545
481083
106146
855573
193013
331658
686272
133269
895930
495479
444777
435534
46579
274051
317654
866717
69981
886872
411215
137866
324329
909107
876234
182849
312888
108332
979818
288042
326693
364003
675304
275559
831995
314761
699023
896106
585287
891912
757601
13872
967433
266896
659351
182941
183364
380479
926406
445877
384373
665708
203677
649012
855968
640913
954251
410828
640709
627346
923197
289017
117554
71150
90181
975938
778034
552193
97302
833486
966883
658931
236716
605407
906725
760321
111561
512048
195375
771878
435353
26215
707579
926949
537207
42679
550561
155574
182152
766294
887938
947851
316229
828437
412955
159805
812759
885729
257465
101720
670299
681044
316747
606143
744133
383609
585491
410878
999712
37019
164151
681834
299251
494920
363764
718263
826304
130855
428978
952086
308902
534963
326770
903112
729190
390163
702307
326596
335426
827672
623701
581505
322369
381842
982149
26721
849168
433103
162070
274746
210370
338097
63841
657537
298680
36779
647907
985941
728540
123800
393109
791718
624711
853112
716889
971008
55875
647879
439504
647864
337834
843772
67784
23473
947821
413851
216787
709899
266353
130039
113075
752426
672915
363336
850097
140318
545100
302884
461772
245620
702128
176413
39823
418136
336273
197560
912827
114661
381312
831237
272548
952715
928435
841760
793112
688092
879426
487490
804153
480307
975756
551300
728044
436609
659510
518194
298602
972021
427027
999560
560948
398280
748128
446924
143651
27810
155046
120327
230429
592812
731202
781601
311972
189043
338305
630808
770248
58869
686821
626397
736893
776716
132933
162827
488839
898804
805008
766596
524370
667131
134130
129898
573022
269828
20623
827959
288407
650743
611500
486138
405442
769161
732333
275695
467284
328099
554361
186425
486621
816881
223225
242430
399649
561098
255616
979807
690055
215031
425093
34323
185259
257890
475275
73759
594126
492189
72481
157236
167533
830539
484293
634469
631343
48047
605668
235075
371255
163919
208637
984470
309018
413252
152867
175674
226154
267105
847201
227989
780657
201342
103415
107505
497082
258016
666947
156858
654728
460806
838267
584277
33386
18578
86231
979034
836454
619795
266636
490928
470354
363883
988722
466244
873667
948705
341191
630566
539676
144262
682508
673088
946632
35580
707789
833459
383874
264807
55870
901711
51217
535540
932609
998511
266194
914689
985285
466415
844077
266984
627272
532812
572202
185195
369660
638102
56412
324029
431432
691476
671483
59819
595749
869556
29328
138022
28201
816621
857993
228909
393761
22387
259308
645019
5846
580694
641000
652746
294962
570232
839
751459
38268
459881
173632
507908
703488
220385
35882
795724
996554
119961
426186
663622
996176
593798
488589
823791
811183
384115
149841
329765
177102
519353
713245
323695
95007
833950
714290
56675
785284
111752
589945
138360
932878
105372
147675
181033
310112
512632
805935
417025
393906
829577
792398
755913
689713
262153
414147
730508
63172
144536
34719
969668
859178
845174
937897
766819
901247
868955
974002
552063
497694
616051
130885
439258
578015
592506
792893
972621
827713
259055
428274
236945
97123
642360
804043
658410
108141
304402
967351
632177
135756
136498
843895
373500
356058
392317
324627
867180
578971
5217
396653
148178
893155
461902
594866
708670
608982
514581
143532
931046
531784
746651
119860
933744
698051
526649
6725
49949
327910
365428
322092
315729
145322
282964
770908
954243
130496
633571
547487
655293
65878
339075
480422
879376
209849
567212
892225
74136
89621
30146
772842
899303
528151
903567
596859
206417
549427
476322
296768
739988
332993
749827
715943
40033
174594
271825
345748
87947
798721
133627
754001
819467
244821
980631
136291
415022
132035
933602
922743
121564
421504
582357
275451
858757
849236
597408
900554
698729
12185
511621
398015
324932
263587
112916
771563
541205
677754
324031
557089
236234
798786
49753
363566
629322
261052
191984
473382
710558
537701
242883
767129
279549
680444
533409
661157
942258
809825
31905
283557
485036
114585
517624
325767
945826
392494
623610
91836
456865
896371
871600
854984
576371
836517
797970
575033
841070
703981
456033
507764
212630
975619
149155
408682
9903
900140
423164
173034
276708
44068
212710
610705
186765
241110
720653
874012
216289
891143
242890
641630
460216
250003
606841
736205
749946
334544
946681
129078
588010
329871
152255
314513
170761
450113
269975
825071
546216
750453
175545
271695
593102
540351
93316
951057
232449
389813
355161
704258
931701
519507
957783
756118
264014
384766
474158
595571
864404
717413
824866
583529
769138
714436
842910
488768
921323
222659
873138
832299
340506
679163
863723
592920
986147
455512
306446
586473
166652
557529
132081
326844
915922
589300
712693
1126
301657
745623
451299
741695
482355
445066
455842
6999
357564
446384
649875
82759
892528
470253
197129
913249
188730
899297
423080
718601
55834
475985
961113
178589
69745
824359
283175
749264
67500
203920
681785
725460
859915
28675
953068
776821
314701
849698
140172
120067
272442
799928
627440
949928
549004
58723
434479
961944
966267
389003
602818
306597
231268
376528
672312
417778
542933
820738
955920
598720
576119
516937
853174
465252
274328
484197
795549
493913
548693
655568
331445
338418
39905
817408
356553
434216
442932
74697
512313
652625
591314
736990
571023
968498
862006
674936
590975
863211
902235
606351
184384
715472
887592
5701
954177
393113
641654
419810
397258
105135
814399
883962
259312
779878
246436
936299
18676
597258
335578
21571
888633
535250
147315
869694
438241
637106
589765
418924
601155
617740
323257
866225
177930
383942
322738
861606
8493
782839
111319
554398
89862
249210
687999
859331
230930
755173
101368
608094
76612
78164
458100
192373
629446
755806
37073
885646
16269
100073
422211
167122
680983
390106
711264
420557
734980
550948
412104
558994
463374
420802
210287
186620
633127
3136
964297
182350
228718
59058
242769
879804
565773
752840
162869
804739
181489
659642
492129
608051
750183
88669
152550
585869
201936
228440
71111
182535
458241
485488
884576
279084
399673
65598
616116
83360
224959
385347
982417
706049
768280
294226
914082
418282
476066
862379
844881
861841
680528
928424
630167
630096
565443
983632
415777
625665
620801
157450
602464
946242
545940
138219
888174
643351
115650
887088
94232
764527
395556
314183
73548
126015
405477
224520
606176
78923
129753
457345
319100
997443
118775
887534
671462
307402
371893
43464
156136
927889
495486
166772
229472
975394
482643
877084
897444
334649
538939
437339
432463
958732
265832
476050
643629
377452
601768
284824
684607
466244
813444
925582
271659
406653
596921
896143
383235
177796
417424
380615
116784
811171
828124
390427
404795
487564
207952
340870
336695
478709
463226
19204
310863
488028
722656
812390
476200
358892
689653
800134
580402
358968
242552
574293
781456
564580
239082
907728
584929
648355
331242
296593
420523
422618
444590
670146
315364
553700
668448
250668
275356
847983
416851
168557
365002
807171
991072
752840
539377
266531
745441
557527
253486
806860
410698
139035
948321
481626
290463
531508
463158
920458
598549
430380
525583
501402
988745
440621
944271
213261
527383
888339
35398
956682
134105
566876
700916
488292
639676
165308
914876
353333
45760
694861
834087
510307
755212
601700
624273
393860
492395
944191
365812
436830
44967
363866
756111
790855
953088
384161
952626
135467
94089
885695
740073
461804
527648
2068
440002
876452
917576
503174
590909
396870
882341
720367
634896
322594
576787
968116
506068
375559
476578
139125
922191
115650
883186
393440
887582
644677
585768
407264
868479
463459
411146
262451
323769
775480
649149
759642
330024
625190
975448
702121
533737
879354
993252
816254
210398
682092
455090
1806
76126
517637
469401
91163
740412
721115
769355
824002
627059
667192
56020
968368
291947
73753
110318
356661
450474
244946
379971
29425
902426
919311
614400
274090
688498
974517
417809
109696
721540
552678
336767
204792
421091
348387
48164
291636
750959
857549
388999
429123
181055
580420
495960
113045
211177
796592
426249
324039
377008
380318
979270
455197
597643
159426
271763
85453
454926
828443
869825
522168
543800
294068
70349
369012
735256
918214
240085
584580
840092
230779
19960
917289
783671
157901
595145
23889
883566
306317
978926
176942
822976
617280
329435
856482
51184
235620
18343
463126
830704
549136
50888
259114
533420
556729
162608
472903
217968
192080
640515
471184
384118
434953
690291
596982
795984
934391
711738
48938
925934
38035
746611
875886
203725
807452
620694
838533
282300
811928
825294
337737
676876
940984
547385
557851
635156
172121
47227
919668
303070
975143
841215
264538
302450
621084
313163
47855
216636
302438
765375
440996
322780
356071
193066
313546
353675
563798
733065
90825
494373
748995
424221
329193
167255
660535
602152
624846
566437
969401
927748
284225
184216
760557
845151
549096
946115
76568
285910
376280
280049
64703
130285
26433
741613
617900
134313
96584
161710
948178
475722
377522
457756
341320
338793
771195
294467
888241
986217
667719
326675
169213
779997
401840
606801
12360
438518
137598
825183
235488
295015
673204
531234
824100
81175
552199
799061
587975
406850
540074
213290
399476
72749
863620
759064
437964
25924
808963
10950
454218
777874
280138
430162
89480
347035
834630
119294
403227
451161
234590
498679
632600
872658
441929
373764
247930
599122
929593
954184
263388
562826
910709
762867
618336
88069
133060
312779
763378
704835
305093
106450
192551
176436
757916
284245
75455
228178
875975
493073
69065
941531
679182
9090
157286
773674
613721
159753
816997
17649
705307
548793
402254
948437
144236
327486
692474
400550
26165
222954
56287
779322
818628
73309
487978
805093
931520
905553
709061
189462
736566
52608
654968
368145
812625
610162
480107
71364
344041
851110
801546
963401
76402
442268
143809
907383
66389
930813
564134
814501
587291
809128
121271
496957
72134
675546
632888
466680
348026
232441
529919
339259
882840
239549
574219
554766
490540
137404
99470
590069
618620
961168
336651
300525
256449
662567
265818
654980
120754
713638
803529
654933
413563
80443
887709
103391
263053
218302
507510
937602
387727
808194
395408
558037
73394
119870
411493
772902
269026
344851
11824
507535
189208
361914
142669
336945
229004
782540
402877
440848
763656
514924
273477
383755
662872
243156
126709
364406
510237
710395
390534
214678
410049
544096
607133
407736
449669
608566
506412
552622
990135
309676
747256
359463
417279
691736
345141
387178
786839
763391
130957
414959
137051
302979
67327
880602
848502
917994
142692
968597
595708
505223
674701
800136
736022
304199
160073
746232
390040
506586
877507
610681
835567
992379
283335
730193
931062
596062
37861
825963
794983
556150
398382
651445
571950
773408
239964
679190
325721
612911
541198
846863
808876
736660
712816
923181
627346
668074
954361
272360
967214
451548
195726
56028
714318
479284
455172
182049
92417
830144
396354
367625
386687
104866
757637
392117
369863
51893
8318
319252
597702
487448
487702
405241
635059
651544
536017
217944
102008
998910
933520
776030
554570
615281
32945
581802
405977
864266
694673
67051
342435
318643
952753
705431
899555
140538
41718
545861
251240
243640
548746
621287
829760
954264
75361
576424
95507
835270
767894
566942
426379
558774
767091
933356
68529
184334
290831
130935
783251
812785
782354
511875
356897
855337
970132
736425
162840
442160
841316
342327
989531
362021
789476
117515
55908
732818
366382
800912
817618
861793
204690
149522
60039
492422
127015
425255
267174
839310
417432
241089
830559
961068
768828
596800
243288
592721
786516
492193
274041
361140
725152
894996
901652
816945
208478
512428
31600
93773
252384
205488
571697
50328
19529
526542
296677
602731
975140
633391
2605
851729
339488
74214
985606
964162
191020
668737
329843
415691
100907
199106
872009
109769
448532
279720
554582
32659
133801
801254
339119
553784
428946
705333
844053
69022
631958
451461
564547
192457
336373
970318
94871
382332
993572
192070
727386
536378
155301
949547
325486
445285
818435
160639
589523
1352
880615
525844
774294
135792
141466
428413
801302
707060
68696
192100
926964
624854
187533
713722
259670
516162
925359
925257
99032
993267
965879
265829
766865
705653
609405
249729
821309
445829
662191
903837
543628
225428
26605
618653
966470
823594
856772
433909
691289
503208
882118
163521
261889
704358
958979
345969
265490
121083
84262
225890
2213
852826
512173
147399
766237
260249
501446
577606
24917
644366
212163
364895
986216
561298
225978
529415
389596
203815
89532
788883
942379
251254
561392
707472
485104
593904
81099
648303
1771
262423
484845
984669
718640
236053
374747
818609
89586
329610
382677
974975
825768
403939
181588
130313
175130
9573
69410
849237
787594
587722
666645
746714
263937
376322
752041
526548
788149
92378
94905
532727
262484
121210
601050
124864
331503
980232
291541
965222
716038
621483
859902
486192
660716
672746
86005
672928
872471
835570
120633
926413
98054
461750
89380
337038
29071
572657
712455
352530
171396
664967
722658
864205
198977
141385
79424
828173
601429
440856
593325
793707
410059
926305
319253
649692
947348
434630
170747
298855
506258
282717
661778
543409
970947
379601
18812
613684
421192
578470
115676
917710
626897
174875
419418
154614
575784
169448
880050
229385
999766
271655
140217
243906
407093
147023
336110
672009
997396
484506
796537
89314
312128
443081
309059
97350
813877
98366
585969
110927
319649
863494
22718
832460
632593
458042
541043
318708
269819
360506
348038
198008
263207
901338
248141
575281
938106
210649
905437
124217
497952
590668
632579
840789
138389
216154
782750
385552
778641
700512
399319
733539
124110
167285
867327
372495
124855
770119
903171
684877
460462
657956
408334
817885
538618
121813
987324
930812
753100
825381
521782
706417
407340
563775
242350
130885
943685
293941
834937
312786
78089
345437
507780
560820
219906
139542
873908
434013
233335
716712
472990
682373
30327
752137
436383
502846
147332
471228
470746
496485
385439
348373
916172
763572
557
712727
574989
964277
180035
397822
527782
719953
473235
457816
995657
247943
218610
478349
774321
202296
428741
768448
386583
685214
755016
514510
88590
810333
357882
310260
481916
900082
62313
851917
93621
189512
133141
690872
136821
929897
966596
443608
473338
683537
476193
741749
598524
955743
199314
268543
441482
537253
694549
324723
582722
597982
638165
361751
292269
792959
745487
13343
125301
172838
839643
718514
674691
467823
498010
245446
879161
389158
279611
56487
620105
871062
108905
500887
852912
616192
430805
523664
985363
523367
817307
133349
376692
532872
519123
709830
260817
178856
76343
467618
365145
303237
735980
728679
504972
9710
740975
775589
537326
404335
285917
366992
903015
949092
57567
235300
783290
373486
159856
771427
700384
834692
831692
389690
487040
294049
407670
325314
184718
508187
425830
170466
423421
451796
737998
866961
503202
269001
798152
924409
653223
920008
176286
254967
374760
432766
382837
707839
253677
909870
945814
162909
377092
813310
616858
773462
649531
404204
542322
184877
882359
614813
108945
700161
778740
339734
321334
784211
293658
186820
59353
914214
310776
331829
724081
972671
364063
202345
494944
640076
693022
332611
28604
108897
79701
584858
516731
1501
134968
487469
110266
297451
159394
96819
877354
137957
893587
69711
646808
494418
626248
93282
106199
334032
809654
341051
860107
954253
468130
363177
684565
426799
99680
494770
726678
439956
287910
149148
824162
867251
788811
678184
788995
583649
709666
99486
608551
379632
509805
898436
984551
564274
64512
291688
505140
382875
84532
98269
423712
200580
670148
870786
631174
512780
288839
942525
352024
708121
373770
24199
543747
927036
72777
320609
433217
103347
463050
87141
130811
111048
770519
245111
297176
766230
395926
681498
946278
336363
160774
247391
864676
883145
192856
950328
238249
722695
98920
132778
736885
946901
606358
636449
698387
476829
46469
276253
99815
922308
318256
927434
925785
476943
393956
619054
854622
60771
957278
482044
149664
50852
322945
578949
284874
327103
542580
732110
27697
835076
193750
408124
663074
474795
942431
911532
881796
757560
932756
489439
570922
810616
126310
997203
712184
381035
673704
593837
720622
42172
2475
544081
502934
338091
287032
779860
299910
376907
387434
263241
861139
527655
823717
307512
550162
836992
279479
709357
740300
65394
74121
225900
927613
63797
542657
502658
259913
610174
400056
759094
689084
327941
50835
794783
884668
83042
52800
694415
240526
657425
880719
186285
704065
632148
927978
888993
850042
110712
494771
747176
347741
345263
407352
438791
7254
672092
678997
533723
52609
557102
287655
529551
59388
829987
375912
688808
415302
526574
857964
132666
272084
54132
498359
826750
364016
244079
737785
617083
863886
512245
593959
981408
444269
401939
525430
840436
362406
128787
172790
71076
311445
701854
807882
415355
443361
2170
409408
858225
230249
578739
747089
386266
272076
219608
837878
914879
944597
527581
629668
196810
749122
818590
31207
477466
568239
78019
61527
232311
234212
4926
507448
341791
769208
757169
331316
953407
345760
355117
671149
768509
311384
878678
242306
546418
691116
815458
800608
265333
567843
604160
897986
906962
334345
927253
524422
221978
19288
369569
176557
958996
961922
777536
684783
258513
289310
88909
936569
263518
776428
143649
294020
991634
177222
15929
177811
111046
524774
198774
866249
509412
779726
456573
64740
945432
738712
943230
303642
488420
361690
704914
16014
489552
857845
358846
762607
978302
333179
218709
365678
265564
152314
739705
976858
583346
794985
654978
87129
557595
465134
327671
652549
334224
511434
465720
304992
306464
282914
920511
207350
465276
13611
62971
655886
868142
583856
329948
195532
159466
723523
150701
678566
972413
296574
47066
532289
77538
802292
180947
205095
976115
97786
791241
567335
323453
501771
478998
925898
55532
655580
418169
630189
601125
56509
803774
17856
579507
26025
71676
40921
338072
674218
264120
86774
411141
113067
797800
927949
453990
819932
601361
186130
766100
598652
796945
425541
723310
595462
995321
863220
201538
854906
809106
514836
212260
130438
822209
273592
381793
56337
305605
935340
518798
763237
579036
937201
201785
874294
792389
857236
435777
335891
870945
790061
426306
803304
962291
929649
326440
18925
881606
715125
64741
32879
566894
515392
774525
516793
348518
349131
652350
857951
761177
1559
885454
74086
522556
424171
182620
282835
537944
287081
47481
418831
701413
800588
342911
547187
580306
115137
830063
113718
689570
407902
496729
951216
43632
335747
830516
692490
653779
173068
922893
653893
736604
460656
595036
280291
649916
902457
791091
80822
830083
117024
568464
100931
532675
493060
219729
861969
42131
920967
763015
982036
118447
817221
374115
856241
389437
206770
842636
235118
434858
704719
221971
31992
655091
756425
854974
447439
251584
510382
909505
400210
151146
266252
910475
720994
217950
269480
990395
89974
831513
979800
887027
138939
816403
21310
297093
612645
930232
891297
530699
715863
6225
738793
410579
542443
63874
319479
600246
778270
947948
263071
950026
242843
724658
839235
128685
740706
255833
359181
856258
789333
709129
49608
232312
978527
171248
26012
947269
576322
621766
605924
540915
681787
622187
810157
423185
989715
243052
294606
257482
42629
784484
553887
535250
86855
738943
301079
553276
553847
154522
104966
773544
491811
370694
312171
509274
344949
661868
187187
944679
275129
609098
241679
377417
18317
351259
71344
534609
546148
642773
587682
305147
885046
216396
675074
254557
720968
579828
149725
956346
415827
88259
543847
746099
349460
843957
182165
154525
401007
297065
974167
167854
959553
698793
83253
403536
74049
368391
557573
303384
880017
413858
163271
306256
13415
77384
99421
597808
754194
75894
179626
339372
686316
457018
344325
789415
84891
941241
983130
916549
568899
196877
463261
507678
797772
518342
827116
687374
714827
315666
169793
417065
301519
348535
276240
802572
36362
921532
813827
513870
157211
7528
144144
337750
806644
836514
554611
929158
281325
287351
781197
461205
801252
614138
819481
280507
6030
588294
98183
47941
434463
629919
365367
370632
341458
881911
19475
132274
312533
963788
61065
48380
609941
144878
591204
696827
590305
315103
354566
256534
656125
501139
373124
869714
891590
680278
344798
976969
558012
114317
781721
716666
969585
971540
599483
694009
282445
954503
609379
207239
513980
328156
518978
639036
946228
680430
64954
783265
601062
671956
36817
18138
412480
436080
46545
418112
631453
558660
514624
120973
993034
77502
788407
879345
716406
103828
55970
561729
253621
484554
150995
17551
5233
378129
306115
490132
822958
576009
480677
298698
556727
105639
475240
893463
803498
123570
625354
634723
523293
969319
162580
46154
188780
593661
216374
284397
684321
710019
481663
853603
696126
315877
624568
291853
583657
805773
104670
186376
839092
271718
865723
512379
689737
607739
789920
594319
159983
677118
443905
606398
307323
310565
653485
749829
651093
250735
364648
633459
87910
955205
506407
630244
359387
481147
253607
852231
970073
417525
462698
706074
206205
956454
273679
81655
649742
952308
597581
331784
614274
513720
417035
562775
560489
413601
204639
598976
415482
871800
758050
234503
122937
789694
354029
575942
282625
653297
741554
961407
726067
162285
795384
869840
123643
102256
129972
973188
879356
879414
393089
474246
385880
372611
489853
840112
658461
894015
548159
342657
432975
550523
892664
241069
249934
448210
235173
856399
209060
977770
210094
593402
405229
274458
631006
123245
737891
527525
587200
553764
48261
378149
516434
720139
697764
782019
470761
926926
162570
456419
421473
649419
567687
14108
574526
801193
792601
919460
451236
878402
468983
929355
169583
16636
483898
691998
777968
591477
421033
822188
959045
618332
444127
647397
799828
330973
705371
421406
538595
536372
249636
894064
366167
663715
464279
127873
462536
694334
494735
382618
827325
111524
459055
33527
125705
464008
271118
105758
547201
696877
953536
719975
163928
653040
323773
607002
734874
879039
638065
121013
453121
695016
17696
656076
256887
636364
157939
988939
204585
361650
326562
163224
790916
131895
361536
808595
152848
435555
983646
316543
830245
15768
222365
898042
116429
133604
450068
184808
352568
669877
18713
534894
923286
858348
154736
880730
785749
796042
70606
965344
745207
620487
798664
368576
263182
858817
655965
408835
783575
702545
152988
158051
69169
51002
659892
141962
808312
346107
941910
55987
139715
614020
834056
836781
326006
108101
777673
159870
545988
105505
135261
356964
775492
510593
107060
682807
228719
980742
707259
455722
635892
944150
975486
760240
180280
374616
812600
3451
141101
472058
695481
289055
119118
740783
593906
605781
419188
278199
954464
253020
103832
644374
920915
550906
870886
922662
655066
135777
601594
508680
277069
250028
552825
536502
830903
378568
467791
137140
617886
307120
611776
97765
831151
797008
998893
677690
628555
251275
19750
227909
847400
950872
702310
778540
754853
282375
156783
522104
406319
900834
286147
133453
111561
557550
316284
490676
711355
563665
393161
914324
679833
699021
233669
889856
678958
727850
550965
288298
373126
111283
126814
10932
735765
502934
502337
54247
427335
357295
760116
160829
294437
550046
534111
612248
256224
742996
4047
59414
400510
864173
268986
84028
31070
429751
146960
342287
175273
307410
411514
341057
406487
573679
493553
257096
979803
547386
292222
427851
508013
964052
854154
264118
751282
501817
431073
508078
741449
993857
953735
525470
628532
935426
906679
795246
148321
695698
144244
656789
314389
908970
176014
173061
797236
870886
193268
319173
445807
768617
897968
89437
983178
94173
293059
287274
389960
147992
810077
474897
249846
990554
108281
76944
232018
632243
737747
630832
486742
378369
369351
145751
658468
222359
530695
31994
982223
479162
117753
828527
356163
958853
512939
236576
250003
872236
970484
402076
806429
885917
680104
313863
801500
568450
746359
347890
518602
540259
274402
345989
947824
694697
316763
317593
738891
68093
998713
863906
304988
93263
469909
237897
567821
840179
597508
827480
235387
543781
800624
416527
503140
829997
598037
640660
388271
858846
561622
176710
152914
425976
11065
267762
637155
696365
102406
451870
581375
343681
788151
746499
504977
722058
574172
583705
406528
741591
959694
415114
486263
437869
841549
473480
513042
846445
137273
389370
527906
905489
447017
513489
18269
641685
345068
770298
202917
876338
2330
307820
122483
164037
352853
833632
997472
908559
459169
555617
216912
36437
725918
927993
998971
38568
524638
302667
14809
234815
652647
731199
898026
243712
275078
348887
763231
612637
807438
862049
398824
395483
262764
486149
782619
68654
891560
363582
555261
521857
947514
720229
148209
114770
427334
335721
660346
63801
157110
898779
746543
347208
338227
25958
857210
20494
866944
988188
905676
566518
829235
561323
744161
96269
178064
277102
348651
873825
141635
792992
330078
706180
714042
280939
590423
854448
205213
620958
787626
555012
399851
236606
345286
239789
352498
639347
13255
44448
957355
797859
909144
828803
785263
605788
440963
587499
472730
710827
45719
206080
209211
863754
726709
401853
334836
795701
813431
274324
419317
858141
181948
72303
985615
830454
615828
909136
981687
145835
162181
344025
282970
329970
431160
589352
187799
532089
806531
18010
885918
61311
500436
197041
464995
860992
518774
408912
108478
496392
321923
653475
473442
114985
84455
416731
674168
396040
561804
430103
674263
658961
339815
171998
764770
271947
609247
620425
575935
801989
577557
601278
92719
68976
278804
179606
640015
836679
562455
767904
711466
566056
347889
832511
109369
173318
940317
909038
88056
389368
927842
129444
629925
801961
727778
616275
232024
486770
355392
269706
489530
971589
115116
149114
409699
231296
348237
676373
503380
508001
555657
487122
364237
501401
640692
562701
172685
294713
934546
130124
530596
517257
471307
406237
972342
936632
90282
428059
273038
714989
368081
731791
818652
103292
546685
938034
124621
615860
146994
3856
641861
506901
911491
587017
347708
982238
329280
808242
174066
1669
237628
865112
651792
255680
777785
842788
665693
581568
196147
168922
143833
883518
505606
463868
41401
802606
325372
650123
355712
323215
94071
358253
919607
984228
258935
72810
644873
826173
49289
874320
93501
838190
121037
927415
965648
856097
871586
60447
211182
376072
673520
575221
770893
239786
909649
199989
484391
654303
628060
32105
404306
537559
542992
294991
392509
466964
25114
191576
383881
803064
240387
357517
529025
113208
364346
120972
378936
163376
690105
865905
120062
429649
333461
45200
877246
347381
588263
920222
922551
159507
817939
628911
120661
161806
986738
140761
582571
553704
612064
682936
373456
247316
675811
791179
153811
721512
434102
213308
538651
183345
451314
626045
3104
249889
89752
539662
39104
619619
134653
222171
136191
908623
131474
915329
828574
7801
412239
570417
592470
928612
687804
150701
956145
399124
96732
923824
386950
784001
372534
46763
27407
749351
983233
965993
18344
310650
151339
507219
94759
518391
938054
131024
938194
738838
462479
273220
197761
218076
971421
508794
129169
115533
71907
558940
986626
59902
660578
430879
85166
45319
105198
980668
90087
552919
815706
630296
33387
911203
392770
804869
353222
970807
79478
508193
27653
611117
370622
399516
256786
13818
965327
870360
335025
230437
153608
398057
578774
525716
977833
841211
702944
541759
942097
118867
659382
757061
685105
765422
949757
675677
997267
479621
573363
934757
654145
604146
411755
569878
670675
788716
837413
354265
497625
205550
495241
728754
584288
746359
43200
769499
381029
929706
120751
346668
399636
933589
265425
457333
513915
750926
905328
696302
310480
741690
488064
986054
262427
987815
588696
905815
827969
384537
512334
405947
859439
832098
683629
347256
888031
295978
495446
933974
913034
742863
974384
880466
797802
478437
956877
209195
607019
33694
573403
447769
385133
733317
353603
283421
574648
456677
847905
205172
320125
855110
676897
341605
845189
160471
186610
459066
732089
45351
720042
589707
482125
188557
521590
618293
661833
161256
942588
403114
937333
510849
307151
796322
350816
841997
109454
424240
351821
872462
298585
412847
354043
717208
542449
498011
570832
151473
283756
139580
311649
54162
286993
820220
703648
258826
558870
329562
382755
8002
310131
804087
33677
817627
995170
263630
860187
70963
694134
227201
154701
977543
15573
134798
98222
338738
175572
863456
288514
418900
519149
161858
427212
897550
727903
490478
908473
169641
424611
362308
747820
551894
981254
291734
88807
843792
598887
450784
327634
757854
357007
471125
123244
104244
429864
790740
172235
921081
612444
891449
801745
882596
198475
121168
381933
51967
546280
826085
968843
780878
85105
328631
566297
213577
744201
830219
87927
958788
48243
651676
538683
866992
577069
364463
182750
962938
320103
784133
716934
392401
404638
742186
164400
295493
278810
103467
833209
111115
451008
888421
643850
933277
659733
416695
328670
692094
457552
704153
157362
112603
237465
110150
143048
244301
75812
101781
516631
675899
114149
424358
721810
182685
789103
752119
692819
92123
745773
933974
947876
933523
195067
647921
775018
451130
94434
71113
993903
10394
363630
886213
548170
30905
379118
564643
263725
896794
920712
798089
916811
504413
628086
251706
449444
491521
256865
265892
679982
111114
605400
936982
864482
5757
186477
436942
517856
676425
856108
234480
581183
506240
638841
154387
610997
384002
556357
338486
506079
587514
