601125
715772
847426
591527
980269
872297
779642
339955
334730
965264
639819
590518
925771
599263
666120
676317
919164
297911
604558
57671
982827
878513
251298
79193
28888
933506
656935
114223
238072
172089
798392
697005
911718
40933
679848
85363
447783
716627
54931
313263
381208
375604
236897
228940
383606
675550
828375
747912
192138
803817
10521
979747
833839
177658
89152
449843
192833
382172
144916
673108
404004
431561
480998
521917
726958
776905
226637
4335
216562
721458
239035
688774
709418
481101
402875
446834
552320
572057
134409
586047
768889
658345
949645
871695
223039
488232
986102
916138
926281
132541
901871
580396
81321
345737
340353
199901
174897
478797
356357
833374
749379
808681
248708
623358
588148
101503
937581
667052
251933
975990
165682
396871
111358
750875
669951
946130
522446
45025
432023
998979
938851
74761
670861
165754
284154
716317
831581
9359
600932
614614
757733
53700
78350
622685
210691
113561
656683
635695
478156
455359
516608
725529
932645
993892
367563
658915
912066
123117
575377
983305
52601
890946
576387
992996
707010
936834
533196
249000
676237
570392
143354
184902
186944
27301
533702
28018
552460
338845
284097
965887
939
259694
232157
339237
911352
698458
635542
783909
337386
573030
850683
817795
136110
826666
633693
912626
672801
390857
43475
23758
678311
728507
542822
163011
475947
346182
409568
743499
364339
494540
110828
715988
581790
696829
436906
764543
946941
903788
495634
727621
457356
823999
117506
929012
524492
199361
933029
836055
669630
597330
53954
506036
892477
430654
345822
21039
174456
871850
916175
214348
643980
594730
357727
351250
549114
350256
118937
701579
85962
855072
95091
174183
1915
750655
630167
995008
806757
845257
991952
92600
591469
359137
982286
4222
493989
459299
792981
174512
469310
755925
134472
104410
648682
124605
415502
213853
124242
246284
127647
949867
471793
969208
984685
463663
83404
94759
866289
175753
72910
590535
326096
44279
647491
177466
721386
86287
582577
478959
166784
767465
541263
896268
937023
993689
613731
531911
619885
981529
611131
292308
777903
526598
587143
559929
736564
540481
668817
63357
807746
595766
872091
417086
292251
85561
239508
278754
728459
24460
884214
169702
889553
121533
460799
145298
133352
695980
291145
469773
954353
447659
433160
295181
921342
742334
43296
717030
568829
756865
749409
844356
225791
579369
247584
537972
762596
835490
910259
478172
804901
166360
576200
91339
917310
878290
906914
888427
228726
781816
592818
558483
742348
658997
523022
588921
742976
433847
330896
205445
431227
403987
47566
617856
123483
831366
525105
444523
241119
107415
228276
39724
21484
883224
173627
601891
14714
838283
326797
636316
440094
819616
701232
251485
365172
603804
461600
595358
24936
383318
855851
707736
934049
196252
192108
66678
404299
174130
661602
412200
196736
652858
678188
954647
79699
895535
571875
23091
809528
75083
598356
340071
809107
142281
833624
351150
518427
610437
780626
673983
684587
665727
263813
446180
319909
966910
78031
513449
606851
295505
249222
978095
485756
199344
553006
634656
687567
626690
601428
343804
630062
98872
453769
171218
474186
979158
244798
497931
396023
747282
236345
257569
198013
829781
853554
952045
376826
800478
145612
295261
55095
151238
694259
426244
507397
713310
884558
23499
757139
581236
706017
268613
834704
909493
85763
122721
588727
48044
661366
891064
510844
998568
828712
727942
846929
941628
246213
665398
197973
376480
294903
444758
107354
312821
51259
113770
801489
407910
212385
254172
263636
71274
165792
189841
113744
549990
933139
9366
980109
28910
307476
949945
344860
506924
857012
388212
334620
11161
306964
361989
529896
266345
883107
576089
468000
871748
901300
968358
510035
106734
37946
593624
475334
130951
927459
988387
28580
98670
518223
805559
389441
14017
329260
239762
152268
526400
622896
266351
741649
215696
224433
730780
385641
859867
128420
11881
467135
903636
598000
244796
731903
705240
117294
965826
197916
230064
77568
405184
39550
63539
208843
964231
935751
257993
908882
272390
206529
860490
718896
760505
366950
538948
293490
425728
311755
924700
243918
245898
984681
521483
361476
387440
741385
635274
824592
762334
938636
528585
275593
626988
542228
829720
901402
425995
160915
551465
679194
186010
69614
657772
29769
148376
294221
272794
921193
686452
403841
631886
494262
999553
760723
907021
321796
798917
99877
812838
452213
198512
633991
675573
346515
442794
137625
411137
563088
707525
364440
796549
475159
201874
854215
143500
188494
709391
556282
738101
917867
400446
394242
214422
400688
163153
415664
898493
443076
67585
631432
138002
65328
88061
264516
18200
513074
130944
198273
320594
858689
680187
388170
140482
706015
927090
475456
94349
810516
972579
828514
162682
298764
832288
619071
771737
385167
912766
823925
621952
815320
715686
873188
961713
293077
32392
373
773399
558586
433200
348097
809519
473026
329777
370719
958276
678660
81725
960973
961682
666286
897366
269305
33036
567072
728991
926573
445561
111911
646412
230166
293433
892308
373561
160751
588390
125177
995606
299471
289494
211199
292223
238155
448124
648807
370025
337353
360814
541787
941112
717794
90817
697456
310894
954995
152272
442107
641407
628353
970652
202637
546816
169990
286669
580876
409149
450076
392599
226863
457833
470981
172344
40469
61552
490901
402269
838339
222761
759612
421156
566776
235175
341236
556093
905967
598383
912771
302633
454385
7299
712045
466085
714580
28893
165882
51552
792595
565304
676191
677159
677515
823367
740428
985121
542672
642505
201937
468982
87018
368180
917678
89804
245551
828366
896949
222761
86782
362587
780766
417980
763861
581297
162279
634103
508624
297447
260326
363541
781439
536044
750317
406969
293026
956211
780184
845303
91268
413708
61237
96107
596081
545422
363281
762759
12628
242161
712283
875627
433522
689144
484343
524397
518013
626507
673890
715896
216662
855011
742397
743952
976546
1566
290040
135219
306440
454066
192476
111643
690564
669310
933748
422241
369963
355964
603609
989499
496699
539923
738905
25446
987742
930057
121348
608991
662012
805846
728146
305866
262585
440019
260596
309302
666386
183953
791670
158136
246799
17031
6861
386612
758054
13347
124867
686330
690092
266369
820348
931852
167480
54329
777571
265726
542870
609427
314486
289526
739685
965846
806508
570003
482510
111358
96447
340586
145313
763531
601049
58348
529101
136502
64799
223267
899260
419391
621652
173915
673289
432097
456876
897373
708319
411751
404974
954455
326383
814616
870788
412247
532109
652878
771170
577462
733224
697829
955153
667153
580708
897678
941015
862323
307862
395139
65861
147599
842075
507989
986205
500328
493077
920673
709789
74579
685956
497313
180972
799060
5820
709662
261024
319718
850504
358339
448554
748823
550812
295886
204447
286863
571439
567583
155555
70065
623549
374451
821172
189081
10775
423978
192080
463238
332773
723204
470340
989841
429690
618794
623315
282651
218322
566825
471615
824838
68651
143417
26743
803098
444668
263099
277660
480711
747030
576514
330737
397002
681814
918729
266592
955624
997892
898882
694627
781207
968780
394190
588437
133436
338519
676616
397334
91599
325892
404027
258260
142299
842312
476468
877885
370466
627231
743539
8638
902110
574509
228859
975734
290017
458294
457545
166780
602270
904694
11297
960713
270784
602015
185347
717380
561976
685101
499965
273129
802644
47015
107738
641236
493515
51828
802808
939824
652821
928150
139831
549111
742391
369480
824205
368036
737436
501616
37431
95357
926047
899649
452490
36150
556774
286833
905832
833988
513384
76625
738062
395840
538638
575630
743497
835123
348855
964418
39688
908228
70166
627832
568077
865083
67191
802299
799486
377009
787743
545625
608344
73238
223760
743609
137155
801439
90219
91734
407296
953930
351088
699927
303102
225295
465569
896589
737420
969253
212550
488840
738281
889837
151049
410006
390264
168511
967425
222937
71696
245968
329548
188996
339439
966717
857684
114738
803022
748854
314037
406627
115471
940682
455349
870675
15507
305098
290929
621177
859816
791645
110297
944089
7327
160544
343442
913542
696828
960695
11962
480952
192199
107317
776520
580293
353152
158180
198672
638528
373871
186225
38246
400107
284697
575095
58267
883161
702735
217446
407139
986405
14368
451087
488727
560712
816366
155664
4245
723419
768606
625431
449477
564138
603497
939860
751927
72305
357776
813055
466472
11894
442220
289091
544612
786818
749923
169542
411461
637
500407
367382
265241
537893
313080
975281
562849
241451
511578
15984
890998
59050
37985
986706
777415
601477
707576
455393
358013
332763
763746
1155
274495
668841
384584
448736
384529
97661
983408
926314
995543
393427
221454
436429
262840
780302
505845
794421
362782
505428
64038
529527
315865
320006
643913
965213
576483
913691
553081
813009
863230
6104
280186
996004
391930
991150
178182
854140
259155
260080
34436
487768
611318
668527
764058
731073
862308
93107
728473
830032
195760
77209
726807
80022
252770
910852
838939
781163
97790
780929
850416
197270
7006
347963
217180
781398
243004
256855
817515
566027
887116
746605
871844
1796
283846
379684
685725
102502
386753
162985
925482
276405
618107
371980
391729
991106
172213
439735
957401
576049
762683
225355
605665
354918
206018
796248
78989
252300
172649
970233
399674
759425
209186
33483
544147
575266
760810
514504
750748
277550
235572
34371
369324
332825
462756
363970
191544
811824
829238
65267
980937
776931
768063
674381
566096
897332
410700
96708
797584
270139
867559
478632
940345
327507
129592
627547
775189
79269
307399
674605
258267
342670
555743
872854
141793
242864
991182
128975
416175
63250
197322
831629
887151
297909
186158
442587
735424
110580
863265
463187
28201
281622
609047
970808
695018
333812
692401
788723
893743
473153
415616
3880
794654
122747
267303
699573
162831
735405
780766
508487
288795
410078
388115
668312
693709
418714
202475
708745
315126
563930
342438
30743
830493
791954
132256
213053
309010
243992
114675
951590
133219
29420
71738
424270
635688
549416
413745
871156
992185
707333
507640
160510
892544
293319
298870
730921
965481
565895
782810
860586
166454
127835
153085
539686
411694
466979
898915
830347
923637
489587
483617
907977
847095
815768
258328
168689
252926
153161
546463
79720
367780
373356
563071
601159
407970
537025
696663
602835
624646
320175
511136
171156
116739
823081
759179
861524
91875
991613
394695
645429
176599
425785
212382
426991
512687
823290
530751
490662
437156
446802
32996
131411
657493
499927
149304
730053
768960
964891
707114
99945
744647
823841
973721
884515
661178
776117
43252
396605
720723
323758
46545
93115
875934
963664
832301
748749
770053
377298
285569
878878
850999
635707
719933
923850
600757
927142
476451
199724
11513
351972
611971
648084
939139
931200
684623
365272
734145
286237
357082
986178
955482
409660
642034
871271
364375
626266
82262
506967
67182
137462
790486
45744
191021
582576
774662
136461
846976
685197
314398
780380
923038
849623
62833
432525
464470
684258
644808
888871
328242
703017
417563
548725
946757
577110
747371
139869
256150
243104
611070
342672
460329
736527
842808
484317
22950
307419
7699
861153
308329
404210
95163
865241
791205
671449
777161
323480
992885
63530
554585
33811
738049
187387
526154
595290
752905
674655
126353
979681
552337
665158
221818
957565
735529
880192
988541
804330
243736
682206
2809
933320
392677
924793
487056
980647
209473
746636
292894
553399
762964
96764
79894
831394
137186
547321
893883
800565
144730
159996
728248
64377
788475
240
871390
43680
231267
163629
411000
185371
399862
36191
332043
907721
730727
3397
444783
734665
407462
748566
252612
962864
358822
12990
19091
879574
214794
107781
509699
598411
881195
260817
97333
950375
908744
238658
925500
660991
447627
124219
545660
598772
730804
98817
450910
774501
242981
560315
672045
465412
297160
400153
290384
618310
195680
727505
288420
591988
286891
227461
174325
355743
65009
581889
262042
2737
759597
993824
240170
399902
781780
143310
482718
388408
107334
943975
597253
640866
542992
48638
630878
330908
722076
601531
550549
667326
329718
14108
337181
774912
657147
687772
23206
481077
450720
867568
780156
51736
173596
34222
262396
881151
458676
389769
702963
279276
508385
291895
435668
440323
647711
398579
381718
484181
905876
318110
612968
853210
654171
655425
414290
692222
517933
146861
953321
849810
669164
432579
812654
71011
574603
512080
506309
204136
653468
30800
19597
614165
7223
165204
156576
287436
56836
599102
2920
206259
554918
938152
82908
881568
674436
215076
780886
687217
68085
145758
120851
294969
469832
944414
386310
200853
173165
303530
564889
216284
743746
904
304321
18100
263486
451681
902588
860162
786420
371265
873706
189817
709317
292603
750917
929812
251173
722538
323391
96222
170952
81426
408119
480110
461352
324964
103191
694961
748662
692640
333644
698143
688090
587157
1123
839952
459113
919300
67773
780519
542563
995235
20207
682604
215205
660797
155704
41400
85937
45238
465439
849865
778200
150189
797865
641462
771778
487418
38900
245052
923546
617878
384308
369526
632536
23578
940679
989099
387308
523488
440566
670018
463812
163590
292234
330576
10938
922065
364169
630290
429533
722413
160140
849782
763099
486994
429374
941139
206984
708739
153139
228922
155149
713393
615906
327716
192431
418172
811649
581962
854587
166681
284987
654356
585420
21006
603153
429865
936376
274970
736202
837413
147357
355379
83096
902185
650371
562471
947465
75147
910638
837412
823590
434478
605123
527187
474092
790381
249620
172702
579748
434545
784906
782803
134689
26531
127022
713888
614934
813050
388820
455294
194065
62773
40164
41323
840344
139429
271878
324879
951583
361634
489578
136768
990242
511006
242801
886945
931493
819606
653947
767845
981958
430244
669582
939441
656123
875570
280159
224480
806446
595209
567425
652448
705458
767815
972775
396217
24224
318575
155351
148910
352211
894618
542638
865468
324924
994508
407946
573567
36322
252514
309271
557428
484857
151911
72121
150489
191838
390021
655699
67761
85037
652376
531570
957348
42240
551518
258202
555842
218756
706059
969770
529384
860089
916345
269358
755195
494918
707453
58369
76946
771062
162069
229213
280880
834451
454589
224129
739182
340189
61664
263805
305528
846759
508844
782301
796142
432719
980414
849712
798634
336600
806653
769204
549089
800998
836866
482143
414818
66261
405557
346124
659452
995765
138931
879297
297341
553766
269803
512601
477012
182477
145736
670163
554072
932720
244296
723125
542561
456884
77868
853726
81236
872816
162184
64359
542461
546989
504954
632885
827989
403005
642359
172895
534370
603316
390913
619638
472573
999240
383221
509237
674927
128257
505024
168390
178229
99484
38706
94831
214243
220738
181739
236183
293989
588320
543601
856121
664224
822242
544484
759396
228151
755217
651912
295980
802985
857415
310658
401329
591319
979339
960222
21961
632163
891725
645069
645069
995381
967359
89900
420477
700503
420749
977663
398801
945472
44731
631036
594909
588462
658074
138372
28063
517932
793895
965613
27944
572019
909824
344570
883493
716781
801156
881324
688458
504660
537222
165937
944602
649465
319212
685243
228181
8673
138346
769900
46910
919818
85271
701677
324039
14539
640809
67294
549147
196761
916370
759719
519560
764326
402230
715501
131080
461091
879239
21729
428394
498407
204863
503218
410338
109416
73401
776803
414889
270821
910061
58615
280018
244838
134342
772936
461483
950619
325154
908534
402764
120290
933221
126333
54655
658980
992634
675616
988043
555742
968616
373442
633887
580478
872588
438419
990936
223139
894649
547111
904303
540103
207592
838370
490306
998329
992221
73552
700221
287682
522201
38673
421157
513322
976630
303985
510017
91923
188386
900438
31269
594626
698426
366227
120540
351486
347394
447641
973937
912273
642559
27468
282266
60075
160818
104948
614658
159782
932081
231626
546994
20325
687523
600178
632603
134677
953751
282633
761794
353301
267265
413075
879752
364466
344211
645591
751317
631947
678516
368711
768225
971540
876320
255895
471582
643765
10844
181486
580166
600274
292116
757882
45052
921574
118483
402654
494305
728264
574365
270151
289654
425232
505196
878556
921001
962323
515270
729491
566270
595593
446967
873889
862747
927120
713392
422217
671728
558409
551292
703894
103169
436001
337307
467876
455441
250026
866109
337048
335981
207847
988956
631343
662034
138279
361206
683060
909051
951432
851750
409483
741707
518493
927966
711979
252372
146794
358851
134569
952450
650764
652453
7343
681768
265269
165338
526475
318500
976405
488886
979236
977968
452008
204807
415368
864573
648884
965023
561460
304118
800329
997891
284145
853097
547966
370474
170816
812869
694382
607609
79562
814560
740972
524861
589038
991157
849445
333172
924841
9740
775825
33606
658145
431031
112085
994193
69134
580600
50617
496546
995205
932096
883265
64703
102755
656466
279978
376289
676242
277702
381314
906751
445563
796650
42276
201477
347144
691139
658127
866147
552084
942961
638499
286146
584306
140784
474295
819090
600279
982971
618329
385855
612517
971147
947939
726146
587668
990589
882550
598292
576639
831057
794390
826685
363273
828942
98658
404106
234858
72387
995438
161500
274586
798121
292479
299421
795352
122661
695202
373006
249687
941161
166057
277244
341958
136826
40579
651922
213946
95116
527991
737479
240571
104777
51325
113335
849832
566321
631865
814288
504903
810522
869077
956899
924461
807385
960569
878682
262406
823225
262698
528393
977346
937832
649020
273949
943901
252786
195061
42353
233161
499492
176128
590015
715001
216338
905803
418227
257356
817653
164989
849371
340372
702956
660823
182971
658307
775395
290598
567294
553457
834833
57378
859462
994829
75035
336423
358500
442333
660822
329549
775139
645363
169130
49894
824959
695790
804434
605459
47219
524778
262655
988867
517488
651781
574876
875722
553705
675215
699437
386201
11403
417805
33872
53600
183115
881066
290022
650621
85079
333627
927435
25503
71086
3949
198528
176572
789579
419726
901546
325867
56124
178228
732916
920478
382738
678606
516175
193600
873777
605893
814361
682983
772167
32142
328795
114614
899418
95567
300461
87442
769337
405291
79284
94399
329428
370092
800076
612630
894760
278412
214912
340581
977170
887200
125942
275043
898757
267938
838312
564750
673815
954969
182733
568483
138037
904807
203798
427385
866551
434671
759252
966395
401167
619104
782326
281536
547546
583715
356144
185161
609753
902749
146360
930710
474105
932769
301610
375397
819790
153845
492940
993480
980831
181695
258795
651298
770138
23437
421348
867966
977192
74558
556991
778379
22235
316815
788213
437432
681348
331205
21586
465960
389858
485620
351349
448786
726261
166187
193397
46136
110960
717629
497886
947586
769420
997356
63065
872119
864057
889715
553065
71959
916527
106352
399442
134359
989987
6572
4244
793593
400726
849801
683861
811272
311559
124231
971484
638509
512329
814130
352953
677745
321583
363244
53827
906640
711651
202962
683577
812982
210134
470478
153098
115417
556305
854201
499953
56818
91947
792042
314231
542361
589459
10464
342748
437948
189645
786184
889872
657851
252026
323371
644060
922660
457679
439030
504798
150662
124072
710951
67633
750324
704757
232146
727147
671896
465106
489229
95936
806768
932021
513086
441155
782762
756545
553791
749581
794200
754615
811563
110902
259920
551244
568456
533440
379555
931989
512977
22100
524088
566238
623518
460324
389892
276507
509746
893039
812648
603702
393761
949475
504486
428743
529116
77084
639617
224674
704411
629579
803249
410185
685925
875442
291648
417666
582463
883787
778756
333316
554031
230152
989177
283531
76715
813430
992634
746955
24675
304251
413788
718401
566696
384574
802152
905636
148599
669349
715954
230138
840294
647353
532378
18376
120362
638823
252127
816354
683459
925408
835739
920544
688964
941279
318239
170673
75779
193930
535275
720777
253401
764978
75786
755958
550230
145013
833864
293520
217604
859523
718673
316239
736790
275645
604072
330103
631406
947769
717824
346734
25928
181026
573051
935982
897990
865149
280956
743061
547160
228294
843627
697945
232327
689912
715332
656346
914079
305196
799324
539408
936247
545945
999282
605411
152990
636154
581614
377946
748132
631053
860153
521195
129666
52855
244920
512560
514855
878085
715814
432571
963552
579085
727884
411456
540642
526643
636832
36273
391863
550663
275832
963815
736067
278924
751529
848508
607282
694548
227584
965365
849921
889094
699100
936156
415397
493634
762983
531181
855003
430555
547567
538342
152909
359235
57957
772673
6750
366148
858032
734206
25938
962538
582191
504537
901661
83263
542346
901851
44295
198638
507891
765261
500600
180937
580031
44743
488934
660070
724699
39206
295384
383716
525292
51100
713173
160396
906183
623969
43630
705234
751754
376967
382629
302458
34453
778027
835001
162519
48744
14151
978447
814126
566811
318757
27710
526522
451956
436398
79223
297417
975592
4641
547727
918724
168113
805407
94635
986251
662792
517218
969415
560575
72576
193358
324963
88857
573695
576288
933194
161399
193433
894019
306880
807287
545674
904961
598151
671740
74640
718102
306702
8334
676067
860385
285367
71326
202578
963316
189891
316262
87931
299594
211613
218351
332327
463832
921216
271852
449152
148668
690693
630020
839215
718162
435469
376173
790806
565670
891783
21620
321511
288067
925662
252889
65567
704298
479874
659350
822179
531614
238610
107072
852789
888732
980195
270087
397011
20969
329200
346648
724332
984579
414942
177121
561984
371129
557865
692276
290643
550102
951281
83461
345997
743737
511387
396366
567793
805696
607589
417234
987576
694115
690826
309885
729865
626269
569614
833130
79704
98564
300007
803903
674968
832058
682824
727027
818974
691132
313035
41648
731028
110807
564537
579987
163798
829435
72249
226577
658668
833064
49620
72499
869093
857413
868705
907265
494348
918863
482514
573693
922186
100718
271961
665798
336983
700900
828792
530974
744670
332958
79460
545669
99821
941613
790613
588804
392918
305742
606573
231557
75365
839141
878082
498463
526141
897225
37770
47664
121809
490296
51554
914532
423484
784939
985915
424466
619262
199749
755553
314885
472788
218725
196905
79383
975091
613914
985527
449977
148000
489334
149865
248656
337135
548987
352164
390650
565398
634547
891065
19503
213356
953756
79155
979778
489860
332543
141695
353541
729952
628833
227384
534348
889684
605715
177679
867594
428025
171364
135124
536409
739594
681847
701411
841301
58142
725551
735021
535783
683074
996038
377378
388384
553586
864381
942648
273467
880756
284014
772123
934661
265682
250045
518705
929560
462898
643949
976265
147715
962259
690191
524255
890437
462310
752852
157582
694328
506695
67140
918611
604491
120534
953288
426041
104680
190326
124705
684647
62516
261730
557883
461954
558964
836327
18332
28928
605709
599234
747063
797514
477668
133334
448861
713037
272292
220618
644563
575454
638877
538237
986174
271239
922122
422247
80891
48499
610731
352845
517515
503409
107857
286048
40235
382504
343544
548915
621250
768920
929678
77975
740340
701576
208658
302678
161492
529298
427608
308936
997942
541255
597737
323796
567010
358464
959494
270599
958820
271042
467469
989962
879040
777485
936501
963139
970306
622145
739252
27083
979828
748334
952192
817415
920170
558071
119345
457253
755191
655521
897605
833141
765954
385470
840126
870433
790578
337648
56486
459531
677254
91484
980658
310146
563074
653869
527173
310431
864004
365186
704395
289666
926773
365365
97222
912741
439707
698889
633125
647385
662090
813743
531984
933541
301050
790197
58817
271736
487156
291276
643532
43143
603943
136180
895615
163527
512727
359750
118628
841097
233525
399325
316963
517677
123977
50210
24004
974532
24203
240371
713171
588358
786130
643056
413660
231020
626020
472098
822102
946540
654060
717575
532444
204879
417545
340990
509782
73072
524995
306699
333430
466003
714072
889736
789215
327583
895733
492713
43744
156857
45248
816682
824221
298431
951826
462487
198798
845726
15554
224888
749985
927825
239836
280022
57979
556406
756337
914350
435548
205774
704712
885746
908065
166161
666546
30774
404450
932972
850299
672766
905147
584088
859261
433505
219304
449688
413326
922713
672458
318799
859289
906602
581574
205243
71370
106605
713869
836946
132899
775225
715510
764087
594988
924076
803911
981273
638279
447963
117778
779817
31649
36540
885558
152069
249292
96985
755302
394506
961386
334003
41235
770157
884527
130218
666879
665721
471872
730805
74998
627682
240465
71622
480895
627826
28848
408204
383230
652571
26667
235666
972009
245099
320735
575045
677989
965981
346015
632594
971516
336523
647293
714478
69437
555969
941240
384559
996529
537710
159554
279703
470645
685044
252460
153970
51065
924190
945456
148565
449363
650609
909275
988422
334017
11227
511381
630330
672122
634824
41934
978105
615919
12884
811783
560222
546019
854555
89274
660858
268323
72107
273383
780441
452836
204507
372541
727196
986681
741301
351969
615749
387950
984206
468125
116050
231108
46519
847464
524736
145352
48652
226574
586928
136914
835626
634428
526439
311063
148477
846890
384880
882412
858870
146725
25180
842776
832604
183864
471018
121428
171258
700726
99969
928865
126326
414247
765273
863174
535810
573581
366074
620325
793707
172305
925597
864889
643471
466895
409966
347567
476012
487867
826931
845149
978515
282158
185158
610531
451835
74513
169342
407837
807025
365284
766252
419330
595949
12652
112513
545052
382401
242487
727629
393188
105706
335437
92130
447289
648393
512949
153623
770173
489003
654305
113641
259532
397700
226359
533947
901274
386555
979132
611582
945448
470431
547103
628907
431971
839095
204512
552749
845977
86454
163483
46365
235096
600269
732021
853989
516325
315099
557346
324357
713494
821440
976144
62068
709197
765903
187507
472414
622033
387745
820910
268108
203722
194951
840411
132322
594329
102167
999415
745153
682834
895399
235309
62925
976087
529240
237757
978248
840594
431626
191113
715805
665614
543277
668156
839609
369011
224183
424471
368276
683612
203890
526553
161550
24918
335917
524107
178036
767160
548882
290853
740961
821594
902744
232416
143361
229491
650639
913561
563121
192979
112856
732895
620866
348345
637559
937433
995293
9234
778561
476631
180992
417487
61551
774323
643047
919841
837397
159011
143685
542292
853164
778271
935409
848901
837131
508457
544542
998721
591797
418750
210755
833276
478795
228439
163289
977259
144546
499164
251459
209918
71023
100070
933959
131518
150303
315055
815290
430974
822724
297689
799163
187393
846313
508567
552853
35496
28742
505980
12232
39062
22351
286366
554209
478178
331175
48038
266566
486712
551154
902904
666830
403469
231495
560761
841229
742524
984644
346369
246061
468354
727229
983263
410871
230418
214988
393347
988657
153430
386060
879564
937314
938308
673249
351535
723825
631256
890350
78464
132780
749107
494570
352672
109028
290960
192845
699524
928693
711199
384740
172445
426659
196480
172868
491625
30623
72733
998747
411030
749674
636068
99041
843406
328337
985120
132910
74660
716822
720435
595942
512857
38639
759154
292943
50122
549415
923101
988739
223162
211683
439417
268737
884280
135295
763148
548573
215469
587095
758261
236504
268356
702434
339045
934410
517878
244088
370686
71164
919537
510068
144518
466
267812
477940
230599
175781
769898
700093
769415
129007
930896
948796
486240
31199
227396
800103
226491
234381
406173
227330
287661
601864
681345
887230
62254
577482
631351
140604
47281
273037
240778
337711
192613
694006
900310
621214
608904
374128
154290
956873
870307
794324
519802
903075
762662
798532
522743
897918
709472
563991
959405
715525
23130
867246
181058
639906
58321
762341
737350
129152
985551
485862
677091
548458
290853
321879
315362
768978
274375
361395
658327
168047
10052
304630
874603
163069
545056
721458
291396
418088
367056
882047
123987
827139
638225
4048
636921
377650
498341
801376
237911
148649
637739
657994
988465
595019
638362
51576
842685
474996
350553
52084
279566
807250
489022
485528
520302
951010
660846
63263
682185
548126
405258
770817
251233
740068
300912
108636
561683
342331
517630
405917
114458
636120
507199
13670
734005
203222
296221
653147
179495
801171
118453
323850
292248
884134
986179
801460
792153
782912
943292
627964
974021
606558
145531
970603
873666
454824
314259
964702
422055
68842
478403
697293
883512
795500
382535
38968
308940
140399
272843
995184
643216
779527
199674
504831
838628
22992
787509
227509
930083
219470
510048
116880
780288
168677
669654
327879
182987
300017
869628
460339
310291
521859
148019
643930
744870
514425
972263
705370
645620
889785
366213
352751
695186
521162
294345
210273
8474
168270
722421
541517
360687
522144
488541
560077
939614
402694
888287
362183
991776
307539
182705
483919
330492
420636
472659
487418
759305
153428
17827
941568
661393
441479
294799
906893
912146
136111
45476
389540
630430
226486
447942
438640
661154
556809
353465
241705
500355
711830
99739
423519
346084
113378
776436
730086
114628
568584
639078
360799
558917
491857
95871
337310
570439
634029
565933
788029
677107
493516
176145
222332
480148
552540
492780
592979
16607
650463
445046
497559
806931
527528
226573
975108
684923
847089
354314
590445
261841
274140
527024
825597
28477
776197
439038
607849
204858
103552
798500
344436
940633
358644
817618
892254
462944
164179
78955
749162
979146
8437
560536
278411
942066
526352
307001
926762
736906
726358
600567
954583
634501
790827
688373
760649
479509
618050
570085
47891
562574
880275
302135
70630
492074
204026
53547
207037
876966
748463
890120
265577
41481
917598
870181
286329
815812
299811
433828
917317
601525
229284
289343
310423
703814
714570
405498
802423
607986
32668
196792
847698
840232
505146
7594
2886
547976
305716
742178
160077
211274
914629
371781
916483
446846
797487
939103
811349
643181
611380
693457
33224
632991
840942
386213
591395
105014
269388
152450
588091
42872
39721
18299
209369
307370
408330
169985
938185
686935
899188
136377
469442
638896
337064
559977
982253
878925
815421
655435
43028
584913
590104
585156
123368
25068
312265
524078
453742
987387
484933
742929
935624
194634
142972
439409
129052
600185
775063
939521
22179
617980
267536
847093
90896
397628
144685
794677
16730
839003
218714
35437
696808
162389
864226
113345
902873
100353
689418
373278
751597
541175
909578
44588
441107
563788
921256
869280
495695
856569
542579
607021
578823
360794
791194
892058
577579
29330
585959
92463
131647
452171
198171
261897
147975
999195
794918
203533
234894
398658
208323
451513
474898
606736
84526
961878
496719
931172
694595
222410
404774
303438
564276
396810
956202
226774
446311
800492
995464
310742
71146
854874
310992
928066
83156
854242
782308
336840
617337
758571
201404
920786
894281
762563
336019
173161
651589
756307
725937
73651
39967
454964
755862
201693
937646
803546
614016
695571
748299
704942
620057
689964
490187
752378
242433
901604
388057
39230
887027
131841
132718
776927
802902
655062
255664
972927
819234
893733
189284
413224
290349
263455
545746
107169
130578
661704
237812
960099
580092
674230
209434
972773
836052
381752
809693
845908
727749
75412
386557
998623
242088
221288
275098
791150
512529
291953
519180
319154
977013
458154
682591
666135
195446
776588
899438
142679
823565
849140
627418
163816
730323
488291
208936
439253
203756
419423
945589
80235
61265
127798
955542
121226
768120
389922
843536
466459
393697
319560
410160
53088
41983
563355
139273
551206
853570
282974
115976
630488
284669
643078
839413
303022
52089
935357
828040
467714
146709
980035
529318
335043
503640
373359
430455
131906
972821
603796
559908
905066
104826
561918
154290
781325
949237
126620
487030
717401
743938
212983
197428
789225
648725
102688
552536
23671
985825
488873
646608
356592
2308
953609
949700
396896
338127
336291
664883
388493
774133
112736
259499
496159
533007
228984
893541
80956
961737
195408
551802
266802
362541
423934
449606
292238
192906
837160
574296
312585
979008
466250
988370
442722
562795
563606
92132
103367
825962
945525
297823
859437
187275
621292
374457
667839
118548
605658
807196
238450
885936
66781
767850
768823
621941
457429
615634
33162
365326
347712
834888
788136
536522
608836
193124
486109
11968
518860
549657
662779
293276
289737
61648
818407
3019
524698
713568
119309
553727
892743
777900
650355
939551
70822
1690
320939
122703
998560
764524
701346
257559
625678
515644
793046
901682
331901
239448
914469
384949
765840
465976
956800
797018
797957
748696
899518
649961
82512
855030
438669
41602
883171
664682
347139
431561
596367
205917
881427
940142
540420
996711
556123
681112
689972
112329
423577
848109
582678
910723
734782
841920
837767
366676
724315
177112
110858
963852
575160
178841
624560
900943
168260
347282
339219
22888
760614
839650
297084
990663
517809
733639
152356
355545
305271
589700
158616
829186
746356
520495
786677
828026
337323
13972
222291
556993
924367
334793
926719
855872
223383
881808
309024
393854
321012
121826
557818
725435
934623
667166
56209
188461
476363
756814
937189
523028
567866
203602
916252
940540
853484
549739
918398
608079
450354
711974
456858
638612
398624
348130
341829
20232
585184
517376
331074
529623
860707
371431
800381
736631
757299
599409
968114
787682
749093
837430
173931
819630
859562
447091
430182
803274
301508
471702
176661
789975
85397
642152
980990
462176
229266
330071
878147
675064
98775
235743
716348
532335
469717
199253
747200
885424
891302
21200
823811
826682
847297
774516
665817
988345
809417
55260
325913
516736
708800
485731
751644
370598
436952
968336
10597
682490
461802
640027
390939
361443
434432
11680
597681
874585
509580
208863
365414
922042
823740
801070
515176
205578
39909
541692
675732
184714
317404
59330
415000
168115
867620
262088
745594
625167
903617
462672
38385
462005
327083
321635
663665
753247
291870
843191
913156
659817
170958
794810
932372
796073
614072
985790
263237
393317
994644
587585
550591
300149
394407
