287117
786227
677574
585143
765417
683312
725750
858801
141295
897537
38294
236160
78529
888550
471265
573898
647389
896554
575219
955427
754990
158865
818987
394440
533503
959326
910316
777205
561226
531454
547390
112675
513199
525396
765011
685474
688704
76130
520099
85838
832377
194065
86136
895409
607117
681373
466758
810101
368091
296223
851122
193348
312767
308728
799347
592958
236933
265559
87062
151510
552057
822696
823387
406794
110938
841626
284541
547516
84909
833034
876559
397426
955117
817553
147330
848551
595167
528295
877059
269067
38660
46002
603457
484062
812392
319535
667724
632356
995032
306300
722969
85830
274417
328895
909154
983685
709010
408503
720298
121243
681075
68573
516958
807088
564111
793462
48215
529462
715581
538424
553661
541921
673565
517014
122117
83782
145005
831210
360218
391375
723835
63614
263642
828825
821173
458999
70711
614506
818076
345183
224446
241554
631447
240078
945588
421533
446820
144947
634972
380977
913577
841924
557526
577355
885545
523328
68898
778513
141842
452893
285761
900307
433010
339284
997756
656290
224458
573957
355006
786189
170427
808135
509980
694965
183773
736976
356533
992908
344687
62
15733
921646
100968
625280
452083
345179
191724
970852
496186
560593
928602
790205
213477
885634
16706
618800
868260
669111
735604
101083
208027
929665
362612
358115
77929
199639
928265
105049
642182
731217
200116
971593
827269
615680
940862
724062
100153
519080
526314
603317
5556
285723
864202
141884
608874
125618
202798
275143
146357
330731
772087
200751
657074
734426
640969
713383
677384
400333
894303
327324
786889
314945
792504
780296
784432
640762
908655
220692
314186
953091
701736
940008
657266
888770
969254
607632
749365
162423
500474
141580
389972
257041
724246
119668
642407
513261
153664
663686
616286
96812
393314
870734
394531
678191
916478
52656
999451
811890
796286
214165
75852
693634
239849
826928
921561
96412
618802
185452
935784
472356
789867
358836
912164
516863
10775
841758
814942
71565
633052
370485
821390
970822
898711
724001
150264
963312
302026
845685
453162
664698
172656
45717
608930
850680
569842
696066
478988
214908
692082
927364
737960
894541
295556
689395
435914
962823
863164
843873
999675
757647
126306
409703
683581
226416
835522
168587
834412
864535
691296
477067
301504
14951
640137
696457
439791
37178
79877
536210
480751
800245
372073
600972
630617
1351
881993
40764
226153
876606
38794
83698
674210
854086
254484
586257
815887
532606
956135
122623
852323
6264
624581
918821
850306
579405
629005
706339
442009
438683
84456
375636
141736
83293
983836
278585
983456
243621
700094
521284
957222
775416
132164
674243
596663
280902
905401
589223
949671
944772
43977
668849
701890
294120
932028
627128
718163
883521
406208
585241
737730
229232
129182
58107
924376
662854
64399
46653
859807
586684
443176
639487
672037
983753
749360
241482
415967
90724
487634
869725
194473
677462
686957
573781
636907
751610
352777
935671
896536
452564
269221
974301
230352
486604
178540
210620
473445
888326
275205
642766
398395
404831
248393
486944
247753
202885
25936
968570
431548
210355
69284
359462
115898
790536
444247
703455
104579
362243
892529
205271
285364
871325
823425
201253
314086
872067
690132
144714
527219
673775
225988
631198
905560
284834
44008
260892
83958
238080
262761
872263
884467
686919
241396
477367
79038
308461
82827
266883
411567
913622
792183
733260
289420
708975
960920
4260
829288
489386
539228
243866
808485
485270
75790
22371
948827
218714
993094
123175
879121
363790
552447
765925
397928
918773
669893
329731
893592
154843
109261
923382
713233
265224
849375
870090
275715
181726
988270
747854
743737
926548
797064
735392
277472
563407
947304
45329
193638
58394
95657
300852
884286
395650
458325
323912
851136
489105
437596
361983
757228
520101
985696
848426
715087
716267
154861
895684
607998
811453
841222
840088
916159
444054
490266
301263
717448
482606
347286
716954
404959
523127
658260
784760
23008
80306
651313
479716
500637
82414
656508
138527
951583
207902
575689
630677
697419
215510
312614
521263
156768
207650
611877
510964
265565
796867
83224
720604
525632
11015
655003
145971
963112
854339
536523
589863
775964
610288
213781
441838
84068
389216
772073
476118
967317
702171
306956
62122
735787
252890
623821
699966
706510
394399
32015
373848
342967
915503
908869
834747
509740
660014
263933
84625
609895
506901
728787
64500
62613
842258
835910
396249
909754
126332
170407
901529
701937
310960
563949
243037
728337
76749
558374
710118
518316
809738
785224
413559
505137
508207
34982
478559
537009
501622
307838
796903
356094
585919
775343
506708
371183
222058
646343
408345
804801
561749
993850
364636
184792
579954
248304
710883
651683
429379
902837
769307
626205
235573
840596
626629
327215
554966
366333
283389
188850
355381
392931
592681
423059
770901
927075
84154
238544
543949
935326
76898
787423
606015
743143
661330
407533
201075
634520
818606
656323
353423
548735
633680
870597
465397
549814
637302
166421
886137
698704
380873
751636
726781
528879
194763
443784
985451
636019
577500
690969
155023
126605
256680
597750
473615
538865
308080
99989
190727
328106
71476
808855
483909
506375
179002
214537
484318
282163
965694
513671
940331
721315
109175
762171
304484
614952
353601
730755
972567
946148
172651
936689
706372
994649
631199
149100
878168
816669
28202
225971
628548
617066
778728
739138
633146
657106
385165
698957
256068
855631
337106
947241
188672
676792
38330
176714
634236
994192
582335
639783
778986
42553
749406
502970
316736
712390
837756
608803
248559
1902
657075
744620
600381
795035
147390
352487
188289
534882
916925
229748
505979
473230
578084
423391
320077
649429
899910
938086
155354
628140
917498
713175
112442
733558
964263
108632
86679
176983
860850
530305
642407
199784
306240
189795
767174
975875
723626
93996
736367
428029
591741
36578
307158
939059
4586
521869
962086
478269
64721
388338
766738
306880
669220
853497
379034
189344
698811
79216
319580
2578
141428
614824
451540
963087
717509
162173
105394
879908
243552
147060
273047
673830
280321
349053
433707
412292
494999
257303
711773
331189
695885
177618
49784
577744
66291
80432
920543
515386
302286
883109
962341
20025
274616
975230
968331
362791
523125
377758
175255
562563
831572
667682
416845
528034
439551
875430
582541
957251
22559
198305
316680
838399
613486
567660
857312
127583
635994
128928
251996
549704
395923
275740
654788
280081
37746
545830
711327
783413
794053
759913
756679
598308
91835
116508
625318
776244
980009
916932
42127
115060
839926
119759
936891
821537
769193
649697
526686
818290
831629
499629
950117
691150
595391
597433
96911
563550
974164
994371
579045
54012
232681
120514
914967
723338
547208
946757
834933
149152
635059
350008
968198
689629
155857
126342
204297
327454
367026
440664
524358
339405
878465
219770
287311
206225
154757
548511
606552
558435
340051
812667
279408
689409
366228
335566
336091
97083
585839
971649
651982
152618
860755
695145
204487
169664
980386
113000
395718
995963
757629
991922
714603
350452
514536
187181
156781
730452
397722
765234
831412
315109
476196
360369
70997
467078
286459
560881
222504
244473
108068
120436
450822
897815
106491
471864
841252
881379
913055
794778
337799
895803
331517
892630
92387
887530
720952
322857
70228
182875
488626
291223
716920
48360
255354
54665
361703
761425
939154
73038
523983
747849
164571
292162
670321
313513
230943
901900
57202
130056
132347
171713
393055
596450
218535
589414
9600
194228
26916
594066
766807
842410
605185
333362
661110
152048
307401
192998
488378
566565
927180
19593
467367
201390
491080
147087
272353
325735
190644
87879
960837
686771
811818
366847
210402
257204
51695
264198
512600
718678
353312
427788
927371
968134
869242
44006
409027
978881
771013
209134
935651
792839
830622
859976
682947
817070
354464
479487
496621
1298
357486
703693
68017
780330
770144
513785
654949
17526
955464
528347
107709
214804
136672
609147
565378
483314
777361
391448
650482
29022
19362
111300
768437
382650
204027
781036
15287
776779
779029
77174
424678
44272
690625
742147
262602
336239
998801
501012
855099
175723
663847
674952
539908
395250
835096
890307
424979
137971
807676
187499
742873
223949
265173
484492
889156
536514
378137
58011
865302
235978
796765
96984
644066
289028
53664
61708
524131
302663
940018
249394
945273
995927
830207
132978
293825
721203
34684
666120
88463
865995
10221
686980
784523
621839
139792
544042
90405
791139
487786
749881
412982
237039
332523
410633
754357
127954
739072
55949
975058
707062
191414
911865
24050
74494
917830
61309
264520
711197
388865
392942
672653
137152
387993
311622
780379
381739
184329
269698
997739
305826
951458
529450
175145
45181
178547
564653
71409
321311
301397
834666
342185
767104
895504
991819
775227
785637
863981
693708
830445
452209
805402
590554
620190
274710
614323
527638
92831
358564
380211
107320
95339
451842
529846
494992
541957
8570
800170
161640
140845
839853
81362
749702
155902
797672
72246
449102
722535
64463
873771
274627
96196
113398
433594
907374
79768
62287
639088
684183
533929
241213
944642
783792
354360
512007
385114
632978
132124
873704
420162
790174
286202
56899
809836
981510
330915
590387
185499
273764
245386
7617
274930
713224
988384
531311
317399
965007
93838
185521
663940
136302
742734
223419
812650
173198
911463
814069
686466
131538
94147
10508
646833
441460
227950
391394
229718
182989
99245
621925
554420
432947
162873
876733
731319
344572
554007
26655
816037
815137
982805
348479
293794
394174
204067
570530
802271
243510
153803
425233
281825
573940
291662
707177
831722
540044
155421
914896
699590
922431
226609
283906
580531
899997
111495
17609
870189
441797
595579
645387
886742
332360
412800
904765
900735
811564
486970
13366
433622
21837
632184
829534
850412
172125
885777
342021
905632
846795
640666
376848
553645
314562
97409
359822
336078
442248
523849
567720
333578
351751
25122
114999
520543
611817
12772
647024
353487
13148
255400
776378
529217
770997
733507
519200
637782
625520
801504
76002
107786
910550
332281
677414
835842
417975
664882
588940
869944
621847
819282
144863
276159
316197
456798
774183
942069
139238
93396
496667
606469
893745
400513
530995
951830
635603
665023
216028
286228
52626
623887
971333
964377
686351
360335
242263
77751
369733
622679
960897
456612
424430
679158
742384
156419
400196
230980
250398
609547
867684
529764
352002
654422
94799
945177
499621
25480
335947
746945
6741
986010
737191
829169
81714
774722
408027
939503
393957
385217
737293
572422
31857
529992
682608
763018
220001
621448
269511
29800
78113
462485
262920
262249
549161
764854
314395
135491
1172
675723
76673
951452
977551
467227
274194
994716
99437
961274
209119
232365
76246
830355
58550
830930
618528
592984
676355
698657
968502
586947
846291
309662
32244
322375
608308
830326
736149
206872
480057
206421
16452
253076
888794
913572
893518
698060
432311
311266
810617
312755
96253
541726
574958
308962
246370
782479
317521
779206
331978
643920
588273
508967
944587
619578
434971
802709
311054
139040
941449
94321
271436
432545
423992
559381
121080
992238
311703
521761
769020
623001
623643
444003
56411
115925
689903
481250
50421
903440
598793
874120
310569
253226
290776
170985
849556
507536
628698
110388
17016
709370
637513
921525
538489
336573
575861
73668
495616
868621
771821
352846
223810
671827
618327
926909
65691
217767
288927
112583
899860
717482
593612
21008
80580
503235
895598
924349
712978
378100
553204
487254
726872
226648
867994
17111
487779
84859
962175
315540
763671
809110
904340
361094
718767
967589
341233
507253
682915
551719
280258
366724
868706
972210
972958
919060
428927
505008
903288
182422
474216
970746
390830
59377
622736
958415
951615
788556
829679
171504
26266
506168
860319
269340
616081
361917
835367
829795
350636
959936
708245
242154
646874
178958
989380
295418
618563
640903
923517
208004
294584
498921
146554
207669
734092
744696
445190
535730
249788
433863
210048
707697
872329
752358
208446
326387
160551
965609
596749
506209
991310
579152
648663
751618
418200
656222
72791
704510
909533
297956
155988
856372
514410
530861
760443
501202
666527
195228
185686
478165
829502
537403
32336
476561
691730
103254
353904
867546
80124
711750
593779
820825
306971
510091
866502
641278
776151
926227
772509
284052
641867
885783
389491
103216
676300
810981
953438
792259
10970
739448
131150
598287
950883
143619
444258
117814
46510
598989
41766
175726
123690
858997
372909
814737
980500
749207
40967
426577
380031
844359
876832
90761
369923
846074
112757
503598
604996
256325
837043
911588
520990
223805
88878
253165
985450
356477
641275
631868
23984
541573
756778
906216
623657
79935
25827
739644
668399
100958
357340
855979
583299
764191
973172
492065
281467
503986
539951
621876
651782
479153
597647
977913
270877
554126
934859
233907
429256
774924
509742
754407
403530
652516
84367
741067
525163
728264
317353
854172
805856
533059
459222
449039
545368
627711
903085
108063
948965
31713
825972
499525
37445
544335
817284
635270
789965
554385
951672
588390
876145
185109
359313
131002
306802
726028
842154
459099
787940
783027
545298
581623
189979
657964
421195
596033
989298
207754
874526
968
416375
629932
791001
599270
313462
117440
292071
769999
786849
191721
144970
728265
372185
982907
639031
88762
589083
295651
209101
56477
791050
12452
51380
223119
355412
722748
74894
59142
232132
375013
410013
660640
556004
147767
664241
472153
724045
367210
798411
459287
739213
577338
240084
628960
880947
786275
229427
754859
560953
28556
842895
813972
91151
886976
452705
609704
424832
376599
16948
855776
327811
844019
61820
978987
848609
621478
235857
373028
21565
455409
614214
925795
698629
870632
296810
995311
314036
652209
888923
354961
298433
7595
112897
994244
792487
277610
982830
180488
208850
925025
328016
658325
646243
361945
512145
602221
819104
382493
479051
213450
215547
231992
275307
560311
862845
671766
357153
716411
705167
770952
570561
440304
152613
839139
837689
420401
917576
452552
938927
65137
780798
518269
71799
608745
434135
441786
54766
624809
993623
920641
449526
946640
193275
648484
21454
81303
461162
637610
325708
24455
433145
510092
794938
712907
462235
99610
621835
102816
389604
375483
336632
141480
882680
891857
988796
518750
295636
989307
232744
275748
446776
382132
785891
708089
692208
311257
706498
860614
211070
135175
883008
622679
170150
870498
795354
779431
596566
476979
180874
878036
401071
334825
252765
999345
740596
623104
519091
99322
203790
507071
537491
495586
419321
953563
552873
969993
340239
105849
783645
608074
284207
183825
500688
550000
682698
63214
431733
601288
874186
930834
298250
514193
524958
809270
630450
493968
711334
939758
405425
994048
980856
708587
812931
825895
493325
619035
71001
967684
15052
157419
754865
451173
294512
336876
685841
753109
37784
276179
164191
742577
41003
96475
254112
344859
179429
147909
484683
591176
436547
913791
239753
907189
309447
676835
975756
836663
805032
32214
507337
74479
9690
894929
662739
824603
762997
499132
163669
689610
628996
78262
409836
477800
656877
929585
886047
303991
736952
68411
504892
351199
697277
887191
106448
19228
983599
465610
604290
866133
429695
147057
648908
415821
393326
706191
562775
722162
572018
938533
871091
24147
58756
718778
410160
952111
394308
307514
88987
201896
634122
420731
508888
786007
292426
635738
423705
431737
501347
147140
974264
200454
705988
996177
920823
46306
432955
376522
168977
725804
994268
462667
404988
322869
873226
325956
63422
946635
278437
452889
594217
107955
511440
252522
424629
175412
199325
830188
790392
30544
799128
466038
152516
147534
699693
227864
358173
882354
792054
601894
250965
978831
194917
756690
666951
357235
571595
419127
202220
630912
937219
986802
442269
203290
902845
205483
959845
903868
758250
268146
187714
731045
680513
776004
250169
1649
770477
274412
51539
452482
790163
802054
400567
419869
628611
271647
609829
955217
147898
836216
770636
789585
727505
647721
898441
707491
471559
115299
381246
206961
8230
788878
768074
239933
582996
746385
217386
967666
49016
828143
29932
730261
308614
942734
419147
862874
203945
790548
82668
880083
260044
458602
61044
167043
805894
476450
611268
530001
762975
524277
14290
471320
661251
638693
162277
231771
875586
220673
732204
394262
729794
366983
486524
555952
84226
174179
139813
17804
113867
675670
326511
354686
931381
802226
366838
769947
689939
601409
50079
904361
536572
430278
787126
378805
744119
741275
628646
845764
174338
328505
212692
515809
208831
53143
507224
722581
805756
995113
903064
193781
531677
277257
52227
64277
977576
536883
564007
804058
731437
686187
767280
485486
33104
784825
527806
120460
296949
294676
433057
859002
541510
880413
243316
535959
906275
648642
723795
683402
696423
233027
369210
459290
489299
794513
620155
706716
351578
224594
174043
438151
47369
330242
5131
913444
886224
358323
822014
3808
772016
978933
940075
500035
219011
950672
418977
121787
130147
320302
855361
276626
30008
66262
565981
648383
457634
10579
899884
217432
828351
567923
970150
882085
362905
615531
545474
938383
67503
387160
107722
129911
456543
6688
418647
971619
827245
193847
374319
788691
977778
526973
690807
365874
2211
862405
691159
594984
919869
512497
650089
927308
509578
393721
803164
710199
828435
737098
354923
462899
796002
6155
232246
882003
759347
431610
689722
228252
516471
931189
230706
793953
376516
600021
574025
654508
568284
476725
281210
344024
352535
138000
160262
362620
700848
146824
232401
917122
781354
681475
120154
243669
513949
946544
991509
65657
776161
267112
423015
750324
616277
905327
391997
724842
613069
85913
133834
546502
86870
981385
520475
656084
264934
5397
765336
76013
157861
955653
278105
382409
416466
923643
447842
347000
408724
535660
870077
311468
365982
281100
210291
252910
786621
804808
78118
726193
2113
814765
680270
377412
93638
272934
432718
808992
842526
188514
302066
537761
123356
436692
880712
969490
466559
884372
20119
878113
517306
609315
894208
161970
22428
51980
836848
874831
52513
71397
887296
971580
592596
985717
296489
397544
233951
175983
762279
274688
354353
40157
856553
58078
282122
38168
128881
517087
758886
275315
963726
915283
795268
13304
202036
904717
125329
478666
394933
655193
889334
797353
899870
126797
366139
756244
80688
739704
227222
843401
704890
758456
877012
709672
871760
351464
506723
893686
677994
14006
683705
40957
494810
717714
219173
566672
112299
605954
183536
708459
980883
170066
322607
552633
425238
605993
702056
750192
567287
720887
317343
750808
811738
597067
717244
629161
193339
583041
4954
25745
839301
633688
800366
548052
940944
269090
500690
228558
622778
857748
778093
198804
848673
358525
816769
236665
355770
401876
654609
422572
363537
514090
944109
438527
292253
355774
118364
906370
410047
24239
258020
862990
859543
50252
610168
626653
38787
316871
252351
628694
629301
242057
45693
745960
500016
508831
407328
343692
967647
192209
529577
539308
449042
670419
64245
233378
941078
13141
214376
71769
550703
223157
393141
623696
583796
418069
983115
825917
510856
525254
314079
317838
770672
24611
444242
33098
361686
48443
556608
318102
41241
824166
887524
513748
43535
593080
628011
12262
496472
213908
235220
183248
271968
300632
314176
78396
47152
763638
947675
717718
16049
993058
400551
381847
961471
49383
993314
661664
948454
748885
671124
257916
748540
369301
166519
661896
399195
796253
705410
134895
590200
626046
476052
932173
239141
179226
201274
178741
31391
622772
938205
218830
732117
852576
72843
808408
518070
895577
731296
218508
351605
996081
440656
257314
958236
876515
346004
26988
514058
566788
349743
32800
128843
914904
550364
459891
965074
101441
964758
96
648597
377491
438083
124423
991749
331459
449150
668339
488873
137085
810944
408052
958358
377428
322602
515563
405965
728340
230129
541028
155505
25267
979942
98269
397411
690726
309025
273701
38332
433681
871817
66720
758950
485398
662275
78375
1559
346511
239797
565900
545067
478934
648118
89403
13214
719873
782612
248508
987875
211563
739521
657556
550115
524461
598362
33355
365461
785836
108565
389641
613238
275788
160135
572442
546278
957827
602896
140433
223
560520
37668
903688
624658
963497
290678
443909
148576
157308
745922
202936
664625
625773
822520
33952
736437
963511
494656
564238
846325
792622
327150
927554
936341
905400
955140
853105
796968
17884
48798
19112
146672
905586
416574
481930
620656
504634
905972
14965
18928
969097
354026
457155
37773
769758
374858
488749
67770
890451
817804
164681
924247
94703
549919
580148
3948
27864
559731
336266
336642
654438
517217
352402
232990
733010
285048
814263
822555
557005
292261
976369
355235
62381
735806
569731
274953
802306
811499
106589
475974
618567
52465
628513
554767
544436
132828
985282
837839
828273
14921
775369
850054
3172
741197
392562
192766
815211
629830
745203
369253
564262
188604
658460
992076
160107
829298
203737
354619
964509
97871
134549
787182
549334
428900
69433
629232
666305
919514
455890
408403
796357
98361
379409
695242
747484
905559
98475
499555
425154
867611
980321
37027
58760
543277
302810
962175
149191
570748
262700
274037
872690
498667
444345
380294
25541
720857
384310
565392
88410
271243
194887
561483
33370
691896
227078
551840
124432
987698
952227
615521
882265
135532
238245
908137
56504
97004
140111
432849
167110
101582
83806
896972
25670
204274
302254
831968
874647
42435
78395
394818
819970
831653
736901
272524
553843
841722
707213
292573
499589
494097
150525
140877
659510
869804
380772
472587
70906
408365
245663
357014
299563
506204
913875
797332
849949
707479
835734
388050
96784
902103
70381
958169
469503
55515
391344
257257
749205
867443
563850
976341
285311
170858
134813
333626
826140
996049
99394
708637
519890
710372
554542
384353
500218
371484
89776
840609
991931
639568
127894
585008
112180
288392
892080
499178
629139
988640
75820
909687
878979
163734
32992
580828
591426
11824
365415
813757
764176
669389
194402
302131
555587
627462
236128
421638
735992
556928
534296
630471
762532
676817
74067
952525
87816
659916
220775
915530
879491
295467
20061
211080
76673
18200
198452
52934
284753
436952
48831
768553
57045
560852
861353
106209
934546
338117
326425
100377
256295
688444
891056
307610
247067
618956
447983
29629
117839
287189
551478
343051
731730
603181
794791
868147
514067
507372
792233
869798
166577
219220
560009
629779
168303
79067
504698
641722
892291
630615
72573
795503
87821
797381
425820
148334
953061
374518
82896
11029
705229
47831
5634
43970
353734
962715
309230
454921
465726
88775
730340
950354
75302
516378
366824
62670
390626
818134
173242
870740
796762
724527
567856
67740
169646
879375
664959
515414
286854
150852
909464
445352
97222
671687
312430
464963
782497
691690
231638
300193
179077
238429
674888
790045
41652
651228
2370
132462
970419
326329
908300
494401
518683
116161
164310
657011
713868
885902
800317
674088
502721
681833
494124
890634
183615
726745
573727
664674
724392
14093
665923
345932
513900
653601
815290
168090
114335
62160
670267
880840
84453
133687
844501
942103
548105
157058
659475
383176
755629
315509
216763
829494
546204
398617
15985
392784
503547
832961
939961
976434
5214
238519
767642
718560
903736
631816
28573
725087
9322
969513
479541
727087
926716
584069
543416
564904
762473
172772
646283
695919
863252
74233
400605
192790
206425
932424
162442
503054
331519
937010
298591
942345
542665
929374
910397
918384
668459
949702
971350
145854
880538
212187
567253
468471
229052
893398
727002
840393
6271
314717
284259
452093
70470
66510
970694
137882
293437
364138
496026
667543
519053
233185
259062
482554
968619
198390
948241
74705
583371
16206
485513
49100
208499
316443
46911
948725
826602
659551
276575
396238
224079
435936
233853
54790
870661
506215
475931
935895
739020
838644
354439
992191
768427
923201
732065
401304
290185
309233
93882
270038
799452
362133
288408
162205
999672
185883
262871
64125
107977
918548
984426
496139
52380
183584
848574
172701
145751
925497
929919
612961
395465
540440
541939
608730
276508
393223
707205
160889
749607
951492
121821
191636
536480
502159
689322
170117
783663
89041
903233
84834
706461
234153
603679
409876
350315
148052
693770
755798
26303
969143
562966
320332
470394
837772
586628
219901
712549
229799
141317
796143
592137
958564
925660
590494
127325
682223
426913
202200
888410
653680
418721
764792
363371
366481
265251
565885
738240
712429
741446
892934
555458
821334
343942
893228
790369
435203
952605
278332
566088
849237
176006
874831
614514
47748
982108
165768
835094
384938
663777
124010
964158
387628
783708
701459
32438
875905
127641
333209
558879
474976
440788
736832
512995
483338
203120
856597
857155
694705
105442
540905
475980
769668
269611
885997
170472
4248
267266
289383
537808
818484
36559
532431
818143
493753
530516
196680
450690
436780
779367
938814
297228
371938
981082
336408
10534
585479
443131
619610
27107
383434
146998
478811
249650
45608
305561
674205
342381
436436
399728
574286
120526
98112
281423
359514
14400
146059
191278
556715
106963
472007
554094
497918
70218
307941
234106
20131
83343
729920
530761
764241
901447
106370
336255
677539
477951
377911
33395
530675
217093
556780
399500
864658
800404
894787
78596
859553
235239
936023
496718
155023
225966
13766
565716
794159
444318
584863
215961
784820
667747
622441
396990
293644
643441
780110
48672
190679
258488
418915
551582
552323
648054
403221
124664
520710
642854
390897
406867
74038
473238
838543
949785
319752
444310
983196
41661
492899
290188
321923
999452
104672
640549
447608
699647
621793
382566
628001
268733
720139
579936
687585
57597
272161
219714
86209
258458
674494
76041
88637
535391
228911
468562
609769
221617
983978
109647
114494
441548
365999
645144
92485
662245
778426
596889
418463
176047
555618
767594
765487
357498
880977
814844
614436
221557
139360
796334
90662
6804
682191
883903
990876
590861
224158
395038
704536
275196
742410
49758
716192
423142
688103
932805
101146
300058
294871
755524
602323
278387
338532
123008
921260
549563
678208
775311
392673
696298
139862
44158
956407
411660
645516
426447
569282
343744
310424
922368
945808
991196
507324
833926
756725
528238
258847
739609
610228
395742
589322
184296
953799
448175
366331
819758
134156
594212
649961
557020
311948
865471
815701
250550
177064
374820
96906
789498
621282
955421
570545
396282
393605
5175
701779
504267
721778
781257
178347
530262
906569
965972
416551
989516
525808
836934
931771
347446
36803
642329
771682
749930
414680
728088
973939
469337
862957
584962
237468
579974
45105
944391
71741
42001
384172
818031
601123
962865
214155
876954
52383
854657
903244
416674
565635
956337
502274
535132
27064
404637
245829
761150
346815
600826
151354
955674
663490
577581
622459
482185
404118
166966
307426
662435
110160
605769
350391
412138
531905
985469
358131
444358
81679
944669
961457
692395
789361
120349
827056
149271
789510
723302
338823
243831
272979
895378
874726
151273
5079
76788
272772
380508
925965
150094
927211
473492
387710
666854
616220
526282
866240
799794
77151
318064
646286
835120
732908
716178
444741
208402
719983
83416
37753
140311
774332
579560
876402
406517
849359
117544
740038
805554
187390
693281
406100
724626
684861
24255
699482
903979
201294
789109
840884
545108
496131
820349
643250
38140
640561
25277
815380
206871
272755
70789
771301
592370
529432
571317
507377
62312
518314
137404
436003
978413
571100
447355
876288
692103
233103
21255
422650
319645
17793
322062
590002
780072
766162
214161
803021
931014
157876
213711
890225
53869
284783
893442
924189
488828
262095
310402
638563
65709
834219
518472
771202
70695
306258
154894
148132
80304
80339
230481
228528
680512
946665
906488
133453
969969
177345
68815
373621
926354
399402
668780
627953
138778
473240
384690
598263
589689
929493
618740
887836
348234
912901
117361
730359
996901
210260
653821
749716
147090
361278
81601
465298
268504
567738
751065
997018
505843
399684
214811
234492
388451
255110
983607
95975
343969
694114
135994
870725
679725
676382
929709
543985
426498
653293
323994
813782
233195
413334
756846
607781
189808
45443
749434
182130
364328
540265
372436
820844
252082
241038
774874
861751
37631
705276
212694
389416
893830
21120
486589
244828
198747
114015
669458
820725
109018
679895
411304
936050
651645
147533
385476
119146
640461
351192
68960
569253
590774
186408
429004
50775
429683
467732
202352
239482
460520
162752
901612
130375
393166
580903
603104
707536
798792
254667
527687
744381
122197
349622
377662
108961
814943
590635
479907
549432
31856
212078
764057
875904
373956
339629
347815
134256
224185
658570
363136
138777
428450
224710
730781
845272
862204
919051
5446
685045
693944
516566
745265
835292
488503
466751
572929
330421
48276
703014
910255
886434
700442
366972
575174
162453
460566
265195
741064
929931
696584
539747
723054
244712
772723
59330
678669
602352
222612
384031
600916
866911
67887
220916
291314
357479
470980
611301
398996
421124
324513
86705
680012
504445
811089
18868
798861
792057
873202
943702
681107
392890
320804
418580
447968
814587
682462
45353
184608
716578
296474
427480
197294
862626
823152
806489
991727
296625
688193
757278
859356
387296
639114
804736
65438
152412
798424
182859
13650
462143
470746
295906
346860
88084
954962
130833
256503
569638
10278
432109
281978
910915
60051
889706
458743
145042
610113
921849
194317
939022
730097
373531
954237
763934
453074
771719
661641
367507
901172
406580
414008
687997
528596
417732
848823
77482
857429
570509
571033
634364
516880
154308
829119
544998
959554
783304
857043
309891
41060
751497
803630
826003
173272
814483
186394
647634
854527
555643
782833
761591
309287
957796
232548
760774
244066
691182
105368
988242
587634
151485
421290
709331
574432
798113
677907
685727
194283
545639
196455
818376
471454
801403
205240
564051
770042
775224
298007
964624
141203
365390
220218
118619
756919
188239
704889
59501
490568
872726
315891
970975
598827
400660
260685
840637
841561
238328
391002
376067
832851
789435
421335
859639
515314
853061
886733
206626
814940
101887
987417
75564
154259
769590
517576
914003
826279
946344
835356
582792
849804
606639
903468
904422
166534
64711
920807
906511
978881
779710
962169
680357
896765
875063
193606
696290
644134
311514
686547
393557
554241
470172
151300
99194
549315
182950
957312
644916
148284
68132
541808
540201
892720
399469
250599
941178
329094
250250
544028
569758
688986
551141
117970
862426
407917
275280
622168
875103
487228
885422
772204
578496
772846
484546
328699
572750
335206
214738
96900
549841
830457
47799
84954
843173
287545
52164
773640
881584
458224
77585
556174
143548
829673
18403
459018
987381
403431
16377
762162
44672
830073
562997
377214
79349
522341
325478
834019
314875
349953
72174
564857
753535
297954
270100
458558
622929
640235
938857
692211
274203
645447
884239
264484
374014
982449
488170
829765
590794
750896
977191
396984
899866
634209
370916
103852
85962
379244
523003
26463
559895
873625
440430
341699
121361
780091
775280
31423
647935
161994
423182
431628
828111
718543
40185
397504
38072
930744
508592
527848
706158
94475
813582
459341
765953
787831
43565
599065
105235
458886
990902
752083
7156
956399
901191
398535
186204
373513
749311
633921
284676
552857
957737
425975
264353
204684
116610
270278
425342
207872
581224
643861
25140
19644
191714
251414
596937
106881
860806
796267
330787
345016
703563
536741
363751
40138
827820
173479
752051
554638
481268
994409
227188
294109
386476
717720
217572
309122
346271
989595
445987
972942
318599
371505
932465
832456
195862
369462
195334
288833
526882
915781
933710
487620
404525
788150
449477
556780
302736
503816
472042
399569
595076
973018
482467
993242
28365
408916
773037
873270
855620
604643
295613
989222
913151
800993
124536
237298
430559
394834
526028
666044
87029
645642
761513
803889
186641
330605
409632
820251
544105
977743
783062
736915
133923
628986
510180
268564
702336
876237
890319
315627
672164
428545
746079
963147
600838
748231
135390
302142
944432
773069
989934
624373
466995
81056
539911
231040
38507
14188
712077
149913
838378
512926
618570
975386
17156
863338
36493
719055
827831
935720
593182
166566
52660
854361
287708
953091
854350
649032
930038
583920
815678
943052
438914
527026
533905
262442
384701
776630
713455
525847
932000
483754
465800
1819
674203
347945
833500
568080
218416
786702
819495
189578
562479
422442
553832
178449
635786
622416
87373
874633
405140
57741
912061
170611
117787
983541
263681
504844
881886
128280
146576
856723
419052
739476
99061
765544
739036
412484
490399
997904
835107
285846
459333
839061
782677
140731
456628
49098
637499
78647
186550
661292
473421
493656
992417
213924
314892
140355
397113
391338
412478
22505
579842
454979
974215
632601
809383
911019
775841
870960
232384
197453
829688
374059
373700
97646
336677
240029
383947
406186
124932
589628
390973
428503
571764
219029
949981
595270
554218
636640
816940
976040
143666
689326
333371
551244
572548
660734
996689
562054
485247
743152
450164
487596
492484
124625
128024
815546
672498
122837
304609
431637
37689
820386
130199
743980
654941
524680
299109
188219
332553
843343
831822
134762
199245
277994
317485
136850
193782
544839
312742
477343
520777
244424
407791
654416
863964
540555
655285
991963
985552
986853
763500
638062
171438
528750
660726
226321
711133
227702
901935
476583
529022
22230
599571
256084
947364
685536
27405
81976
18931
32888
671901
91480
900372
83516
244196
229918
328146
202911
236815
949623
523732
860947
916190
935514
516215
167204
177360
479977
344839
361698
389357
128815
745179
898935
653487
949258
114698
235607
409550
37410
734733
513364
156711
426519
905267
595153
441864
279225
523835
295247
816858
593264
171601
493155
273387
771004
835112
590664
206680
484247
70896
736273
338324
211447
964660
705079
920791
125232
887124
178384
726821
861749
916698
343969
560185
812095
691706
449290
20814
410310
733739
876831
385803
781356
342940
414296
478793
246137
767317
56030
442690
178113
519275
427717
659799
201634
528927
405465
393213
159914
353172
622545
230086
832213
291052
317217
822920
705011
455422
522219
617964
871976
303989
950229
599061
101901
570632
206454
18794
471029
236945
811305
929986
753802
220173
204356
710315
704149
916207
721379
773335
299740
966689
837341
795940
929957
107992
645016
525126
153881
759890
762553
971667
161796
927087
261299
144491
23097
150185
626945
514626
634707
320818
656367
689100
342421
169065
981201
130564
418419
56
44631
740376
763946
901324
921337
501492
392650
106418
498380
338921
297812
933707
604599
709882
402174
406188
926271
214659
735507
251668
904445
626247
991671
905674
831666
591252
342920
750035
496689
407573
777313
365837
311226
838900
605496
842475
808551
1898
857895
779278
811391
149988
706376
180796
991081
478099
160953
511743
340282
793041
467198
667037
792495
891499
113990
516911
591158
355151
44998
144736
182247
131219
934082
303044
765776
307103
105194
154706
673965
8441
741217
910272
444087
877867
139160
596217
877843
436307
523801
57854
331243
914247
72160
58582
925978
144290
314275
60659
972353
80624
91571
263139
737591
105138
871995
822831
522013
77070
153380
584724
258190
954902
204891
476571
642294
645491
630250
574679
929658
95726
160195
103675
595157
418074
379100
777365
320515
966178
595827
31723
865045
518763
71667
258032
317093
923045
313071
220579
759332
329075
968587
725381
977039
248116
394042
143029
438144
680046
606753
124649
599905
524567
59419
636171
474875
612159
460694
280878
207532
233309
642842
602155
211767
427956
534634
266972
585398
595681
782211
859893
584618
537988
869185
662394
982963
419401
747233
704160
249435
915922
619681
346244
983116
377218
809220
50882
405858
330345
179569
473524
143067
500551
337787
44871
925163
51967
69372
966907
638828
126810
535834
370807
431987
720884
480107
702214
527742
984071
25269
117618
517769
459794
337806
592699
502336
325157
675298
793908
770766
95884
105683
777147
223315
258965
867899
685075
584245
749312
386637
356256
959566
976323
64153
69438
356739
594999
345390
380733
244340
561570
61657
67197
931087
176033
55756
213859
336639
213170
412762
769205
388354
967772
612319
575320
188377
383291
293437
539555
331224
777388
950017
735199
333725
119569
490659
340893
154653
485953
8492
167604
344474
56527
35058
470166
750385
134262
399679
270671
297935
748126
172752
358041
927556
590029
88761
387678
730864
354669
286822
581899
900057
613429
995516
429772
24223
26487
28893
759978
473607
80902
596554
706111
55475
518658
594212
95890
302578
275330
161611
707795
382516
880348
526567
818228
504918
505875
135365
901665
12828
869598
784473
211934
9084
528337
779682
844988
136471
655211
336427
109752
848643
30075
290669
846768
587331
710767
988498
612419
381336
357690
782356
719236
673776
103073
3204
648345
592765
544035
875303
283382
2017
158723
809531
802034
819973
180979
569175
614595
624393
300063
442480
654235
984086
295123
718327
379998
339023
290185
469216
260734
461221
573139
995774
55733
632265
575329
940618
946206
692477
18992
346819
280433
983748
626447
690927
963993
728056
949007
440639
628916
554682
101191
605456
374374
638979
862209
493518
333594
569625
698309
892723
956950
819806
573759
958061
335866
89731
679247
654174
150549
351193
3374
979453
152932
892104
167672
486042
827368
833432
796506
822014
192035
11373
794136
162352
392751
243216
816379
384660
34682
406823
630870
299951
956769
374983
553780
283718
873768
532384
269984
533283
875092
812823
930641
150777
912869
267697
66991
316063
169204
63594
296390
262392
508004
676902
735494
857140
328840
633343
100788
728303
350929
738429
314418
959415
46002
528355
291685
17451
288530
415206
425480
455230
544045
110585
720845
245339
326216
165571
764331
872227
489807
656690
902217
41425
845453
602537
586757
193727
457478
355541
768033
666882
565428
408605
749066
255791
260637
723832
828999
251137
695629
471128
954235
29075
636341
342916
302102
924935
223392
107907
268446
285705
874510
681844
80405
458222
449455
204347
725192
653430
183421
284502
399988
821552
947190
976973
790165
74685
100277
848776
880396
3756
836652
600314
304812
771205
698624
776443
138785
802977
670593
405108
182141
331894
899589
436467
920800
443441
746272
415839
960068
67836
417217
293125
954339
436255
988012
69840
294341
65666
722063
579288
625769
131921
85380
368785
298767
78264
614114
197732
90016
428301
900416
168858
48315
769422
775112
462389
542237
948991
229939
484377
296044
307126
169062
525543
328672
505906
367657
876075
489999
819749
824192
502635
619155
888914
359464
21728
167194
549969
927663
510337
340297
25904
972528
628154
471246
209780
81002
857212
394689
981053
609021
55086
198133
91079
593024
15297
351265
826764
3649
816865
928550
474183
830042
20295
530557
710548
843052
557099
90559
756468
590203
195095
693135
677932
455270
104599
558695
56268
158273
139084
519934
574221
184273
316768
773011
631892
831011
226964
456729
998227
960201
229302
176447
748047
761906
740718
684507
2364
549605
379318
878642
224772
693978
48426
805990
777958
608373
356085
622909
359099
675232
602923
61642
925332
519171
468021
451898
465088
110883
459303
402813
863146
696468
838318
604302
888798
29788
554597
169889
702700
826470
980550
670121
935141
594464
554941
435395
729283
652017
30680
169730
485093
750746
99227
766679
239479
243240
179953
655197
497776
807827
204541
959487
964981
435575
595277
400455
533275
360748
167152
491779
363465
183300
783838
903061
520188
637536
250646
41624
629093
118767
521605
695659
507309
866948
755298
801243
480984
730003
58967
860593
859463
727177
852825
835412
312664
323909
435736
197981
28712
61558
894674
696438
457720
964114
366658
625197
973933
626160
138679
887195
163953
193730
899711
773035
409272
789939
249858
9161
771165
875033
844522
816425
839402
834135
418240
511281
809462
482258
985618
926148
602793
520014
950800
940204
819419
474020
428087
238627
96283
539490
677413
109374
876684
203007
796106
845047
590889
247225
481023
452309
625640
264973
803185
544058
757309
172242
962806
245129
407797
174259
859520
693554
993731
555911
284463
760475
113752
302415
201792
453484
898411
827979
690275
606647
193624
475897
264171
988739
254372
129515
689567
491316
354783
413956
824941
387416
404258
294159
656510
631696
895352
186811
718117
542873
27481
428919
587440
528950
635858
748006
481825
741436
678144
124415
880631
30009
921402
518916
238885
158914
379279
514653
655396
533912
885477
907345
617700
564086
769792
783072
600733
104826
21603
778751
368645
590125
556881
728816
919002
770481
74732
309502
159646
514502
285183
916498
850147
137273
889623
981813
844732
145321
741067
634147
218515
872631
164253
678280
251225
181833
502713
966298
91480
804603
608474
455954
428260
133668
347916
406280
303920
729600
958348
892586
373948
771007
860107
700760
722220
55977
95761
869983
366324
363564
2431
629137
840496
739204
498093
93438
635728
658565
174450
523281
711409
93192
132225
831048
292102
180400
942384
751441
529333
573720
841941
566206
753470
466843
730505
581669
138070
72831
512334
228759
551250
293886
782733
445179
235711
415603
992951
655238
546126
771230
596238
318488
574252
598931
256764
727798
500720
261829
271457
447584
980398
974827
13994
871631
560040
804813
493468
803021
406948
299053
330865
845168
59289
949908
381977
254836
166979
496376
929953
160436
901078
944647
553329
841285
587343
360082
256431
788336
928549
830873
441858
88969
609375
942319
847281
426096
604479
929162
509929
757220
192540
829545
31645
585087
825613
864418
868424
698962
605313
723975
722958
860701
104044
300084
207488
60011
546396
529528
971967
586696
953514
464862
207544
773792
910795
805399
863821
432054
546374
825605
814292
508605
124544
777958
177720
715159
406835
137819
984253
623079
988669
138900
781090
497813
835349
911067
622175
46557
183000
146425
172302
532628
833217
518472
966822
193977
644536
61079
444897
448308
835905
208307
723328
180206
44565
354648
649125
827404
404558
970932
251357
534345
746683
606612
599809
118830
677331
720814
250353
80561
109767
403402
867777
765352
127664
615565
706608
734696
950504
437155
993363
262974
268468
161416
991185
854537
693535
271476
699463
781298
806370
293153
993292
749834
571582
724666
560718
504254
255916
797729
446875
360569
652780
725981
61884
66519
877627
754463
824956
103425
727584
722671
518982
766697
985124
185784
729068
919588
66145
222188
674756
699487
887987
391317
557357
520127
758860
106618
541679
376153
764324
285226
329024
325642
65357
504167
552547
468789
247780
990514
835308
34135
985955
329712
127006
574856
53140
131062
93045
412497
76000
656950
816255
79076
581894
84869
354724
556796
39399
562504
301063
964562
519549
460667
727045
2169
792620
865181
524763
112535
409137
444668
79844
873856
430967
106328
766271
748144
237640
304055
63567
259365
502240
599748
143772
825751
792670
450789
231510
920725
252436
656088
90554
124925
835581
652168
646350
993816
339406
98354
192774
667344
918949
823918
775497
375182
405918
462557
625805
484148
673477
691374
313246
963700
246885
956172
906622
468875
858687
611176
625191
830686
189846
609630
107500
846511
347623
911686
623485
529404
450615
474010
913481
1652
470724
620607
69054
338455
197213
682162
12972
652585
146446
227536
649991
903570
742835
86082
82379
397525
346029
939779
437498
898155
699507
199887
528641
442683
914688
153513
110137
604857
247722
361673
218569
613400
429139
150625
908584
459885
247480
63819
141760
268834
470951
242769
195566
332115
901517
997464
926886
597640
439725
945641
823476
118863
829165
870813
579613
419574
711563
441509
816292
699426
710444
225908
187048
498127
735061
459785
473002
931237
18483
731676
755437
614899
477012
956260
426934
117578
982264
870595
801011
442809
281666
124751
697016
519520
40073
321150
87716
739187
546316
512813
81442
520589
114562
274317
63564
941614
922510
134507
319849
408979
441873
759002
659351
76657
832090
51006
149252
703053
132152
654328
721622
666043
356785
874345
54443
881393
232203
504933
37754
695494
818119
482998
688600
519437
913005
630346
955479
397128
47875
209594
189321
669579
470679
59319
702562
432303
733884
424915
266235
223983
298513
894569
385523
705314
891324
407915
563632
184469
839222
943366
709251
21444
667904
434868
608234
205813
860532
190942
292079
960178
58102
653291
526509
503457
734985
492521
957042
406145
405246
409047
384064
878083
360967
249356
401262
746435
70441
249224
3884
161185
284112
965974
202276
870592
383804
410714
930299
848411
745177
812796
9718
673151
973037
629297
45434
589417
716587
705763
607339
288060
329252
776573
892534
485727
603421
752468
379435
656049
78587
210677
4034
956266
569947
263111
642751
382479
835902
66205
980911
490961
363298
412379
917330
394755
924972
336065
691155
797046
642304
385561
357938
556659
900851
637113
232578
753685
307480
116470
943438
710080
762999
499749
435095
26946
682268
916815
194617
57220
296587
145968
659820
287980
970577
263724
722469
852179
692213
73999
963804
116766
314510
466687
551081
895163
753262
638145
641032
278394
398396
13220
853435
146885
669024
760717
330063
632958
995799
743008
365942
942771
257510
424585
675091
672960
721898
177316
335829
486978
377294
438991
706106
115955
176663
497545
449461
916647
82713
568135
761643
252578
597965
648531
763350
868692
214906
695393
876492
952434
754383
530288
474714
918833
115795
730905
220618
395169
227443
7544
803589
287461
775418
129396
899985
277451
897824
798828
549498
445516
549817
750399
988047
329633
531854
477816
443908
163967
689353
266325
354485
885682
326345
688178
473994
760722
856854
954135
230709
905251
457390
910427
969176
29263
724030
591923
632324
27640
995948
876763
124893
541053
244689
871391
352857
224075
507396
215878
638695
610781
970321
348188
310956
517585
565769
210203
551208
110568
573747
257141
12087
929562
50272
28033
410036
404308
306141
568383
782392
679631
241793
596937
480640
430030
712357
501593
83309
567860
180403
275121
98852
288511
452119
477995
515797
137061
694483
111837
857881
901449
564911
245736
903925
105882
2637
374110
358524
172425
838555
514061
943824
484261
905377
63660
44873
795860
9210
698017
153966
470064
892447
373997
472799
268667
340895
151605
252438
13249
381163
634222
693378
754249
235725
567203
544211
258807
860473
179110
159444
168641
910076
113169
257585
563468
783057
390711
47258
395042
401490
717549
120448
136210
348108
730478
472701
544869
543979
571887
841232
310520
151828
471808
270021
540027
29394
464796
288051
154756
128423
821965
64543
718673
106500
436990
290175
49624
230677
948703
871704
677325
513075
779183
819400
452592
577149
589289
961376
78415
411265
590349
46313
465887
481107
733065
899528
137139
227072
957700
43004
896663
827933
901128
47299
73612
203832
231817
241052
558175
330160
314518
962920
20584
148001
486171
996650
532124
138551
301456
832301
766672
201252
485954
747973
548619
953260
376060
793517
968326
260957
682642
707280
445442
691421
310601
52771
154694
244507
13094
64495
866228
611240
952082
21740
132935
529566
297062
703497
643436
93118
704921
646537
206905
268312
453763
302279
918734
947363
475213
834394
830663
798508
687992
828755
650331
538091
357126
653283
866324
951026
609481
535130
408107
390271
627910
590794
585919
279600
205700
555786
748658
414166
704631
193558
186720
40034
545220
846100
285949
679675
446577
764081
309258
52210
111531
612138
889652
285773
562226
302695
202825
22592
611237
744257
525911
631482
688805
641509
769635
297946
790249
408272
326339
323394
375710
809018
551705
715780
154744
871119
714668
770170
38874
88408
680036
180594
941534
499769
834914
628037
374593
316627
341690
801865
719470
56201
504334
105180
394469
387936
305992
833057
183752
924480
319411
908231
44098
67351
414135
689924
539733
965277
29423
297058
348478
333938
265448
398448
177862
198691
243577
831001
632744
331
661370
341073
967002
815574
360482
806763
341178
134625
236737
969159
766550
751165
335574
984489
275800
264019
477262
794406
952268
19425
68250
761016
985680
340578
246571
374512
10967
183244
842445
744458
872601
600627
229213
772828
3611
743499
417960
836201
711446
867658
87842
337234
394695
464364
103552
658732
294546
756240
896882
716909
640724
117760
303808
86463
428420
651918
640704
625783
466308
611225
821490
383647
967114
340079
632184
662063
89381
921229
86901
505627
647471
879745
323136
209862
768462
956528
50949
946644
340774
60660
807544
238365
110239
279005
541367
499837
527310
326873
506428
330120
517634
944494
418299
823451
61741
209827
277726
629965
701486
44479
108123
874693
679479
720233
608878
852581
820512
980782
621624
764068
40775
391265
673460
97018
187681
914077
239250
961268
452834
816358
346866
70055
149317
270574
531198
983361
325624
459123
135524
409979
816360
846917
774319
644842
983524
466598
565697
259125
342256
397898
845487
72161
168105
954237
434873
769928
829135
199908
455204
989609
539124
326683
452982
994904
920256
779646
37454
888406
64031
745411
433053
208507
870727
532741
713477
219728
890409
33435
749708
77753
531763
351463
582396
75087
800704
486827
479131
331980
829981
686101
95106
557216
20857
698907
150749
495840
574952
236865
460286
271774
581076
79224
628510
595795
914369
607328
747440
902521
93242
704814
55587
954166
328925
178473
436725
277490
33792
847502
956271
748681
146687
588820
42305
796316
601316
840330
668218
684802
927217
799388
20835
104348
436428
815156
50105
505287
343623
684285
83782
612202
687884
220482
995995
163630
672162
444341
444140
307085
539422
686604
788488
664708
153896
644550
720115
356898
462633
639244
906466
968131
987278
475890
555282
531350
903228
568476
780037
443033
342992
625149
328090
220390
461073
85435
370248
979815
26037
968047
978102
47974
100044
135560
56826
240703
611341
454863
567661
27126
139900
333701
666920
391333
779764
414440
587997
703182
950806
563348
492243
707471
521934
171847
698751
988915
815231
916989
645820
980005
346763
553466
265064
440959
119552
125670
212570
969472
984290
842002
334403
37980
673937
527065
560544
562222
405079
832865
466073
562441
781456
423041
796473
335596
161654
460860
29451
111571
686216
80620
990733
54314
318615
841658
217492
758109
42925
274506
985980
958666
957466
440755
869769
663128
856860
141227
111775
926945
373418
326530
682586
910667
441053
522565
470731
608564
140732
997443
555920
807563
934242
716140
371599
769532
413774
607701
424654
478915
171591
369175
734194
741922
302506
6808
182419
372205
625490
336737
675128
493571
502306
106030
581364
13015
500081
70725
520156
669228
536147
446142
490403
35487
244096
797921
171733
51422
517412
440108
846764
26231
99971
868147
2834
40139
520646
124898
92724
861089
31205
17759
513855
490326
799347
422986
832251
64434
841217
434470
385920
862615
805040
979473
831320
275347
563927
291119
201971
607188
532812
250341
764993
234619
318803
548993
912304
182025
806241
215223
540418
217334
972107
852999
174921
20448
294032
245882
451394
997536
419199
545482
849740
24825
354439
475617
411587
931114
536985
570874
969918
346275
231611
583140
853089
711188
21420
625637
306847
729504
654704
678011
34511
413552
272695
267006
156842
553573
305710
574945
264991
766437
709025
778007
22995
109335
430091
627090
411064
834025
406524
872102
890953
828750
665829
371404
570271
798022
691267
593283
826419
925909
20198
565265
725681
772437
336541
947432
95861
381031
