645915
85978
464650
544699
471836
93251
417193
416739
943209
936506
358037
781142
819341
407059
243384
762255
955365
84457
376646
513859
358044
595442
400401
437778
751759
500797
938364
870281
377615
524491
644679
626834
562948
878984
488202
38521
222126
387300
644733
988059
704327
707090
915252
85485
590725
995293
730088
439270
146299
713186
620783
493962
107295
712878
190542
545876
57126
716276
382245
216064
50892
593643
275720
202290
35824
403778
86702
790726
695387
142977
435203
48117
261217
345086
233240
844512
737248
895864
523642
504765
271782
677139
577376
366299
304047
848880
368766
777811
68619
62568
39926
930829
659678
579430
698222
757996
329153
605150
243068
896343
218759
373230
625662
50789
521818
700239
297799
758500
451139
785719
758772
168006
348552
996431
630684
327273
353775
319564
563813
107906
707937
673453
920756
838821
43626
962895
511996
86067
935197
692016
769272
716704
387412
456062
969715
137375
938581
879963
702468
70701
303057
625904
445336
617271
295366
396139
713512
807145
42180
76694
244553
379285
691020
240213
529889
10811
500051
740860
924535
2043
161319
282059
315044
234260
822185
242695
542566
109464
968248
107253
390676
809390
946286
527094
243883
326787
277572
163642
378758
494735
547793
554786
974892
811072
384367
121846
923716
892037
120894
282559
463331
500280
183490
181763
741510
408104
101544
820891
830299
745858
178406
260466
41657
913564
587328
709212
230065
983135
682982
316048
721276
168334
950779
76996
158419
400439
15536
844516
149150
315508
283343
889646
260548
726750
798228
118509
543073
592144
86453
904207
16278
467027
160899
222309
63994
860203
546472
518967
4205
936445
405456
786818
571725
492891
620005
372304
981890
92142
306674
542770
488501
273343
813929
579355
422942
20514
705984
9948
895865
986687
419573
909111
435418
88894
124723
361635
880088
338702
715597
541468
404197
754707
178023
922467
286014
172458
998196
487961
783037
679385
11289
724596
990092
736984
142768
669147
876020
190838
296745
414372
943763
185386
482764
141672
421804
629815
459290
373503
850968
747002
138641
802461
752859
786515
697357
514824
126866
101614
363467
747829
682632
341357
292297
814718
386215
522868
680330
322883
744395
575568
712373
420250
358130
108421
914461
123060
160656
370418
297308
252045
844863
349347
874840
515599
872148
859635
477671
725124
757325
355804
439887
400310
673574
173725
552358
767014
715082
370502
249752
643749
722727
622563
698567
134993
684186
161859
748877
573679
351882
384868
597084
105250
125969
706684
566407
985734
344404
53414
848794
929196
522611
115240
500771
468786
908828
257693
523732
258941
297402
65987
61824
630614
597323
834147
348035
194654
797584
717849
951551
150575
172317
874047
708096
135249
207120
285050
256257
540886
115294
476192
134600
970835
516873
525829
353708
938811
511790
623905
973943
118617
613178
549023
490790
164777
627517
267332
84237
389204
376535
435450
674839
65479
755214
35577
37740
395119
669826
369297
975595
71187
121783
83862
655510
885325
150866
911912
236557
278630
3743
885725
89203
170381
787855
392398
163885
409204
659455
847995
118089
210632
222515
738779
909755
168715
615585
506821
586882
743887
850090
56692
450729
112848
810852
248698
715113
31151
602642
475076
144235
67527
286453
701958
310124
411118
593147
68739
15226
172746
34262
789882
14427
196493
276392
168496
275980
881038
76442
639063
201063
94405
40652
170328
161502
88163
421606
205826
574371
175500
442125
377486
99178
55602
856306
876238
590470
121423
122628
557042
555312
817662
228614
213111
280487
483703
999483
570477
306353
74981
608189
115747
141439
375782
75373
219697
68014
541471
419780
119137
344554
373496
916680
664122
787181
396795
311963
416683
42789
209413
400237
383633
653940
935910
420498
31013
227665
772251
286511
412549
320459
320485
750669
532701
724206
788677
364623
182962
107198
596567
48448
737419
285984
62856
345158
765756
685977
182518
871540
101392
425325
169250
114491
453842
538729
215892
74815
454712
44605
531852
423368
585581
276353
949216
719439
773369
90456
127991
894585
950864
357682
762912
63840
702644
189035
206992
591180
710023
42833
279350
568832
36913
48515
494333
900081
703658
725300
45278
683090
667940
405199
553118
929610
783576
244085
195755
987143
313324
848289
594639
546732
141374
556269
643151
620070
670480
30125
751650
226652
396880
828537
885585
811908
755266
555465
999528
196115
189260
359289
820630
810444
864862
189803
708966
543866
884476
857355
575706
189369
934249
230894
674721
544750
412465
184596
858614
789910
828243
775372
646357
807228
745674
540406
875481
464133
271223
154724
918199
586341
898413
712026
894993
911156
712856
675957
158648
610331
393610
903336
209857
103720
170980
904865
795202
188930
145629
907402
457898
299894
225074
393835
113978
190831
710378
47084
960484
960516
227205
112568
908286
395884
97857
316990
846755
33229
276424
522193
245671
444657
920569
276143
581492
633241
396945
647327
243205
554476
889142
777203
27071
770632
336032
149229
132263
582586
748196
667902
990980
44616
383966
312042
447634
57387
820795
227207
419168
513562
915105
508772
740231
813505
718715
232005
141639
85073
511844
91533
796415
640816
394095
979893
184841
851345
987473
937720
934576
171871
221740
424849
271246
671571
362424
940700
40263
315430
341328
782617
552220
405536
93463
718672
389996
779022
160005
459022
831117
133329
718673
21133
649795
1171
991933
542961
459227
761493
679865
969583
402471
815908
123765
430984
335062
884523
149510
924979
877295
298465
468852
80153
346794
151907
583326
991866
684587
140636
370570
834157
483228
528160
582861
85764
20710
692312
597459
101006
352971
661208
624716
660470
928419
962637
349939
418760
283568
406226
724348
878804
727072
298209
182234
19179
539424
571878
741610
623622
157336
823535
350655
609287
143238
521728
468171
647063
468602
802692
536998
42094
986668
43293
80830
990449
621301
169180
261468
84661
165552
622284
710095
217057
345326
416553
600311
951538
262160
642542
631343
565017
155461
249996
124504
284479
850273
524022
418239
45992
638358
751705
551082
711413
799825
470378
182660
465091
629235
147031
181282
893874
338218
959455
15281
44928
49132
567101
808510
939667
25616
12736
571106
253013
729289
304566
440008
426681
107071
861126
833117
418845
940235
749085
942418
512136
764239
202817
355409
315410
59889
533633
859962
766691
354034
557453
853656
917779
941742
664354
87205
135665
921714
278557
207542
459103
604341
151281
498308
12123
459317
926836
107801
65368
784304
894612
676372
645322
916923
237158
738584
848897
730689
288799
391575
708589
860764
237723
531510
991360
235785
749275
898078
703025
467851
154828
467231
316572
43551
193794
200448
426694
442711
920388
614823
202047
267798
19712
397793
132576
143719
784415
294415
104820
516538
137651
288558
871091
642043
929229
482689
722409
63824
884268
304925
506486
219824
793744
998929
719150
537627
887532
522096
891937
247161
879417
550716
431028
416979
751143
465776
994094
347880
93486
826601
562511
298477
187459
366259
7258
442213
293095
489324
148916
616216
788313
668823
181029
575219
483116
495168
578171
254716
727475
758151
999949
559407
848088
675594
496093
332858
571276
970163
774871
516498
263448
298395
702966
255152
656403
623001
390662
546156
353324
248364
851588
766324
372327
261376
550753
763817
524517
569632
385701
801878
538907
26233
804721
508301
373157
465671
237917
826016
329395
216927
193599
975673
368289
864791
107085
689815
776229
413461
547226
241509
777314
640179
658492
794105
596441
701388
394191
93862
458303
866726
87122
745854
460137
541948
858862
272167
553443
609830
999895
700568
716897
129895
107020
608945
537805
432979
988984
167413
192383
199323
97723
872357
195147
793910
252930
793273
514931
211502
75858
418045
632061
439493
259685
60103
711840
218434
2987
886929
548056
886427
455281
781943
128089
703104
80607
329870
449056
838786
135131
638174
636132
11486
282316
357054
234091
822186
204345
209547
773882
247323
105999
175492
337957
228912
214977
265733
123780
554047
904266
36446
990854
449562
146510
175568
419487
467614
438238
968803
159517
904216
311258
936679
61465
38611
628465
297541
395656
967042
353413
317184
361905
11910
403049
333326
973369
713437
341964
851533
833690
197161
445743
207140
929074
946520
798674
269367
701879
714612
205613
864774
932553
438025
656858
398243
635744
894510
366288
520078
876772
349810
587465
637294
101020
277349
98757
387886
319486
405184
726760
165874
841637
28017
930239
857525
799008
593735
377888
483521
63590
27319
147119
486025
437288
790345
547453
523750
31615
560930
856458
240172
70021
34094
551851
98217
103167
26281
464263
167418
646967
836491
307323
358793
252905
754190
455134
723110
598803
567581
505566
345793
581231
438363
696457
624834
777277
30220
764584
539781
187129
460132
994502
626229
73389
339882
686222
72260
385119
14985
509650
759812
135786
974899
75944
894053
761898
539442
748911
848779
392657
771917
905007
568843
974231
863251
882590
719107
573454
226247
813439
974483
399827
235560
300581
569148
977184
503451
680406
481555
867263
705463
606346
790881
507673
997677
816659
627738
922669
695250
178582
207480
528476
51275
981879
165684
514144
741076
312979
748257
745053
604845
548199
932517
725520
629601
730958
236180
382500
359476
353319
387819
694307
373800
782997
180517
489097
207340
603039
358717
562357
856674
604408
431937
892601
231755
724442
567120
512336
951314
54027
125040
959279
40561
814210
680078
423604
102148
207651
347091
991163
597864
336997
880159
358096
267407
44180
863844
35902
175908
601970
109154
661126
318997
52665
910650
623275
25794
835772
646514
644202
839744
19755
357892
197192
391305
12341
700067
576259
29892
91784
849035
296426
461037
183668
963139
560584
552993
878957
22962
839420
448393
219567
229723
211492
727904
72188
88119
344824
895458
153025
328302
270003
102227
872151
578417
504683
583849
680165
57334
721474
162775
185826
699281
312437
917814
474168
30316
526098
535442
890372
218275
594246
220303
69434
718526
576852
28535
72486
972748
795170
714209
782349
103832
592237
326654
847986
872075
892381
60611
864500
463006
758068
595758
32340
112057
986207
539384
571413
116013
439279
314582
385852
932299
580193
280043
799415
44575
862105
153613
731162
267212
457710
387186
102596
163653
456798
680183
130016
924966
322530
558476
674311
419949
864541
612224
643523
331479
99310
557541
55087
85403
914085
778272
284794
725629
522257
703311
191626
537809
234423
617623
931965
92045
135584
204553
870218
789961
794442
32624
660998
604629
491966
183481
75907
100023
624513
977279
788883
934015
852068
723123
252330
21065
72118
386213
954337
674575
150298
616177
604631
767336
354227
784648
288498
429793
79355
349594
323779
45367
287795
94301
436680
758830
153013
752125
286730
916944
100581
37280
33831
689733
486534
542932
416938
227724
553897
904536
780566
420948
167552
742852
787010
100665
141840
493205
100446
162398
409925
943641
709779
689123
293151
891955
823369
882947
99658
592076
476866
216461
343692
916439
754659
371325
10200
989822
135379
368055
753919
382062
733308
568927
886150
152956
934959
153047
719762
452850
542628
280086
709312
278458
487967
742497
242513
906278
772717
652521
371523
995034
618190
243906
687419
388823
617005
670971
507549
754788
636042
569502
54078
528283
666360
112325
722417
113613
186690
450519
206974
866963
155753
716190
390321
716274
892553
896070
980302
514794
159193
291701
541346
645339
59473
614593
863284
396501
448934
999570
68699
135738
70577
956502
502889
496530
62254
757978
391877
239147
811807
532108
590742
925419
700816
418890
685019
613748
656566
147942
96664
63666
949361
741433
703915
668036
765489
225120
260733
341188
479412
40984
789524
108533
116717
892082
271044
389000
610561
763186
996741
261963
804778
618570
548576
105199
635326
336302
542916
978996
510346
120340
548277
244851
428440
630858
613924
783495
798416
569395
132057
276761
618555
57823
356173
296327
455074
710278
487380
199665
99925
734689
231351
551967
853256
400166
864032
79250
633047
416478
435374
701606
72106
188900
922921
651232
905843
695612
427151
467034
463252
397453
589133
104200
5150
919549
733769
604838
730933
805095
203996
642560
725391
810875
29149
740829
514267
874611
661848
178569
627454
840878
716894
999358
316408
257643
409782
571694
961637
901219
172337
633328
728224
524290
192283
667396
595970
561988
472206
657797
226504
497705
454368
189034
258514
936340
393020
676536
765256
558790
884110
429832
447767
240049
441688
790768
434713
928380
413538
996881
8467
529746
310030
71101
694744
752551
102025
589763
636810
972937
534366
414680
181696
841950
277093
121187
985604
905216
52696
933732
926515
44978
487621
917314
880583
855357
573600
480561
437362
250411
488624
897597
976160
455199
538474
239093
473183
592399
855643
822390
11803
740000
290494
654035
210882
822557
963437
761566
123206
78611
854580
588950
893057
832715
398658
563757
454898
970340
265785
154612
435045
733837
688356
132133
991665
382173
104712
746893
591835
29839
353811
318548
605272
575453
34994
639082
884528
811767
623358
268112
518078
870816
945942
715136
607060
988838
287048
522938
103675
869884
468328
991597
857944
302901
430467
691646
920042
822303
944494
360567
680879
543162
922999
321615
960102
370644
702077
518098
923184
484098
557084
56301
693584
360573
273280
461208
486929
17750
934107
958496
516103
69015
220081
796688
739885
120504
777488
90811
515246
517627
294686
176809
303999
331364
391690
910172
465001
809176
5732
70589
556324
87633
43273
721128
278687
187452
358711
981713
64221
625264
1663
114321
882745
553162
621272
235601
391114
65321
70031
31121
464673
19971
167196
642006
163119
561762
53073
123822
452740
444223
360300
606497
75314
493561
703819
717110
881488
606002
259711
918814
60826
339847
493048
91329
782326
320745
104800
478116
299601
112797
654789
209460
945384
815372
229998
903346
189155
574855
412622
313466
82011
850972
258070
760241
355004
765773
997797
505418
600070
308659
454043
87222
190382
733103
902603
562982
173985
453576
806543
803582
839208
623462
867317
497431
237606
153578
131414
521201
653055
944872
887559
555956
359187
243202
780329
306977
700264
926946
710300
360922
657766
824659
358992
38474
818171
661181
220667
550002
236831
842427
750695
517777
624625
894875
593187
651503
104640
677297
166105
866375
293671
432152
872960
907663
878288
714054
212584
553573
726553
244683
472306
260823
610323
334886
808482
17487
25127
654468
627085
748314
994835
636630
748588
733651
771282
842894
182035
459312
458970
18165
900667
591208
720639
85548
79867
75264
602741
326461
244182
620977
918258
681437
955309
916856
259250
964608
66389
896570
334100
230105
876675
916177
239970
283437
916324
626935
285678
979283
841866
384078
245719
610698
173632
40265
448555
458678
919934
56251
45222
442233
206712
366714
770137
28010
547921
307311
522598
524853
379501
599805
454696
385487
118499
651020
724335
160596
69394
424817
393385
649470
935307
194236
481500
923908
989675
414749
722511
8909
129356
65843
293065
319055
93010
715123
220977
520969
60064
450737
44628
731673
66669
857742
174021
498234
178161
36159
264991
543966
605305
483957
932070
984868
272474
25774
641420
459958
369986
843800
458575
257346
792170
499037
595263
527891
836967
980559
925086
143627
72672
97714
828320
808639
114906
34208
233297
988911
921071
317469
921558
423073
910366
970744
616779
115352
207675
462490
168780
556022
64135
78702
491983
549803
250010
309869
245998
89241
537469
827268
77635
90822
831316
729701
25005
181693
409784
283431
866735
775745
562403
744283
217334
815215
672708
761708
599163
96303
830835
81650
300223
214806
669055
388307
358515
997020
411234
615126
866234
364405
524886
575046
463366
688334
72768
475967
812255
8165
243851
262936
358978
492101
894480
760364
465894
894813
654065
848071
186394
546748
511813
403114
111690
509356
125869
233980
514400
630312
913797
9613
825222
345466
626423
592519
444682
705014
173481
239475
363483
732749
655574
144037
748464
208526
238842
875462
494024
6847
465895
509500
435788
132884
375925
500088
232656
16522
205591
276571
991288
220131
105736
7749
249399
504062
52003
232444
434739
923346
551122
388022
3909
92103
595359
243524
451228
74161
668582
115867
600961
691753
287915
508351
425460
246346
714120
300750
846582
439173
307263
359142
973408
244642
461166
98612
236593
620628
250080
174746
597349
651767
388031
556220
778368
531944
725864
920232
194154
724353
824535
730399
913972
463599
140033
922308
302584
749874
389761
165984
490463
224369
761322
527376
907901
586616
911995
90828
370198
754191
965744
311572
548228
626232
189493
980024
434416
170884
631157
92805
319614
574930
681617
318791
365765
599717
867757
259136
171195
342881
598308
707043
362608
337570
896347
123853
20977
380345
902579
423745
627981
29124
915928
269022
413876
206377
180279
589280
686458
144047
725580
505999
752379
268217
7129
248199
650009
716319
8050
431845
659489
249130
139957
748491
142092
65516
127384
567185
236449
521466
523611
415624
754360
693256
856220
143852
760985
960927
921545
469285
862466
460733
55088
134522
50503
554761
925810
99667
315028
388273
172438
179497
293966
426210
496121
563788
381848
426083
905763
943376
630898
359503
787190
347285
576379
476589
10048
589426
432535
129453
282351
694846
929835
274561
667492
368122
536709
424918
438496
827870
319257
5806
728795
766655
36710
424156
549683
870617
119096
123163
108737
27327
323910
151434
981128
515484
652347
606920
405831
116645
836178
22440
827758
984285
805722
634961
38701
752452
931993
545333
563879
754589
208525
93612
811077
710235
825742
987884
560039
484391
288335
206631
741558
953040
708739
985409
262549
670800
962268
773229
347574
96951
943086
68771
783561
209591
144626
683840
486094
125643
167847
977978
270348
275460
206035
128509
784346
752305
82280
341479
167450
247850
868033
113821
177478
895737
346955
178056
683554
908902
898241
680560
506001
660190
869903
997747
64772
275583
894104
366305
637901
696194
700691
785847
129042
949510
538640
557879
750300
794869
221081
830752
717583
135189
150003
546895
161140
919021
72708
76530
103346
462673
780302
36324
77724
680077
720217
184875
880739
273450
713263
37514
471468
65632
455873
790402
207933
752920
643111
833004
442704
662363
774853
247660
746186
148637
455049
666323
317189
637728
760976
686995
917962
784199
639528
160799
48602
138168
943728
968671
404011
683180
773852
34509
244016
708822
757525
313775
785233
813677
477885
421169
646970
277080
841872
833118
653135
840501
291430
87547
553085
405574
370837
936768
192812
789241
657395
29044
557841
189907
889529
294756
983135
137784
424131
242303
606749
399065
986099
523665
754771
597882
394678
923866
42334
760415
311198
641546
987555
693075
541359
324572
803616
507796
103669
632076
678238
228062
774290
871606
784515
27410
458838
716493
419204
236419
686279
592244
709559
574494
640000
377468
268934
871283
50165
500795
568191
267172
345684
67461
20425
124008
123015
938634
735026
493053
320022
82188
162467
251432
437930
337467
65653
378922
468204
337390
786332
180929
132940
5568
260161
551127
641246
391109
106286
916235
844830
785512
663971
392859
511764
53922
895557
153323
647891
101081
372598
477620
153179
902803
805696
102988
553630
601301
889578
484877
563104
946524
864941
265061
80951
334647
639233
455226
12530
301439
440272
7544
918230
8757
582220
797688
945027
757366
166172
571982
4598
926749
7985
170607
815976
485813
648055
974077
58131
516633
284328
96177
874708
226539
86266
572644
229612
298477
166201
675258
412768
520639
620015
725483
155073
326005
124287
789103
933638
181716
197265
445062
454357
254250
226215
806049
571616
681031
196814
115760
760684
844123
983217
916361
677997
703725
540616
273714
518030
670582
708461
229387
396876
706200
417615
76763
813122
156478
802047
349941
602943
236177
600744
214598
267411
65939
81628
763326
979497
111580
736521
400729
709582
427631
371018
98697
825744
574457
562266
998786
492417
788197
957603
652577
632155
482654
385652
289146
645565
791778
3986
863485
50644
991232
536357
169731
256661
518318
942547
676219
805030
668553
136618
371308
440412
445417
17975
252582
216543
404512
410804
327433
408810
84944
147165
119345
355247
49958
1315
577533
514391
114103
652730
414971
517735
645749
12685
549233
852222
964941
968529
132170
557307
770145
898359
24796
69883
641821
700091
439442
6016
253816
398298
936763
296685
42889
888352
380461
622189
492675
84255
485591
178100
904207
801532
339043
140830
208645
53923
913220
556851
687878
256346
540065
886988
669240
699187
732061
983951
601375
589020
677955
335701
543253
727376
151627
274349
651750
447280
673675
511610
73930
419308
649789
537719
873407
173147
696489
60379
55171
866731
663599
73112
588971
683954
842931
95677
9123
209123
893477
240699
68803
59036
471467
288772
895945
775131
350958
308879
189369
107473
546494
55608
66638
169295
884259
409989
867099
219421
225857
692036
517891
905578
480871
229647
589649
743325
529972
211186
107509
920969
113638
51171
762396
500096
779328
945199
335083
957118
292183
744182
738263
6598
202042
25677
700323
525387
877372
922369
14327
574212
897312
968379
483098
840034
131679
997439
957836
300190
75288
632142
259779
89003
178837
622124
651520
780683
592181
631036
743628
266110
128252
855367
343572
123861
658867
479003
547102
565796
405373
337104
343207
125141
719352
547558
374747
67737
487052
886922
408816
760890
512403
11447
901344
910413
586021
880506
374657
814851
434815
169038
327746
612958
440847
491365
841668
94464
531934
290632
637714
901086
575962
627925
244287
282452
664127
574056
274651
31187
231522
16853
616849
2613
49946
225425
821920
717105
874507
207024
121588
648234
440272
486920
858465
587490
966212
391029
526395
789195
45805
347894
951316
560510
621638
773237
236243
513861
518568
504484
946541
80210
815636
367811
918979
939667
241375
327102
140824
795805
411067
469682
525293
230021
286109
612496
753531
890702
853520
522074
453261
721084
185366
181643
53559
181319
821110
514515
390198
174635
181159
321984
349222
687324
648407
870968
76762
787735
261272
774499
366875
963796
108584
131813
534336
220248
381787
542793
682791
703334
99495
126201
417741
602709
627788
292458
304656
275581
676126
700372
311102
309323
819120
848351
184409
143349
467743
648793
550314
898759
219320
355620
768382
544027
950919
627373
942145
352230
820093
565462
817526
307503
417469
819766
669649
410460
328387
528118
503153
479845
27057
128540
294077
461289
373112
91940
351898
187679
499871
541962
26502
326501
64499
323045
729620
677620
131211
261677
282308
26549
997943
839709
86974
415788
446213
237108
916075
403218
724207
992533
230513
300546
325796
6222
750409
486601
955057
46133
21182
569760
280396
304558
328644
446389
526973
676170
515506
650213
349226
444810
380765
812999
582973
560321
824083
564066
360500
442007
380529
295166
238660
71338
180449
907672
232939
810254
514164
179503
142545
556277
577688
512507
747994
569130
580342
920509
682891
685751
506411
843121
303894
483175
790368
184097
247619
766758
640456
80979
141565
783684
699701
383011
502007
54360
509208
358763
568505
510913
131027
614814
166347
120840
120060
172340
999740
94497
299889
69695
524175
180561
292115
796445
279491
89257
398689
287366
585470
284400
305009
957637
478229
939167
974540
663812
578555
743941
268711
805760
390723
803083
929658
687451
929107
793746
413823
968464
417191
103544
232457
590785
602175
912826
203199
27820
959719
31283
401843
302012
795105
892611
884515
522876
811568
80075
44491
587110
589571
758228
409700
295706
559165
28111
624317
336170
466205
86327
428789
941458
290575
67283
629202
844485
323470
685783
381442
217826
884468
501098
451563
383429
193375
912387
822449
469690
748610
611308
948740
248589
441029
303977
867746
5245
909594
37618
183664
578895
688734
806939
620273
883006
362791
964436
747808
324879
221424
723533
91440
830915
36382
556530
200990
290214
398062
733396
861487
72773
913918
968743
610636
152636
750836
127976
55734
938157
847759
133527
714471
617805
183112
31010
604743
142104
2340
536354
283591
732261
330841
155838
120286
70292
168218
412781
958302
402787
823617
727898
322546
404384
621144
185056
774518
514553
979013
421620
86387
220207
653007
48162
611510
854121
645649
943344
866699
620645
648890
50143
22043
809353
87421
777935
516575
686552
678236
644802
771776
620736
878989
907833
711117
126863
818950
351034
518552
66246
241002
936819
433966
307974
619088
935161
722352
907239
471852
359913
859986
863720
953180
926319
938288
682752
944785
925285
803016
669331
291800
853139
139032
488256
543940
746773
261909
316183
987706
394074
216197
819816
807577
538696
744250
696886
872067
14909
392811
543563
13389
605553
303856
19173
124159
554551
99737
549518
287368
205090
110124
890825
709249
691716
180410
845480
451228
65170
327133
443899
310569
752163
877456
112611
804228
518679
50987
255812
672607
616341
265657
675097
793576
554796
128184
761057
519510
392155
335788
254519
773461
244652
136352
17855
674444
391802
305722
609788
576199
113172
121338
292031
278982
881402
36879
832186
146209
729924
689686
315571
813590
389602
705264
685972
586737
995902
875070
631391
25175
185278
325179
311038
359662
263781
258231
277688
944172
647897
959596
83008
817787
782143
277183
993640
474438
626306
119444
955443
607651
64883
199630
482119
920349
464139
942818
377793
5148
256139
102422
829475
31091
505540
483100
393896
722758
762163
852485
786745
580118
901700
925604
970360
637867
399287
372224
169848
13597
489056
575221
947536
609982
787912
792423
883525
428007
228594
683940
210212
688222
568504
178517
935857
261345
56531
167841
981497
526546
579833
637343
471428
854270
635168
480053
794471
239179
781793
233938
29046
424382
630712
269892
311446
177127
628264
325110
330927
75882
121531
116746
709377
646442
216039
242063
18446
716883
615884
752607
313781
373508
327322
454744
133599
378776
28944
268085
733714
121744
775967
699400
111587
283550
934893
578646
546376
159056
793525
937935
76811
817367
494923
284200
106203
887412
966653
971479
320445
923582
714517
16874
753824
281298
483260
424581
206285
234775
499065
62134
561277
406764
88598
87798
578436
899697
188963
88767
224108
524015
678036
614916
552669
410405
939397
889618
756983
869616
638367
3329
683266
841942
213074
853846
79805
778670
181762
88889
457811
940144
729854
144589
237483
761045
119659
709361
530846
561514
360383
136403
55940
984503
557161
376364
540455
37894
747662
982811
113945
852754
216687
225378
551266
598478
321190
846519
729681
944462
150927
477128
33331
514326
101444
89167
86498
285118
21824
636173
390325
380542
23269
501094
44885
240988
427480
525016
970607
797999
905098
13977
92613
788366
873490
620685
391328
296986
644790
159841
714592
680485
21001
997895
928435
185854
999022
748238
430052
34587
859450
894940
891403
313633
265656
770955
46691
846802
865542
393310
990328
936979
120412
899039
87231
296345
21677
535382
498048
749616
290662
236071
361070
443816
71059
931593
251095
746012
614817
991711
132598
759904
478014
954357
101990
779910
459548
996440
965169
468749
32533
176978
371015
50023
285353
256512
637706
828902
16610
79250
246470
156994
704728
387999
493054
565833
959825
684131
948385
159651
82752
782678
276444
573697
858542
634409
958409
679458
766390
498399
454469
605378
664810
367878
55135
697567
752468
302994
457195
469480
148055
302804
312183
838981
829235
711708
860949
645118
411366
92520
805207
174985
654896
488263
911833
156658
796976
892046
442488
366249
701546
899318
190241
733667
243050
626001
460484
800302
329345
436519
13094
788310
377006
121649
855318
398124
993625
250033
788471
43449
335864
556908
489532
837695
596116
945477
518771
374632
68518
414328
273336
793870
819739
341551
586
397030
114551
316100
152826
802505
90902
896788
952319
947361
363021
919228
992039
835628
379054
122739
837608
873904
872554
708164
157077
873212
767697
344038
282156
630486
302454
87929
175756
746310
943150
445087
278467
689022
343222
999861
46981
130404
555316
596909
145402
829246
269142
27658
426158
198137
896471
874678
240428
157462
933152
901891
815076
489650
380107
315132
340297
365552
21826
956008
179704
659781
706694
517723
672146
358239
963660
109048
139818
451571
514498
613766
607578
866465
759215
239790
753776
627975
736440
725263
930758
955359
183806
215294
278191
179733
303909
902557
748621
8426
779120
306134
529088
980542
351624
824885
57081
112701
995611
508767
673580
131241
326305
849907
358820
927295
321850
297468
509808
493257
652660
134032
211899
637247
978472
270472
589178
747163
811459
158043
351358
426168
875043
343705
105257
309990
516183
726338
785853
61773
862537
758081
347472
202234
344952
706888
840732
451083
335837
960073
338483
339699
368175
202126
220431
608747
214466
691381
809671
528182
164170
102604
950174
404622
885886
610885
427126
856816
856344
454294
154146
455681
21497
842479
574040
302876
813160
642713
239685
574777
429499
787624
840315
471355
976910
389852
280774
338326
204848
191002
726684
157722
597854
475586
446194
696545
126823
860204
715051
872657
401966
627588
824619
529871
29838
472895
554890
710273
343448
158969
268709
992509
548791
863917
157518
418451
271669
102864
670307
130995
342166
390282
347452
145213
415266
202578
533694
320868
891073
575589
80397
198589
488318
858210
270622
97898
888622
954693
597418
374301
377514
508542
986430
904523
835703
521645
268591
386991
551111
561725
406060
266744
40665
783642
826348
511313
215099
101968
628805
305866
304879
275073
66270
507688
775852
806467
243197
314566
757435
590484
701818
563302
365570
127354
460309
633752
731742
491196
341475
693573
484009
89142
729379
500248
175515
403549
278254
136202
326284
22928
768141
454537
278487
133910
59237
978565
427099
681338
839693
122199
364187
169280
389120
928718
727557
557763
565038
266326
375376
116844
410349
763719
321662
615185
193932
310856
898625
213415
376840
201502
411450
542182
127960
521173
589276
520184
470435
730377
339119
124061
497554
416209
400753
956766
185023
763209
116055
128683
527116
574203
289969
62035
143697
337449
265707
600160
484397
964794
664047
486989
904701
409151
693928
575845
676779
573664
708066
465274
140510
270567
500365
216766
106063
377449
679008
255553
24636
546892
42843
839943
702709
478074
751204
918533
354259
532705
667731
822648
838472
458468
237513
144995
735570
261217
484731
713571
866762
143117
752496
808281
573268
984857
776242
108681
7505
592846
564669
280313
366923
159989
159979
68971
661575
477711
919125
214711
534241
802523
356270
617827
273976
693556
496507
474058
534905
653206
886002
458552
648455
461889
751279
541592
203140
521718
256397
108868
412543
889630
243623
30524
559802
969994
256683
366899
242134
582933
586903
986306
976861
538534
575124
580479
852204
429458
872171
723689
465659
528478
140072
384890
960011
477666
189642
297311
651627
669320
484899
531908
610214
394804
193939
664392
645260
772222
625243
88464
789339
301146
291872
263928
699403
647385
798911
753059
525299
905160
825671
528819
445595
228214
911127
813076
886431
81236
221269
574323
136892
564789
910408
888333
314042
882420
725139
661858
31926
391220
600079
17160
138315
392962
5763
505179
62237
363415
934019
455442
166721
177979
998114
346733
626252
418179
886548
631754
316919
139323
947237
483095
616172
957982
331152
380770
593711
931522
340093
676813
563628
272145
263771
678237
230489
455793
317013
624945
53767
680389
303347
88783
235275
967053
263248
226330
938563
401001
235380
169248
122119
103483
166925
137168
810862
559209
101391
243208
963770
961154
57637
246797
288417
743608
207378
793300
200313
881099
643945
455741
156670
414599
21157
428767
504003
643428
404774
549694
951732
282891
43913
499737
875011
202104
165346
715936
927671
736826
655704
5443
577165
218520
14302
969190
584586
196686
818570
160945
391262
134836
191763
626371
905014
357952
909484
649542
313887
200802
107191
463901
247442
920525
600936
719354
175776
408278
213303
78285
359803
724788
674689
777367
69214
560232
276284
689501
25754
13110
290325
574455
781311
233745
689512
18952
135715
459092
508635
983688
446994
53805
576856
326652
116626
847764
372581
457287
485969
794553
554913
949402
600557
467516
601181
105608
702624
990486
512276
123445
504838
278805
673800
551084
272269
126596
387195
898958
28984
832872
760072
80168
975376
562215
247644
907550
771559
113348
343187
389508
919498
245317
140659
527628
653314
523766
667071
333657
130247
90438
523705
556530
227906
279310
749880
810962
806845
140466
669345
303516
843114
412320
652549
449259
245773
637430
378455
86856
815110
549376
496712
856693
91967
268638
847809
442470
686638
607812
819708
468943
328071
818972
439616
10136
934210
845958
814071
887726
480388
881023
59565
37299
307437
978015
573351
89109
421821
623932
571806
342588
323427
467117
245911
648285
894116
871401
413664
903724
571300
287757
158888
233262
309461
492092
867068
386988
920697
288
861850
456067
898581
746895
357875
893977
389492
699146
41026
813738
613012
910175
184260
604288
120370
685486
936659
243585
905389
50248
470627
299874
760537
190323
306135
325818
944227
231818
706177
632177
358108
703937
203701
503575
529828
832647
70920
583377
687668
248196
855786
148205
495751
200002
272413
25943
665382
150375
783697
735333
182543
640160
646942
503949
601281
911834
284573
98550
75303
659114
404324
938987
411550
266509
833436
506924
885349
27593
556736
302431
485472
682034
951539
408868
135625
448072
299902
125574
231220
788542
463270
406541
73916
517206
318310
981488
243343
952039
749326
895015
674835
23616
325944
290399
521844
146343
455138
583175
563148
307002
978733
528199
692909
27447
116529
30673
687310
586647
478075
745871
531599
886932
588132
211836
154026
126220
6927
834895
339320
321406
310270
768849
363293
930225
725009
274320
236626
892915
616221
612716
701453
997119
359781
905614
384079
247544
193592
883321
393802
367314
351335
479608
704108
419152
323104
10167
53004
75239
751531
35438
48112
203970
688961
898488
967993
666015
636868
103682
555052
96598
499104
722846
845085
36346
27260
520823
607418
683672
854684
350815
430577
477725
918038
883397
357503
184788
948398
381890
759190
374988
837457
944466
410922
777303
935211
832416
444633
640367
921829
328505
207797
381940
851710
971939
123183
759313
158213
73031
439329
492668
920432
596105
16375
322331
577820
574456
843451
444932
949026
419233
561853
843229
915922
316606
128987
120738
59599
979724
805554
843653
358919
465402
163233
473712
60237
198013
807158
226150
264532
562752
695992
108679
933834
843833
917969
947314
679886
795607
76309
985029
150096
199255
401651
154176
868868
428662
132023
698951
111171
382145
378297
870086
727870
671880
68902
757423
909791
649649
376232
492894
131070
813160
921269
118558
599100
462644
639793
309381
315968
183397
675457
510394
410892
393706
246766
438295
193851
108735
999345
482857
187417
345859
168993
89940
555742
854439
624822
461652
938249
748611
766969
8862
275542
507843
163594
645477
441947
98302
654733
623352
165189
102567
106610
632584
168617
365148
974880
141640
618121
538204
720766
678573
52966
707606
72414
836885
270013
337820
251846
785796
477983
183862
195803
307977
959472
192467
283692
760575
14908
540955
672600
406447
132657
667295
662046
24915
802557
883634
280831
435573
200069
953937
924626
93686
10686
509629
506980
162923
532652
484394
77385
198690
807157
137295
681923
605058
590113
47582
665742
304720
