57843
724695
332070
689112
344768
756013
829480
422161
432471
536946
691610
861140
138537
974357
74068
520776
616231
938229
659478
818874
203069
877525
957847
565213
632495
555179
679789
878514
58702
943063
303829
849539
332950
736113
597280
822409
62951
948859
214075
143533
823902
818102
567193
67435
387216
680912
757823
553875
34467
984570
509227
495850
127368
122520
712738
490989
141592
981586
133909
541621
597962
167944
606703
214710
452943
238114
180478
966561
3339
234309
363451
270058
307375
223393
701815
158307
657655
359591
918564
441415
880317
631064
764350
204436
139193
86457
26004
200143
24918
452579
212471
314667
249905
543414
212414
67652
794160
813102
294770
904646
102845
417229
422429
157483
777950
231864
407402
637665
84659
29278
171449
704201
737419
95443
188098
618012
529698
719291
962019
253416
596155
40801
587847
486520
252374
992743
463925
233170
219535
223768
381746
280474
203859
893529
859092
812756
693887
770943
288101
567303
695959
900730
392176
993212
983007
849838
373227
563430
803482
929890
284736
790171
313756
953489
146746
647680
83406
557790
739273
14660
595646
212581
967090
977859
555360
219821
288597
615178
945318
123513
927836
151546
987191
303613
981374
83461
134286
875118
898733
143638
326130
557618
966882
196429
83918
210231
776642
461480
369388
494752
977069
643453
14866
548313
40996
36515
202425
471435
459476
785009
670694
648299
149123
97758
242408
157485
501462
246984
639981
516823
45820
137040
312832
3184
150779
136546
702371
259671
757909
49362
827908
686639
20246
756194
948064
643192
607101
970336
234865
999801
431685
930028
599317
859161
134031
10903
374653
990158
329709
73832
571470
233581
422477
866360
514327
162463
302656
272125
889392
989556
921702
764771
634283
88529
108536
216918
167802
966149
109042
40541
669533
76282
786331
888608
890693
801351
763570
949514
512074
532706
356727
57737
471686
496179
434707
697074
858380
535939
720484
442690
110792
388307
217321
581120
437237
38602
189191
65278
85749
863174
221750
447549
995536
353619
157963
68976
598092
335737
688418
695577
522340
345519
766567
48016
907369
193582
895297
5346
788594
739233
235292
853718
344961
920056
110738
482827
602036
20188
311030
391229
311524
820925
873212
59494
385822
279239
831240
183105
14460
654578
683474
505961
864351
53689
123890
629665
146378
542434
348429
906349
362526
509372
364124
922653
184942
649319
7062
339625
233598
420429
967546
106936
691165
104751
598267
543099
153436
358874
45703
862326
675242
868792
799158
192223
796493
97090
248396
755231
218239
19859
48170
386677
792419
759320
976600
132282
951970
562788
824295
267583
492455
125472
359814
423122
952563
356319
351780
384032
259677
208528
881276
314740
759914
81485
182082
714653
493957
122512
494440
821230
67035
348805
201869
582687
712533
128250
125699
796817
529587
91698
205499
87855
978114
628633
190223
993712
543097
16595
326828
505848
165046
103918
949978
700830
601360
696501
208810
359433
489880
276006
334267
578099
374961
506683
351080
175504
692873
932900
777682
646023
307315
380374
398597
755807
52451
524157
925065
379381
361669
675725
526600
647593
215738
834614
86614
165337
659376
729590
838050
789765
541916
719048
862776
902930
256215
270202
402929
768426
675730
261852
575416
93120
844920
755348
643769
240689
263199
481231
522536
728454
199273
928146
694122
438102
791165
441199
394724
554633
118365
191058
275935
967543
208165
659387
56853
823982
458015
750790
511579
413714
593221
921830
376938
484255
31764
940656
842955
539211
93001
603603
662303
580486
302907
892966
963016
130851
568788
322522
193400
306704
301997
183630
343380
916289
44741
860418
956228
153260
915614
531619
479322
703533
423989
43268
918620
900937
64860
891950
285999
623311
390325
818510
826018
599770
353677
501196
513237
551860
549970
742333
384773
477589
391923
940974
640181
420041
930963
828769
729721
141935
527017
762516
426018
395805
398198
537916
933441
976737
922020
23953
495386
391011
60536
4035
591975
300710
731764
252042
784325
838957
654092
156955
820479
940410
381698
97782
411190
112561
336288
964060
401386
358300
438290
307422
207079
185992
158045
633937
524686
914124
653696
474974
742079
231337
504229
342006
133536
801229
228292
285090
308109
714226
106389
975032
957980
851684
753007
900521
725579
18847
558274
870520
174600
39510
359278
464197
903581
981072
33854
844807
700407
221229
104516
666649
647249
945159
832081
827563
899010
953588
847825
536025
549855
613223
394049
654680
450446
577654
99663
133389
358184
741686
157005
114424
448778
149506
742736
155213
609977
319451
373803
81123
424943
943081
2563
96965
455110
345504
212495
389799
658816
84990
286703
77427
852529
412784
983333
167296
255433
600468
794036
115748
500290
394841
393236
143392
237794
590595
477518
108538
326637
776715
440186
32680
151339
965603
994707
879464
940689
213783
577524
848941
570575
599247
403890
26739
938549
917489
670357
347827
29955
237219
601267
734898
139787
599534
379371
716917
895493
794174
59643
255183
182703
66374
261183
275226
517983
781376
16967
835844
374247
419154
977939
419201
160547
639180
818605
221086
63713
10126
143843
193462
946222
306119
434016
99389
303481
129432
332262
851577
759271
210391
597547
404369
665650
126447
663629
229246
944382
909924
127282
47326
735098
942836
263872
499111
388399
773593
49526
557368
499688
593515
697893
303499
539070
350819
538639
358471
354303
684347
375322
957363
68027
693297
7793
683908
730218
286569
744952
647191
325757
328818
706025
861306
916672
451105
930960
72932
595624
999705
362527
288517
413951
549165
574959
12920
359593
33884
272852
945878
346897
828795
573275
906916
347254
621424
397794
774956
914060
551770
42453
181673
306640
879438
471745
873115
213675
936765
259350
366843
922818
384625
480126
246665
496536
585398
138708
667137
529633
735573
282114
87851
372708
575611
934460
714130
421323
979257
638995
911884
849098
483109
559991
285880
973418
298013
60876
944839
833201
229419
618215
534448
290480
153092
97573
22471
951529
200427
546280
296104
782362
256371
849263
284557
799914
36321
645777
309184
572783
272240
741526
741930
779610
64174
41074
293065
256704
286723
906335
3008
557125
705041
128534
858696
234215
218039
391465
391492
333476
338672
701376
789363
854665
790233
708270
990335
666393
331024
405999
308466
812502
304568
288512
302792
443311
197144
615707
893663
138181
595619
418446
487819
559259
347986
975031
172422
336155
222830
557022
827524
519615
292842
386607
790565
849250
968876
802322
234628
228
532332
311849
364588
584243
241461
220901
409067
926461
282825
209989
78910
665391
144610
791789
228395
824744
946898
461919
958830
27135
542667
501400
295691
305005
266555
513161
60226
432217
627728
669552
23521
711487
770713
907859
609395
358076
632332
263705
320150
496440
913892
780421
711019
803696
221667
983568
224294
724190
708469
332257
703300
468744
314037
147435
1693
519010
117320
615139
205135
353
257383
838493
132890
829790
537403
821698
644362
461986
234785
55600
588047
891988
4941
761902
429032
350908
721098
285194
885758
255475
972383
412881
245261
257065
939662
213547
518909
699283
439926
944848
196111
265647
562264
622251
198514
993013
50614
145033
558582
449500
250455
534398
284760
394693
682920
503957
730299
499784
941693
549041
409144
276762
860468
261316
610316
788056
941626
185835
388016
868850
601255
878181
415942
195063
770181
634991
681455
700024
270254
654589
526841
574684
812627
476822
991350
103424
614361
273485
322216
816008
326813
106519
316760
537991
994328
301774
227973
444615
100702
315393
963642
288949
279041
790133
881209
465644
16402
158077
646739
232796
655815
425905
533401
835863
402040
228750
937645
375544
929476
343850
780401
314992
927889
275922
360801
736302
212592
610306
564221
830826
165854
709696
413406
27535
886630
338517
59690
144067
511332
614057
450019
538772
343846
418106
995993
741184
645291
302328
714304
20129
844685
519681
829980
52275
744442
561588
428185
788163
258526
411060
237815
991414
980765
998267
316834
692852
18044
283224
796255
12335
749983
537478
106723
70035
264813
222443
129982
446668
459663
418282
841204
76207
653080
362469
31404
263686
205759
508242
391234
60027
565383
287097
584119
31199
180543
157831
482056
178904
779045
968402
932444
666981
21414
71786
249046
197200
65089
879960
761803
812335
966089
578614
588045
892054
995081
917290
89382
84508
659906
115840
508321
44616
12111
265828
539137
334233
272746
264569
395093
608687
105799
569112
969123
2777
476318
963048
183682
612796
517382
379286
751748
667292
846653
970033
167631
338570
562436
911397
402829
654890
455335
7699
90489
734112
645978
488201
134618
84823
804927
20323
272461
609453
551301
517245
873786
731583
461866
145171
955625
662220
187232
707192
931437
91016
601038
479535
985150
709248
918893
617450
48613
516836
480787
675484
979664
569782
506381
236157
313349
969998
334756
689562
877171
949255
961282
462998
94436
187594
898351
272897
127183
827701
620660
546578
650635
419943
18592
73412
456349
401386
983144
704971
228338
750270
814121
928434
514856
219326
415562
641939
159302
667505
231933
261234
356301
956464
683300
128182
5542
618671
504848
780868
46714
590761
369636
76281
355105
172140
131096
624900
849010
636734
948570
723743
214329
400683
443918
386728
506182
87276
223350
624864
160546
900790
439277
86783
391005
300572
116238
146033
175043
927585
517618
537649
832557
349598
342485
483713
257459
246348
995610
801475
595199
28783
348901
444599
889468
260320
420134
244498
664174
947445
731382
91703
337948
992078
810905
644948
786344
974207
374755
178396
677887
637717
192120
411356
715883
845767
671980
317693
6341
71803
245449
237269
241288
738545
207854
544745
622722
359184
175636
626051
455140
759371
456876
429932
824888
302576
893220
978951
955313
799949
196041
182922
518046
53951
928583
979289
811321
96728
842955
848449
997660
548780
183817
412301
803347
411577
269273
601417
836620
809584
342205
48209
993579
992356
526846
584724
378170
785230
119475
998827
875390
523898
26915
924944
613413
549906
115778
632828
664731
321349
821272
686049
135099
841812
31103
718721
727586
187129
245835
717481
361376
327796
606596
90318
778888
715251
477262
141378
372647
326493
610666
103315
324817
434043
320533
508545
601750
534019
983886
309977
581588
371267
958645
275186
363494
479975
165775
684803
387002
553959
730022
749728
448257
207375
28365
719439
599935
710188
182658
278923
112578
200656
840940
215957
624111
565379
529795
734065
562360
541958
953550
688580
445097
187908
415176
262856
389858
957016
198812
65833
84959
729205
90960
554623
733107
936886
175742
626985
702164
803011
272444
892674
724815
476700
425693
75331
722716
527941
343057
121973
944332
556942
216039
425425
249503
732670
325043
775093
955250
475036
296459
929221
13205
432985
549867
222300
695611
654813
912568
933102
508106
766700
932386
38908
401427
406901
192418
841394
758171
339831
518435
501536
123096
940049
424061
405075
541367
459108
479900
17552
163482
188006
81791
188268
945759
120646
692316
975179
585051
412407
617761
386163
345703
859740
938070
966732
576976
669838
923295
119478
927730
850445
542173
396679
614495
6656
711795
1888
157816
290986
820837
203370
327966
236012
653789
581106
174659
643441
708168
538463
874522
208313
88541
668364
599213
2885
524478
602886
69708
275036
511351
267683
348835
717753
885603
9341
302693
343698
596653
900810
389093
11524
866292
935705
489859
697568
603464
614635
279683
883212
617361
626220
730681
798423
876176
7117
253472
688989
291324
591039
157387
838355
559438
540173
232051
943088
537113
483670
391022
223993
439184
865958
339969
838375
981228
368497
290828
718198
892773
502699
172644
782796
92573
899334
979262
310212
240092
859849
606022
236887
787894
685898
67983
322791
490889
62920
591909
574439
714467
702311
915711
695977
621184
198792
297233
344389
582256
821893
713341
204259
501655
487494
295785
415846
333135
555395
471660
83253
50856
93910
176353
72679
355663
283579
921374
280843
652044
161704
237503
803729
237669
363523
15259
803224
831008
915140
296025
466004
700390
175913
495707
209371
35971
736976
389079
354253
84874
906804
143495
477726
958678
665030
364791
773314
199467
888551
85884
45939
442810
6208
719235
847074
663939
237567
17415
93816
165205
324398
175900
439175
963377
686065
29097
820690
587213
43740
633651
107701
645812
590831
827091
163826
732810
12911
341194
555802
814573
455202
534891
490837
308280
573670
169782
120910
599585
540398
59781
579645
239234
745818
253984
404690
902965
126258
929323
123323
36760
165312
527615
409874
50480
702471
821333
542694
546345
988067
36126
77797
93243
993022
520177
636963
791081
26732
68508
782857
126819
552037
495323
83676
16396
594268
167719
744809
747158
320960
476133
926219
193672
900494
39935
93144
207393
173713
248144
680942
530007
142968
41721
167445
754488
366546
343441
248977
641010
796392
383737
117511
185454
803190
569869
102537
874774
733896
171190
801856
471991
586414
341724
886325
278914
937947
111161
195452
698797
493856
486473
180477
526071
358208
549597
995424
453320
744431
862799
58261
691062
111852
122128
123453
291556
153720
727901
860856
261573
972338
666448
197324
436414
397584
670419
845166
210410
760956
334063
204721
697079
127176
138178
274504
242093
996496
133071
947321
794959
537643
130160
742689
470618
300877
321318
43294
276394
210428
510481
528092
36412
535405
737467
467519
662222
578619
447566
825322
914403
422531
948454
568170
281827
435166
489665
793411
153822
777212
115475
618068
963121
274201
345335
51689
617729
955295
416959
643997
558564
865625
532396
659818
532832
100558
755577
45007
697099
300802
121490
395933
790481
925765
244834
920925
69780
165302
825546
226017
193454
727832
848173
924966
187858
512078
777512
818403
315984
899702
954911
858480
691127
44192
731314
703382
210644
810858
700111
811311
286233
858745
612769
443386
653850
860054
955175
350589
696368
928034
532383
846935
252480
339575
992928
859105
958294
172317
101575
953600
792106
574374
841353
628427
474629
506023
983592
244371
575549
364051
387009
609875
463516
999349
641986
278325
27487
740682
248760
28287
61082
854776
825542
357528
469881
865327
615858
904443
591265
459355
767193
973879
740020
574211
356291
304608
541364
85889
188305
833814
624191
533086
994387
330287
451320
865481
797622
49732
297094
55220
780570
6485
489846
695052
364226
43930
883964
756371
96421
997159
832279
717915
135585
413498
609426
765409
221327
601252
792934
759747
103473
621586
138237
310815
528776
887352
45265
590538
438787
495321
85107
464234
115793
23541
112168
512881
522327
481359
189678
692342
70013
701721
975900
713585
165411
286846
180583
525459
914482
9804
890817
312000
134157
923389
536603
486122
908453
836832
872971
540427
468907
195241
265481
323263
919457
285713
704340
404091
416650
820907
539442
848110
152896
508997
600212
78898
611620
983607
225623
430063
457519
544715
116583
149325
487207
208392
380478
327891
732718
951453
6986
493857
813429
449511
1325
842758
907725
223199
649310
329215
721758
557219
933101
721165
544112
187551
173539
568625
864615
632792
37831
775943
195596
236053
736062
428029
598021
53162
600010
700398
504743
204642
418995
149919
833890
626056
456003
889428
629723
609170
42474
450960
725847
813227
36930
745000
17298
871452
693485
415171
629424
62998
178267
838001
820491
470494
314920
713508
185579
836373
922850
319247
507667
394403
984424
672089
929656
975872
592493
236222
912909
136479
750620
5507
75129
302007
206230
299475
985706
201262
943511
623995
179779
453540
763318
576831
386161
177242
923723
338775
801499
112382
860843
340617
363192
756692
713870
781540
526970
493634
999058
126678
720744
488184
584088
776491
373705
125818
387916
637986
506172
136139
200067
303726
321381
294392
845693
629638
280450
796926
876169
589417
138203
111128
513032
221874
14488
989994
920457
50387
837420
925315
515732
33201
772015
800338
167362
651868
890186
768617
193993
309737
160075
917222
877398
387246
28185
618755
140115
620698
927489
579068
873160
325998
412846
884185
377757
850076
907960
367511
842942
326010
3731
435703
272663
147939
794472
618594
661247
38187
185217
23863
953137
753532
553117
538611
851828
1938
304227
250108
293405
336975
126132
211594
581931
563707
314137
191602
464720
909148
279195
809617
41231
642734
916850
292113
431168
485824
252693
763419
281585
652075
296688
566745
900455
33839
692084
16806
141954
681835
718472
518101
662782
223289
602717
713499
202773
391332
188447
453146
997890
64007
408839
76618
796705
911747
518477
658950
16499
334684
226619
591025
734973
554673
845853
945347
181839
781078
784213
716788
202914
196239
34378
505283
958683
