832300
555812
144581
638287
354484
230134
105833
84447
646325
369742
415789
314360
392400
152993
749065
345767
249529
790685
133221
979846
11062
385087
859431
688430
924742
807889
144429
285433
515358
301828
22742
359282
487054
92902
535163
921436
19843
579263
691068
64987
19942
727438
874164
536259
575393
409691
777998
13564
807489
972281
881969
706702
216374
724186
300631
19279
680440
622158
327356
57638
725636
526682
540017
906939
134148
820593
1359
326077
877965
566098
773577
174223
528066
765373
450331
51856
745301
232275
650655
237509
514670
564297
831742
516454
366756
961288
598211
244738
691432
473189
534667
145231
515841
59704
330009
949330
372273
116763
394246
5287
754615
214977
33493
601966
395310
124976
890789
481170
764691
155484
621439
256055
138532
630690
612943
334143
212195
984414
950896
907449
58489
792041
10720
147560
58552
636914
367699
433899
85241
160695
799587
402254
873892
164321
544100
75692
244366
908922
981206
314814
978301
105228
622260
901381
18119
929559
744809
545296
219224
578926
262434
734058
438545
717806
884350
985892
264718
257436
319906
605050
940800
975066
621098
424229
104057
313478
482298
114877
706823
655408
441010
97800
994487
959861
581440
444707
217595
203964
741071
699467
576870
160141
341341
708745
818835
736393
238186
29048
513702
951882
891340
688436
346922
986263
45856
114593
355290
171204
605914
68309
828795
204260
766398
805091
217574
768364
428584
172933
295588
189030
83141
360805
36145
725646
411364
153480
309603
336781
611751
412503
456100
209359
178451
537228
953307
910275
411655
146613
780010
236271
847242
512680
588048
614957
763581
314244
971053
916293
618415
52895
883110
684712
384399
618513
775839
514439
256252
236700
919205
335374
131129
325495
343726
510593
511292
204213
61303
869489
669093
560599
674189
79706
477196
434155
75112
812956
161267
553438
855345
432277
242459
904933
164709
214039
3762
31748
454673
402123
838761
906938
93053
185121
7012
909833
432357
36019
656011
214245
840674
220597
549374
191929
566760
779291
581925
287568
563880
386056
429732
844710
180054
111469
339566
115020
168197
459590
784945
299826
642606
453869
553967
803924
685903
756506
593901
28612
395312
545400
185219
991440
62336
646116
375892
760719
657183
702852
495576
224141
17269
109058
130069
438928
761599
877668
598061
790791
153834
507466
375824
530382
765527
762499
891409
111008
50815
397643
915799
744730
293424
817957
45482
404968
415926
538769
196013
913998
375701
643819
643627
393045
64113
520352
404617
49744
148177
511437
903899
456138
99512
582070
993619
552973
651123
927967
215189
737873
175921
302731
753062
734720
72204
329422
390786
855138
376038
2321
876748
635178
226350
789218
727904
247964
443842
873973
677445
808217
144687
518780
280446
255113
350803
588382
450047
346979
686244
240215
469245
706204
486921
545131
97630
379689
680806
5960
64080
641587
875317
727031
618741
220503
367119
425470
420284
960214
307915
45462
881547
601952
26621
849476
445336
178040
465120
883415
524183
129412
189902
666941
98702
636723
148331
196801
816580
628043
620066
731365
377496
388110
787847
448856
466861
269960
374748
156500
299971
967672
668911
394966
797985
318552
406752
919483
602350
215179
57217
763956
13536
426211
70742
413926
249227
504587
415995
465184
36891
149783
177765
833018
56989
69735
637633
381382
173687
532594
295736
277878
397560
434036
542868
420618
117962
55350
176316
803123
654148
147063
453275
372809
361756
352500
641631
806630
698810
110617
651870
785629
836647
458820
962130
386522
871204
161842
117381
100696
543255
282632
914696
630585
466337
425664
788317
499973
35083
684398
262516
729346
584606
164270
829970
870379
219281
425389
875342
842449
714717
108304
357366
192907
624749
483460
867854
15451
588273
555043
734264
402975
709458
713535
759855
159857
245888
547791
703981
36187
527846
834676
460525
9402
425535
705638
129419
639214
293186
36672
915463
384379
61113
910180
319912
968383
794352
268428
660477
993424
551432
428590
945855
327601
378347
764747
293202
920945
681882
781973
708714
397921
688673
327675
467338
392496
360300
609554
459112
172133
482804
941729
159213
737911
801042
600905
712664
115340
679284
190479
960578
324940
968109
856840
841276
858658
906982
384608
386836
822671
843826
684806
394551
943850
226816
513848
539184
598136
797353
385574
300431
26020
755498
441029
301156
189467
379883
278771
52715
142662
620669
658370
977154
161253
530403
505060
698068
922757
411591
840433
49370
785182
27918
435031
563896
873611
148613
931614
448899
792806
162426
446294
202146
393791
602536
577824
308562
26169
601290
789463
367171
94914
918288
522649
91744
645933
585519
992885
345900
196078
326739
464755
275015
668209
8816
143802
254289
97943
931766
547106
452389
981710
242403
877783
733446
291083
391730
479398
128728
807
172017
437287
250437
956179
506608
708167
191744
611834
153941
830769
111654
462450
313933
932377
338944
129885
411101
496997
616485
451618
360598
251064
522365
737284
535271
202972
987360
910172
914636
328970
811612
278135
753701
154073
260182
849358
253921
752642
723656
256798
112025
89484
283944
944164
104889
359128
986409
125239
811417
726091
296474
827457
666026
354707
689261
32091
897035
69144
310995
6852
543099
350337
978882
760958
67177
612832
139096
962054
698728
51579
273497
121710
607870
28152
60884
634776
439516
94948
748005
498769
829479
943776
350675
849351
450420
957224
682137
924841
998483
91905
37122
970906
187906
455871
191917
512017
987395
766384
793585
849680
892872
911145
670937
79998
157962
553450
