842281
57600
104332
481908
115855
793693
989059
457724
710418
976228
254236
568433
625854
807632
141998
218726
413067
556801
944829
772551
737378
408532
272776
973062
671743
995357
386687
663530
860913
175619
48658
374640
245951
452537
280741
303837
259877
746133
319328
496737
2875
797710
497634
553321
739447
633431
637589
15106
937097
322834
985244
576101
46820
449011
333353
830435
421597
988786
399276
889134
518251
766828
375974
980033
818703
907927
173212
236333
913485
118816
602086
428034
857688
579299
149927
112918
21387
150598
696791
915253
385108
557107
369083
972069
913067
880368
726134
122260
815232
814300
358969
248736
942899
57800
353559
998851
381309
956207
742068
347481
908396
393555
351131
460048
511371
599542
870509
478251
94367
670579
405303
849907
908494
17655
376477
517434
654747
512606
938611
954957
614284
427694
123947
449717
209197
78122
511208
661226
863341
601620
81969
390293
324133
571907
364033
664832
143289
192348
622267
232093
931095
342128
209274
879920
323869
528498
511815
15193
422039
978067
138468
661250
670501
501564
64453
638305
660603
846503
90846
761386
620291
998747
555287
924629
350557
509122
267357
24391
808646
555304
249234
283680
465430
567954
123620
673056
896419
112697
860027
982582
892484
644258
539404
253479
448048
423963
179211
518359
960836
905875
96957
19064
445667
53847
519339
374412
899575
66789
458674
919192
887446
534190
599928
537767
551681
221101
27321
149303
48902
370079
587519
89029
364869
601822
60464
190000
998095
719006
210177
133516
11242
78210
108681
735046
503537
305308
422000
376431
936792
695168
147590
866087
536526
987779
519920
901735
79291
664533
107644
618282
18601
874168
100630
396857
280446
149340
380436
745554
225639
794777
399340
792884
632849
926152
857029
71370
21457
661503
974826
319153
823972
415975
146395
247464
206608
416251
906430
725395
435689
799390
874995
85164
890863
493657
766981
55367
625877
385969
318460
309183
641309
564129
276559
914818
212766
434361
243638
76598
871143
254227
309022
787591
119806
234861
439606
806159
129729
431528
984998
324128
510062
203868
522912
983281
325886
569558
843406
542946
861611
104687
511595
769773
405395
909130
409582
661419
115253
397673
313952
786688
425880
378476
692559
165477
522314
790824
339611
229712
289926
844064
229933
516482
692463
235363
760584
107949
785977
115010
868663
35519
633895
505963
549414
894543
373230
567462
381325
589219
24441
996268
868167
783516
723910
482399
66625
176191
884013
180587
486605
304160
495105
75191
88598
369005
348431
452167
376046
9684
332164
419825
393540
2898
528555
179321
758385
147993
916435
346124
762033
927069
633486
77654
124719
534652
555734
112768
790392
64648
590731
921801
983698
804338
899480
702272
251366
282580
158131
383963
435416
104986
176002
30519
175735
964174
92059
774509
606800
85568
745508
658957
498013
386574
134553
723770
727195
903381
791980
557794
270521
619828
242119
411352
310892
437369
529069
427535
659999
736939
225342
556469
245512
664756
866137
684137
64982
823848
541532
555035
79622
736822
991943
5951
138645
181482
87934
394094
32720
374556
20717
445465
53703
616249
630406
816810
890592
391851
872229
81593
774279
278568
756629
995687
690883
36628
328172
199323
451044
981460
513105
641303
288345
465201
775326
841782
414558
546916
739168
935620
194706
967044
137915
908409
65574
736329
988139
848532
915634
201852
473253
17937
897186
683133
673884
855494
628557
294000
343071
288480
918310
538309
