739056
456713
77392
981751
265481
570137
181526
912367
964064
549588
614270
315913
800566
18127
877344
550122
115156
988330
3907
43135
405469
295736
766008
736187
130045
701960
375779
213675
188862
579216
932697
111351
780985
862389
786917
558071
19497
443258
448805
285679
227547
232578
883154
558569
550721
623875
491677
584238
435942
975497
103284
67360
20989
356644
162403
521207
470866
335728
780120
973846
120162
88063
602751
748553
823110
572389
269004
483869
911113
473695
894103
877596
512155
181216
804832
375140
158815
434938
821236
517027
77983
306342
99625
422322
81823
744816
752131
160778
435407
836929
837177
355687
291929
262218
862737
789240
731867
624843
335272
354623
841775
757373
998158
713227
47781
11618
677646
140112
315346
718119
562507
410720
706049
271666
763717
612936
457352
729422
237307
318793
102134
710256
806571
240882
808681
550566
225141
427287
980540
298907
209373
813487
306525
538313
605679
985295
27836
59579
596221
985919
643871
550718
404228
87990
884498
23844
779821
145016
597820
238836
12207
13512
807182
778225
286481
734794
818964
669893
421837
724730
146541
778570
730513
640451
592088
363766
467615
10749
152804
160096
167379
817734
448138
345459
474693
89275
583190
465582
695556
264724
201023
366805
691587
25242
365208
663288
570064
952901
628703
278621
764287
854070
181555
574476
903397
548301
380323
824376
896640
561128
349410
649605
556980
16121
143446
850298
435824
926403
516495
898437
638191
890225
998677
269157
943259
810323
526106
814520
432652
915062
787918
930913
406957
860638
483793
929237
732672
231010
473092
79043
924856
439332
145593
823326
191299
347372
532296
397640
514923
178145
515075
362204
153618
601251
626305
748824
406363
368903
481687
180453
182760
452976
990757
249221
1085
817671
743116
399000
50947
151638
504253
997515
189161
364742
450029
549918
403813
430899
51684
79375
503320
169513
247093
152296
458896
140990
710920
362210
946599
520908
608211
237173
823752
643720
752679
991677
186258
723460
686375
451210
82261
419133
125907
22276
737081
170146
954754
210425
252861
865250
93614
818501
921629
976624
874089
675165
686670
172118
140334
115768
899043
70387
128082
949978
28369
191059
64474
658046
54095
340265
530214
238623
450071
986411
377994
262627
527562
372426
844221
474405
317424
107405
617386
366557
504733
113417
285220
416302
673967
897983
419447
167564
844147
443474
719961
508552
994983
496355
208960
55930
966106
873419
334093
454922
887984
519092
950373
209946
368578
858836
774625
236820
16610
330823
449563
550475
853372
576649
520873
664528
644759
454285
175462
217172
142395
763772
851819
675573
894701
30093
103581
954599
663766
75837
577120
752128
623938
454700
464746
717855
647811
143252
996146
522938
972662
553126
326662
994307
568989
23683
421820
28727
436907
780371
880897
351491
165663
270534
578765
941523
520328
909349
322039
699064
478055
643668
667812
272308
689137
830630
910683
119909
369331
639901
392628
488589
512144
873340
11055
770234
809894
661387
918690
612758
655567
581159
209162
480781
287235
788739
776385
580374
526171
906687
92752
297313
216752
971939
612252
871899
514914
204472
3389
579489
499701
441667
566060
355710
563477
847967
476634
295522
10554
45814
514269
852002
887334
448539
26181
426854
921356
25607
93581
642292
967819
17839
74478
565910
53079
848510
131533
231401
68793
924852
113812
577221
750892
861147
871197
57732
790760
42017
807947
191473
924093
913111
504243
786063
808149
975301
530936
921603
935900
369959
373621
396255
400059
493512
912530
265099
804671
958970
937593
370258
984153
527343
734947
212358
25470
214648
494988
205777
58543
169815
332613
551834
926035
888514
292648
764176
835583
512183
64741
388502
630936
518006
474555
62539
209360
462688
317443
259573
534028
264426
556454
883593
556134
350078
873327
510873
847630
917998
2491
830106
67467
410773
499917
526033
59488
906444
962110
684890
805705
950150
102162
52693
508644
183753
361637
642285
569901
52746
211652
603334
604706
255651
662680
682243
567621
339827
205628
129265
456512
505170
960304
376979
549794
962095
927271
311882
341575
312457
69627
668449
932695
662150
296193
317683
707237
21363
697206
487865
117815
2969
78488
748340
575333
596472
477585
3699
432410
626851
964238
614146
918072
729783
862959
62511
955928
537529
741911
12154
360366
356171
435490
198040
538315
502795
384950
601444
677181
213897
153522
904931
732625
807586
248388
677234
65721
325847
213774
815624
290210
137001
861312
866521
203890
333050
449251
668112
233863
959648
933331
133048
169833
903032
824564
998732
836713
440055
791964
906961
339422
288478
11614
102304
483002
903756
61748
846338
184775
92333
108104
407796
761028
461328
843167
231625
701398
42583
830691
868655
827117
387783
682827
189193
785012
509759
176745
879420
206580
140038
194895
636422
158214
111549
792927
264712
151987
119155
959662
547044
49450
935447
873556
339713
514332
601672
535635
177323
253496
358985
485666
288152
952830
885200
192021
915269
118594
14845
116522
418239
611584
287336
682418
907070
422614
630867
216090
63468
833826
456639
406613
556483
745464
318938
647592
652820
980608
317589
884497
444451
137643
810452
479061
157296
232400
146623
86821
804113
964199
615990
748844
65786
778400
932065
236087
214431
509857
221349
541058
547504
665883
276274
742683
860867
66376
332921
155765
344976
549699
102587
134732
486549
76803
243261
594031
104090
119989
491224
533103
704015
403829
179244
511330
890257
75306
223029
789012
948299
593915
424885
371852
703289
200306
987345
637622
884104
851691
464184
849074
184346
957944
911678
297400
911653
848597
216647
745125
123835
924419
11870
331559
103588
323075
887141
667394
203111
98672
185639
847548
918696
640313
55241
706859
261547
615802
531104
883545
38390
41783
426780
930129
418773
702260
941473
299657
298935
39284
187766
843051
592630
420812
794134
454722
514356
346530
883428
715709
885728
575559
70460
477731
251480
874543
735013
893460
222185
135369
320546
82488
825202
834623
56360
133894
253286
353804
851817
788659
837679
789428
934222
918325
386352
186277
594052
29618
627491
229608
237998
948426
904162
683972
399736
103934
755201
720623
737291
934459
519127
744626
379036
290759
163102
973592
330208
299143
837552
349522
589018
749418
177585
684394
217620
16694
395980
492642
873068
50029
313558
834089
490181
827611
204750
689209
2783
57791
788422
49744
775745
280596
370651
148808
517715
787066
815007
104405
320200
86918
439704
748699
232376
162083
813986
505706
684683
353443
246511
857815
938897
632486
880047
527352
446831
895973
117962
383419
978293
102876
16522
513507
132106
491218
285974
514017
129992
797446
944153
328523
885925
129975
646466
467387
827846
989520
102628
839815
493048
821231
477629
383128
476281
34577
910291
99945
656880
702044
757562
357598
547389
62471
119923
154558
633963
348330
339119
512527
57538
631390
834929
276621
686265
361936
233297
445126
310409
237031
260316
416917
789085
240463
797145
971320
569190
118882
203558
139537
42570
30707
895297
593142
251836
4854
457188
69109
551719
289743
386439
603303
73347
36405
709705
378543
512907
39043
609897
224144
864517
342363
478766
241768
812288
930487
796199
10381
145628
677326
583949
439555
723523
926175
281860
533015
690166
982620
777664
863194
345858
877366
198597
67517
370897
283905
775942
718726
7708
712708
935727
140717
438654
605152
671486
101717
302628
441562
417100
421674
462945
70343
359530
380563
95582
791379
25126
243540
984494
878574
209133
742596
267968
617299
601610
893733
833902
55285
271181
957285
989426
378313
647367
281840
697976
946667
203057
834032
148942
869294
203052
494050
48439
955395
715683
764566
422624
861572
381964
88515
301610
289310
360398
232964
361126
135193
434237
836339
664990
542982
803712
967393
360528
189252
950228
21359
483894
774382
800489
323275
856640
519140
784170
892939
451556
585013
111514
720159
879371
303398
90970
173814
170156
933601
247943
631728
346742
899645
932672
839995
794983
319014
207493
505613
74298
347241
493178
550332
940669
595103
897931
519613
576576
349619
825259
226487
294761
775953
257653
27907
460005
8300
569715
206211
819385
327404
788476
221020
845367
235443
611447
88273
749195
549323
45566
984061
551221
492462
7519
659820
501777
732912
712508
474583
84050
249229
530002
270331
390733
611403
548054
934805
919537
789387
300091
475516
764949
656626
631889
401690
298
786734
989895
65480
712591
713960
889361
20806
449988
720901
325092
812244
59638
926487
302558
397807
384376
928550
737731
461995
674579
970903
40483
552490
515572
592759
980055
996214
998020
178151
11050
817281
951509
433571
265748
111862
117367
934704
566624
830459
560747
297762
648176
817990
478767
802311
677143
927385
137784
940404
478500
824987
333182
636714
407358
581012
364593
563236
314411
608901
323337
269567
62827
399074
679675
560262
932417
508333
331271
226777
603473
7473
216494
285498
296612
251543
874049
488885
149577
225000
292629
53545
637079
776991
102419
613430
984333
230826
49580
288069
670106
273917
365993
843630
551480
786643
314976
260747
761650
603651
482818
259863
864007
215035
375762
966017
674023
120027
683376
910611
964250
284720
407124
270778
657024
335051
408662
311473
723827
888573
809449
280590
821512
906546
341608
124009
514229
251240
619784
477541
729868
373002
321838
690396
769573
103149
59930
726571
809370
238566
989056
255383
396396
262725
891959
429530
739204
753907
580043
819918
729939
530148
77933
641845
625626
757240
200906
687650
989062
445620
583288
12296
407987
182551
184205
872350
166545
844892
141706
92651
954084
694540
149941
252659
510693
857213
294276
250622
178502
12266
320245
781569
312787
459312
440763
60268
140084
980579
766610
901135
17551
754827
706355
469930
713162
370942
606372
270095
322798
705627
390119
388086
819943
665824
165970
912669
327400
643817
18878
420442
129579
248582
480985
906430
526102
48311
203927
891240
769209
167494
728389
9187
762612
793538
718462
139773
574966
520403
913270
635301
89055
295807
801268
927679
36039
942392
869788
305032
425304
690143
123498
317537
59862
979353
933499
603770
224256
516620
569541
574684
983694
33527
48359
780690
966681
700588
246491
228533
127002
544810
554120
402259
705290
438491
865461
902460
435817
23910
399831
569576
559771
445938
2251
125448
533484
881401
738719
317991
635252
195332
168074
197949
257622
201160
806396
741457
877666
965597
203024
546631
616730
598167
862559
978061
706578
589635
472942
699358
792113
535168
918727
195506
979220
912375
241253
655362
845969
840312
998216
884987
453144
764274
551017
396735
840758
491023
325192
899090
195187
536426
159201
644455
4252
701934
81021
571336
474011
971212
272356
109724
865922
864664
580463
369240
273062
701441
231612
973253
859048
464747
873020
75945
995471
974763
621670
270485
682769
372574
447694
669066
419185
105894
600592
205769
697538
578306
260390
981238
466825
257097
282266
292392
772352
441155
939093
74256
303607
341732
601749
867651
169877
415974
512125
357861
683901
861442
542726
799348
578252
505418
381715
711150
87998
934054
938723
636320
427568
947625
38368
474061
66880
840975
275540
76535
791120
233365
893627
423116
120362
859893
727219
572848
643901
785021
403600
30819
818822
505163
418444
726543
143562
211175
762331
483377
98687
595005
52765
680673
423435
868213
711341
103743
522596
787825
547606
797052
977878
51171
590822
610690
638179
190216
223386
718273
118596
154244
700792
359960
160782
637787
682556
909596
916336
846665
412266
255431
367769
161152
70530
848704
80182
23996
119570
54594
119705
883780
490277
208108
638325
873726
576729
132262
683334
441647
933839
147754
503565
771919
618299
437046
93305
445189
129947
104269
254113
846020
156548
225124
992430
213889
97879
968432
475670
152656
989395
976969
869699
820506
385924
994619
635858
593533
677210
622826
287094
894848
901652
481311
567869
476658
639515
102131
756075
179486
137707
766422
904706
245868
367852
708733
366627
938903
801887
254182
863822
421574
474292
894217
523206
863498
105336
943645
143760
820147
192619
444931
478041
823951
450863
514131
705463
538624
793949
529410
824904
387705
595378
901037
892023
977557
82471
499844
732253
531540
360670
828117
16899
297138
152952
488116
453894
883813
607683
99269
616468
485364
854161
446758
125650
81071
989156
358075
289760
28559
909637
389527
614900
949674
508212
183875
557283
962578
912377
975023
201534
588684
299673
560883
642265
9000
324324
537344
965415
226562
147947
708199
819841
991699
578064
403333
380741
636340
698741
322251
908187
325617
739094
323238
346771
444934
727859
293839
432042
687609
946149
760433
665452
843411
661906
881969
484659
540412
112508
250783
534285
393778
515379
985337
466044
907622
46827
693398
265302
651763
850344
732342
480205
316539
609430
697187
350793
34528
68661
517955
652145
870172
446001
949053
755145
49662
130063
40006
601078
500930
450372
655751
279580
309323
299552
833581
907432
944447
408423
110348
244713
674111
907264
841841
510041
249986
625863
449027
335802
868045
257021
534356
850652
218385
599071
329802
689339
915360
933524
652900
321157
237773
938431
979179
48440
71136
187445
252792
114922
996339
449736
392476
367587
394349
867010
198383
739236
118680
621422
83832
112203
972832
978960
886134
108046
830378
483060
330761
43941
865422
190883
806016
831108
731443
935283
534656
662982
514438
967990
284749
2789
174551
887954
534456
584230
264464
393009
265509
64722
442002
372622
243512
347294
504941
277104
313052
668844
7932
118836
294447
120234
984027
102786
923853
475864
246343
654114
151480
750312
196880
436839
130913
103358
159485
619849
556501
50967
975164
667537
656135
242246
863812
946861
525622
872728
325641
333283
126971
944409
938715
802786
663409
522672
459740
965812
255169
266533
831068
909009
11464
315715
194643
394125
257128
718937
710522
507248
283688
514970
241926
420262
948489
953444
699778
799437
260710
24286
63559
796780
477830
733114
145563
395332
334338
917018
406116
232894
517133
909838
926535
383683
158565
284476
320482
804075
285589
645657
944610
702157
1188
364819
255681
357877
531998
494737
398047
198515
120828
337554
247676
981840
245106
563186
255312
536348
922518
128907
766919
165859
152936
690040
405532
615422
801794
434037
87313
916805
226589
668898
674504
540770
119677
114406
121730
187585
421178
26096
302257
621731
137517
955801
344187
29074
139955
481830
730894
202287
874657
710185
884250
181671
911940
872838
301872
370628
290963
647635
257269
904799
562932
467097
195650
879027
200295
585272
963292
41678
648531
310823
7755
676961
616363
459160
315161
419766
661757
319865
243112
706560
295831
911063
831152
758094
879766
863645
356501
866394
565580
590971
456417
272254
255885
803490
34595
62470
473430
136747
915171
946912
756251
531543
823936
929328
362924
660721
244585
617600
101827
468048
587444
107029
690220
250873
276318
349
314577
51361
769568
834628
531297
390223
473066
550181
989341
191648
629694
272221
364223
365604
814764
760380
219783
695334
476966
186965
903331
52874
289983
383413
917882
612558
724164
474992
965013
814771
211383
348950
129514
210293
285796
883141
556679
438773
170787
764376
819159
201784
973353
152445
250260
115144
364938
731941
453834
467896
336847
889236
434500
606085
283183
766424
737429
884056
847150
185750
282692
730792
177615
301376
985109
718397
551223
764706
348464
401487
437856
352668
707889
953421
251958
650410
487627
273913
928850
304223
397401
694960
401232
757489
318083
668872
238415
382957
150153
194834
125060
423499
209199
438270
289787
438428
544197
300958
672428
426720
463506
347715
816822
691508
850205
85315
898298
170728
21975
883869
698519
702703
550440
320051
385341
548271
820372
965493
862384
691769
161930
276959
405787
289554
194121
5784
406606
399024
500335
106939
112534
485184
715552
951027
719544
653604
851023
460800
158026
556667
267948
685334
691565
828760
105898
505828
921450
748948
814188
851442
553448
171326
986891
6627
625991
608561
895814
273178
418461
610623
605191
245369
887819
446601
185998
915781
355067
258544
792444
383077
35896
771174
155390
840585
23593
713886
147860
635432
962603
244962
857533
928289
435466
460994
886657
880451
249308
436138
707739
141224
361595
517133
953088
236156
421213
805118
162192
19484
563090
354461
153368
447833
239705
372270
829442
610587
943326
473093
781530
517410
812244
380446
554365
301864
298987
436873
413024
810659
246126
551938
325946
587238
2429
529758
460751
888231
278178
985698
581595
767515
491089
876334
454423
552958
667520
818967
197290
243055
790561
270418
911087
986999
776313
604939
488351
716138
609822
218837
730523
104934
716497
301309
870617
344696
797365
89783
924328
92127
75820
227962
567009
729064
242445
618983
17196
931128
212739
55204
416236
330024
69701
750920
982088
710986
506669
480751
307927
395850
974008
563180
309735
667056
636377
520478
532394
341506
904506
290779
206206
523527
823440
54410
369560
420006
688345
684813
252556
823148
563381
760795
326523
794988
544222
484779
789977
839872
934278
276428
933401
84974
604748
800914
184120
996647
534426
516010
419939
802281
407325
710863
326150
744899
305506
875541
402739
448760
381514
380835
30570
854013
548138
527550
374539
447645
930369
394240
834901
929021
893718
855463
366298
571897
696686
579913
577601
827948
939303
356709
317815
11151
721076
771669
355188
316217
961462
728417
200550
758148
150067
175981
808444
304464
378549
218770
931728
619169
62721
709001
193585
739812
402867
183811
686156
632463
998387
185431
128375
600421
273878
703443
129243
385753
243859
307379
762875
172938
840671
504944
884965
901293
629672
336623
160179
732425
307115
188506
71166
816027
724403
937164
453857
597209
52143
263462
133221
106900
95918
631743
967118
52022
905465
402360
810945
629995
510541
209517
828944
176605
570547
346311
786404
126103
188414
491566
31558
489931
345057
135132
772554
585135
883754
717453
100824
921665
565279
488594
345880
492715
960051
364869
907769
160643
741093
616023
443807
197993
722166
700037
115879
703763
236293
592553
828248
493798
659144
293485
527655
8186
814249
978202
650278
783104
661051
850510
612875
153920
436951
493196
716697
828090
753623
220078
943661
208238
429742
652533
279271
353144
810915
745601
816563
571027
986408
381916
162483
158846
948187
689712
392971
559867
24216
173401
430024
573172
668985
662421
394862
305081
389099
519384
419548
967332
320750
506813
856222
160414
142313
979734
19663
538362
749735
67428
32041
580223
935346
190882
602091
748355
65994
740412
925989
305906
685186
697949
177379
891630
50488
449190
904756
546768
224239
146362
940886
499661
485259
381110
227135
266805
442216
421054
910730
825108
528342
808690
924349
105339
275573
252928
206451
985
452394
915284
717162
172354
60667
474090
627819
60178
504781
933315
199250
779371
628279
605493
