630405
618007
984689
497331
228323
40543
607967
704760
594059
48217
169765
895
592799
918756
938491
300057
166589
573730
101051
130707
446452
64373
300393
209788
561507
395018
666980
599876
145520
568715
787304
363904
277602
694776
85758
208138
358492
117328
447361
413894
310839
569577
188556
824703
689082
44255
717637
444015
123704
968361
897025
267293
367943
2887
129363
870561
148696
982807
212980
134275
452856
572552
364368
76866
671970
520549
510443
979568
553598
107347
581358
220602
923450
28566
721490
308742
665924
135245
834600
320693
11745
386814
492546
774600
691245
748236
344769
422942
887856
633029
196861
652891
195608
159896
181578
783269
265753
836260
88813
400520
427870
538987
613083
378234
931370
783973
819626
800120
624144
762801
948439
687119
573451
381670
575091
967350
140923
80136
710250
66712
836029
182422
820721
1712
734949
576321
825932
398222
847002
831287
67193
662902
918799
492188
851004
283815
400794
716826
813512
140729
916914
529551
371911
68000
805706
929253
534214
365005
773380
391296
184256
705971
862804
193104
126149
449895
592434
109509
964103
621856
156219
140322
181057
793822
229925
433899
272133
955304
136861
49976
124192
692589
788607
428588
773867
289676
839217
89599
785649
457327
761437
616694
100472
228690
141512
849205
697582
528162
953876
923243
125234
882304
918926
536491
571131
389988
954613
774747
96937
712414
89352
659141
101606
653688
404618
587979
252409
653112
203158
815351
201959
228610
550936
467568
412614
958874
908335
568713
551391
290246
304286
115188
209023
690513
388841
938644
193306
334508
57234
52272
332253
221104
289648
486403
174351
504255
981288
77296
4258
487752
438603
978450
548188
731432
876492
581106
680029
794222
41820
72338
919820
59319
262756
674918
42722
763192
692510
631266
169875
728474
166161
162414
925908
290688
151975
699895
896013
456100
823148
968927
332189
213599
933413
480340
540420
549895
927243
458494
84978
32754
910307
651218
187945
303129
483003
600324
48977
590297
429826
896665
601880
804946
142404
923226
856643
485554
142402
504996
368278
450636
845802
43165
797724
882274
753080
965505
458388
345090
142825
998554
805176
303179
425303
440718
12907
772113
655734
561426
478910
737942
363433
278013
257374
443257
927362
784951
901150
5867
844821
799824
11549
29147
686007
199021
646484
775348
143960
912861
315582
159228
708410
74441
319908
249629
977229
860362
406852
602689
93033
108117
305117
210326
913063
738321
818906
312881
797021
68553
238297
448270
943732
416829
326806
915254
166567
992467
411513
318137
967065
552491
67064
769307
261715
287696
71402
352843
511706
125258
387690
683534
61737
425296
163556
448955
869584
482970
908799
937759
764457
925461
828583
221120
636722
143280
390517
436927
832076
494868
821950
116183
451407
774704
440181
577410
717320
896178
190589
342202
488208
792849
979088
699613
117066
730055
955333
325481
168696
743580
739073
619111
454202
701854
147133
388773
316581
458669
857135
111643
3004
664370
791576
470703
328846
897136
901097
805268
819307
723123
898259
940429
561028
962916
425450
112144
505374
569086
431988
451717
596915
578267
604564
566126
608549
958760
561102
686752
362976
501944
727350
71087
737099
70196
810810
304168
608618
842415
433544
160055
360275
887255
585053
617385
528138
94663
207084
496204
861500
372602
55143
352435
8148
247707
739052
917846
33022
667768
93327
31382
556598
239316
140288
681693
825484
646235
967641
564836
478646
722928
198663
615118
546897
448610
566866
127474
584118
797182
270346
396022
844405
392126
257872
988054
890801
91231
857982
201860
820952
873232
26612
487722
668284
280134
382400
553803
310547
764845
143081
237639
264776
319800
39768
851261
64571
842713
937316
121546
259228
851469
508920
890736
2015
345743
464099
172819
27228
396972
417020
873501
755591
301174
116272
477248
252359
540498
920298
648539
907701
954413
31773
186870
451378
34379
704689
492840
870373
295871
644680
58776
760656
722167
74539
677856
188814
996271
640534
212045
503723
968262
844636
906307
703903
16430
774136
796670
418729
554940
199346
256947
530693
675487
337130
88852
825289
119469
945733
488051
37922
61529
731313
643966
32613
235457
808022
997992
114516
920548
443098
147433
231088
389745
399313
110171
187893
640954
475264
876485
940023
472327
949836
240373
171735
35015
209860
229126
681122
899426
984392
153218
461382
23274
183060
15776
440625
779375
597869
430126
510920
146225
477670
123338
913856
735024
673743
271818
300445
326048
325435
497852
370181
830649
742573
495943
917888
944682
893727
487728
84495
368109
206510
975737
996901
118902
522917
74851
534406
121221
310116
593557
946171
143195
188012
197589
497391
424969
370826
604722
380458
96419
211102
36612
399975
499668
470280
134219
838611
86539
581998
541813
294757
292051
705835
146428
77652
327361
432919
79211
271418
394566
645743
818496
675459
519012
759905
83949
998225
462142
726647
668537
97904
817351
364829
296452
289393
402461
274640
659943
427813
100718
30181
256377
729272
462552
672500
719727
668199
764175
218399
183323
220895
507127
667458
10773
204532
134354
201529
110199
943098
299539
74440
885377
683716
435601
62251
869213
20599
372119
817403
21566
531529
802456
412154
972194
407323
681920
48123
954230
274225
888805
784113
440664
941130
332700
508754
99639
856928
955177
21799
624214
576766
183566
768115
41968
118649
555972
865341
567990
462348
303688
833596
827380
215636
752012
834463
818321
746276
833230
640310
542709
258886
369542
805568
200901
624655
840313
530322
294153
86750
226795
986848
262831
711217
65905
83243
101225
16035
95396
768263
289265
418502
924914
708680
44908
700953
919310
126728
405484
608422
167880
758488
244496
83707
93047
673857
388806
80194
425682
76981
726449
795135
999134
925399
21541
860006
538690
510308
287119
365399
403510
602108
627698
8119
960346
886865
605260
205676
54307
839275
674839
216436
676656
538069
989099
666787
216954
406760
341313
498871
728938
485745
968978
810521
908485
259458
252381
530355
789506
58130
544392
35368
944381
727761
338206
511413
750724
139853
686967
404258
250189
935098
513141
483044
194954
818657
513002
887570
883477
398760
813719
295554
687366
505082
971344
987072
826788
969426
429947
251306
514296
982249
787895
137451
281213
471290
452569
96338
880179
666734
872081
179150
179603
336234
105067
464008
591516
932593
853233
274333
590540
235446
191215
28791
9002
252738
387471
917831
767424
349950
878306
759648
79015
843614
494079
149107
400186
494634
374150
912931
226028
283242
916350
570756
490998
968238
502876
454261
109544
276471
276005
903639
674849
699653
418602
781417
364890
166526
773298
716994
109468
200184
266038
20010
377554
286563
147526
799573
624697
228950
627145
617340
532723
664180
973409
569305
525179
273531
867821
560192
471220
793001
774696
417109
354394
940107
939119
136110
682073
944611
174815
515014
692924
157621
513117
722842
552894
369134
931503
394851
417789
308658
969479
263601
408396
806017
367648
974113
479399
222852
157825
464123
971074
654074
421151
799210
464634
282746
514976
546200
828205
27812
619321
441062
134309
760680
14968
845509
28975
259826
855326
774644
873098
617201
807396
108758
780155
91715
272030
258287
989757
795583
192573
214011
881814
854174
122799
788715
786821
753606
991585
366845
240280
38709
447972
351030
45914
360518
794733
978687
627816
519395
125751
224793
381413
784456
326531
818431
386435
928559
163519
271895
742914
409118
844741
590868
398070
5001
11066
920363
37312
211684
492567
830511
781471
311818
166020
559243
959071
859715
907296
297628
775343
36533
857054
538025
247376
328554
506441
585727
597290
184442
954535
695853
375289
333461
124988
83161
310820
622191
137510
331006
416302
644296
9381
584707
927621
831511
454461
799352
634744
496403
287860
913199
177990
326557
639606
95605
769233
151245
917017
68844
402546
968215
902010
236166
499686
152985
778630
471648
736101
580549
605013
195961
784851
686886
872688
141325
443472
195600
830195
156242
241642
579177
434062
606158
489906
353165
930789
966483
915884
841187
718488
823769
146143
404730
872349
405366
404941
17182
874184
923068
672509
963261
235628
831727
81204
207217
232796
51745
708674
182890
500299
743468
627320
561785
950865
235532
647159
98747
689934
92758
336163
232672
606825
588377
911991
688535
253170
436752
13811
618456
289126
694272
514864
145037
673488
527028
685523
179422
454540
862739
49888
666520
217639
417115
685734
519545
347234
817660
29016
886682
999125
525331
547196
223225
930033
447169
754108
550498
188254
360680
448474
926202
383747
541442
847617
367336
377187
974813
540278
524320
292324
830839
788077
196686
912364
202482
752376
802011
440868
377459
417051
321374
313566
680477
36730
428386
651731
912806
480179
101200
590085
409874
821577
484409
343299
478100
874293
900354
145355
497982
317153
403117
659465
966560
226479
961856
390142
142725
95859
349012
818492
921286
650498
914875
246862
293769
799266
644431
583732
888282
312096
603603
377483
201252
700289
727177
871755
819979
479504
762512
15339
810665
790550
346550
759455
673572
902824
804898
191809
507497
953434
986711
936910
214727
661202
11110
18567
616938
982391
501107
498615
94962
616263
557089
458133
985135
279560
210589
4799
742203
410646
26692
178726
56885
708571
772018
517193
979349
265885
748520
585178
907185
564850
837977
279612
714699
237518
265873
273134
541012
483261
955011
864129
250434
478188
645357
99717
899913
195681
764394
725378
378040
222987
134932
819042
515571
903283
630483
699180
648201
550866
575623
201899
734449
913661
7118
186861
175654
36988
424434
273703
478748
557176
169202
39350
326685
379538
740971
882432
163269
81744
821667
796601
593494
729970
897970
900866
419449
963875
114318
104747
434834
726283
755441
257433
380542
336065
568233
806723
122668
458782
753020
369174
460757
376301
455477
739833
525401
268542
995791
556458
752504
763417
923005
782727
270761
765968
954196
364777
54746
600046
109398
544363
252997
541579
104476
579592
556908
902593
442399
523362
769713
699513
669795
287071
736212
149534
766400
186542
817225
20276
118862
95272
734005
614849
980460
385617
685765
3305
815341
920893
458411
953816
322592
372623
33718
548120
211451
507613
711693
150978
643876
153456
419273
217873
997019
863207
391020
192530
700934
654586
230849
68279
289242
555804
787472
751115
363172
420218
9022
401857
567794
84705
781695
314149
989984
808316
884154
933491
113410
214266
2488
559174
833387
685262
888903
768169
92568
851856
117745
558858
59836
320193
124308
778893
125481
134444
477406
151868
964760
138215
867879
425499
513493
327865
447467
681881
358602
325525
903330
780131
219493
382149
527486
434963
273129
40546
255617
522567
955471
336255
421240
39564
529110
311270
853271
964216
904494
578938
915570
752342
772285
641660
483030
276668
982795
634793
326722
606649
199825
250047
560133
424683
2201
335712
465717
480301
23441
91728
659913
115053
210802
285017
426964
887387
135240
670670
258015
752253
804381
763436
425441
465567
966022
128411
866397
414120
635977
978004
708824
619400
645353
74014
982902
470606
452688
527473
639217
837654
188377
734587
558452
290464
584951
61696
804890
713147
122821
6684
194558
464863
847594
168484
663038
590171
840936
874731
175057
637859
904002
231968
389058
838795
505800
845013
778569
417873
270848
316442
755332
262036
723059
954568
421911
573347
325649
563930
99869
270321
473153
23541
270025
532772
868041
877000
321502
763852
873431
886158
610183
810097
983338
169200
517204
9669
879136
822472
475985
266040
303068
813313
783557
742314
453459
210266
397828
894716
596020
995593
824753
862719
328882
771836
171220
156750
342063
671418
161236
720696
642502
318248
890257
405013
322869
215016
432608
944314
888934
692188
400676
283463
780184
985160
914373
862685
527150
712406
869584
951213
682580
588659
829163
25900
575946
295318
164723
783842
14415
581408
238260
110498
314410
663710
236612
400212
762967
800876
489212
330414
581645
597173
592020
880705
286760
696085
619930
998960
658232
987295
111183
227835
824421
23482
12766
544249
880637
415846
288314
133540
486236
951005
458131
89230
465399
578580
194868
676850
748421
90848
219900
360037
437322
693942
249974
101036
465153
621835
911192
836775
286885
401178
805461
14698
856348
413252
863263
578284
334913
529169
132156
620760
696140
472660
164548
69633
115104
507501
158005
794163
62705
208552
392690
823396
170193
492419
707871
51594
483605
67661
115153
175558
984040
969066
945526
21949
342380
176179
175361
160328
524104
924410
245903
361473
650706
355179
798811
177534
418138
595214
888858
43738
603409
869928
216949
441902
11861
270338
385697
147871
788186
143809
299484
21713
352438
477300
926661
792506
137673
347949
790680
349457
333702
212486
299078
927972
760675
393157
914093
351945
180825
168218
227897
205228
326168
549189
147094
280456
833419
238548
334865
233457
651459
393290
348042
98381
107394
603164
857944
72675
473511
585684
871481
238475
982321
729176
736564
399365
295729
621254
293262
667238
3408
149814
251365
287470
680698
403425
450795
751860
299238
297183
247107
513090
259716
711884
618417
480893
686658
282820
966209
202621
758138
514062
744376
38395
22651
14421
736430
998184
477682
935377
3280
782746
698356
979909
680113
134561
633579
475681
374664
798584
277916
91783
505802
811927
923985
269483
668581
779622
39975
429139
932310
464716
194998
475518
277863
629412
856024
364385
662857
54929
208600
200588
389641
712552
464953
533612
673394
501004
764896
944105
107136
666648
317599
529455
283196
713524
633374
240010
761785
383114
398696
126763
156201
164307
920592
524488
346204
156683
313086
361631
337751
591427
888281
38490
236301
624597
692818
28238
455101
377329
918923
714973
757095
307798
894819
209468
98284
24029
215840
434575
244353
248623
806839
13553
19727
472151
927034
374799
827115
543538
297118
27124
258413
297539
481128
839711
702127
378211
136180
281936
226852
497365
928674
159906
162386
439224
727710
281169
420589
82390
70217
808605
250770
818329
83145
655624
110940
31964
249514
427577
136743
82207
395375
917635
666591
897749
57914
103039
390147
803544
586259
738709
462588
899772
959896
517082
746772
100737
280961
249043
865429
913122
145935
937624
412479
803082
995537
206868
798949
427750
644115
399465
363876
458326
618467
943088
563585
656381
70593
97758
356830
137655
528866
99778
6361
736618
281761
567466
206785
65717
982339
106982
787894
676038
271973
301604
730460
353480
546436
480314
515579
350841
694057
96771
843319
369305
591407
965792
576743
239998
232818
525600
90643
555333
881878
819450
584335
168931
820529
942327
697966
586009
49174
517805
533733
572998
668095
439845
33278
934934
725206
336670
191349
561304
922656
142763
492019
478382
840007
701367
255652
973149
519042
832937
528759
536452
939939
272738
472818
960234
590845
222115
850991
539632
477359
289292
539894
404453
256273
110655
49848
73720
18619
935651
881894
614472
203885
850885
486252
544280
45278
16024
768782
778334
318372
424477
75741
811706
562556
140318
227669
255172
746487
601236
352598
10558
705730
862760
157373
746537
736144
190742
100383
905139
904806
304494
712226
996301
826818
698293
54391
435611
974953
329320
448055
894853
190668
396384
13209
530411
732950
497937
537038
859893
254037
925932
807354
558728
442946
712613
807374
130772
780782
95758
983814
978186
556171
416418
880636
278571
759573
781791
937768
673724
252187
27722
250229
118358
777390
399830
9600
621145
549605
319391
102767
387393
669641
716305
680556
602000
202468
529510
343421
909739
741793
489612
803522
993153
460384
906404
562186
330086
665241
423143
705489
991102
317738
918243
197018
499156
347390
795043
53605
309066
235740
938669
645134
420971
244361
659557
489282
455644
320155
576143
746782
125362
376604
449522
571302
181277
930199
329623
806430
645825
437442
887601
802761
869157
909191
274646
535803
110276
882993
615659
938653
858753
195952
474719
452605
346424
426953
21966
623631
451056
457948
244869
478789
579500
921555
985253
880454
682720
367845
188000
818381
503169
167748
55585
34913
58869
504745
923720
526253
561706
29945
725459
622011
441027
861844
797144
603985
398572
695227
499374
416104
679310
393947
108076
780933
874462
965178
948681
160887
566608
934589
819555
299116
817834
632723
305691
170479
629875
833090
276957
365762
747914
358732
785405
265747
258002
199293
487229
121119
245707
72276
117227
259424
395708
298572
399335
599156
139468
503750
362946
519692
783985
105684
153987
718669
990400
16612
834499
45382
35106
511367
49464
289871
792487
489757
478478
537850
857524
586463
660017
924793
919192
651145
405608
37900
500093
944290
438235
841444
308794
280681
76533
843609
828229
950622
847396
485061
223622
349866
704061
269819
122118
36651
440637
295143
258758
824224
479403
595204
993261
222638
461593
590388
182873
255309
689224
672639
678166
205202
904235
906795
955052
373593
385988
839795
812050
945934
734187
594664
961153
150616
326189
952609
610916
519971
354897
422560
975787
779145
198518
941187
386751
940509
812952
455779
182224
42195
266865
365837
167626
137359
603260
449371
837669
65225
467220
854830
768284
964249
174460
891273
764341
232932
158072
479181
231039
290211
698648
474061
195738
275213
303252
350669
937008
549281
378131
692508
245890
856978
542278
958923
87197
865294
83313
446729
842987
478381
808138
599324
334565
697779
234938
963134
277734
685313
285632
405138
677979
658783
750005
962561
399319
343262
13738
218678
381123
162989
844333
402162
803442
980347
528171
55180
972243
402115
710127
601353
803072
847545
351752
781588
629107
937935
249033
910298
730776
81380
349034
239940
130749
586890
957580
76882
334501
754674
77914
943761
402428
994230
197387
421304
455526
44803
530563
805285
356913
341217
722649
300975
26280
750753
222388
999719
641161
158562
177742
651824
364686
893503
257819
58744
334055
578969
975554
592722
768713
482940
618890
735026
542496
518640
636240
184324
225632
24799
460980
293801
79225
579677
585044
657487
353705
880025
711408
124523
681771
537055
931437
5206
75405
589576
731829
808129
78111
864255
480635
922455
474311
542000
694492
584686
273266
817359
770209
33192
996965
199169
427105
235756
534578
298795
318532
39228
861957
288406
715234
973556
865566
664636
910729
632670
399961
867314
180829
21748
693993
935345
323418
470707
411171
688450
114614
435352
807606
675782
873505
297722
451065
834591
983982
176067
815709
9023
776907
34700
59137
626507
498284
828820
234597
792619
573639
818205
169846
669809
442616
844324
142855
244067
527044
448891
593505
598630
519802
192708
455537
376649
684149
888140
904095
259564
598271
31745
153920
884748
320144
138578
923361
470124
424564
892770
847812
316896
672778
438504
540519
822265
245352
720293
989887
803400
842268
479171
833668
778769
783054
383879
849702
216718
129345
396531
63133
143068
289400
751419
344862
548998
398965
221985
591081
506541
14172
71599
996223
602193
35191
666513
786033
449982
175571
554316
423060
528469
509575
239135
908561
499062
91092
79412
200153
750471
497128
906819
98357
810916
32829
605060
893819
827875
86559
725070
149596
393666
935754
82385
481819
724399
44913
287149
822616
952116
723227
52781
222026
836414
832424
314147
282892
9864
799794
108128
836622
822825
665295
829968
249708
86902
823858
205488
661915
307733
972209
764654
563008
543263
356577
501980
375003
519985
570077
425487
79136
789392
414182
471770
386278
116150
473892
704866
255032
167357
648971
953822
845514
681703
260249
767854
716742
237064
372731
225492
395331
927504
34767
251603
604247
315385
163140
656099
933891
4425
723550
658189
580173
442052
568790
513321
875
907954
244318
444338
45275
988488
653186
879427
576144
10422
840426
82225
115654
987788
172860
199556
977462
373770
427102
86802
920549
947586
121177
835706
67544
97708
970009
249978
859618
50950
17105
242606
343197
887526
383419
353894
437495
926
704765
896546
463716
974538
525991
426924
506929
97976
134937
635666
243961
961909
658626
915903
752176
248176
938883
935349
215772
784270
648306
675242
152292
163465
54650
604348
358081
108933
980575
490385
716049
38641
147167
315279
564938
155798
104052
468853
866251
455999
397942
662676
520718
418117
205150
701038
621050
991542
73318
869737
550870
481890
258508
231984
317975
358785
740340
829351
661402
699204
373229
248584
352301
897911
798924
688479
246855
115023
129204
121246
348056
377878
967672
536798
110267
500336
471
145651
189001
659272
152614
994026
14151
459485
164235
489953
76159
396259
598501
185540
493804
66519
585353
475040
273806
857186
595112
885349
941150
809385
114060
867581
992348
848495
15809
552835
631940
134504
35152
256417
216734
817947
43238
236939
27253
882098
641428
347474
38623
661345
15856
971942
817339
625457
842136
949675
46650
122792
679382
977718
378707
475095
420767
728612
387674
316864
228534
978071
277739
422433
993646
307342
45248
908129
82124
721248
169059
904790
309707
889749
503677
232753
108025
726369
231436
199367
673790
329790
58675
73084
15420
321061
660715
77070
20498
221928
646551
179707
142715
809135
823862
550544
776596
973645
759730
88272
888443
678846
592789
459133
361107
339519
499163
214470
731939
552138
482722
743564
415710
330989
132222
526546
514365
866438
810025
158594
339465
448285
886103
270038
884469
35166
688744
570217
61479
835121
908599
587931
340247
271416
245199
23194
687760
390948
136190
172628
65876
298740
506753
327414
944925
501324
654110
193887
648957
314350
773521
708902
423846
366679
504798
354180
346246
305720
164997
726176
519499
16591
225172
534134
679812
189346
924054
600483
421415
21400
760681
386319
786351
959668
834670
953591
296542
716015
586073
735829
198112
819632
806631
979823
322064
418218
480752
797305
380755
974162
246930
9320
783394
263228
100685
770709
365606
770705
137709
198729
659324
202799
866594
621483
198168
87709
629867
119875
418373
716329
574193
972202
314698
669088
857904
705872
720553
953194
982480
237418
335297
676607
566546
839350
522451
636618
576293
830636
340385
865752
770265
1283
249138
770749
774251
849564
641203
649412
736766
701775
969080
434448
389739
664017
305503
477459
401135
18687
731477
621418
903107
362441
250098
704596
990537
906430
752064
580302
341154
607023
660377
574348
32476
71043
309230
447957
70345
325719
268580
191356
516203
28623
574616
748022
436299
544958
250755
807069
38632
85038
966649
918592
837837
212108
168140
462372
358460
658995
185101
253212
962054
922387
122354
859712
316348
197950
128147
639885
394816
226255
101583
700313
987252
960375
291724
184241
621012
827749
754075
887569
813664
373777
926905
277695
435825
582950
305201
168836
234733
48714
432287
36360
151830
763851
604625
165897
688316
762663
930310
417399
440339
129272
423256
356976
657567
445306
915253
471827
873868
508986
179145
661251
679578
326237
932408
185594
129909
990795
233287
676807
899938
823478
695322
954597
589462
704074
987672
68218
933281
874611
537194
173545
782343
989126
30499
147092
176495
176525
492538
944433
834869
632498
886002
510216
612698
524742
466522
40902
855195
703663
989680
536961
937695
495788
309025
238921
877065
798791
788716
705383
655470
911766
796644
81781
437984
84909
824852
71833
127657
311139
845117
439135
901844
867519
437690
858163
45412
879040
642373
422584
47400
364870
133970
179079
413670
571744
743513
254791
81269
473843
343217
695525
348391
236675
973080
646576
739298
331937
65551
862740
127952
575665
3170
497266
348012
529047
937349
741464
328573
696382
468506
583458
695456
104772
730704
854316
650173
840966
4453
152754
346076
405187
700299
219463
299600
92207
356777
571822
721
567255
739256
426713
778600
146667
457998
93051
218435
396653
753912
451084
932328
285877
786303
903513
124806
340830
410829
80325
272743
345361
460650
303328
639170
937452
163231
751393
104814
477326
964859
237955
402672
845313
944883
83002
111925
303173
130980
566481
943387
491829
378229
111074
421545
577304
490136
51761
900384
33607
129839
10917
623401
539638
651467
3235
537005
979104
314895
793288
794820
686227
265139
947843
218565
60501
878757
562958
53692
887026
709641
149383
697913
719203
635105
811567
457093
561629
968328
107902
845808
598387
233625
275872
125766
647016
841709
482256
143328
436181
466304
903888
957270
409267
606133
395842
774226
612550
449328
965286
446591
502311
216545
695729
380193
884524
607521
96582
153471
942197
728756
908883
345787
338134
57518
614475
435074
43164
236211
83323
111902
606270
426583
600588
922216
497250
251684
356564
267099
496904
295993
794200
442117
588119
428943
70562
950551
27458
400407
588091
429595
960471
827007
806214
601220
917604
898452
110009
474657
966150
941890
841336
155500
627407
695990
170384
589695
254803
925540
400588
703398
725392
117348
18488
518991
197687
563960
63280
323870
261979
551209
546659
264989
46901
28238
164522
749265
489617
36654
217983
937192
803673
327869
267931
789902
403580
562179
804656
222942
848059
542298
640576
309493
884432
887190
729816
902691
69115
232767
606701
139003
898858
829049
404817
465482
613636
608069
885330
517860
829778
646816
264496
992537
961034
525513
404152
596871
36090
488672
61249
334601
404942
62762
889858
610317
990846
314545
821967
578820
115030
791112
69550
146994
461283
647981
786074
654437
574263
468935
443156
967234
508890
144334
901856
74811
117069
64905
660835
591324
764219
570099
330263
120325
33535
404855
753320
269426
321676
126043
236590
707574
909501
828025
658504
280071
662458
934247
45713
35122
619843
477240
659394
158319
270044
2780
1636
843343
446357
618530
894192
623826
444469
697886
496324
567125
114819
446246
679812
759592
254192
755830
197195
599358
339172
83571
24461
568381
629155
607629
297227
731446
221980
50557
923121
97454
796238
104558
341455
641115
516824
593976
367218
985386
440987
243655
571871
847485
62541
762394
44971
344114
432733
308775
173178
607838
218942
86556
978386
704794
119955
353281
378779
383475
359477
867514
51573
189765
133604
366568
925430
290594
964295
252078
782783
47595
152673
2128
657721
649857
357459
743736
613809
757846
945736
316755
184910
231325
875648
704920
895019
744864
571196
203881
436117
354031
422979
991250
728354
550582
250448
480814
549292
772584
744345
994216
817001
425176
984187
200799
841960
729510
434247
95459
484650
166230
542179
931740
257115
869948
474270
703499
258860
200147
555860
379559
281998
771822
392250
533801
548620
727430
22983
511780
966469
758833
546624
371275
724293
886452
241054
187351
778944
715887
875485
200064
510954
20279
531171
781160
474933
438337
566859
541527
250856
135865
553806
323681
535577
538482
707790
250404
92935
410872
389566
510638
233430
511298
400944
294459
377319
171780
664892
732891
886484
401952
105482
248050
139077
26044
433533
841818
508402
183151
547516
497635
640885
243668
716702
578170
923850
721217
447794
158375
673511
294290
546088
502576
335858
700574
413151
320603
927651
141644
958155
947537
641400
159230
260354
911262
338383
42730
832868
943381
674211
257994
813733
936465
269989
337002
911609
920086
363062
523807
101338
53205
11007
249558
244473
490958
830574
41930
241791
688400
868621
152847
171006
942620
42304
867532
8889
104488
718363
193414
815116
257727
243870
503190
735673
197125
576782
305213
144785
174232
300273
963342
646908
147347
198181
939081
485157
900012
317341
850504
573764
945469
817017
993299
790281
458080
105345
839566
680482
420531
934335
159122
771113
32315
445750
81048
397229
361636
942530
686481
9436
868774
802189
256148
841610
89860
594091
776431
639712
452590
508180
446814
987939
875399
468027
979482
657888
301889
10831
940104
794802
104483
763789
496210
205871
178604
426112
734227
628661
194258
531351
437868
801100
730403
322401
876724
750328
494285
841639
388748
189470
453753
930341
932368
752336
917521
79719
932649
107639
369122
413629
249087
349468
668765
889562
489932
427219
653560
969423
801484
876420
58930
367327
905936
722391
179123
732222
776818
936508
880081
11883
329635
926996
705647
4775
299232
976575
919360
901841
62979
800707
146025
306335
592246
574869
178181
902715
900482
241160
728898
883319
667205
266447
458536
70255
190722
239024
924218
644410
310227
990984
802165
773580
457337
969781
82933
496619
73236
246947
963575
166860
117998
426678
186169
497162
942705
414289
430462
495874
957817
526593
471662
437197
706692
570058
486873
115739
932294
590603
43484
418728
866778
140688
714140
656798
334482
491508
353967
955656
578543
616753
913115
639789
438956
70534
875382
738705
75637
438468
68460
392644
732597
784052
727007
818277
599821
814248
516905
884727
105120
419997
483773
944029
662987
260810
954219
988917
456626
396359
727938
561487
801269
562909
63567
599433
281474
896166
554308
955080
61188
132641
973365
467477
592378
694612
763259
223057
918434
859998
670907
302806
751379
8408
822785
69484
209194
352359
177413
244837
18716
194530
33296
376918
521643
814170
62776
411122
44148
528522
191367
603588
559525
905436
491450
52553
99339
489302
321061
351783
434953
43231
174068
105422
271141
661746
641484
8554
515132
586718
812303
651330
863190
820791
171199
136880
783572
596573
872250
628989
343174
235942
766179
618392
888729
601067
170785
16883
156781
295980
488321
87355
606597
849185
908215
274610
553368
219038
386690
614122
357508
233825
447725
754656
96802
654267
167537
249330
345332
266841
61240
42558
380475
360175
170684
456025
992934
733376
135246
516073
368228
623756
848435
740768
493402
649430
750889
585301
598384
228496
844295
273536
449542
575589
178626
660562
372741
448547
598092
462511
402256
977476
626262
350985
608792
481175
886134
821018
666958
157776
550244
932542
259764
399720
552415
670314
622925
890546
376173
872205
242803
180220
357375
321985
541703
866462
529010
786606
292418
979362
997810
809596
290538
533583
12473
265266
951905
378644
145077
493360
34008
595854
176712
519109
231328
921206
115241
212590
1313
992618
546536
889900
663331
955606
465614
716032
908042
664767
301346
254150
988895
151660
675913
23468
397640
444913
405765
656333
576538
179289
483678
705262
927045
852591
82206
847507
273134
294953
103413
889151
456602
535858
95357
311751
950341
333395
609752
3474
410899
727549
323190
792688
280926
758837
547827
876051
635566
104220
30493
294638
252102
882586
66451
136104
104987
664231
956616
862141
541856
693686
95783
441330
546620
738814
753297
903794
140189
679717
773698
553354
787686
792523
898257
832894
688516
217713
372950
438726
637086
579077
750630
988456
876587
457803
499449
201971
78237
591593
454189
607957
120187
295823
568291
689754
577100
290113
763463
353793
219183
727490
773422
853373
130504
956255
23896
595653
855573
504725
943828
332696
449438
726239
807363
379089
459467
901281
579380
669026
63375
27690
754607
857904
636162
846377
953869
91211
373709
308272
275012
628104
37246
539805
385409
361789
38780
390378
149486
304409
801364
2451
746579
285981
467313
788640
147544
618427
885227
864974
269545
143241
416374
832542
666738
734626
516795
515449
175306
218330
778756
818558
9196
761691
742288
13610
638239
263201
382982
170403
511928
942542
709895
514657
89078
745770
379676
765881
568459
703419
552142
212552
226170
465725
613205
500536
820635
199039
814056
796146
935036
34714
516275
259808
834658
881614
706023
181853
492781
680698
486635
377148
332185
199480
999024
355186
602272
281043
355874
849121
904381
692902
340730
663105
67916
468050
454256
536749
16654
82203
436238
830920
314376
831264
650976
991946
418954
310837
356040
376043
718221
53534
174125
474282
556214
281963
378452
441850
791031
105963
696519
727562
447701
97678
424753
878767
228484
18715
103564
300401
695534
49482
500721
162863
711442
637823
899214
964271
18249
454563
466614
350790
25893
258593
236819
311328
71410
659322
769206
529581
441758
328134
338127
214057
444533
636616
830136
574534
454276
44076
802795
573623
951135
558943
641172
948123
186623
426827
664642
769988
597955
54318
519287
203364
464343
511830
542942
468180
852978
994043
662940
448576
112249
186808
208063
873137
21121
682344
614419
621048
401522
324057
198035
113716
180486
686640
468861
560577
499569
367129
762366
312445
738715
35240
842317
771576
170312
915409
755092
676023
749337
457280
310024
416293
380204
892054
982297
131671
857694
40258
16133
718650
9264
713271
145096
963420
825543
495183
406638
723027
521037
811324
998600
21134
422390
943142
16125
793974
184733
333863
240568
96128
484876
458591
929215
550674
272091
545076
693476
64911
5679
417129
741076
482625
775588
685978
545868
581154
817669
334609
677036
997959
597880
653385
922468
97642
439863
621949
345034
548370
788152
46763
367310
289505
981615
597098
680709
162874
417961
888421
160033
345036
452377
804787
414722
583360
456880
273748
859429
474555
466661
653835
761146
804816
449492
288979
302484
696901
293315
931839
209466
834432
868479
468785
116570
815503
800101
543222
726173
480145
321212
71933
978198
479555
665472
938930
8020
428523
637626
359676
62422
523162
117898
97231
880798
796834
795399
756782
971422
400021
753021
191425
66191
303797
193685
293454
761057
266557
866514
141847
437709
115531
1463
281297
138822
950568
113927
738428
945677
285686
174180
816227
316900
673589
221337
824370
533274
764401
899827
671791
265029
360780
261450
307799
67406
748707
880349
253334
474278
252000
515227
446049
824599
353244
170622
833268
658037
323758
572498
852451
253235
397909
541780
581407
923921
650878
815797
16776
82035
414322
232958
19497
345486
874526
606349
852628
654907
221824
218109
722139
743726
850732
588644
586728
43584
762617
651253
649850
127079
258250
49798
24573
353928
735996
55533
480452
180835
231657
745219
607845
269165
577495
827146
193009
151419
620737
441131
87758
544154
532799
591832
998707
362427
111060
917904
892928
126923
176788
589760
780920
948897
839024
852807
826332
355281
63840
510994
18533
73374
180651
322918
199773
430988
5078
971837
374682
716306
778919
525191
806040
199790
576020
374161
753010
322451
437645
958979
880765
793982
418211
232004
142273
173798
6419
922104
495189
567250
189491
698729
984406
60740
716280
793219
203651
537299
396834
799673
742456
629782
916292
876934
121669
864572
264052
334030
448363
606905
25611
711523
689266
964251
839833
10083
432938
54587
661032
721790
658300
993742
78379
789397
476011
440795
188676
757438
231981
966471
50671
80484
857184
801932
36238
32267
657515
399880
481553
113650
180402
883890
214465
309457
123189
935655
325674
773314
235206
455458
898403
851068
840549
924875
635899
109178
671610
906342
705026
299130
550829
136876
326129
488225
554533
501303
660151
797563
616540
745046
259361
156065
74012
295169
340132
894323
273560
166182
878154
199557
293929
856481
533559
406743
629476
247883
254039
851131
120980
321769
39
590043
464281
776070
147292
43091
403420
565083
971955
173498
217517
737322
583510
184830
678780
950570
23144
225773
745201
302556
730222
546960
429480
884796
591833
805746
722572
662547
125492
111486
782159
501481
286438
842502
725827
144408
417765
993888
185368
883004
865208
642539
596595
936199
293606
683311
275239
131569
85760
476707
945618
714124
658696
357128
728087
55861
605885
5746
729587
647974
870852
378214
996478
175977
285172
29919
751232
896423
860606
522731
38510
216927
183672
176370
556800
906482
165188
795287
761392
586138
159969
765559
497232
822843
142542
662223
267720
623186
493462
767546
177323
948362
351549
795479
241846
698093
882821
568201
956452
831224
253981
628376
942641
614279
962599
90613
685289
54767
16036
35866
417323
663594
55231
487696
678271
3885
402227
561738
703121
539990
241369
119343
851210
64833
730450
494837
889738
812986
223437
797992
446084
280652
287989
577163
516085
706232
85498
717589
482050
212098
94587
63964
897261
475301
947917
351248
954291
249638
636843
335901
320966
529349
490298
960884
437474
626000
299959
669604
191374
455699
623807
362402
728753
938
653690
434471
604559
148791
170533
344632
241886
482606
943227
912257
321737
862669
585216
532187
636480
757161
691370
26861
437818
782628
573036
451246
273160
921211
688608
552456
202199
547068
857744
352856
332098
505876
687904
647442
698194
432262
839708
355970
947859
256568
60058
925869
793428
5480
408844
279126
630586
475260
954404
778524
915393
864502
2596
823937
142033
476038
57153
848773
517305
980729
296499
481264
961034
132432
962780
224559
107858
800939
119570
385430
434356
973092
519179
380548
13089
641273
274980
22884
665461
58657
169678
905808
822384
50047
701141
214544
531151
372212
385742
40511
10566
26703
901853
889486
490205
868000
267616
999202
969636
24810
322812
58265
659732
563574
873090
489450
770116
153988
28605
903082
775748
101917
478042
689835
344410
482884
424116
333951
933335
315466
652476
498650
672148
958785
493570
534165
532430
975496
600866
424655
41308
863237
446925
612974
117769
193842
46323
573059
467794
626510
125002
930316
133373
460339
307838
771731
324179
896199
794357
23283
708413
291212
652094
146042
645943
582163
341
757930
906739
929166
38037
2138
326988
315266
249979
308474
842341
72603
478482
101364
686686
278809
138369
852781
296690
334249
626541
370474
435312
344142
498700
817936
375892
320958
222407
765316
849026
435785
919691
854193
100638
501044
60717
272999
10122
78244
647223
678560
198077
656694
840276
317407
135549
419052
415699
371058
644921
342145
426331
99350
182597
241373
676332
426041
531826
708452
430989
504346
627529
476712
728664
334668
115620
838015
892318
313114
600170
793072
850232
473605
100709
471687
384491
896617
705794
780296
486967
959230
746596
422656
570941
57401
405093
863926
953290
536146
746154
1025
980292
445025
674401
406515
601583
223202
372314
107763
164125
438615
2111
981417
408624
998605
670577
551314
935373
56694
913473
755699
136927
517813
593160
725354
556293
584889
572964
609183
152345
637441
920719
989722
860446
853245
885469
414255
529541
85013
998866
102612
653468
348419
799645
867667
347156
622107
766773
917402
512941
703275
895759
633776
331328
698429
504953
297666
370793
711993
717974
749851
616334
201895
791286
293811
736849
106643
575506
241374
616142
467785
178977
444965
352209
478080
395801
212978
303511
812307
307269
835236
563007
156970
409407
830275
157582
962167
647627
858765
851163
820572
59600
397999
304989
846250
824820
533135
69071
140037
469074
466950
520253
176291
752347
234283
541935
274099
948998
648523
761455
631450
214965
207540
887543
301720
252902
309424
299708
440522
24722
206032
399569
580936
264806
93918
890746
855918
260763
666612
95374
666744
698548
180266
460551
442503
554643
361066
748522
744960
584761
537184
768333
888212
986201
325646
49930
732762
206935
296124
847871
399191
146082
322956
222078
905440
468842
925164
660760
623319
547584
755044
966785
917585
60554
939151
752608
896536
944479
680614
285174
285452
886533
850808
198888
748388
917892
144822
676778
71186
45734
46698
707594
602565
270542
635976
804502
307912
380659
917597
999660
95303
890615
86308
165020
155762
632424
17528
554939
949434
520850
886499
60359
523001
309310
412372
85170
454510
473484
80303
38413
598245
870504
877887
474386
732021
677292
390983
844174
828963
116626
374838
613097
520549
809620
12280
200787
160385
359650
36841
147597
460434
92991
760164
425169
724716
225209
833594
943712
20119
372931
33150
656742
539896
95473
966973
679115
155854
642318
211468
706520
236311
733341
38777
266628
722387
160491
828003
563227
518560
905229
755878
354314
365124
357052
54830
481801
226442
957257
784749
652453
516611
141630
747495
159081
801901
370515
566762
145960
465586
312714
809052
631914
856391
390632
165805
396209
704309
297488
813547
367974
402485
404605
924339
529893
104435
178011
853637
267938
135093
896067
345457
906678
981909
546898
266798
544906
740714
411108
736970
688414
36869
835122
842939
787447
197335
213637
391379
652259
748208
568790
670930
838122
187810
64261
98581
109395
851012
741937
529389
885904
307730
670138
367563
642951
143730
460689
172439
476541
966673
477432
490463
434209
102060
963803
448108
552627
170539
817803
124785
315343
361639
50707
450781
65562
393485
214969
168271
886088
732634
829843
80425
736647
218374
915394
722749
42059
960893
544464
52133
655735
52168
662690
325103
455589
847371
341081
879732
297170
136295
532939
117770
710825
234175
131545
997967
310890
142744
12461
812518
269431
271258
249299
198910
887803
617907
418480
242126
565367
462875
458403
521757
936746
951986
863286
301245
544861
825477
257408
342680
745544
482607
839259
596066
397028
10076
719678
83182
910734
396521
821686
85149
108309
270055
616582
231600
742816
565375
120919
926079
21119
440111
761949
287683
8972
746866
41865
406733
262589
588926
83812
2650
931722
609831
822607
597501
934133
586401
399380
151612
109179
191651
150376
27576
854037
79590
165759
644099
811435
670604
333516
362454
180502
236318
469524
82650
619856
484782
204910
467556
712827
540891
765721
567934
158922
415795
586938
872992
877520
194739
694512
561342
882147
618793
684438
378107
961580
17658
490068
188283
748559
839040
262562
480406
390961
587787
264859
27688
694378
90697
91449
444101
41929
588480
309299
634570
65918
186743
6128
896014
900904
106485
730918
922488
333052
805153
36180
308842
761358
44360
761176
376987
43519
195198
975214
898115
771972
597403
821445
645551
282255
112423
641727
724020
599004
366224
41734
53056
861849
439703
498438
533068
594866
539979
72074
187693
532345
284078
947190
742666
601967
263796
331679
661864
846897
344809
931394
736993
989826
10354
781608
103988
336305
731179
242388
767990
950759
942000
798629
123877
373263
719736
656655
920732
427874
609435
469808
98083
411982
140532
334866
214174
365378
360865
946300
565670
676697
626279
52981
964341
385952
369843
390742
143227
482054
510139
555402
719373
976223
962307
172774
200125
455892
930364
802783
193028
800939
671942
141100
896924
103791
256022
630073
794347
351164
864691
205508
288793
98537
406491
392216
620738
880466
376386
306532
298695
618496
440378
352440
464895
783160
763630
566107
798795
767709
939016
594635
193352
944642
650867
90770
78621
881808
616826
154689
624563
467792
667279
703244
564549
219798
980392
337409
255757
261963
94404
481575
709854
862933
724812
769455
175568
318821
668436
8729
922965
226844
813760
844390
4010
229915
110147
25653
725546
966758
917891
659453
899900
858355
630425
998822
661677
354005
645748
319748
601240
539968
944157
770033
806018
941432
277781
115781
167810
220635
854810
879220
990749
379847
949513
3525
296816
386601
435805
602091
396550
548963
197333
319938
43530
251609
317044
517671
380886
401049
570978
639156
518313
363492
991920
640407
61944
956061
707897
136142
793883
812173
188707
941057
556904
134673
531205
859707
181149
168481
833763
912070
701430
26237
54036
703523
330399
747446
712645
31523
165892
364950
681558
823973
665604
953197
25505
514220
597699
917881
656796
761756
717918
469873
146196
665874
379578
175086
180761
834653
258613
344310
304057
335388
910718
558311
706532
383796
669313
942141
202031
551086
495930
620160
594228
527916
924843
99661
378966
308934
848297
820222
882786
412486
221264
102329
985745
487291
606742
321554
810218
75710
273277
782494
947716
499647
120610
385301
438761
107722
350643
422627
634262
20188
719806
831755
667872
960860
613092
642552
706160
606776
626668
26786
151343
689949
213555
353177
174012
759826
111554
122609
76890
82994
870392
665547
799079
704388
133094
782843
919815
675641
468793
502427
832160
298497
458834
107820
618557
955018
837874
532259
823638
896982
223697
520152
837799
654391
51085
112775
578044
230122
947392
843648
339022
195662
950698
445361
23495
420351
211341
977486
943266
374035
695832
6490
968046
265840
451323
773013
669489
499528
737049
954178
535081
607475
934300
497812
853230
492520
381026
171700
296499
82455
500884
202546
788331
515621
264024
895557
542344
736516
230172
84288
524126
572078
475155
617812
802279
633343
64061
505148
395935
845037
828894
904649
204944
660901
522448
508490
184424
350850
243892
117655
806341
660076
797316
920954
926419
755787
500356
355579
539789
464039
570967
37383
448095
838238
337390
920124
689900
974272
663579
347668
974251
207499
312324
378603
52012
689278
177651
223406
953273
363804
881737
472290
813976
146367
438610
734990
119980
107541
38452
620935
462266
57148
477058
542742
47626
802422
636334
2375
646308
43465
687130
346769
674937
427510
797455
74269
806628
485587
24839
878645
992133
10823
222820
104138
356429
405474
177348
443617
885401
869207
839084
25180
416053
772694
120865
474849
142849
989130
152405
530345
984817
701996
638847
933607
759790
843330
633475
95122
669594
15864
929489
287057
324144
733657
6602
234307
574282
429930
737820
612648
932029
126435
512174
135343
443103
163019
98807
426396
45801
945199
338154
223445
111351
32318
654795
382090
204844
504964
699557
783359
20274
602817
405204
37624
872095
104678
101565
267328
767347
300587
625950
865493
836734
324431
848704
188147
711326
258413
801481
538363
245862
273144
562094
537024
923739
836627
25925
658927
147544
183696
694968
452504
975441
735362
430998
780701
908724
516992
110531
861942
220203
753529
833424
502494
928062
277615
624613
557917
262998
631954
982683
97587
740253
991802
478246
298910
753664
96767
388016
251144
290518
657272
408577
833297
664602
82383
272921
668020
768276
360190
37984
630808
179671
873768
916212
99445
932515
71126
516642
547041
481386
88524
301809
447415
980336
802568
426711
747682
11339
399126
804111
869515
578634
306899
487554
869661
388786
99708
215394
943985
430308
70705
663126
145563
602138
814156
934607
722128
248656
981528
995834
724467
599167
236208
195918
920570
495684
650230
861829
714497
856480
837420
481255
645803
120088
637042
250881
678897
528509
775900
296885
593609
652166
445807
171179
636211
150937
641081
996581
120034
950633
125834
78257
455942
604920
845395
496247
379442
584894
287513
393138
370159
88354
749653
412412
820380
609701
329067
420289
25472
204382
585733
20693
756206
104543
570572
908642
963156
832759
270787
917370
150560
517649
358655
471627
596750
93306
344967
988848
229523
233216
36100
370276
213855
414965
710948
652689
211091
414483
413906
994119
279167
334074
582474
37384
97622
604756
590235
815039
669105
596697
368957
998737
535228
678382
217804
481037
376193
480617
753377
817789
327695
580591
35019
531614
947270
170239
98927
520747
336002
96007
462201
875093
984930
925556
468926
736912
948212
673223
226352
593095
983487
827042
602557
669744
977196
661219
183428
23161
379153
164007
746804
603553
43547
100144
816323
164132
655768
763169
914952
983567
833759
660454
311735
255473
400732
635888
134326
361458
497468
318494
425760
522685
324977
380471
109653
920153
29026
297812
501947
686998
301171
595163
613142
600226
248236
908837
720960
425147
907656
574977
439557
351934
890652
245458
459485
370591
163490
664403
6470
60658
688994
210875
949566
980517
207484
164156
452314
340624
838100
245029
225414
517541
669786
846695
375770
469762
358261
657780
190997
658918
95115
202691
365752
708351
997999
501937
245697
715425
341224
976833
836995
983891
655770
404740
931422
119940
709652
545684
722081
857435
158645
511162
462840
845996
502907
445807
254099
644102
790442
103744
967446
678889
274965
987210
380982
743765
396107
961765
964215
858493
227745
700317
334591
667802
888473
31196
892181
772829
831468
402019
710268
943164
241401
35127
781542
326574
351690
282456
359319
271665
20863
325740
131735
888200
218393
534971
776019
679555
201381
584083
150353
202422
941826
980172
780430
591692
911377
604838
469111
478900
447097
32974
165440
914361
506260
184384
304099
470767
182330
850182
210552
235337
120424
73758
987373
620552
927820
909625
338979
663758
605551
222048
213286
727377
768895
523890
942470
609898
724024
719112
241750
351565
563055
164665
566657
280019
994427
593273
406276
420915
904000
914268
969867
885648
312601
762553
268908
319340
846369
366377
988858
317946
19679
849967
442183
746576
954380
894321
4666
257723
266817
872100
468552
325933
205313
301127
696466
791505
734369
698054
725019
286655
474064
159742
948645
100171
909703
532192
387303
67960
116238
370799
563372
111178
126759
678179
644298
193721
977947
784432
246014
228673
70624
713632
501921
988631
226212
714973
435337
255862
887289
514251
702015
171606
231197
135890
963608
770686
16612
600825
839090
892977
529668
382317
280909
982724
911805
61026
287619
373455
442915
361361
734501
176194
544778
841055
336052
757071
27724
237150
35705
337989
93817
398124
953665
664829
354844
278713
800697
551149
449510
586087
553826
385753
914362
700170
553008
308202
567828
227150
275461
661975
28310
559352
868997
908736
350961
663493
643861
895257
851692
783854
650165
158915
861844
344781
660279
186038
36225
229913
724828
549787
873024
86030
699658
96951
309602
426856
856491
565441
928352
835597
160228
866900
859881
154570
837936
367167
415499
167606
234137
755130
502777
519027
241171
915636
90175
172306
298037
246535
324735
135702
901268
732941
799526
843153
714622
863948
544113
10411
923408
343756
808534
386946
87221
857418
41872
494443
925947
603077
674698
268181
579539
560117
23911
884814
712165
747995
469804
628064
357454
949428
489675
856595
928311
723975
774157
553494
763347
296670
120986
2296
506996
118353
774696
427537
497739
919101
640446
754174
769978
735636
262372
223752
797528
28686
902569
783974
100096
757950
249937
60889
470038
52735
704537
509877
896024
542861
807527
807872
550300
647280
504339
165171
47212
720978
371532
125085
242106
895346
762472
298727
561474
876657
12172
375410
571323
572810
713204
950364
760441
145055
750816
400994
972386
788142
861084
668320
392778
995554
543210
259955
42094
518150
196685
606975
330506
255572
810421
571980
935639
53484
602306
892107
420069
452448
918454
179575
687312
238316
676028
700311
809826
977987
208591
222112
845765
497348
477065
146294
619619
102155
352777
246611
29980
339236
701695
3265
81891
128411
50007
41729
110069
704815
649343
241038
491319
722789
977367
982203
414380
318264
364532
773945
979408
729454
465105
627701
191251
318405
831827
56606
452405
174861
871287
216836
437882
618319
826715
493020
551243
457835
854246
940384
189673
32960
249108
804179
183246
820611
822945
505186
48738
93746
198545
975654
111383
799971
506074
219398
47649
591542
777328
905658
95445
934697
140203
260138
248605
91466
354326
597300
966486
245639
340822
292877
779206
806945
906869
353983
865277
315839
325194
688656
169863
927583
20615
2627
844234
870439
197023
922232
97795
700506
97169
57454
166551
310758
223446
214569
44761
646362
988259
295023
628183
280884
376219
244460
194785
590040
428437
967605
549400
783581
15877
245481
290862
321922
588745
621556
195839
727230
998418
761261
946571
280565
155501
654175
406288
180102
300077
455973
69760
531393
282807
736046
707492
387126
493866
162465
855629
29545
803497
123290
902898
151201
476294
957201
572779
296032
603404
353564
851657
948780
878569
174859
221903
796620
675702
807473
334993
855567
262821
364994
99752
886661
297542
947864
750928
885713
142582
465744
16862
544214
409764
258513
563424
180559
520065
296620
835219
473275
199940
703519
63355
548341
525847
697652
567587
455265
645409
540679
468593
546947
342257
795428
672101
626153
137411
343118
986606
918857
621618
243741
166953
543589
926971
15359
79991
925354
723434
242783
408889
259353
811748
766754
474539
896476
85712
598350
688026
134138
384034
707397
998531
21030
818628
416559
673866
27378
898019
606263
690131
472417
117076
734060
864321
241177
735202
849543
509129
996599
561270
906252
88242
246077
178721
380169
236779
246887
419080
50747
703048
932635
351084
275472
644955
718654
14036
926024
384939
802979
914522
348341
351956
225758
973968
138721
336699
254263
277773
359374
571563
483066
596247
477592
893329
837227
177390
363319
569104
476568
401843
579745
70978
354374
469812
620044
745100
652365
568469
587601
750365
781696
768539
337132
551555
617668
782232
266208
807082
477442
71983
43767
660273
712567
306435
240871
997162
485480
763648
911441
895214
331187
941957
753122
690971
241857
806125
116572
260204
146648
996217
352111
590963
71309
409371
782849
534965
870166
404066
479501
262306
161022
233469
165735
147439
504689
162285
590237
593106
700471
188107
921850
169433
531966
390515
952100
737128
499471
181068
324709
403149
940515
911669
590662
206658
929039
771598
780951
917374
450394
946016
953548
915512
230447
903146
593986
288057
493294
211209
627871
731548
184284
487555
890518
714981
871419
637680
420362
220924
895733
203973
857674
537477
616306
84542
509115
787293
950409
56040
843219
801650
752018
737800
853185
947711
457754
965739
266347
324323
162480
813451
150543
612957
639964
601883
611211
152870
556143
184368
71736
23787
72118
239179
424240
573222
423560
713543
174896
183448
161791
154267
69593
792997
665667
190477
689681
753931
226881
991028
147654
604928
697595
49064
315666
981032
354618
799816
59258
875824
636574
415143
347409
854218
467606
629908
72570
274373
330986
529476
675979
131912
267893
540254
342860
109419
139953
112291
114078
174129
183723
81144
809464
35942
484309
243474
597837
874129
841082
279165
594250
710935
683788
297801
929915
224108
646041
150033
57613
677622
22556
18665
473966
743040
351984
469091
229521
522903
991263
936574
536333
843141
996377
358829
889765
997543
808256
66047
522978
476781
737824
10479
798301
94638
971516
218762
23001
153382
990148
967737
393996
520845
736162
24874
791230
410068
861875
962975
452555
749247
475219
538131
501379
590810
32849
845380
756272
75993
849922
910754
692983
878544
963633
820626
600535
305611
486964
375967
455567
573707
700249
902462
548828
684766
817472
53308
773920
45721
721602
300486
423198
479285
41487
732756
923682
346692
148950
77684
180542
261454
749277
169967
457134
416588
385264
654362
135261
857152
995894
823930
384193
362415
806815
324564
467169
95293
828921
338641
107254
257123
637666
678667
442735
146190
628248
12407
209551
676695
262828
533167
52146
477403
129173
404826
521197
860215
321633
108538
271890
914786
740294
363729
787027
559143
389591
602993
926718
318909
759442
164191
53862
266245
752982
862051
996002
268767
911090
447151
558063
275240
203224
891945
489201
92244
8624
892375
105174
309925
659081
660646
525723
807942
870186
281367
556264
827142
326919
842823
3159
455220
789327
461465
780883
834067
44450
135298
165850
727034
575200
822768
280548
89355
278941
910680
348702
213453
305648
69275
136847
291241
156010
686356
960604
664958
958948
414720
414694
999201
251634
301643
250257
206196
221236
111795
110112
413921
649994
530203
557564
97460
770919
912430
266004
463699
122047
813486
322526
996634
697306
803224
928571
144855
522122
524214
603256
76767
736441
487105
914480
900939
69852
285104
990608
438803
933636
44705
753139
857604
841107
585251
507755
175201
330955
434974
399649
852116
252290
843616
531348
802511
971186
110020
340797
676932
7149
41921
333139
916605
421997
802124
710954
226008
169993
433899
870199
728099
967684
652824
289646
154448
539328
216013
737804
784917
334480
310770
258225
1059
366187
70561
253285
172608
963004
247378
10619
458563
829589
668008
218579
573932
693444
237847
500409
688669
612926
522608
941866
942777
185592
774602
114359
17496
831061
634447
710019
327652
367482
989728
111270
895763
994493
37798
85044
332737
691323
58166
583384
934441
794824
310624
910169
89663
935873
118613
749247
359085
724926
486450
110670
392937
513380
189805
290673
790064
640791
542555
10099
903713
129996
44187
748198
949368
720828
280419
303206
515173
823668
468389
943927
278792
909834
905245
415051
476684
479274
255354
407265
112477
442830
25318
460999
405831
287820
101044
242112
748461
886281
662373
465024
753378
805003
448407
258516
85607
317740
905419
461790
226882
208939
38353
967230
929719
965277
235026
477517
490726
115905
961658
608515
744640
94704
533824
174520
529255
736819
95379
801415
306850
243119
89378
705487
404409
676091
475784
376211
31731
25682
238099
66049
820074
257572
152240
235984
936200
16071
510900
758722
233696
704651
852809
872649
430251
128938
26867
617286
679261
433182
288190
842732
422051
423949
629382
529155
490236
604896
413474
457161
988657
651313
982062
122803
74226
518818
457076
924753
499855
796619
609847
786255
978447
957003
875291
32215
553201
566272
776756
599444
850109
12625
587369
977106
162117
583400
278981
610369
209533
593789
927450
537049
609460
808718
412626
897815
80430
844139
260243
971173
747616
649005
974798
22935
440456
859079
250085
438418
592294
465652
691126
836807
317594
799760
466825
445533
311323
688643
787602
141485
718097
469976
983330
891495
642513
594411
149233
131473
137202
943937
660032
962800
313616
222322
16110
770879
885405
275265
711833
343772
313567
629388
722543
970562
888266
181982
278544
238833
589882
597410
330401
755242
933196
458611
228336
225750
111898
758094
379519
330695
850514
563113
798255
409110
86579
848477
847627
260202
487459
187902
14637
883354
468911
871179
633361
501418
191071
440385
426804
637106
557237
3530
230056
797021
335619
328275
281847
948364
548006
888955
244145
584538
892450
919142
264149
81979
701019
525618
557016
991229
556142
85889
864532
945521
899434
359925
79696
52963
367726
295867
277160
623172
581024
606269
403865
590697
733255
654395
970731
9004
271750
614068
607867
939696
382326
726270
489508
421187
808415
225205
588682
294044
177426
505680
20483
510403
497957
238991
312289
614864
485388
494033
829472
264651
424208
245314
794345
890866
407919
975153
571393
787546
212625
197887
24081
816045
377378
194803
40402
295826
157584
290347
817556
592490
527203
270253
920172
943285
256115
674076
647416
246101
315339
425414
125712
839211
963289
194138
877963
779614
387214
581687
316715
580026
296728
350047
85606
14772
633081
485706
703890
412492
128004
994263
382636
499979
697076
298717
827140
821164
588841
176544
809417
627223
637760
398944
389101
510216
975629
869963
418996
847758
452472
266194
622303
201264
917681
754392
517999
152106
374929
525831
85784
759253
432079
902589
276804
5284
708891
695652
633536
936202
645338
969824
886663
72634
206847
81569
512489
261894
672322
734808
203416
951465
304448
671621
963151
569888
846703
871727
979232
234674
790780
23725
421656
434769
688579
264994
114640
39193
943466
829318
216915
159413
577307
16798
413863
391905
45788
845838
245370
803145
103948
678533
338026
958992
595900
566550
469617
475438
938151
463783
798124
823985
83728
617154
898886
62244
419767
276041
623813
131149
888887
205958
772785
866767
146495
639328
198620
792880
402091
349034
17555
312629
991742
43926
823968
752682
892990
819783
173816
811518
496236
390916
419144
564554
409055
868360
388183
784754
246716
299958
379863
930404
721236
431081
348366
94718
871258
831466
692572
150156
679935
667451
853928
119791
398956
35664
48299
737433
183451
169309
557080
991028
149779
745482
73383
497378
44670
423748
326397
132831
312104
30061
846330
333507
172182
385075
868446
487076
61505
33982
623128
635481
418414
47747
82477
194457
180459
516598
968194
473601
280872
756380
133382
892852
388143
931902
384830
638941
190913
759674
852206
22480
515663
579379
880289
476302
359826
904040
198934
291431
163719
249762
816967
327994
181386
148039
264214
154136
985102
926284
376727
528967
677623
486664
817460
310754
441684
925795
621057
443678
487484
452397
380509
723559
329924
505931
837569
848616
742874
838476
349672
663274
772353
620505
957083
735444
173097
26891
949080
498128
905514
684951
730462
193486
941085
607460
557848
162658
503255
898046
846499
950217
996227
772514
495102
278729
559451
801913
528909
175350
168899
68130
264010
150480
336834
664424
891337
746186
667293
589331
104678
392038
164306
366874
156749
125691
460398
177398
976613
554969
614347
370769
236506
778371
613610
836253
378181
121691
647656
235778
743099
34715
496864
763887
518703
871039
404126
204178
645636
8513
580347
715362
436403
195452
578522
548505
539158
763762
220157
105024
888463
90921
572165
352674
326679
457072
752836
826530
845543
949759
410753
756329
653756
275580
248327
834743
323147
903834
818538
792283
54017
126300
21399
394557
700533
540024
929687
753049
553709
635542
506400
727046
375626
681143
468632
522676
873937
439539
135527
345717
114838
828442
835639
151602
276743
8444
29131
909246
879890
823621
809913
924871
642420
445504
404741
543144
621279
85308
628444
357212
593928
629452
639530
406414
676682
467431
54104
392908
750970
63856
238565
681561
48712
262929
723168
449633
360270
9984
750847
116487
462712
63524
908256
171163
514897
624272
22873
376231
251750
341357
866557
78056
483160
353655
508718
670042
631172
732382
994650
872812
805255
135372
817812
172115
712752
109126
558863
796027
809286
184876
655417
401559
437746
323610
557426
156697
107979
695793
665447
331710
840764
365296
30799
683649
559380
652347
747714
915439
970858
20350
339569
41562
333227
454507
250502
222183
924674
811359
98201
302339
477154
957538
884811
575154
2163
257933
293635
945928
398422
12870
346051
98352
208983
197607
506086
956777
645358
792062
712120
493457
134066
244269
300722
674394
68059
64496
274640
229465
987506
316094
728401
338557
524311
139401
559563
479388
800495
952928
721128
762217
979112
103476
329601
875458
663594
401336
838613
13286
744155
608865
581733
39812
475727
389325
405616
9966
200843
313728
161542
547756
61172
795977
995723
600173
693273
856899
500427
306009
323930
873591
85364
107202
39283
22495
463796
958712
324200
791941
353648
36987
299855
874634
264350
633675
935093
784259
380543
238940
399022
154366
219964
229030
136317
697058
491036
946392
150619
373236
7968
612588
638184
313590
28924
250262
892779
32682
811186
172054
601736
688308
486155
558509
536445
755037
842869
655980
164568
485876
374772
298983
923641
386383
798790
64201
646527
851055
351832
784001
179922
389121
801630
360282
476109
698689
624787
84649
148998
716409
421773
207519
55867
485224
82427
895998
943706
290366
438335
540201
534445
165762
914786
874644
325600
7062
588600
173850
264560
107027
606161
673325
892594
466190
369561
362151
560765
943164
912461
804671
595382
645554
20698
229336
823670
648900
512660
41652
324890
647951
99919
608390
213222
691987
814046
670949
495446
22264
323686
930332
238851
511729
198430
225118
534959
216830
641445
589527
325933
273995
809599
629405
755311
187830
901869
869637
524910
99374
270889
677395
409648
782967
594491
512265
509369
114890
747387
891872
455696
879512
979172
658773
914028
911279
242640
23322
518908
133046
6677
339885
383440
297362
977404
151238
59431
34795
89499
972074
189525
434185
705998
283549
708625
903512
157718
497908
870425
962314
650125
508872
539394
911899
754117
826055
889823
232304
88317
838756
179597
861593
73791
491695
904282
310901
643289
763647
176016
513461
803702
923275
661729
153401
854552
664088
737072
344086
210164
471757
78138
357177
945321
832418
278495
887461
517022
204919
782225
504536
32120
515841
354840
503692
520502
875487
713855
858265
246505
844618
569246
227127
644946
921515
124421
562401
502810
244743
643650
759702
583976
341141
133648
379065
628451
611953
547676
922201
135428
75113
139380
210058
358486
986740
11663
197490
841613
346370
751923
816864
688192
372141
183815
839574
115269
29455
871285
355879
154344
722287
44731
244731
100103
58003
436815
960752
49421
700473
130541
243867
137097
268832
992446
955756
91370
89345
276326
503088
481882
70875
410218
407791
855347
877100
226621
24949
341986
745851
944486
814190
357655
937618
427407
641578
754214
649738
877612
865217
519293
214846
410437
123152
386114
769569
946722
145377
911497
381868
544211
972201
186863
737264
71257
706218
552982
344585
238324
77369
138173
34291
921930
99162
939386
649078
176241
970311
671383
175229
65049
197584
810567
31813
934617
721052
90563
253361
587604
785485
464582
408442
927752
422274
353185
790851
557491
492214
69947
805450
712930
784325
298345
714298
504727
227663
499430
78622
103318
433653
218543
380593
239244
30273
835006
41361
299229
234466
628896
118033
361416
225620
704245
314157
816953
526046
