809264
73325
425334
137387
518142
816039
104520
814605
824435
527715
635777
256903
407061
457351
146617
30142
264051
956662
98712
778869
888701
211770
128182
109704
263024
180493
66210
229058
287785
767684
284350
591451
117147
816025
689479
822353
535132
60115
910899
552097
2393
230164
195571
952802
180650
829247
378776
301311
161601
157123
911122
176463
824443
805705
884243
871059
83481
107702
31570
893067
83080
678301
343723
212213
196508
433989
45347
991971
522652
854673
667850
410359
259254
190354
887289
520958
799187
531046
624827
322919
393157
424650
800712
100895
295645
886980
928428
887690
103706
288678
848391
887199
571387
190591
382765
211616
258422
105636
655405
207029
206401
587030
562351
412900
313421
209104
207287
880239
416018
998448
459206
111115
705349
496255
547423
844984
132455
937439
534055
961985
245239
374224
777446
964050
456904
234398
220202
571377
62765
57323
901002
138523
473296
65877
482184
498556
637154
706755
217808
519369
931180
230097
308061
594750
46725
987926
267323
986287
166236
727886
527271
805453
905333
330793
891474
776184
517617
162223
491076
261819
790725
419662
539102
225513
416589
59329
389432
705361
353401
208543
359400
235744
181541
114110
383972
376980
372295
986242
275263
816601
640898
939525
991695
507586
363287
328100
356848
442533
634107
440548
519329
893459
27523
182656
706315
602610
934395
856912
726306
905465
776407
877143
284452
902920
505345
726889
317375
454114
690833
446199
796559
912008
401371
843769
392645
746803
309025
93878
65123
628845
456105
478707
110819
516876
982698
115382
191928
555276
590752
113653
856748
832904
174399
768800
75048
328725
233667
124040
546642
306491
606182
424491
622353
134353
477163
938845
509932
943156
857112
510291
676432
589667
56193
559119
943216
894458
533182
268132
492807
179338
709950
685413
409529
825937
692405
365550
580055
272859
556273
946958
306753
430260
617674
413328
679398
289608
24824
677476
502823
702170
748415
128431
398298
560861
508677
617644
621611
789618
987588
537213
751772
699135
184346
648210
304300
927656
497149
445492
620182
457005
248973
292591
409328
339296
881858
927962
994484
86849
18308
635012
38300
684088
906394
440829
241702
760814
749946
608958
167479
989512
542462
132342
830684
891776
933688
988658
679147
504930
49372
869415
246856
701729
4316
366175
653956
426259
216977
547582
89631
917648
396372
670513
35118
829666
893613
588402
561624
774889
651427
107577
722426
632654
74226
851970
332395
686370
725083
896631
272153
905490
114581
934395
934482
670345
845793
658771
547231
842850
248635
922480
419082
805256
441516
175453
732801
913261
912189
439873
558483
901411
890374
42962
201623
302746
139428
32279
371884
934775
579081
663639
31514
535245
966636
676451
310167
576058
276194
129789
38630
624737
536581
652836
942746
206911
648656
184573
663865
550572
482445
393056
900539
913584
713125
735675
162034
74560
696215
369511
67331
710164
921924
699781
16146
391974
682598
158420
751420
208648
542177
12435
211261
64610
457138
519309
454003
116744
727236
221510
401914
402868
632801
646720
52469
397413
267269
583978
103982
64403
66830
546790
911189
973325
971088
254518
943077
313585
793926
190530
201188
760904
600291
173192
891337
650043
164870
265120
43959
825590
158475
392107
925544
450328
22590
776088
626789
923796
858986
306194
438449
710631
817552
538058
926598
86902
899699
739676
672503
355715
898128
68896
105588
458251
166507
28816
212524
667712
728133
631825
189261
14110
435114
114400
143655
494572
903142
648090
310638
796626
8216
644199
51230
878865
552606
880004
605689
311842
521648
109100
790572
563759
692169
746723
281552
700712
401791
82783
680779
699460
213044
462931
139863
182677
241829
939673
454811
50437
299231
222011
44341
635058
167378
40926
820249
213604
821758
6667
600531
602727
468170
4059
97128
841546
515379
56127
743643
713714
459169
437481
128651
457691
653910
93915
283193
218349
899903
166794
566120
630455
94189
173550
644509
499082
852381
66409
376902
379956
523635
584721
810423
901656
852422
889884
707535
149031
117908
329959
624313
907453
856150
474915
137358
127066
390319
195612
906392
847675
785278
645735
895218
934932
884434
855208
613515
980077
404477
563134
787849
35414
644737
944139
640074
247368
778344
925667
92165
411098
233008
459792
889807
261469
806754
996799
479162
78228
741635
583884
385880
808339
847332
988837
650013
238514
57812
596445
73378
187502
164406
56271
899078
175390
788525
509549
621423
801165
468339
923300
246318
173624
145929
648238
214913
286949
960649
598579
347633
120542
146263
868188
258652
775817
813622
873143
458829
845861
386615
470976
787911
249635
375499
654290
763937
208798
327610
294250
402571
335225
718893
425107
666990
519700
66661
270388
300530
46954
552846
855666
222681
545099
991150
33731
302664
172400
815480
201425
260070
325568
746301
240326
243869
710430
851906
828922
602622
374701
960492
329527
838721
957857
7704
485285
41833
667715
179143
625815
572102
852481
927798
423472
621588
641327
585932
927923
949889
18654
314029
936039
193228
551575
218092
764515
918473
538549
957533
332667
845633
921692
407752
836487
64694
948313
830649
439116
908484
345944
879860
799690
451682
951036
957701
302498
157768
200095
729206
196769
192107
830758
963418
856877
782116
719039
997127
203466
605934
352634
252001
799434
806798
210113
865616
718735
283917
312181
690259
925054
731745
914407
111150
767298
625322
792944
449663
566266
877976
359598
870383
125568
270313
592987
578244
312279
119440
134987
102738
136496
348593
291458
676241
999065
309449
929839
278858
248515
826411
315529
993900
90798
49253
779589
47419
738483
753281
68145
348968
352430
645607
954096
961787
347782
504032
96211
299820
508506
278197
434384
894290
923465
41526
878305
692531
356766
589334
789947
756602
655447
86772
419497
890886
692496
747573
876549
745247
778193
626508
960979
414851
604144
351515
238138
357279
458212
838835
998688
219481
243112
306168
152737
3594
49416
510944
72363
480521
675468
19866
905720
840162
392382
633035
546473
84710
57816
112435
574716
244508
536143
929454
437098
241429
787190
752663
48224
433821
141521
919303
703831
749773
824055
963579
593298
294910
194530
847827
641396
669464
443223
179511
43067
913800
820204
744596
328477
198672
622011
623876
749181
600696
285282
801996
199306
332898
226547
589247
405365
710523
106943
527359
927564
321870
203770
364003
665272
503154
254859
764404
688719
93732
441651
225170
658391
16559
53399
637364
719832
404039
517163
107277
595805
335542
683837
589449
28359
294958
484124
780598
522381
206973
989283
546048
180755
576158
913445
103701
49318
416043
572022
591399
370642
666288
4820
640399
181408
666204
642801
568911
395824
830545
348894
498480
160878
269786
682645
908042
537972
793084
806883
448610
801148
364453
605168
125165
359488
199169
244972
163379
654192
472812
277208
330831
833615
530178
448367
224211
191531
731409
582639
147208
326327
75888
124359
546579
163655
970473
835934
800370
118567
594321
648829
601702
169175
42937
757339
52203
766759
253693
716740
232995
80555
619449
582501
865937
407260
589596
279862
487424
869899
734292
540292
552068
390146
497577
269594
98072
533433
384166
77515
271718
811570
761457
296095
933734
889778
309884
197976
325150
176604
253332
238048
521543
310507
96855
899088
808400
951691
220867
997663
387708
665109
684841
377637
411110
713382
734592
830859
351397
141402
633749
449490
949066
52330
996128
467772
963334
326048
141299
819930
734377
9522
115787
41011
760965
822531
805641
837390
855537
395314
330298
121949
726889
947164
960146
542278
588435
113909
429624
699918
111068
894206
131963
910820
22849
114659
683362
85256
320874
563957
881888
6998
293552
903167
24102
958259
825855
644743
832787
452307
366551
74083
690055
461412
115884
744308
552021
168602
725934
720836
148438
88728
110307
407800
80538
516664
958575
489394
568698
50039
630582
54661
813705
15872
745048
394325
486761
755539
514587
88267
358713
50258
383335
679475
424684
481320
85546
951730
941173
950614
566492
249127
48862
609820
816924
592092
613113
612160
360377
611753
38637
124605
801934
566885
771314
778763
332613
94282
822103
39047
397180
582436
275264
528768
517508
7926
37294
972637
85253
270314
954231
855406
546176
834738
230548
926221
242285
815871
94809
495089
55363
810141
164479
338127
818070
707561
996253
25132
517722
328304
37814
505092
504453
124710
831275
441360
667539
769920
906513
855224
823651
453742
18397
641109
299135
688440
834364
523425
782585
884404
581952
576638
75184
767265
251380
11615
384434
687140
488976
373143
675771
399324
971208
378940
822300
348772
276478
496888
53047
364068
323097
667628
915367
351060
13421
51968
300668
662991
855257
312523
30499
826256
118320
912924
145829
588235
216207
824227
656198
783978
116430
452799
735949
832098
726482
712357
274404
690994
147454
398633
693653
30968
644489
740013
320820
322992
102955
432355
939356
220745
606641
544704
717265
296550
478960
430847
74629
962734
437910
917262
244150
889872
733467
639065
55668
594390
150743
804914
608192
724133
551918
470682
623248
37455
792806
635439
706480
322901
32409
50609
760066
765564
578118
105970
977958
273098
364993
844826
776308
352413
953035
137428
397478
336425
445436
529241
951251
880396
410780
33047
991254
40336
578706
205821
679629
789692
550644
692518
532798
449623
955261
227359
136019
473274
715804
868503
845318
16145
980585
816930
647192
403182
91058
834154
366906
802569
564468
128434
12239
969304
59558
737480
772617
268679
640686
117063
833328
427605
36791
836422
997185
99531
725850
722721
111731
388312
775865
644257
583125
739214
642667
873291
931282
735539
487569
599938
42839
19269
641543
1305
392075
900814
948727
100153
372733
740127
590535
445291
189916
348140
594226
523972
868191
172228
269684
26090
642309
469867
551583
260614
666358
543573
772811
465800
179785
992513
569962
826385
675743
555376
28730
328130
398764
36481
852883
563167
240214
254315
154976
301343
629621
209878
890730
408018
11195
326422
289424
257647
552685
67717
108243
336377
84559
31099
241998
371854
571679
945517
806531
39756
904247
753503
295184
443488
709077
725447
136064
204524
617144
428352
141885
951636
407841
382823
268260
201318
387065
740374
695537
456100
827793
282171
506009
147119
455491
762516
842807
173969
262328
47113
42526
568550
447235
41381
526157
632104
366379
274226
580928
590486
691271
663793
31267
218113
105537
363187
952097
226995
291388
504279
790875
707068
171730
655585
399797
125466
331190
844978
467338
626500
240313
786986
566911
56019
456488
582551
894005
21774
173074
896984
96664
813648
654887
859154
790037
989016
893371
149710
410664
168493
419498
517230
663571
428780
930582
813386
741610
934383
281612
365036
994315
102236
597829
880356
233388
239303
147784
15112
759373
700741
95597
544715
400268
229646
666940
446264
587031
262222
178419
552268
189563
22472
302886
434350
948315
531111
218817
567500
810813
306211
301481
467283
300159
377036
923777
808650
344807
606199
59849
464396
495320
964866
547680
911136
347615
26756
689130
433783
182765
397526
179084
76481
830880
153081
538708
667564
632442
379107
376630
256698
346866
872937
347569
696637
946537
43402
397841
708978
75509
834901
591757
578296
325274
240184
620752
964651
270615
75879
708885
643745
899292
868773
170027
511681
652249
712690
841624
18299
877553
433617
278042
647463
9997
696821
813640
215230
188109
229384
301592
517743
689754
529623
135482
483679
916631
618908
610848
780928
513206
835433
803617
987980
486823
643183
818803
323807
389162
98601
437782
167599
238789
827240
806416
555433
911634
955771
135827
439528
9584
979130
1658
77524
265370
837296
552306
569237
406420
685282
688886
261299
940737
380032
722674
970252
217618
707687
159817
169905
919065
194449
764786
994397
63163
584666
278845
609106
87236
198255
721204
846418
933909
906069
898972
916343
664440
876499
178971
869295
764372
758654
285683
955544
680892
255135
696108
581108
556513
608002
627280
635785
979496
262046
62864
685784
220119
745628
70660
636023
424424
752966
72208
134093
474240
56781
497250
539242
623673
334903
177687
241345
137115
138979
973181
803203
805290
455482
793843
163736
117209
200116
307245
742460
484380
519812
206612
544628
880347
230369
959882
674860
984450
289778
365067
839343
807989
465750
626863
875906
59105
173261
579404
464669
817198
704134
838392
110087
275345
909381
511660
992653
136701
381808
52420
544926
768953
469751
362530
334470
823053
411487
31539
675397
524246
470057
446089
153036
94649
469859
664040
207891
425076
850762
860252
910682
971216
346138
575559
698042
730675
857845
423929
339750
522897
520236
561335
597828
498243
845612
599710
158242
758768
173575
556642
824406
150183
780958
543599
446711
564751
746473
127472
382705
254838
558819
472877
454473
280197
988116
299983
453422
221653
419452
965055
802232
871322
892249
189485
997120
922429
825942
130093
357914
49800
515728
365627
43059
270523
459077
266911
546436
121787
562203
852011
278576
984362
688779
361890
958080
404498
342056
981939
81528
620986
951952
990242
601558
702171
820782
659400
674150
410220
868328
567281
562437
995290
641836
7139
561200
712276
81746
255550
750472
362434
810670
572479
752292
696149
693622
303390
93075
426361
247306
471448
194349
44840
664996
268743
144276
601048
856669
247980
912908
165588
841240
396687
625780
710121
240912
590590
761249
587702
665914
893489
143254
593383
581078
568206
805025
727995
634520
908487
636756
18880
717165
404769
989791
985697
480556
756432
70215
547350
525722
578430
54277
418745
646234
784363
844093
241401
542639
28527
517209
390631
663599
346586
38722
619310
261063
750396
100411
881632
735845
836416
722138
658027
115270
21875
525859
323946
46364
29795
497154
695383
735706
536610
456165
669663
850336
211626
481204
475022
210110
544538
803310
744297
752359
279519
719969
141915
6836
679406
445893
620231
494225
155309
881654
495676
40072
414705
390093
763783
291368
655842
818266
310433
264913
308347
91583
889481
645279
30126
89579
377901
491441
933796
379506
411714
104085
26722
988102
544563
296658
672007
815637
741877
959569
559730
208190
373817
822760
719104
480304
951611
872580
501427
212386
641208
877939
541166
886249
905276
365964
679196
106937
735961
692219
703601
197562
572020
899757
279304
327558
26361
433364
289516
565629
362030
988375
23283
826182
885285
282330
606723
762338
149579
163941
913080
641646
594398
424947
528862
792245
95548
335770
339993
830063
940374
874129
450212
334939
712195
871587
775030
913332
769009
384943
883200
223058
339254
505497
955155
283808
190149
897873
884127
557366
460796
881854
221783
561939
83993
731654
134960
52152
818125
787453
931783
82531
785897
874407
501218
681959
752053
640171
53327
234661
67551
835799
585960
689897
108049
65226
824440
902435
329563
565058
875512
904319
707791
892995
700018
186148
378924
891040
673607
650182
279602
78185
348812
808681
186645
649585
408654
738547
529868
464570
631606
658731
748616
994303
779528
315092
922242
224606
608517
112544
197165
508193
781809
837395
444427
985832
425519
976566
641820
796724
45704
502835
391920
463826
39306
910548
969374
841954
289421
517075
743309
369155
279313
996381
134319
578332
556995
282856
472782
150666
389086
583405
171455
325537
888814
287748
359411
209953
466480
559260
786219
725239
348822
836563
717644
814508
570343
298488
165960
153966
238466
201946
898172
101625
295042
40524
973529
524386
693565
287801
916089
687040
190503
437342
856659
321015
333461
932968
107594
982882
6171
416682
721119
996444
676950
788602
16839
176876
691461
446377
703512
527115
883602
817182
228765
49554
234223
590223
722568
456453
547228
75227
407623
589110
482116
708678
902831
805655
170055
154385
820309
640800
821715
133045
299516
780953
73899
711164
588328
375748
613066
62397
208145
96043
882272
618034
527987
504449
221627
29239
244226
878456
467649
850017
300731
767582
406554
952697
999830
750836
347498
327700
592536
978766
669564
803472
621572
469344
898554
215149
408753
978794
783576
166277
755447
947138
429137
686825
981763
818939
230794
808474
601482
995631
200402
517985
530587
635182
155659
66571
950540
443971
699042
450373
779926
300255
639609
930512
754365
606629
56359
819104
647783
816977
201493
896599
636495
136006
32649
507545
494929
362418
431935
966539
589669
488416
799411
115949
728809
429081
686844
162194
499734
463288
843026
487864
592789
939849
670704
98888
28266
101085
93588
984875
235854
351661
938788
240902
586907
993065
524459
842772
923361
16988
474048
135967
846998
686333
854855
852251
745193
250900
423569
847199
980535
622342
867231
860417
630743
909696
714692
686668
913424
736700
641512
144032
938858
983027
68392
397735
515105
204383
886875
687471
346614
922795
868208
522153
768929
276154
523635
172477
194465
49745
361646
427080
494515
364450
604076
524787
550817
888310
127257
642097
923825
123510
206981
143701
616191
852309
835719
643277
340773
827805
411262
910655
730454
116501
788723
884286
66314
24525
646362
919273
762963
773766
290488
548192
843983
381568
722142
934884
905142
816800
60115
976714
650515
918846
796560
297628
724112
618057
266980
731788
652650
757271
576376
941206
629891
131725
975469
521713
996566
871336
765025
131825
507653
948389
158545
180092
383438
428371
310424
113702
464924
550003
563670
807788
789690
937417
534252
45962
165986
529986
439779
964153
476531
900417
872108
305097
765762
878152
152194
229590
754951
70271
678123
324970
13176
972132
782622
685935
172276
295376
762559
251343
714005
337058
338182
535274
718184
630410
367485
580019
387833
640372
288616
659432
26119
320718
663294
10540
674518
515320
800726
776322
637028
798215
929181
506088
541235
453558
86916
715854
177477
879146
219190
799857
345062
4065
64583
666201
776419
838966
995624
944939
722648
796691
72662
745451
982311
765875
646100
882642
296965
572370
712781
284872
779438
713716
898139
573503
939897
487823
202277
443115
614022
509655
375714
512417
474451
482532
449213
126411
320750
47489
788625
460166
143557
640979
698579
981336
140889
36836
828111
844113
411281
546123
283211
684925
704555
500666
113544
34435
61581
654244
160614
532061
335290
309321
651943
208244
826976
458143
364556
899607
195853
715102
797403
264984
585858
70312
934530
70147
752160
128596
68309
949244
750271
908630
580852
716084
410782
426444
978312
39047
104500
567911
835052
605429
557413
390964
857960
318332
57552
496134
638488
88334
460165
335874
565035
279988
743316
187655
413831
468863
647232
15416
108042
945702
864787
815079
128108
223937
815755
754463
389248
283105
717490
857998
89689
541578
371979
54733
320009
124238
755368
123470
939525
204167
400537
962721
768036
515632
15103
968547
948038
604832
572606
502147
710930
171365
187728
966450
72599
137977
679799
818343
482708
259427
740875
863628
560659
434605
272561
242184
724591
457533
323308
453034
892343
494291
381709
361966
272939
25630
861574
712496
146019
404027
376797
40106
842831
397195
262460
590763
420377
324143
947685
401431
339431
214435
579906
887253
744892
90036
371482
87449
167870
412447
187040
346382
256594
980936
17702
376863
408483
658388
728943
628450
440578
996835
725409
609057
346280
939757
269913
964615
275670
504760
54297
163492
4829
682419
214236
387613
203834
412338
761226
241907
857881
584583
944775
987694
270586
471801
178022
209189
300273
838820
513596
590509
904711
317421
831759
661852
204031
366943
269164
765880
109491
602151
583191
568961
246427
45032
938077
893720
42159
327996
402566
681483
923941
355529
166823
127102
123668
897787
635923
458871
937401
377123
628017
158533
828246
593196
232297
102478
297080
440629
24121
835892
2066
149648
52580
182500
44997
250263
187337
440187
468737
887845
706385
901908
75077
187192
750274
604402
560770
7265
362161
147079
556254
497253
861076
187231
698580
368116
446773
745004
817208
489027
288963
707374
979544
577224
308931
629630
306494
40274
32035
461944
730707
101186
256687
531203
136734
380265
407133
91199
713769
936704
231874
464649
534276
670334
585192
281901
974499
645018
715895
354985
108578
244893
516175
254426
677353
80866
244216
793862
340395
338734
821105
988293
64392
465510
580133
813772
600019
489585
256635
211543
868781
137835
376972
438579
986448
602370
208816
228197
780456
143537
754545
753530
65755
15319
572385
912044
843114
13747
120776
678894
526127
147006
590581
583765
502982
580837
638517
126179
532873
72802
936546
201136
107443
664822
598802
421943
289958
379717
394033
432058
681351
833678
418985
373011
189703
251973
393149
50393
453629
148558
572661
187179
680495
116184
878900
751836
282800
492372
302373
233723
372963
194065
818644
624893
465885
399734
295513
501897
991465
932379
101231
621088
90341
428356
455010
6248
36681
518330
645543
49427
253192
494344
829061
269232
776718
562575
920049
503694
491882
281286
129273
644104
246022
162898
455766
985906
189713
990846
547812
567583
28093
556951
817133
719628
273508
569831
225505
843820
292421
406412
296994
397456
389613
631667
581500
283634
815409
257142
956402
840799
931608
187600
123251
185536
649557
609849
387756
425475
702897
827363
621303
492331
265607
339151
675312
17968
307689
778892
355432
835667
435425
268749
708275
6403
987921
471462
105821
531557
883644
592995
602361
16964
671581
46597
151769
649237
14837
830042
244377
994405
287139
759672
659926
459425
546539
635989
276413
802690
798681
359558
36093
824467
312958
416210
181790
34656
854489
630322
995243
100093
562194
10472
942155
99760
719455
806393
23662
754492
216009
234569
305251
204682
631753
725201
312326
754998
924684
810367
851797
444660
970838
419370
148708
486942
887938
163759
870503
90139
504359
65966
115501
814701
939095
414747
809260
991318
96577
293633
159223
112680
571958
396825
291340
832296
388361
734275
98377
253534
311439
156127
610559
980860
709
877899
498207
981545
996625
793017
920145
195688
900769
976299
720100
984106
4080
687502
571040
3180
865063
125744
372214
932110
664480
10464
31705
65842
530693
245217
675942
566733
53783
140938
11710
88461
303819
107197
546228
502183
80974
911810
710434
781820
99626
442303
853078
934183
616640
805590
807594
988646
560693
740507
825777
401698
132842
925936
943565
291804
104739
383104
684254
106998
793289
159764
637973
938268
581834
44117
90790
571021
95326
730527
911324
990858
442661
301821
199302
621721
305900
988359
914063
709046
708047
768405
34860
200983
350072
713119
2094
225626
398469
515059
265527
396046
675016
736977
994761
152987
110312
869158
928826
8399
322340
670051
285444
812229
688248
250810
451192
102580
291288
550069
15379
495889
94297
875123
75241
139938
75631
655359
294590
679457
501905
185550
999668
33417
968249
657301
525214
546751
532103
353413
145266
419808
814213
951908
494877
208995
338054
208201
57585
596075
236903
682868
902586
728684
674295
979527
322734
572279
957107
982181
646146
773795
221354
989990
517209
452250
488063
610804
419607
936765
825933
543109
188756
229173
390309
3637
981165
42839
737842
391871
358196
985523
612222
461207
281607
739450
332429
458152
431678
840457
73703
304485
993214
204054
900340
161166
107115
727414
461439
283073
673530
801608
682525
694010
188388
196482
96551
813673
202486
441238
406818
141871
296453
202432
80832
776820
494527
820335
563199
725159
810909
461453
648880
419219
83381
918317
143762
741147
355628
556432
579741
828626
973129
429908
154010
706937
57060
63482
352047
199574
296893
897682
206521
69229
387113
243077
266578
560542
102374
305087
753842
282458
339024
991415
582769
283843
21165
464476
932394
851552
976226
161949
175612
953018
345481
497429
678186
486101
221402
101970
943010
894926
913414
526657
189211
239438
745890
585079
547735
869288
875008
237278
254856
178005
93466
951226
957519
876617
238120
134103
58847
131057
56145
530513
455424
796428
537917
134528
408752
576547
301833
855550
736611
98662
305684
404501
285803
845029
537398
7434
359412
776231
224273
563328
921766
868843
769855
561739
297005
259385
178155
775698
568341
205859
461308
23840
823438
876893
227883
323911
338639
142646
772021
816689
889303
875762
495340
999620
189647
461894
321577
490417
942220
609776
495196
977690
255472
557744
762308
474526
93808
846310
439865
51842
488240
843721
206887
810045
941386
449473
608917
403232
827437
160291
215651
199136
29794
569415
312403
884801
596202
49414
367485
35297
50116
963029
635046
645663
301259
967289
737772
279590
796219
620390
117720
718553
980628
239096
469910
667357
199895
376013
931072
799869
889197
531901
431766
96574
583655
868343
87178
826305
507744
246905
898296
47566
718975
764651
916659
774594
179097
424025
485819
721176
676979
941451
214730
864909
430821
785603
698317
607795
23449
861779
777200
1364
786227
866072
137426
965569
105291
81814
571992
351286
639253
446578
656477
992811
961634
793158
843399
30010
339903
27236
746101
847143
194747
269227
606804
756625
795399
175807
133137
840628
5429
702696
195561
627224
546787
212745
166108
363930
71665
37114
514431
44821
209453
901189
243569
779629
458256
965178
657446
603896
67554
676847
278559
644425
237304
510616
111290
58137
16990
373886
492517
719316
974799
46623
921134
220030
239713
430307
132598
398912
461374
53878
74885
325267
283980
902534
871351
382472
205870
34459
127827
324145
608740
989710
493052
509935
210318
831079
238016
658649
182222
915607
265102
282950
376522
50766
133124
366840
525776
57274
626343
561637
17493
188062
862892
694499
732630
380170
116531
191535
679584
32124
810963
899802
548586
689491
190928
658512
204064
508460
815593
458438
99259
662939
936334
428351
452811
438664
784815
212860
194902
750499
289520
336766
426587
3717
686969
557689
477103
923813
635881
20823
534729
183091
140010
625701
428569
434004
29535
13470
940306
767291
496442
210066
847433
820577
824107
709363
934325
182240
306099
567036
332950
293362
168855
67583
279603
130752
86767
812297
549051
520298
590557
425011
591757
916563
535771
255624
446675
50725
935150
805262
699017
204584
104375
770803
615644
923450
76264
152342
368685
436268
41876
301806
507060
137785
690526
563611
203650
252388
546003
522951
889567
485293
456020
223545
74641
32559
830060
916598
465278
660697
820608
914388
188777
228807
246436
959004
931096
53436
81226
247899
573398
146942
95829
730309
64212
934478
941516
159879
455531
493059
389610
620264
311805
625922
214097
202714
99321
831708
63455
544547
683005
341444
800409
242531
233493
894123
865413
854401
922081
59770
458708
507894
209749
978284
164795
572086
513755
309573
835682
355190
686163
301426
976117
947166
466682
278014
963353
606733
284840
15535
824441
393795
516211
96507
612414
827952
533617
976746
23901
186006
225819
41353
274250
133277
317582
683720
72842
85555
957739
433265
193830
352989
134045
439493
508859
165663
259130
345333
140527
225028
778051
419194
348478
231435
144454
782225
537010
636270
210979
832086
210801
33104
544811
800060
55856
763522
199972
540775
99717
952497
88873
416614
2843
442864
858798
277520
691455
76510
816482
860602
898647
948404
819245
547410
125745
925677
330968
53723
653689
448338
879052
10373
748549
842785
815539
523240
648907
369625
236091
198237
623474
329317
367097
467641
7045
990307
149034
96935
936708
832015
38228
32161
161621
757904
237707
106379
817880
268127
358095
137324
980632
939856
464147
169417
239132
113407
91096
469920
324126
130584
880440
390206
975699
584898
567551
875581
864169
914281
839476
600926
452495
914598
501685
681599
482669
215246
906432
109945
167029
190036
721358
7704
435345
988891
264601
680439
758012
878237
3455
886200
789229
649649
655679
840606
578221
237948
154335
336199
895178
838454
220656
80200
397412
204696
14442
879591
448420
385951
290289
79855
828365
245184
3897
653108
743722
527976
499269
178212
439655
436782
808842
440709
937276
441496
978995
805648
4996
580935
992958
7146
588012
468608
505027
139259
946118
199959
620821
874605
305085
296762
855233
820291
384227
454039
25907
549075
137447
107755
708472
608034
327330
820905
758047
856538
400592
340931
818552
872170
63835
52567
855870
420730
375059
970745
336593
725002
809979
840153
222427
88998
842877
858449
538261
351880
608765
414542
494562
252938
548874
201432
193305
896901
163569
123071
337248
95948
4908
731556
216179
41086
450488
682401
332100
159436
197252
411862
824253
617736
249157
483345
456481
120549
888038
159385
660176
805521
881501
323223
608809
821292
528857
991842
209290
23395
928535
363173
415538
159790
414612
630575
738248
354146
389853
898455
366453
905203
727426
619658
135020
740874
572713
938739
417161
196927
955006
453445
833687
475699
557064
648488
164652
668365
178391
62845
845551
195407
319066
413712
361082
54164
161869
658969
47514
387560
816847
825199
464435
186052
445713
752074
160001
514788
482987
297971
700153
668295
251464
355146
863374
480771
327234
361396
484495
378178
286857
991583
396717
459293
975612
300019
318683
371795
514010
736982
246542
837990
642514
944540
330532
496466
308790
285770
158496
833130
169614
724933
414099
436498
98249
245468
575576
419219
342926
236847
10486
408542
582193
812346
165608
31328
584450
689666
717624
393470
495871
312154
113159
877294
978025
410706
655850
213233
401972
34557
991215
795889
469847
978654
391357
906034
349316
983023
287321
731000
393906
646861
42053
781558
573205
544835
725955
831662
342255
724209
777399
418666
979328
796312
558442
763157
862169
499205
535339
335990
603407
815704
397007
515850
843914
476464
234842
937022
161149
178742
976246
956742
430192
555074
784608
116893
536505
397805
517794
355033
812297
974708
276410
132586
346018
920645
205658
22255
659302
258730
289097
408756
616651
531727
826023
518284
645611
155633
466061
221832
311288
906725
253075
381905
363213
486979
509739
684263
611935
69805
419242
842102
397714
804991
416679
169682
21032
881493
511868
954704
862676
944307
109482
462400
760621
318293
767321
959306
880894
195412
221820
278180
833594
945906
551443
349869
535693
119618
928458
831401
42637
437879
683647
624026
17103
793287
788001
648183
488598
887867
559539
841867
888359
555286
46896
523629
448056
852895
181961
757592
490630
701069
823178
251430
653574
425167
505818
639854
824115
847029
323105
300406
39942
565374
402180
865751
750020
208766
526219
580972
302641
81452
390820
762870
85218
121862
206913
79504
937712
951649
463260
642889
990536
731985
540250
915107
187616
966576
644877
448359
860868
30543
343252
566755
211150
228535
815454
900802
103028
866586
54603
995846
742844
243867
528179
277988
571978
63735
965951
337403
905882
974030
888053
536115
217032
611858
196562
964270
778764
846539
691216
853678
503428
773892
462151
583043
710250
762198
987056
579247
958245
619598
535684
677400
498299
294653
4995
204392
290339
977181
849232
178885
62712
581147
693241
911656
430282
328262
452885
990748
161807
524242
241926
629205
776055
252360
678942
832811
402461
907918
5982
174449
946201
744910
422554
3830
865842
903558
131576
578904
336113
847084
845527
39807
300433
589372
159692
491261
392338
116191
930631
751232
346668
318841
539156
180082
254753
50384
463166
534382
784427
13908
583694
139486
632021
934415
106161
889013
172198
599210
189367
974726
120887
687385
900536
33407
370022
857380
223313
371078
31395
516499
563788
84527
883944
355830
621533
672023
277573
282126
297865
474912
369177
655643
983842
651273
511453
729219
309229
368552
449178
959388
958692
874375
811707
671894
494230
868825
860861
752200
191596
512983
401282
781845
659592
736124
646853
178491
49222
87257
114536
458872
530404
641621
343082
706393
59198
971653
401972
976288
478066
742052
528914
141073
141986
331183
986815
628121
233303
110688
486808
583260
405570
669060
194355
757529
383967
184763
446281
144892
9843
472652
511950
237505
305524
417827
203938
213952
392327
883624
643743
794393
437347
6524
457555
648700
6101
817810
667528
86869
978526
234152
60798
615443
556279
703073
294906
979028
792181
23489
711287
522671
514374
245764
614587
530269
871515
412635
671045
858116
805088
722500
662946
529570
657254
518981
67359
474898
149026
781572
468057
178494
797903
406534
226800
82850
463022
214274
107994
244408
833326
695521
453652
852998
973926
78613
909426
783040
837822
215187
609112
698010
775662
802350
861313
252591
38302
858961
481724
773767
289453
452185
252280
986824
578638
162509
494772
330620
473420
721723
543256
148731
932718
366384
330594
848821
382837
839379
416441
229342
452930
37278
126046
303926
773460
437370
351680
729588
86512
658615
491182
579598
729817
258213
359399
396904
177471
936722
385805
310295
259828
118239
421304
282640
515417
216257
507879
405681
300887
693586
450002
861932
251913
182417
200923
924300
566967
522044
19746
385637
926398
116361
535287
639901
940299
594044
271147
916752
746182
646567
527423
399460
433803
70404
175358
40107
140371
672360
522983
852462
539953
197797
45570
831068
175225
181247
682067
520847
318651
59080
980908
839607
671597
641627
202653
424677
620070
97457
364231
214966
399239
910371
277327
411418
877044
753596
818862
188480
477568
741434
563108
863776
133415
520098
636876
978596
187956
106237
520971
577204
849027
213426
297890
882909
862241
601409
918628
86493
592079
408538
235137
475725
350950
283032
813632
961835
824980
114845
142923
269699
575684
282250
226916
259450
428252
783899
234870
413175
788576
487326
539846
70062
975220
961230
93448
480458
31038
197904
987598
760311
560618
373769
463003
789769
649479
512602
786262
123532
26574
888953
950810
574505
776515
731053
152042
302129
107060
924069
406210
188617
18143
537654
500424
115699
149489
650416
54690
764597
434216
833499
953761
650599
702425
600659
912154
362782
445774
428797
820374
340145
231623
109733
300255
235236
50721
865142
577275
980089
620181
182741
302581
474319
875351
463898
477462
713588
590494
705259
103539
83919
362115
384823
185696
7267
636931
686476
701634
857857
408415
237974
228098
627917
983203
956277
651998
473386
947651
52089
450393
206405
776672
601085
907795
992315
715690
955869
311475
263528
328992
242581
138688
12365
680052
218871
459279
954269
230026
183049
969111
940900
157022
613561
990560
585428
770308
545277
58842
965742
901067
438987
307146
101450
130939
281586
884767
652099
56446
858836
620899
81729
229915
282880
460045
347812
465181
634544
117235
207049
293330
752028
916252
509181
841583
513080
13620
175100
773073
574737
195545
848932
796126
758143
794002
642683
946442
966408
156639
230041
947574
639570
573355
239476
216306
938498
552094
201734
193763
209781
776079
28189
633344
958105
164823
606463
223990
372394
39424
279927
746156
397381
527325
326208
245089
425642
314867
848717
216688
968019
22357
632115
133942
773483
601869
982516
214922
164013
262326
12969
286059
475994
576999
653643
897976
416214
296138
152094
807384
157344
380746
97402
233081
945452
770154
428983
673334
321759
1459
912436
903570
997670
555462
684868
267105
638068
912911
858550
754630
483670
822234
554432
521751
399988
533183
989895
354717
27622
315705
611406
212983
981936
925589
275960
631326
150620
973318
995067
179522
962355
774933
319332
527316
182615
570037
575104
71965
745664
37493
392750
221067
248337
165262
543807
296652
356694
970140
716295
531603
504605
752170
610883
924856
878254
768358
823206
490236
149863
926451
540034
558890
188601
600349
947600
392024
530233
804456
170652
948493
933475
461505
602192
280445
306
570966
149082
429807
876693
866241
141949
77247
16718
165087
625457
733120
2092
307519
854776
594297
404707
188855
57855
264208
280389
446864
637100
613765
228063
639585
284170
462933
605490
495353
25615
475967
687757
253302
98054
164706
204676
31538
565917
228933
92943
319709
865293
741297
957633
773606
82273
860985
802658
894227
165606
948122
686188
924401
223726
235197
227231
165605
458304
888537
120961
641056
977631
58805
601525
144305
231733
171851
476087
474228
842909
885320
841650
672488
849162
908592
721342
354527
625495
605727
90233
210382
177451
910442
660225
626052
42632
306276
145419
201528
922801
152125
398307
682299
965430
279108
96128
687308
563613
425292
894019
768906
354159
189101
615756
752516
759068
738082
455993
783916
112779
974288
157372
672491
489986
741286
385304
81550
413231
502431
100408
630621
40273
732068
796396
370060
780870
205903
647553
309195
848241
982411
73339
547064
347335
877783
159217
75700
350647
885353
54726
395987
974836
258607
816959
942381
380512
222000
101062
63634
174806
512594
281402
270298
891220
994804
949617
667673
140611
810811
80843
836786
204709
506859
64948
891267
132570
111723
296821
634750
644815
625643
640631
708823
190212
445473
403030
153945
247479
487342
750558
309268
524018
291744
385509
443441
864046
515472
527493
205926
230563
547948
618100
723076
700397
505423
932801
564141
33052
488524
425452
405540
338712
528842
665571
990525
191535
681353
347733
619187
100349
543555
50549
273624
484791
305325
890125
280423
286228
288028
948092
813941
602136
910213
227086
635846
924222
13725
912950
10236
806209
632799
130410
814826
285319
607468
997211
386503
92587
322892
60624
22271
40677
884178
694558
200803
810904
801694
190470
977279
322104
533949
983275
227404
5526
769195
175790
372476
101898
610296
256168
94579
368508
874183
570499
387862
339535
639795
605301
866107
690602
518029
754011
654080
90723
559873
299758
194615
292042
494679
474916
497151
584784
204181
350437
774446
221971
240513
436648
39018
749767
493955
201642
810327
310978
566121
53579
677482
723875
449605
366981
442973
822112
405489
119689
3963
398828
313267
101112
769627
172417
274171
596282
64361
243599
243209
647039
402399
604097
947243
231312
784404
674408
627940
921681
690411
430918
41961
831829
602028
695225
459205
242398
149295
912259
165020
566192
391988
792306
167820
971088
689680
874736
457647
66462
199874
263913
997309
755276
165860
295124
710671
555898
86333
256097
627198
310064
24755
825406
15594
571127
352158
927429
2838
183828
120311
844933
463985
45794
572847
805227
630768
506763
450204
869452
324438
628770
582094
142482
352213
204000
826688
123458
90062
748666
690410
398182
261493
126939
977715
197211
881040
105539
255556
966009
109598
62268
145272
189914
976724
154612
216751
988297
251970
606012
982594
849353
936213
920924
285521
324223
145781
968080
242359
528957
931535
5476
68255
858411
87213
20071
347568
657108
809408
767823
275940
496842
497664
484137
263222
587319
398378
240698
492794
144578
411304
431223
486022
49434
142095
133982
40974
951010
532098
512432
219086
393529
798643
68491
45216
180773
662282
418983
389741
189531
646686
103149
502656
203309
907232
952495
792566
5392
694999
268872
980242
396361
331141
25617
964973
904820
739177
958141
710154
586225
914910
116882
989768
772588
379361
731845
947056
492934
536943
756400
151278
680037
870541
642482
111069
986453
324641
754851
405435
351833
619198
791666
198652
308690
480893
800734
541370
272203
562950
910029
428937
9695
218030
733132
451049
498119
127611
553252
883541
584068
180482
144341
385400
573413
668081
961074
927999
610102
963433
711832
152201
115077
978435
513484
433211
98770
75828
62065
792561
54738
602315
299682
350543
537440
659671
573490
894389
297089
110117
480701
649105
102994
298278
213995
108110
609936
39920
927425
533354
323460
587547
201507
79845
653449
914124
157098
662549
123
451598
20318
896598
357758
528155
840656
57439
542632
994555
976983
365425
650636
506052
37925
596904
683876
19391
22324
610522
606955
622899
286945
490419
238619
11863
669649
965209
122682
243488
396236
843459
212911
226361
966894
596995
246491
867115
703935
854187
645503
229263
778976
299421
213883
523054
809824
610478
958129
758135
747566
536247
25224
582620
505961
483768
625549
952585
64980
393896
734579
239425
483941
112413
512635
171671
416188
555860
414255
899719
147633
421982
335496
339759
466118
940712
725487
733357
597691
22437
793313
584662
884481
400538
939947
641615
83974
749637
499925
778636
889455
592555
200731
716515
899684
281405
301270
665292
738820
493350
12346
178231
975098
892404
158264
190858
476903
473504
140164
735862
356863
627387
943537
342645
303152
4791
63991
938722
711548
587792
791831
487604
535080
808789
189717
747160
465036
661079
608740
310891
289611
651949
750496
895761
385565
868768
83957
677045
995016
533498
282397
549597
272366
242534
505414
742760
880703
624772
926353
885479
54734
102156
567991
830742
975361
363292
106822
795638
612835
493151
345609
21960
382932
750748
111174
817959
66976
631128
968737
281474
795500
674217
57630
37238
866060
685465
771460
651844
430002
873267
130589
449396
51522
867181
299353
132357
982977
514609
74834
493263
540779
36490
103914
924535
421091
976680
258000
251023
348293
24591
966754
929928
912535
125410
493548
126612
387359
298184
331087
635164
495886
95289
348669
82075
617114
731751
500065
486422
101353
66443
503963
326904
307433
451658
928361
781709
891964
444612
34145
812891
376849
839738
315227
27481
415694
779353
888555
692557
500905
271335
882059
309637
891542
4937
759384
961713
499867
953390
675891
712475
661055
746716
705288
113477
30688
127637
185259
452830
879588
671909
825246
585952
186440
328843
332591
158089
716372
852546
645758
415795
398575
248811
723165
668050
749583
691288
738512
265994
546056
306487
611315
557931
844422
394585
27899
551306
414166
839710
434516
776381
927646
874687
28650
458482
561517
730552
44484
934188
178925
128144
344970
73244
659381
667142
728423
697880
51643
964058
608009
373818
180711
651637
384325
306840
245954
468277
104984
8411
859725
833177
719497
552958
932270
991110
354474
109221
439301
864948
990077
574615
647518
520952
369394
34266
533695
342574
100622
356650
287136
617346
924392
548373
133754
897243
399758
602358
801080
295461
525508
322252
842506
738234
474412
304758
322329
879213
798401
919053
107989
384242
336125
116190
244969
575981
803035
606594
524432
825621
737207
456348
204993
451397
473297
98095
996678
971295
535856
159321
955947
62685
163875
385456
551953
927030
947682
331384
399842
823529
413588
591230
393822
995752
105962
869971
767188
838628
948200
39144
327149
519665
662916
355331
531043
179735
868647
371804
122639
185396
825744
690518
107487
710865
516952
226653
246310
185535
981200
411352
837069
150829
688902
796811
226023
242378
650791
929421
604323
740177
531966
374496
550746
985270
721946
591986
392840
225131
145422
427951
579096
92623
252114
174017
637336
569844
535559
942693
193228
827595
567192
348971
882782
671022
857084
430538
92467
451594
784984
504989
421016
805863
49088
56382
960603
688406
755102
325886
30262
786486
604203
956286
672807
221282
527771
948653
444955
702778
626838
511518
36424
123789
179232
683268
274266
357984
194777
473677
840517
692894
163680
310617
912441
280155
342931
321430
789748
705478
585522
138938
991537
827243
616610
291867
11006
269795
636557
85166
976491
153113
536614
70874
683038
721529
750026
627832
309444
561206
285186
852842
564834
772920
808037
743957
574153
689057
773787
280508
121512
519419
522108
258490
902459
883776
264278
328668
520482
824645
262030
36440
269196
901379
886301
495918
551634
765507
586876
885274
75680
719014
821659
971187
160462
337166
454538
634852
842061
368685
592507
980548
536444
772584
991646
75027
237402
697191
226156
878355
100950
892283
362048
661504
393475
142829
786015
926318
922663
591135
901208
430975
453170
118945
824839
784637
995596
42067
372083
722138
17287
767346
548695
894337
52724
528961
466622
598168
827025
763220
211911
59477
654560
52220
892744
463226
524947
856650
356943
723054
649571
183746
210372
916730
693247
414430
884394
517788
831394
317307
199364
345867
691965
779300
24340
70665
461652
525882
292799
207262
106149
672828
94604
99126
880514
744185
449483
232473
479552
663311
428050
276610
874248
563614
902563
912863
771274
835791
363369
794020
763346
133115
151905
253388
443571
433785
983766
261486
571103
516807
394244
307576
359960
821843
975006
517834
282305
954471
155307
324209
682446
842672
691083
695806
201243
485801
190360
737539
379864
772009
627112
117865
926049
357765
183982
555441
415723
66659
30784
447813
66074
989148
427187
379194
30512
427661
559650
988581
70881
840123
15438
503575
181698
967264
964511
380726
425375
163926
711049
771705
631275
366943
136714
189823
284946
734543
716431
541389
363755
265558
85942
120610
506121
973166
196847
284345
119665
496733
954171
866459
215013
719591
839383
809438
677535
885652
981170
672509
972826
694297
417433
132309
883785
35366
246899
958970
191467
834443
123112
899188
972278
395784
818142
862297
423536
389423
653915
581896
70557
66424
286734
941503
387603
262881
858025
438874
14633
353664
186727
576553
222670
987623
795307
92780
375349
509810
672201
187886
377966
242799
365021
376251
55760
383339
212697
585150
427603
258389
539549
583932
843642
783185
681343
476647
608237
688412
777514
747232
173605
244631
127266
693388
312960
564594
789669
730962
432180
323574
788397
140910
879584
525422
448467
910453
161918
529651
828365
717477
474997
612115
675416
386792
405835
402270
544881
305318
199928
453708
495420
269123
339989
178574
847688
837436
343603
662832
475818
742553
353801
824551
85894
817424
846853
141245
867372
71222
607171
165206
641758
497634
244379
202653
418608
644192
381525
558352
334856
312271
572920
272934
835461
822296
792576
828505
395580
699915
743661
822163
86366
645527
651000
76153
392949
857510
252513
520014
484109
101587
718691
785798
195183
634057
546313
945256
663497
314809
214810
908638
542761
941367
126448
210012
428136
116082
516391
63915
786851
232334
322864
748561
168677
19232
698629
289055
832609
345477
521783
602839
943514
270303
155683
994999
299173
203950
321027
125606
590214
766406
911840
677690
641784
570226
173797
164004
609929
442726
118672
902201
560481
655897
36609
172765
614563
748935
388469
270862
967723
449281
573196
613194
394616
145071
371846
445598
940323
368932
802316
309133
25485
592796
876139
509337
348248
9941
919899
717489
435724
356934
855037
199158
893145
158784
565988
987563
402172
723296
615179
210362
745082
892398
717476
610909
294601
822998
222480
169007
940046
747585
720234
628816
870209
48974
709565
138542
716589
708146
847766
89783
193428
634537
122165
663768
204848
604887
480477
314352
661075
504576
311371
126870
143984
745248
966979
21891
585906
631209
196421
838238
622410
186711
604511
193315
270214
650033
204380
468462
646173
240670
320986
322346
129927
375968
962553
677457
906185
61234
666607
946462
867790
66234
897529
621463
525809
565419
883052
303664
373784
719291
145450
869790
781946
738555
610416
357242
304704
192024
235531
951117
705289
924780
45994
699838
97480
134146
519439
274133
54857
369573
84576
172715
978961
986915
535770
162480
753442
373795
605029
70297
493341
23776
900162
524516
307714
454977
157920
144457
515987
681879
876750
889599
301592
622898
201355
756199
960507
670816
536506
153625
702867
922179
529202
494090
178622
64654
27377
450903
44390
430428
417136
869488
93415
738925
187089
847396
878407
387581
798965
566212
760675
591171
965930
462135
300523
413187
459521
65434
308356
639184
873150
176017
636620
449122
816937
171567
981370
1935
932418
25662
12002
395370
275025
66219
626264
224949
981339
638993
477229
372099
126961
26912
65685
469871
796194
765801
375721
254386
675600
231882
59271
476773
933728
922097
324055
205972
977227
216142
80425
609083
849490
628697
22138
289248
59534
149629
370454
709964
193189
135008
461463
665895
783577
141072
805707
949359
321658
549387
258355
582933
468604
436266
403048
93748
694115
316460
771033
493103
418970
242715
937135
882277
433892
293597
188881
838803
920874
760922
712387
658311
241138
815620
288297
755261
56816
186951
238314
589080
423479
384143
431024
871614
986056
410161
955019
33104
674955
284023
2997
640837
584987
151691
115376
665314
477820
579518
169356
7704
866408
209910
640901
285434
24326
988338
573320
983129
125436
905979
40406
628797
788699
170858
557058
636867
12025
835408
863188
681038
348701
338373
37648
842539
418066
288912
971856
767749
794398
659504
146638
108545
889805
549061
451454
222775
166950
337118
125400
477390
731135
487904
587827
2739
816684
986703
354381
989366
323923
204668
675751
465537
271323
883403
450189
904501
543939
400608
993204
601378
745487
521382
95419
485667
441884
299707
597972
9109
341909
343100
248828
219762
726014
869032
269030
422861
523886
817459
237494
437036
327322
623274
63656
785021
353483
446781
494993
876471
716786
517614
5310
240398
475218
957653
203065
230098
246619
88589
336042
535653
702935
704319
185369
95127
851581
216200
58257
527776
188771
498698
404000
9337
4945
523148
270844
310743
536241
881423
139968
631685
818146
700014
996755
548957
754603
733360
638825
661538
655052
100078
448355
383037
912305
45275
307218
16018
458432
789237
573721
264319
798865
771271
271024
855985
594621
867096
132101
921122
57167
825844
369917
229427
314584
645652
461656
281441
146335
26604
413042
548135
762612
307922
794213
144752
407845
625478
802700
445816
555594
891042
460707
720318
303355
414943
192650
297768
65058
297857
589672
140659
121003
936289
820844
325204
654296
224469
644015
119344
198896
563389
584501
387637
64343
489965
941267
642451
102009
468658
276394
127899
153376
228867
710609
739058
765926
398214
109009
933553
902340
163067
326537
792541
677064
894089
101490
879806
187877
876707
948669
746270
960869
508759
172249
713759
422585
218611
137680
578681
934705
811092
227537
631760
484934
395916
337608
50350
159637
269807
58153
486818
628839
34042
545613
410548
52139
217505
60275
236099
995333
387892
286439
408574
589951
503213
735680
78395
958109
470744
333826
565111
858191
552351
508260
556011
554048
796849
442221
987079
192844
566351
939704
453645
149198
198579
636694
511821
271894
365149
223122
690937
720890
978619
324239
965092
700420
520820
273550
59036
319113
213393
511692
719008
512217
155976
692808
744576
12562
46439
214242
496336
679055
814554
821151
261320
796030
33112
701897
210683
590607
611184
562228
369394
346761
450988
61851
938853
354359
421663
340328
843925
971775
190608
194642
20744
560146
225539
295777
479906
462143
942944
708109
990749
3235
196739
848772
875557
784443
348895
838027
464403
454682
728463
599228
143171
425653
486331
19309
508820
307676
678819
801585
940539
254211
653387
134072
690500
617215
374019
515794
173031
471244
947346
688464
559811
681098
712767
348363
401978
268169
682939
277438
405288
445561
959790
322958
687808
350340
548636
267307
569029
318135
381428
970254
429090
386587
741749
143714
489512
225314
88701
279167
710498
500029
73776
666385
184917
785931
521665
883415
619865
386283
46624
416648
141198
172786
666304
212688
231229
983864
971972
329847
145997
806285
477701
349219
855711
924489
875266
856116
942406
648833
889381
358029
101926
220374
867566
456755
569128
762727
943167
84877
412055
395174
37314
990859
191450
375368
41978
337571
924750
875862
71845
537463
530687
29345
646859
689363
88900
70355
795751
848786
418676
553504
96558
239392
915272
547610
925312
122521
585103
979044
795562
954704
257928
725694
538454
848813
907487
195328
727248
528878
389063
806818
55029
96078
154288
91639
574522
203010
946470
362746
36630
274272
331462
989953
729422
68699
463645
132750
306331
178473
403166
81413
236857
359237
720640
674615
200910
742736
463538
241308
554165
497619
399036
951136
371559
926559
145843
500692
209862
125525
720344
870853
658949
23426
966543
907434
595574
344290
779831
631863
35185
861766
623082
702926
811422
127184
121362
570325
545504
751322
995558
20578
419614
57654
612672
335443
381551
219920
182749
559867
975266
334192
922800
217783
348647
98268
75811
841438
125020
235418
826027
854166
110072
178323
635014
460036
836430
690259
51156
507419
781375
266861
81231
317718
381247
425020
184169
497472
464194
894020
637569
790320
572226
446070
28673
978259
747760
746962
584598
164193
683316
134823
7629
203634
406051
336118
951495
235113
353533
361141
586201
6478
794591
484591
48130
719674
241227
524616
224905
825707
957906
53343
305139
673144
543516
325964
857246
552286
212308
808392
514430
25400
694386
736748
987633
548365
313062
601490
899392
846340
576926
284888
529972
373554
950708
103363
524819
505748
738231
758655
181238
583256
993621
579204
524104
486229
46050
171477
982813
962268
320455
622627
535980
888550
438729
29390
190635
801708
588917
124107
603013
970646
70182
929568
587707
952139
387698
946764
369172
618535
63735
44101
125634
357771
257341
624921
9555
363213
896392
73590
784912
413520
709245
379909
770166
143023
334254
616560
640142
963859
979780
406981
876267
806821
903112
152242
84160
944028
671886
377328
872347
32503
248190
631997
964610
384903
96768
626945
302121
28900
245188
409042
592652
909056
727019
904723
735791
442584
121429
600951
550896
489670
670088
974051
20421
253300
537401
484018
97304
253483
75067
500370
692796
785289
257025
712139
429194
428625
426385
868128
640733
789468
655048
969870
788838
725870
447108
329329
865452
54244
531057
763910
738147
888009
852787
682827
883752
662599
724973
376003
939095
449338
83820
160918
745802
857568
858420
283284
629358
633197
205540
138714
451843
519291
127496
859341
171696
232927
915451
365892
978688
900823
176503
757762
651133
327199
161723
71072
441255
77730
455255
729738
313809
37838
464599
991904
208601
552128
880778
939516
390978
252127
584174
622419
615152
66052
180537
445172
309119
217815
824902
435374
578111
261045
124763
143695
387024
922957
355155
479366
54487
659722
176813
872170
758042
49642
306287
444755
30078
564910
627512
791334
960538
930538
137889
723631
960247
168828
326223
824423
921575
522393
874393
198804
102782
450755
593872
860431
812722
548759
181551
207713
251467
597122
453408
200647
562054
388500
422313
936661
556044
711853
648817
786551
270346
446291
254323
988882
23404
696358
533438
763913
519163
121706
103846
657883
233489
259780
812811
701993
19957
263296
561923
349909
252119
526735
279975
985031
299817
461390
246583
176457
77335
92993
866987
813074
407973
390046
125207
322272
35300
914630
803257
537854
387473
642703
913954
141605
409994
500732
138559
579071
568110
776718
52548
792774
530128
116211
996532
709003
578774
53981
605327
829203
140660
781550
797080
70684
613505
755023
471489
622205
652531
591008
918837
404523
925692
195401
963586
215064
949248
600879
655778
305845
445873
181123
944356
827737
473161
223284
862012
503098
463715
36613
564515
588311
651447
884857
251948
741048
579120
661930
194277
385037
403692
676728
20454
849332
300815
774687
882873
605078
539076
371362
615397
235824
369682
490916
289881
861872
693974
438869
546162
313141
702115
381001
604137
455545
321202
457316
757084
443083
276487
379122
406007
409908
911971
760531
904127
114108
905056
294675
314875
531653
620268
433944
388543
423124
800996
61877
17814
872112
505292
370331
477579
996899
41833
745838
253588
461277
874172
843702
704540
568312
988379
896172
871084
470487
315949
617012
883765
812903
743809
840875
191164
572615
758603
661589
226658
534660
267645
401849
942415
860797
365694
439433
560763
156134
415690
216505
701080
592615
533094
136112
347488
754404
449854
956188
277686
473432
983261
526112
638523
964826
561415
587625
15856
254210
388918
923742
569667
353189
920368
663925
925944
87099
587393
707875
167541
544034
87578
901099
347818
678139
944134
159384
631963
820467
226373
27078
919051
230940
938823
720026
41927
113401
832070
769809
736396
436505
64
165558
578581
580314
877072
243821
354181
783439
113128
250221
46574
560892
312621
647883
787132
996862
184687
694065
189378
873223
37956
764269
722270
556487
36864
52198
878090
732135
586642
901609
590082
842991
855422
471713
765198
132232
449459
379877
314027
262235
326024
201580
539930
841495
926168
364315
728388
745682
824822
620287
231624
260487
143
412374
235619
687230
298459
793736
670523
912841
588287
631283
217224
705130
892675
464164
878943
800850
830315
406305
182301
278724
641140
156451
234092
94296
381420
646817
862197
361884
38894
619335
606946
793621
294649
731013
381646
317027
672749
233668
332620
660290
827617
712180
619217
329069
871715
939201
890815
407645
990221
205284
171342
947631
64576
405846
303577
737955
748608
659295
186755
89664
738092
697996
372868
399061
593304
859582
266900
21531
832841
275807
479794
84087
333964
158832
834193
581083
120051
616446
620000
290188
936813
436212
965684
497662
370753
394761
387093
534939
195495
969561
242786
48867
883971
48594
333665
744492
42495
575365
593895
941067
846339
486620
981536
615115
855252
617387
621116
295194
9990
61727
588407
281412
19935
290835
380931
318230
90634
665089
123603
989796
396725
856533
325958
835175
593991
502877
160302
72062
549953
137757
809597
593941
44080
492544
756875
217315
853964
208552
763335
828429
131441
591078
34231
21544
377335
927429
401133
523868
274736
371713
769992
130020
940861
189781
673316
818737
624269
805234
605727
973550
533940
9483
758025
209183
83619
926413
777063
74978
855370
748397
347876
243928
516615
446745
440853
828189
713673
750992
885543
359922
746950
316749
864168
116988
149909
877982
980014
392486
160680
675988
139112
725409
458410
647571
69375
960779
890801
239689
213544
660909
562784
958012
696905
223455
272924
19707
35461
317318
252777
248566
104806
446078
165856
204138
616934
272210
896527
275252
471834
337128
758253
563207
191804
180218
895992
589561
151379
368511
148909
900279
538433
509032
390499
920217
823977
803974
587909
729745
25018
647816
637674
310844
495581
24674
896979
667099
734839
900938
833728
189083
340699
881116
817839
151888
985743
668958
409650
674881
237305
632989
149548
234140
90407
753398
345512
623242
26104
614705
756821
17437
449129
902471
873058
756070
695551
948740
405106
195812
971790
531079
171324
329815
768677
99303
145666
627058
228311
525104
347692
692270
683366
424715
452737
874491
527693
240827
581633
718737
902506
487300
65889
379237
835654
739686
313635
405624
280515
707527
777682
321609
242465
949486
315799
878059
118764
588331
17467
694257
69510
586837
490170
417093
290060
868971
548992
501976
393640
606172
531331
915827
607283
599203
567420
677997
695236
116233
596803
231093
298202
257166
899078
119631
817314
137186
991525
526364
910373
160590
809134
386641
409232
772016
223088
656458
389281
272163
43198
708791
569388
921213
611842
7732
561479
571890
455866
12919
661976
215317
686612
634787
602297
659903
690530
697
628421
34696
872570
57070
928898
585970
681005
982295
852395
631270
949538
847744
824536
691158
356814
571997
257356
142657
509010
50776
784603
906069
623152
603337
244086
641902
894763
801732
336021
888189
517307
403403
173311
689924
630442
492516
538233
901245
894094
355334
661321
621018
544995
985069
409509
211368
821060
383501
335485
715533
100806
241379
234594
51632
396722
977190
769745
12663
431132
603356
248608
143019
628836
644618
562308
268857
943369
683332
676413
898066
983717
404514
708830
158385
533193
99155
148925
420668
353845
605579
340403
41092
344116
396376
316304
232807
456850
140626
524702
591189
447675
703473
808528
918895
347826
251961
33032
383435
437866
567184
603266
498708
728581
882928
75744
526863
338854
679607
839634
853688
593077
466715
755937
67402
932014
164028
333017
391710
420326
986898
470609
768747
677276
601477
855256
132076
743288
421980
771966
314911
206307
767501
749436
441257
460930
305202
550977
14807
842768
552477
761050
952063
64662
299330
995964
613637
267146
223891
171889
952505
152450
686377
220509
426782
467859
910558
858476
446406
438090
25719
137755
554392
93254
411710
317407
336180
590385
321199
808757
355629
850201
281992
869703
929653
708783
34179
45432
529622
852762
413600
801612
122204
647289
864923
78711
792145
509556
638525
68673
244192
645693
609167
609810
271579
655913
871209
82016
934232
566949
618152
939378
564342
410710
413118
279375
448062
55313
822179
410184
941924
450804
197353
200223
626540
250719
214317
370515
206761
440786
121897
758793
598432
694245
71911
720408
67980
827934
8272
844849
347515
959602
674851
755177
879574
665755
369089
343461
870077
790226
492772
339425
367889
559530
544944
931613
884363
320905
472802
738212
775561
16579
478949
390010
635369
714452
824323
777505
141966
355450
89976
153544
514560
39469
822243
901009
232752
384188
640726
695869
3288
389381
976204
62647
497985
789009
766970
217594
584414
911434
223230
374111
412502
835673
716020
803143
251231
912928
459432
472929
189254
903761
529189
544152
585867
27625
927148
707228
241000
672717
983552
253900
388914
594239
176798
495421
133529
523453
244235
658666
798730
244726
159429
605368
412019
531754
901851
14051
252006
591069
164952
732235
911447
805431
874331
