642425
341520
93023
391017
22500
161338
374731
469588
997605
40729
762233
547744
874596
959441
513173
608683
552824
315344
85395
128318
270340
581403
94553
956529
488109
653380
539146
86249
659703
196856
670064
542722
244731
532724
295429
818887
610439
636696
713438
269150
781906
980116
379253
95617
422042
159359
101137
413607
633372
445894
699348
28801
206831
812481
662305
110240
43518
110881
633128
205875
194464
784966
442383
108654
629078
241517
497534
913735
956448
833799
32327
377370
485628
501348
147761
430317
260156
446158
522912
596813
527555
596659
171746
777751
781339
617658
306008
294099
437814
783990
216255
145466
195008
346616
251290
941720
52445
323902
899006
178188
517956
447690
272761
67373
197431
45582
313760
522503
406686
914307
240308
23875
558591
215961
622768
997540
778525
591177
456306
491182
355242
277318
999427
822433
147881
951313
60293
49443
789157
897452
698168
748283
521031
881318
55849
911289
642968
633109
725623
511156
688596
269794
594563
663276
149415
278142
88371
116749
26439
233395
372067
65749
318957
395029
126954
988812
39729
538327
449092
877938
239745
876666
254305
263287
81597
189087
690633
474212
462706
735870
206762
409367
981682
809839
762624
312747
392076
180390
38367
117174
135342
657276
303392
796076
387219
592552
800870
61216
335850
844364
398539
402091
719941
797548
942572
212773
739130
720121
250958
506896
765402
743819
478060
526613
589003
472366
900894
652262
848069
217939
294503
949122
781541
603880
888539
440471
355889
245890
64299
283457
33897
141109
839631
315185
286086
927942
992399
953705
635218
719416
404333
902307
960675
701570
110258
290833
696181
827874
472980
71168
59747
510283
482816
167510
114562
450170
944842
676410
398362
3623
747311
996370
148994
753366
453635
543463
338775
667084
83899
400998
424729
981535
923929
471040
30754
351463
26096
368752
547267
592017
19603
593052
776316
760466
951390
334357
192984
558519
9888
540153
531939
309339
539108
527736
855753
66931
719899
631219
99405
361731
895079
159168
282786
43955
854470
545994
368745
381500
483353
408022
246536
400701
825104
352736
87139
498090
542516
158436
27258
618531
309393
239480
685151
326883
771774
385622
545362
637199
731147
999864
930363
829742
308933
392860
840579
334840
975720
471335
703247
365255
189410
855590
731801
400234
928000
523823
524333
802585
608247
335910
716606
265154
344529
48667
42467
461186
395763
6417
925105
401967
772807
208346
142581
202130
218506
334685
602510
958578
370803
757178
40421
135563
929407
783428
791883
936478
60822
765677
203501
346658
167771
644480
709238
689112
36757
60231
375489
856764
987061
126412
196474
93079
55363
374973
450512
668785
475497
688552
743128
435748
644956
347494
143361
686668
129699
790485
902768
960923
901317
735422
384696
83529
340883
771221
993143
687144
524815
371742
782352
171669
593272
67820
661248
941579
956019
345860
528927
895505
338712
931937
450806
982740
994390
324817
676087
928399
614787
362941
493469
313766
801987
53958
136929
58131
21396
844874
122774
959287
839349
776581
380897
910866
545969
870356
922521
908750
668108
279509
249847
377398
131464
513643
683898
392964
827476
891678
688602
230423
717778
925151
612326
462275
765572
853352
357500
960195
695826
767234
45477
525833
876858
471520
926411
355190
144660
369961
95447
530789
425217
592467
890475
12642
366128
721579
408249
294201
105228
174385
930110
622312
682438
316191
990303
763318
964282
196490
411230
448477
83776
150882
247481
358626
218578
457556
350431
213254
790677
253902
998479
322069
780230
968290
184784
547227
659394
158596
796231
105654
979377
885294
921528
300039
804305
826275
439324
599426
988635
757967
640858
955237
472659
703181
830438
517574
732337
768259
675059
254468
509031
415848
419734
857439
230159
916902
182584
305444
16563
888347
292664
403841
920824
356473
856155
853687
863399
404044
294768
71724
90969
730075
464645
876320
226943
53096
809407
181368
568395
809619
979162
697718
371135
869083
331134
249610
26704
626179
83066
209601
939254
509331
354847
406428
792851
170229
325051
285244
426813
613056
29489
148152
256682
990035
410546
757841
573495
89687
275994
52605
323797
363878
641961
613855
854545
959690
792156
567192
365310
749469
810407
667255
967552
127888
895954
348556
382008
488072
739757
198554
795719
569827
10097
721386
590273
74073
639477
450236
594160
357885
462794
657113
215170
384737
671219
83844
652624
105177
605124
353487
178187
165209
80214
714953
398405
63160
369828
624277
808345
878421
259589
295702
887673
983896
457478
638406
274386
380050
19619
546342
461726
737022
542178
181199
903685
972905
276109
788968
741361
865773
725514
798513
822189
410841
691672
447739
52920
65453
722664
656954
975084
97472
769110
660019
763334
48644
418754
803279
196497
660578
75343
950354
366772
856511
326392
941477
746708
12192
73738
454799
575975
959402
103682
946370
886999
736002
343235
417746
252622
782931
371635
567488
864932
728558
392884
149301
88483
728459
557946
637130
115891
228333
552590
247172
687911
277924
283742
72477
316066
18668
56702
694525
544679
256499
85375
39496
414525
411768
157674
122320
262843
578191
534042
702315
359477
643841
642163
190112
756803
667728
441731
480507
47339
968215
407923
490048
918314
832464
874345
395900
761252
748464
547134
156983
388709
104045
694615
414597
173203
913887
665250
428540
912371
822084
165167
763007
421588
644638
484392
231353
898907
77943
578479
614566
734124
159813
283218
82955
253874
241192
718317
795078
439244
371471
624349
139456
461269
629435
187932
953726
957965
656412
208830
865239
745641
890263
213959
959168
349939
702057
77351
435395
535775
213925
534163
577486
854124
910489
985792
917736
904947
956047
148926
385534
971024
567215
408176
21532
599914
922626
876516
799607
847008
337681
963731
8038
449297
153323
971062
664817
782088
696390
975170
224706
749251
893565
252482
99705
602654
45944
486864
89627
265953
283626
81840
354282
950243
55795
299529
32911
157976
198117
154305
913524
451518
483875
222900
477166
98721
186021
701968
130776
867782
822233
515344
418875
398842
57636
419154
818025
237303
95046
310999
900265
95983
566236
556759
300876
209400
83710
142079
5790
100373
351560
924808
962872
769373
637623
584245
479219
744331
2793
437929
733239
158113
459654
546786
743473
290169
307710
644886
706658
966825
666728
91048
955412
589970
907338
471239
378025
58309
344758
341156
428492
971027
332689
652109
600328
450032
97007
436011
281847
497731
995994
51988
180242
148557
260146
437006
576488
504179
164014
110753
221738
187561
502912
415960
66531
140733
758039
241620
548420
792638
437566
903756
803805
826567
658146
843300
7272
81643
397744
991465
494016
728702
802333
943719
352431
119614
214975
969383
321316
694365
621528
999561
613699
194732
825396
327738
214359
762661
597032
590737
928547
11221
660090
821323
537494
943524
609823
89697
861532
20163
345759
392708
181073
343792
519189
41781
585360
984169
258450
388738
213546
897579
524130
971360
502195
594085
973222
660322
767286
820734
471584
40724
895880
236160
308046
20790
98810
589919
573101
153944
53032
175274
309278
494607
170926
724813
816422
415185
102458
14208
115216
435122
721597
992720
720621
908604
716988
351944
268604
543972
376195
904828
664676
270959
250360
505201
441117
625697
64013
635756
511535
550493
921871
854678
963219
717854
842204
650824
783606
653328
242353
639673
486235
460492
283041
58561
457055
574639
754210
963849
656984
751574
542338
493010
288599
311927
655607
423518
571341
720159
497299
64382
744970
622916
531734
597881
358496
65798
554462
494486
319910
403783
33081
28551
93273
115363
732891
314034
230812
287118
982251
745245
92000
145033
861687
825524
710366
22465
36296
547514
302913
488324
829201
937226
733282
212704
629249
970249
541739
726746
76728
336491
194012
744264
462549
288158
996652
85644
67566
186582
717447
857581
110169
724406
727286
414547
40423
986008
779677
501023
837041
515449
959581
823973
490634
259396
163546
792199
155028
444665
787351
290991
559982
321658
97596
65192
612235
414962
255162
784985
802718
283106
675653
415136
823985
755530
853184
179591
907029
226096
208823
747622
302836
91856
130757
831957
946306
233248
108246
639947
858898
145342
27143
36952
155141
482168
950634
851835
519837
349240
990053
777185
248495
5322
539449
274299
169143
201355
574881
604794
359046
464561
140689
710762
522902
409713
623453
799784
130942
412817
388795
996545
950464
359114
925025
511913
625920
318809
200264
75157
774352
360034
594963
605045
411366
100417
890376
39761
617199
156079
235452
475647
241020
611598
646670
101375
947034
610066
496457
511987
735809
344331
173613
844669
951970
745362
502088
436599
25443
300304
822397
253322
519975
985894
513446
702123
264326
339772
67862
755320
395036
81194
776567
854507
640765
2236
151058
108088
796166
875621
402222
681801
832655
558532
650703
604180
37436
731659
504863
2453
949491
669714
800555
834477
94312
338615
97028
939863
578259
198383
372166
257027
981955
203630
517045
549265
665868
622191
948866
944939
912732
18400
10990
980351
27820
467309
385734
869656
992338
935080
356684
623576
369842
619858
856502
250196
108117
799241
481807
126796
219794
80589
627516
119557
836584
810480
65306
358533
122158
122714
101058
653226
407137
272054
709934
379368
208477
742973
401781
259229
339431
991261
721394
368787
462503
808517
207171
610321
610291
338704
676397
45022
493958
30155
534045
355859
389775
116709
296841
416924
607014
817202
841461
382987
874841
958364
998994
640472
949861
954662
911873
625977
888896
376414
330037
946458
48723
726303
442550
682938
178053
583552
53953
700386
436979
52061
347212
677314
201915
669696
73128
996713
570040
244779
40960
830496
344136
940164
579966
856356
612744
367261
158733
446015
134497
931423
256377
434882
129020
887956
946226
32097
255889
957262
604591
462763
670237
984054
764270
892708
804466
6644
352602
795136
853992
650232
19846
122687
278193
981156
593238
851104
422026
382998
38142
634563
943246
600917
488097
401886
382821
458071
149467
924315
256153
181100
526490
289229
138953
783691
236327
482190
869430
881527
944963
710774
39546
416462
450156
53818
856857
695918
678591
632414
784624
596484
247735
924248
58378
907123
594003
449859
826514
118493
517270
909180
392098
301520
675496
66269
961082
946896
905690
859092
997644
614077
108487
654623
884787
544097
220630
89190
247300
635736
118235
572148
170237
623260
284829
253140
157467
351276
974322
19204
404423
853785
80519
70616
952432
77101
837052
420398
226356
21880
66924
675914
253239
622776
888778
752142
52183
18212
744486
688407
736182
382869
738511
253238
649654
476370
420627
616905
396803
804534
337826
166262
352649
560128
183761
50371
79367
375671
307578
680533
840123
992952
606016
916292
415037
465438
686064
161751
897576
189516
746179
591905
817970
813337
475584
12215
512285
200089
523454
577868
609030
924548
729351
665068
365019
539590
99225
774865
184426
963682
781830
792421
735572
341443
159483
449365
974112
743649
596637
284302
612076
206156
621775
263511
79358
204633
248848
599051
123000
84390
891074
656433
732330
528843
784133
371002
531906
236062
85378
339798
736926
273059
582404
352115
745218
74639
539008
435539
782885
318583
630005
490888
811494
263770
180206
296271
137948
191815
334821
114375
145610
587500
415682
379404
500402
124669
16192
202613
211968
52797
729969
147174
271975
593004
776984
140562
357129
366414
523188
194640
32144
5139
987612
405145
93146
422504
892741
105116
344337
535833
179553
998590
750936
937313
208930
145265
625633
715792
398940
156400
29595
149975
188553
232788
222089
239283
990566
260886
581358
616820
947514
892770
748772
577449
249974
540372
72909
987562
654136
1041
473056
223874
162474
363781
609765
826422
174087
360820
694012
347510
365374
5183
387030
520096
223855
329782
968327
115755
236242
842196
635700
639734
448887
658843
752231
154605
337959
40205
128001
96981
52010
937668
307727
865590
347810
312110
739573
335074
456469
427497
971462
961317
714952
160247
102198
76107
173318
606302
264103
704328
277440
182559
323423
367560
704590
617936
164443
61268
604500
937624
947069
650909
468031
384583
600608
872297
671087
629712
332364
13143
808303
802788
85445
373328
874655
922731
528510
755724
750195
655585
813099
127038
204948
622028
263028
585886
293092
354325
665861
872273
863967
190474
138818
833654
883549
676847
442712
546511
466035
401661
821807
59210
929977
74872
389051
274923
66727
676784
284018
900121
674713
578388
768920
473026
447282
240365
260917
217899
49308
95103
501161
611991
2925
529655
66198
428179
451621
589392
106427
405404
171860
165961
447841
240430
627609
46971
396589
95531
896004
955609
44310
616100
171485
514057
388849
263046
414078
899289
987048
122404
394523
519711
682058
555932
561250
985714
935356
919593
257149
805823
135180
381893
766453
825096
576934
425849
77808
416639
352607
83842
713115
671291
846639
216417
362403
35029
27580
113472
769052
11298
342545
925244
389701
806412
423405
121683
345571
679055
913912
613099
843401
193869
520081
775997
281849
161999
487106
311452
745253
883033
806997
153062
44430
28201
523200
388870
460366
153484
415867
603235
656112
169372
195698
429736
148989
722905
776406
525617
529426
321251
634830
253519
442988
458897
189004
116536
209158
113586
6714
275022
956505
267358
839890
977290
281538
502071
645645
312709
923906
675073
213747
372963
653151
85019
711825
60508
394855
855770
429705
398120
302100
463617
664195
142918
975243
538654
353730
740394
920319
99651
454481
422721
806515
806560
907099
851938
724892
953594
566042
438418
249124
452234
783272
878004
129931
223668
51505
239179
53288
80290
871114
131885
36878
587709
903642
112647
231689
474184
398454
314823
946632
240153
80459
765482
427028
747636
204532
837986
697662
774981
969068
992803
951448
344314
882973
275530
850009
428283
728087
989674
376164
587335
135452
384949
942562
230508
407640
640644
376971
923874
495534
495555
823172
464325
291885
619836
267555
180590
169505
572158
333902
334573
4294
787690
53889
815652
901976
161753
42158
658563
333574
893613
620030
634267
298564
636915
685366
49633
168127
790450
507061
768130
828012
109715
240921
606301
183738
589484
770946
688354
566438
426347
920558
356293
60524
950171
183363
822238
728411
861462
585004
685664
825666
660872
735707
369267
204614
383579
657580
505009
281301
230084
202794
226362
990325
507241
830186
359861
697590
771310
898005
235363
160390
431067
495556
433633
440355
21867
435140
787258
444907
404148
726584
935206
797647
828206
647006
314276
455910
64609
118506
382447
598110
654383
42574
679072
28493
789947
186331
768735
307173
58485
210241
807687
491334
802884
999730
838230
709486
783502
67365
930637
789195
412199
982519
802154
760369
778707
89323
52160
956135
466106
498514
384624
855004
254503
561350
871430
691191
856252
75856
510642
397644
217078
219882
906273
687210
948441
103070
201335
626129
128376
94541
203819
958145
799587
954635
113984
858029
20141
906536
23452
912335
405272
993610
727495
575829
558175
815925
501825
156793
290848
884781
200511
236974
510693
298035
242692
508534
39758
133866
973529
65296
530332
260125
996777
46095
62492
426330
516667
210502
333166
973174
945548
841248
922673
937588
156936
101132
349837
233025
93797
265621
455580
116566
101916
124687
516853
366464
189893
784621
451671
747580
404495
941424
142383
777276
966617
408378
511238
312966
590703
75009
80330
123964
890532
936287
174839
464694
519880
904965
543266
678155
638470
417488
588770
877615
275933
550964
687643
147510
566265
146772
934056
18743
751981
420212
522533
30475
736527
757254
283478
856309
791857
248800
999415
675932
50871
20623
932576
884467
853786
490053
937877
258169
749304
137965
524008
281500
72789
631200
422219
713977
658354
153071
999030
985150
494472
416224
794033
45297
585505
986807
462207
321161
187348
644009
477671
441530
131035
828214
295968
314382
801682
537743
91032
311919
907470
375346
417377
160897
708120
34583
916280
48108
27845
710146
75636
33335
674931
347001
661768
402704
524770
344720
105844
288872
49452
750688
473934
719867
812514
969046
335209
671853
774469
701735
41311
814480
834014
270113
577793
541634
116603
57309
203287
449588
557190
886545
10325
121861
411779
369154
830365
954188
44837
882070
186923
485749
630094
657543
437986
622338
975586
607860
562608
309555
791623
591186
598752
675137
854523
753215
371196
777283
341137
935095
678300
952628
312201
990367
687759
976716
24587
191103
565861
883338
471296
86477
442840
790099
858253
58980
648853
467572
543533
310740
461226
428356
199978
495698
35085
645157
972344
231312
195142
249641
264814
71400
9786
43024
159650
103921
481046
157232
712543
884148
888020
666350
187461
440441
331437
192424
800126
303482
844699
772405
371033
703289
648458
427908
940100
717933
791898
701089
901610
420952
945491
56790
362087
603060
50406
417006
620068
333579
469468
930580
913044
917350
938910
346267
949386
97629
637023
417879
394932
715725
108138
279464
951224
231272
645315
224151
174377
131751
686909
227160
259750
818778
717016
619887
727311
947039
972244
556400
24613
483953
871190
729374
663997
59928
204150
738869
904225
66110
410147
534596
535236
868834
977716
900913
68831
830950
346059
635296
724332
962434
490984
483887
850622
418779
348936
146712
286011
521070
564535
312890
521592
545382
727097
705265
809775
442062
139345
435937
446239
862369
910636
838738
390208
319676
560109
960437
337378
505652
962710
218373
993569
79876
166799
294025
976327
418399
786134
242870
603646
576228
206788
792241
158128
605744
930424
480113
531005
712141
616482
576643
612632
221319
917102
463783
106111
261599
606858
187864
133397
459225
866134
756009
477917
324528
314728
818507
839637
302506
252600
281643
942509
203398
389935
378424
425954
346641
409415
58562
783420
672535
226462
776062
800672
924279
654173
495462
815122
450896
206271
77437
349323
168407
771201
62960
179443
84683
894821
360408
622268
301759
273250
856093
497883
804502
174507
377844
464099
774606
74010
709256
27839
495475
499705
978423
220875
35763
889965
778227
792464
723666
956224
416969
739610
430324
785801
475582
25912
422871
639674
29973
522960
810596
442566
120622
235164
933850
902509
352520
111237
405866
46373
301799
901914
64610
753958
114641
860781
192833
749395
580210
634442
917225
268480
762399
438357
316210
836644
275511
292223
649818
710684
19430
471396
212315
590681
83971
4357
538837
493480
204185
163997
104363
269916
899779
797474
282218
638170
233649
962777
15843
763137
113223
584790
996377
572148
50532
4751
165654
606085
600064
576348
767640
45183
771566
834638
16617
245328
373441
804585
956300
608721
267467
452223
536851
526068
809536
117994
502094
656393
790842
914405
924573
50669
329494
751111
355303
681359
706235
836254
36131
133152
450363
130084
909651
979671
659985
832096
502353
844062
983242
129756
955394
105372
252097
603839
568679
189280
630275
605190
993490
871399
57489
70947
43061
189898
155203
502322
971478
94791
273353
978772
578590
958313
637133
744298
649425
80279
661236
910320
221785
438583
814212
627763
470715
71229
194208
241136
570987
226260
400174
411147
14394
170087
589145
121321
673325
868044
353586
887018
702506
393997
154545
820934
401036
612309
307866
734275
339157
118516
505915
793616
944643
953103
975633
906242
865595
665767
740299
768552
374242
966148
972774
625100
817739
126845
364087
288137
177930
120999
406599
585668
500391
769816
391192
185352
923566
936151
411654
185218
735524
450465
305289
559893
881940
516570
133143
390235
983751
960143
923942
591866
747665
598564
522063
996702
430472
43167
464398
685528
594960
353935
124262
400083
605202
771482
839650
369390
688715
359650
712693
912315
818368
861396
107843
326932
29456
963405
684153
104405
600290
67048
242454
928889
172156
442600
597965
277460
234741
905343
943427
863978
981955
401337
592691
891179
270638
543560
132849
968460
581478
462060
872268
262723
151599
460991
643916
512927
209210
211866
175578
827265
177424
785895
357119
600635
844775
525445
924997
176899
387351
714641
170490
578323
139430
597207
496978
906849
567103
671125
38252
714230
635458
73000
464941
501294
149493
978582
189577
191115
648855
941751
156640
719029
666709
119616
544324
413970
271062
768429
816729
387838
8625
572043
492758
808167
579710
106719
201000
839880
971402
349238
823157
677120
134244
491979
481469
103630
336148
43598
298461
535020
389868
84311
150062
354180
968822
725031
57674
426643
827276
162582
137198
808153
693191
749919
243579
419706
130063
366148
136663
292341
197458
4063
794352
771134
913360
444423
994849
83833
379538
447771
750957
325077
102842
644206
378472
227651
407158
718479
535348
934610
106703
388083
41641
733545
920990
518273
584334
79968
657245
849658
662660
371899
297307
878532
328771
335555
342985
58193
214971
360387
863986
908912
626076
29532
927816
850032
576497
633029
22489
996781
285735
243619
203169
70392
296876
893953
593976
794407
823539
394220
648364
395318
69139
74478
552169
716824
365903
920869
576661
962142
26545
509567
575608
300099
270543
44820
492761
538769
237935
465311
332388
848052
873031
195802
647814
865818
635741
362870
571163
259715
405965
197684
396799
890666
84585
69923
437569
609616
71098
602486
997110
699489
209957
73345
140649
798661
808809
895760
571568
548678
203333
10148
748186
594201
326390
545931
446596
249163
469150
277595
394763
718153
444417
554058
338779
353996
495912
221165
91110
545695
993320
145867
829937
968910
949181
352926
791240
598701
99343
627941
985618
215298
878871
624936
620223
6928
34587
929162
640221
614465
985045
14148
851146
856431
470578
71876
667972
185870
303478
571809
305244
385978
746620
568633
634314
827609
88027
207721
836889
477997
682789
258024
981315
810489
213897
308288
940631
304460
813272
841962
95638
561454
670372
591366
435486
311270
114052
313204
198846
5670
571061
321938
408232
125653
218779
103122
248964
722103
706149
790902
714337
510202
758158
769067
14726
764447
342463
292160
641703
889090
206801
214529
238195
527816
638193
660468
938634
687461
647645
422063
122508
305543
712650
468564
800909
768035
467176
72299
713252
382874
796221
257690
390307
598727
536430
229187
365025
216296
918109
973306
519090
665446
250091
283809
433592
25410
443230
76643
519443
268510
297310
41417
462259
754790
408794
467004
799887
166425
912904
551640
741678
710264
489801
155496
342627
541449
687594
455236
769494
864008
661703
801988
201532
99563
210314
319648
23080
869457
702545
605158
62843
227142
581870
384470
774456
158133
123271
909725
267378
641195
352926
205996
493606
393411
188140
8821
247077
564276
714150
316162
854634
691955
700641
157170
974346
858694
174161
37072
361289
429927
171949
791249
663624
44753
286575
431018
712604
162538
700279
775180
318523
754188
754127
101757
27216
520433
823433
651412
340718
869179
319941
581393
588832
899678
859471
982742
387807
159211
582245
279942
925533
745081
143893
350073
755710
979762
499141
56089
804070
134263
431117
275868
495213
505521
865406
373854
983279
470709
57734
367642
523649
102035
221803
376197
465726
290044
970805
122823
817407
309709
772585
619670
205736
435196
333807
269489
687263
614110
894101
636471
540952
751762
881260
145569
533772
204046
95312
900770
436808
347460
514182
683034
71842
802224
21950
182065
774534
858625
137655
254550
939822
831393
209601
447316
920560
249507
506142
432910
392241
30408
367042
491415
781687
703406
605178
591216
468317
792918
658665
638175
76639
561616
560364
964008
572053
837445
6815
927723
182845
777057
368889
552665
350065
839067
951123
144276
530487
446050
621574
438627
703991
583589
629745
513807
819655
231871
588826
298397
877027
718014
635884
189479
3832
570447
542238
215833
565919
885703
424884
239621
726503
126672
231519
82404
454091
966702
702784
295402
724290
33645
887435
4612
601782
786857
475334
988337
893324
201594
128943
356218
562210
833210
686845
387855
759895
185715
21119
140736
834371
706282
789089
201301
177351
91522
908814
211594
757312
69967
143151
849898
71637
937976
969552
955334
99376
726728
135140
83794
265290
45585
472735
915677
726110
913917
612033
180588
104639
102002
173811
943282
391237
588705
109129
174125
432547
705452
824296
398239
493972
571442
770817
324647
230836
356856
950715
924860
648299
174133
789231
695879
840964
686266
796237
251034
129564
43964
248092
492176
23861
478207
483230
846849
182570
656097
664721
774050
150909
771137
508050
997304
685132
804810
87645
53431
773667
39584
836079
994811
666794
290021
554188
833314
290751
884712
492125
456580
844511
774250
628913
389776
323133
673807
141220
390084
397045
215710
708765
909768
443546
718709
127024
828520
472107
361484
853029
511276
16293
428451
707088
663062
550770
249035
788063
805432
711871
47566
861618
709935
342187
23933
383012
260096
713051
169108
323625
401741
63850
931147
678736
395123
295166
152700
839399
894211
558390
174571
478077
488476
81727
633143
520450
263650
810438
784732
774475
51165
375431
462371
985010
458160
756932
400551
592667
772275
735314
960388
563089
304560
228941
754333
854350
590199
588716
371274
616729
760030
83631
154333
719754
986905
968373
554703
621033
70258
688938
522060
174837
834917
333277
506904
610752
882970
34735
99164
209463
819519
794727
335249
92224
581185
967843
482952
621564
780200
860714
992019
86380
183821
933148
208148
384111
966008
170250
293344
252649
14426
488418
133262
23232
387619
273603
770594
125056
157953
577519
253137
447966
279415
581086
24753
251802
503701
878703
626687
502973
935834
143546
713548
743618
341986
414080
99396
878545
294733
499524
320284
299110
21935
763635
895512
842257
45485
236350
600886
187222
984890
419337
60154
964724
302062
949819
670359
320259
639680
477302
931639
409014
760544
924000
954727
118593
238580
138144
338018
224084
4076
944357
449785
186692
898500
190304
104667
366923
866646
995602
143431
281958
503833
480063
98251
688348
286074
839682
798455
473631
40085
523258
697187
139211
151952
384994
858650
509195
391764
565375
360930
433051
261929
565554
509801
304296
964461
529901
759950
356819
598321
785410
839944
2836
965936
89367
31543
147515
480493
67446
11589
650450
720040
895361
816441
620575
852028
181763
10712
472582
990424
172705
195064
928522
713944
108399
231074
748532
657023
556638
719203
565388
769043
790740
223663
285444
616534
300756
22323
384629
307292
643292
269046
514368
305102
718222
380203
846999
609593
952198
37781
947988
40723
152714
573783
714694
513996
522463
514711
4749
332429
597240
92366
732059
549649
949130
401392
306266
602588
443195
983794
367404
728027
544952
286012
870798
35802
38053
782509
72150
564252
910704
84997
203611
368346
286271
306996
138099
655259
843783
820092
920279
715564
131006
523781
280547
321085
452072
767741
945722
443224
848334
637289
18823
298366
979854
603853
148574
388640
978699
807924
252416
946423
143492
977437
349373
479872
541571
268162
399732
572632
370540
963974
744438
320559
420917
876218
72713
363820
622516
209740
269768
975581
495187
246604
646888
881241
556961
295324
819285
55349
668803
89588
677947
744095
601864
808463
673760
90522
101786
151350
141678
13078
135695
490855
329935
198699
786783
640226
737777
384882
492081
870671
124713
994560
150542
320335
188979
47872
12023
210077
430679
505900
812753
679841
402792
38504
84350
762001
62887
282107
151816
165316
366404
210026
418423
938197
917380
559219
778626
392368
671550
166499
205346
724412
365055
269780
41281
893221
78029
973895
228050
985924
94089
975194
967354
507950
765037
241126
113067
877846
727285
360055
289874
177504
783387
227561
290854
320067
212026
233755
122913
364313
643732
921555
705612
610886
31023
805486
55154
259139
701274
186882
972726
567686
487821
66194
527681
819600
385902
261228
217171
952786
527280
406051
952891
729661
102870
223141
301730
342117
880086
595448
52673
511760
428056
450517
633267
794593
708189
477665
760868
897564
317309
808964
931049
459093
830921
129576
320554
117946
128015
345808
594170
482873
606075
431634
630279
536079
724250
847411
842541
900399
369978
190877
763301
923147
622254
841663
87386
886145
934894
365057
250972
786277
565722
487331
709613
514983
503711
357937
456249
602785
499954
333733
727395
708800
654138
841881
509755
271692
338890
529831
388939
344213
251276
375711
448465
564668
588985
103588
665350
254171
660932
6435
575133
842130
533143
983345
365063
433839
56948
689216
402291
464121
118078
778494
348628
87961
899537
950987
911514
875494
509323
417748
6402
375627
813166
728593
879945
816023
874014
275607
169468
832929
819460
351770
94315
297110
313749
933187
387835
339681
285997
359274
570203
837365
614613
805297
324175
614906
245924
775228
736232
758290
97473
717648
927380
491014
115206
436039
51217
956946
457920
921389
238781
969353
917459
606971
458058
784230
191610
201710
595597
547953
759021
812738
320565
547531
21275
418512
984216
921302
267286
361473
119657
845891
152911
173486
196486
797625
912054
873814
332270
411743
321539
682235
164240
51334
804819
805209
371838
293302
735722
891460
645505
355347
991959
681245
931974
482348
599157
59824
859253
126177
154125
7533
133730
141102
166489
914497
354460
921240
514148
192017
269923
395570
459405
762643
530936
240844
880234
206408
151052
738425
131336
526682
776282
79036
12113
185358
439248
787087
274951
485925
147240
112847
614508
469013
661590
88455
914820
570911
288282
452375
907890
227469
415733
416832
108799
344714
76408
86415
541114
586845
901559
526180
907641
892484
267229
185247
470397
152937
17305
688294
908980
93123
398519
588820
791959
927180
868169
941377
408500
46554
152771
770986
458950
321693
152231
83197
524928
902132
441429
560580
488553
644332
166724
284587
738208
467221
94350
987375
756673
330371
201573
204645
169568
496094
800611
441573
40114
106854
844672
30225
143756
271944
909277
24197
776963
819029
710269
280093
938994
704613
71443
525725
890777
391623
37493
396545
801314
542755
917872
80610
696448
924719
39606
839554
271920
357322
99059
910004
681505
122616
750526
320171
425136
967099
837738
31581
196044
764682
86587
234579
931577
960305
494133
239376
852592
214468
278032
792155
213027
970625
103369
346091
185245
889665
275474
226287
323336
248667
732586
149879
753929
442326
776391
615234
344454
450248
345711
147237
449415
603023
668837
402644
766906
697707
329409
706128
96144
852471
496153
676333
954758
112450
106971
560767
855294
926030
399933
852961
565643
181860
506187
935073
675532
62610
22879
405003
92399
488963
652655
278352
378071
10425
826240
143763
397144
383657
93753
487249
274719
110003
231186
802730
422639
769084
992299
223952
261638
775146
118905
576523
609502
556667
125723
981734
348431
350722
167627
873850
697489
517312
254831
278804
931680
957275
109583
833350
9336
248125
736994
4103
687168
326412
119361
264711
340547
59265
729725
891476
616921
161383
302220
347426
696740
876082
655966
244730
246454
582010
629838
101890
614032
706130
781812
819365
621765
191945
482263
827870
726014
763325
587903
233830
723478
805207
976617
447096
523877
597158
143700
308285
431131
125659
350649
723290
372802
879199
291095
287954
392357
594701
425068
363032
417295
137679
666304
476341
816172
568408
127962
671634
430221
378683
385046
866147
841799
839015
991631
233328
843450
70336
158774
466881
347183
393626
494148
880678
252635
473812
663116
339488
449985
722063
197353
712880
184179
866122
754647
551545
453112
697691
322078
836116
646089
475532
814569
950512
564022
209872
738165
635044
40166
312865
177317
496915
783355
716599
541106
677499
614932
923174
979071
773466
476972
292821
196298
510205
13791
213206
18047
627046
112845
573799
330727
537433
576535
479556
584189
324547
166343
448807
428449
644360
321548
197086
690534
29672
738850
214470
42438
213516
122512
512361
81717
727731
955915
958002
595026
424500
266232
884361
433402
949359
574351
490767
922551
249876
163803
774711
971414
761743
773918
792767
887766
246927
743633
373322
733756
844658
53384
691356
390340
663503
952820
919729
855346
795359
551491
455226
269446
762632
424930
221877
899469
933960
49762
254312
940820
715834
921592
160441
587832
285960
732254
613421
319129
468398
891096
89915
797037
925670
699089
985932
397296
837430
923748
551634
685881
786578
368054
846594
238504
248879
644480
409327
224508
662757
100010
978949
324801
135423
691923
724830
356006
41699
899053
994244
756461
483544
375430
181316
259899
897081
559137
712747
260687
562357
611330
516832
135311
982784
227529
161309
311038
738522
503798
845772
796427
822010
130123
434426
354946
885207
591823
744698
349605
723602
598318
230425
856918
660675
631358
587449
281387
418654
755036
652684
942244
78786
881013
694959
186744
624478
833313
962848
230091
770368
346665
242270
709949
214971
565737
592092
863708
867573
113681
968929
427897
718347
76677
58815
349016
315873
433188
786413
599809
346121
944294
436291
580275
422222
57951
379282
703800
727775
889056
353566
56532
634579
892989
149818
158039
231325
158312
302334
990290
3661
735548
379686
537254
838464
654678
228938
721784
788070
774814
529526
369536
784878
232164
425317
734977
237456
412772
431775
107795
716598
717932
838444
533788
730376
953813
529715
698589
407699
389804
910324
64552
258837
234165
434975
905136
546535
249477
804047
831353
740295
51406
555110
940206
622017
373880
403461
601105
643450
737322
175976
556684
481561
222311
789789
789991
20819
286229
402527
334419
330513
587802
748115
518499
811711
475231
305438
966490
444275
788726
901345
486943
879864
23000
637330
574861
369719
303559
367224
766311
530945
850322
253123
374505
992891
958391
91205
890425
646631
264610
925009
50300
728011
623764
466927
828805
723008
4511
912632
568169
866456
315981
96852
536046
290285
530721
97422
208610
839810
437237
256785
126151
230809
578562
568898
662444
85329
518526
996985
760087
153464
528224
512924
934366
970037
772671
311194
35989
427851
567128
674114
938465
321483
569071
720381
510763
731161
543948
133614
564464
842264
557286
754277
606390
909429
282462
366970
447833
731661
963106
621708
603716
558076
445170
588054
985467
528067
188479
618346
425428
80725
296879
435534
516422
971390
249982
396912
675225
582513
541886
613446
309693
616748
216255
440326
976567
204042
308105
393151
661942
357413
560134
612563
467012
380773
650813
658513
955864
137322
573689
776691
556104
142098
546312
625905
899099
442151
702303
445375
666876
626280
95259
266538
216523
190002
205730
50699
340046
388875
434600
88229
557573
873099
737869
66337
360731
935016
369828
605027
232696
657500
915663
121608
32947
981237
805062
632575
295781
640697
443702
40193
571545
152115
331462
176238
683487
727902
413812
640261
911552
108269
829662
904128
988171
67765
148957
498314
722190
263160
714636
849566
951009
250063
900710
962813
823132
237043
709901
333963
2024
33064
360679
681159
10611
802246
148899
286181
293821
551717
362074
396106
373072
477092
386064
681444
159436
720086
13017
153955
694368
231242
447320
697239
498389
868598
943971
746151
505284
31552
143042
401067
413352
798440
987287
458791
211022
707924
733015
754789
799913
730809
582070
194478
968194
231780
762529
183012
758796
266979
152485
823423
775125
786258
70765
462434
865625
804101
478824
895513
709809
6863
487561
273074
542440
542445
864360
693429
669166
463058
854214
677505
210214
470352
638637
839556
240218
281376
92918
590742
426574
444494
659749
966195
996594
405188
383278
415379
839921
772273
84123
625768
41190
345557
487429
901747
141358
755500
917311
238979
634072
742260
16531
271436
73273
362909
607204
274976
57757
792845
530674
191180
219480
617036
388348
952978
663994
124755
493248
447550
978720
924908
681630
17575
675047
934661
650203
71812
261884
477591
430785
258536
282575
952302
355491
362331
995046
598548
583421
182871
636942
741790
396154
24348
932140
562514
493712
3248
853553
828339
650119
73847
7851
985068
440471
579562
306361
29461
352430
104567
355479
159076
656336
631925
746519
946227
288601
399362
967793
908009
646814
653756
14641
415688
675570
368472
345550
429459
347012
789154
953499
146330
149861
604561
516631
757283
137320
556038
386911
773431
422307
72097
523907
113414
951569
286080
733813
574647
78553
706838
801437
627920
503914
825699
420170
931583
769981
410005
882628
699139
498556
218683
251581
31866
475009
203170
495525
245191
968887
238414
295645
956383
555869
976470
596931
394865
486889
288157
34220
143088
50953
329129
752048
335550
356484
45281
548958
124534
236159
429415
59856
705174
916188
917904
892698
466376
25533
113916
752540
242315
140262
924055
85687
177794
981505
341419
426076
555545
32762
279711
200768
993936
241098
498063
547116
703718
678162
932425
414576
614050
137245
204962
574967
288960
404040
859764
137782
873207
633342
258869
106751
883107
454619
75060
262386
444564
703282
769010
70866
925555
347306
91866
50485
994443
244355
824350
379029
892539
569014
581488
455557
45047
770811
801434
543549
947190
263588
175611
509142
177404
634919
521119
976913
314308
646073
411897
268817
945033
312725
523263
619369
256113
95323
316002
242640
247447
397462
111465
811697
161331
502166
51753
704223
670312
875900
674979
855334
631531
69652
178682
884221
508171
662172
815695
812631
712096
262947
337787
289752
839188
444813
980648
999333
369417
916723
604493
388884
93670
228839
762756
851587
50049
811861
543241
341124
558442
930053
97489
712118
458642
303164
537604
861359
96535
638594
493785
306133
452269
359615
814285
893900
806890
416895
107520
776457
236910
510037
247084
561029
500268
723483
360066
121230
682778
861015
476387
697015
528817
761785
929784
350768
268577
419008
112814
623024
299349
879165
985617
512014
691614
575216
855044
929200
448766
217486
837146
975962
515220
767204
608149
945192
995679
438613
933689
458775
320624
662783
995403
156797
391921
351164
779755
366105
413643
934149
975691
456581
334841
879216
613131
329352
520551
20954
346867
838152
575942
972319
22732
87516
445103
603334
839579
311808
219633
754042
338427
70945
807737
501747
120790
576409
302237
847732
411200
186165
879301
467181
672368
968753
595446
337856
386587
211909
559676
848608
612846
644440
319732
145814
126504
897235
789811
190558
905491
632017
470422
136814
288285
948530
430247
107222
743767
536271
965545
390978
955849
761799
831745
151005
55791
794104
737601
223184
872853
789770
611217
267880
531722
810533
613820
252502
648324
986690
685525
468623
366224
673439
736516
507860
497267
482444
733744
793484
688099
140387
926090
599117
186779
892309
850356
578681
395167
62622
348813
170181
884108
947994
787099
859413
366619
544562
980051
140355
290354
157103
949447
510527
539558
931631
856237
459408
544210
891380
942983
635769
261005
651994
708148
794998
267978
150945
37779
606054
570001
910376
744528
854978
114326
456955
691916
16523
953779
585731
235757
45698
181383
4188
234559
197585
904874
867972
129093
868743
327372
202862
667169
711297
224297
93110
586523
31140
212458
479152
429329
269318
25180
69401
603900
734508
687365
772271
468058
937326
476776
700636
955645
56503
549783
385486
772848
749545
335472
770658
87873
199197
177653
627646
625712
245256
901772
844158
662386
721081
365583
511493
280034
912190
359697
278646
22789
311591
914479
935483
124664
810978
273678
625410
887929
347269
874358
554696
997902
15083
155594
987533
591573
66677
594275
454823
946985
370866
576009
76659
84398
651609
433421
20262
552890
75187
127366
996161
954720
183637
414374
448099
499802
652427
778744
620664
190418
920401
869368
221200
76109
682747
927502
847434
726261
206004
220841
922031
814593
376163
570485
186011
58819
84969
183480
894549
415566
463687
238478
95872
134465
100445
762815
926251
120949
782221
726010
86723
391935
504702
143665
178472
382626
219580
95952
789852
994068
735485
345754
991896
974059
368639
686499
671801
553956
241932
657764
951575
258448
776223
122494
865590
258780
420065
380878
630614
698683
373068
676713
209893
918962
509425
628596
955797
565823
246548
977187
830280
761063
526965
577612
652646
103387
171882
194599
854673
728198
874855
541860
864240
401014
546144
524393
891496
878692
992005
592999
776937
485985
772268
4824
701732
282208
651789
98263
38874
294874
59878
958171
233872
25953
135743
306577
674015
658501
960200
311638
204264
568733
639838
497294
561188
770483
908908
62052
341977
287310
405806
505438
819944
787100
243729
690075
602051
279356
189111
974892
48317
210278
785430
7629
877626
898616
352320
46399
240133
419037
125245
101507
921920
835612
238740
231668
586486
137979
350057
737410
72525
217293
765056
734407
903383
299295
616672
954631
560455
341371
628178
357385
454336
106583
933705
626252
17097
530269
85083
725928
299357
156184
109549
508675
552736
569336
229486
499372
833707
555906
280698
953943
679048
697367
794078
307445
316153
702302
870267
354416
828787
960401
268163
720512
412840
768993
267745
879789
94466
622663
28341
344929
496747
419112
112317
749993
532233
550948
573519
872776
108807
189308
822594
389816
306831
424157
404653
316350
630932
949837
945095
648680
183051
228529
155373
837286
555961
493112
6275
453059
951143
905256
243058
997630
503347
992515
56463
224841
147905
227541
466011
313181
296334
348445
708199
795576
22373
5654
111760
972276
914282
874209
654056
542469
941779
523536
708021
404687
773175
356689
307027
303202
761598
224117
777652
424083
379065
374620
780744
430712
435403
106623
837816
192127
609156
464410
488395
843755
293710
170932
7468
346989
939392
42060
754691
370843
77392
174690
981759
859855
110373
658143
699765
333855
142795
147873
914082
216692
332352
573479
42188
429833
522283
648598
656519
563394
154092
331366
789780
157734
648078
786092
551140
287355
601113
792388
186362
557885
842245
824602
56174
997754
175881
910869
86925
635853
599312
603618
872222
234421
578893
309272
292672
157713
390053
144461
350191
721850
933899
644661
10469
39677
405354
967281
754269
859379
915387
172860
403442
984767
553078
901933
865830
648484
17253
880425
471935
265217
176787
513513
590476
606761
884516
567588
102278
929891
600126
993497
161041
758267
263269
870971
418274
410435
39781
836408
894202
801961
508392
476648
324304
747062
726631
626639
446604
672417
86781
850447
91632
620366
803863
559469
128209
847270
985096
591421
36675
176147
921721
64301
458260
237464
104830
545132
236462
899468
715587
504757
73440
863025
337253
644860
23478
141237
53533
609715
913988
145796
226839
29561
178242
258504
38689
366752
948177
753086
592575
158745
599516
921974
956379
906750
46170
454183
655641
604668
229999
597676
836425
150235
660658
988767
867766
851244
908810
302033
174299
665358
405745
766051
162165
285148
354394
925700
889460
332023
402543
832263
630795
396907
112499
79263
49958
596352
496967
746875
631675
412640
599496
927544
383162
838880
289877
617287
450974
919788
190830
840093
744549
603156
338296
349456
77404
338221
43229
509781
523156
452069
647952
869907
188273
202727
209518
353443
881120
396839
413376
389223
155624
269130
990109
921476
167386
890933
126892
341693
705827
924593
418888
679533
785984
134584
980284
777441
603472
997727
962477
625168
597381
149791
247831
734711
282548
461057
719407
25237
755533
440678
715880
670400
760932
996592
324498
355811
422317
991185
177500
357461
100679
589934
629626
961174
973743
988463
19746
871720
470933
659750
699056
669576
447691
682649
105641
258887
694298
156461
228188
832522
929391
5809
827172
905882
646323
111941
201675
842089
825784
40102
862985
115746
508175
454359
143978
113003
78710
944492
801293
685370
153966
427894
400328
29009
479787
548358
183465
744023
162085
348768
448152
726805
900300
548670
528344
604298
530200
556157
119916
388459
344254
389480
251862
859066
409918
187808
107322
535361
764441
173861
73250
918955
952417
531267
513179
270976
286376
22107
551548
220219
97818
558093
331846
246154
629351
947903
999719
793762
592024
494285
749209
852924
443523
629581
428071
715759
721690
352637
481936
773483
800669
948875
19268
40015
711600
814593
992587
387880
34311
109260
674117
749383
342717
981031
443852
762750
567044
988009
180597
275318
758839
189287
93174
284976
185868
662663
580833
389398
653989
252258
880719
533693
918853
176021
636376
691130
561951
591333
335998
643102
125450
564172
509801
416399
215058
181732
626509
346884
355688
537327
829991
552220
882553
946305
733223
773532
308316
229898
165544
276164
676772
92868
820506
88844
666069
912501
561025
154176
616564
954465
407318
950901
546039
553424
495499
429863
180188
65079
890732
440176
172118
547718
742753
398887
844129
130766
765968
183251
925751
371852
884447
562699
133979
429014
882071
945643
802834
960928
627108
652213
270321
515691
86713
211841
38866
188940
148624
976098
459488
775701
84431
726999
328658
68706
862918
876779
613941
675137
953685
815402
862305
793279
189291
111680
315085
373195
707945
64751
379135
611018
355620
871084
456924
151350
291785
410967
963933
254579
618204
19222
483618
977200
400473
815117
481697
279542
454331
571707
559159
306705
698842
506164
189343
96087
538351
968119
823616
442137
906932
211947
223584
492134
339814
573371
56567
111350
726444
573386
883806
318970
468818
534357
546342
991806
466030
565476
98501
986679
168483
245357
321772
747631
970051
616773
744564
982026
822608
235139
304566
297908
378203
927475
594425
474729
849422
530164
647046
651168
648325
835439
517336
74517
766230
556084
655472
869297
885937
263923
564356
459289
620579
806355
41751
407120
215605
42866
439460
356234
931825
766714
985140
223822
993028
593756
858127
231686
461183
610604
987279
477798
651320
602201
803600
964535
944909
692743
68035
767295
916488
893003
449826
508175
477278
146498
921918
856553
712082
50254
482483
786059
489783
943
90750
266268
696082
670330
715365
364914
908445
58424
909652
365950
146536
722461
817864
618325
977243
5026
153380
777179
560534
827458
65505
255566
569017
165711
817827
149548
867839
580846
972326
958850
762117
675701
107031
725779
415337
445407
36351
577377
891662
573418
715866
941019
342011
233678
314118
574370
939107
768665
326039
610426
662207
564395
46087
599242
317783
858380
136651
343247
445217
483109
406912
495011
798720
782946
302660
863078
973293
471009
629090
606598
657011
514519
694181
115953
273684
673472
701389
295124
66441
183168
339232
599758
586471
942555
836375
982006
352989
39374
662969
60741
319386
729032
882630
178274
617931
758216
712649
372617
323138
678228
296849
40087
19570
809683
172857
374772
14999
346632
581218
404509
84275
964651
680834
724236
865586
298149
592150
273735
442799
516969
308019
607554
574159
908458
987258
122994
174347
490556
415146
103792
655436
430795
697744
441285
638255
601842
433369
30104
839656
838521
137160
831473
314178
721198
231874
334697
397700
658846
532038
56881
515440
3568
236795
129275
618085
324383
219618
358664
466532
600338
588843
516943
411503
389594
460835
422855
284365
150727
388746
425489
595691
836839
248963
627205
21468
441244
191012
484888
63297
423385
253293
377383
610436
55097
467670
454050
317374
398332
37505
220632
264825
439390
511055
485146
298127
282774
267855
834255
812849
372648
572624
529940
483652
232487
844311
139341
671653
666379
614380
381197
508237
13930
433167
964446
370768
486551
235400
780013
338432
545876
177628
837909
77166
424436
336411
183622
914640
68562
995223
223698
192574
570728
409775
91732
78807
110541
491593
441597
393920
195405
705054
405372
795596
46758
43246
562889
883192
77853
957461
211087
801549
493051
825846
394484
767720
609192
718099
972102
610262
389218
952511
120067
75801
482970
182890
569989
339208
405867
295644
22280
804818
636344
946813
968409
158691
992032
334928
989085
190303
206817
865664
654076
46091
964806
190227
807848
249995
524366
307835
266702
437446
934043
213899
654615
655589
422675
862599
174555
726971
546967
1812
408099
457215
358878
725902
741209
237364
737453
17720
913934
118057
576181
790158
851560
543324
396105
473463
409958
94394
805370
582039
888402
204674
675281
849856
617090
447943
220328
215496
749066
315412
633637
272181
301569
943785
360148
346133
716398
317348
288160
110571
402128
193275
129390
125059
972295
215078
466007
699047
947298
432282
571583
964970
48198
239727
431318
964385
269879
263779
290539
644594
631494
656567
217320
399044
333591
298743
916526
211862
777742
118295
821454
404267
145750
491065
962336
397411
337422
187467
621700
838694
67024
454350
626035
376185
612638
736049
884544
50738
47531
301851
467761
856840
423300
536456
197044
543364
296921
733963
894016
691732
937196
584881
845065
793086
454165
441414
776671
50482
89711
466801
556324
989752
605859
205498
824872
42248
620495
809581
279331
119992
112402
333398
516110
714000
768758
908971
572766
894137
380347
124297
132062
764756
726716
644823
775656
537640
389184
245575
590719
830387
31328
730427
996876
206689
430480
810500
365364
216410
628875
40581
738194
664438
279327
942326
924310
557772
493842
331972
412409
65320
629040
343638
485980
314458
741362
2667
973692
495083
303693
88095
795732
837995
470036
745421
60368
349862
629706
192397
694633
678901
663304
889438
741729
426544
247367
438879
760285
71105
304331
163768
872538
504852
143981
833814
73613
172650
173635
64019
911131
731469
812973
958643
51506
249566
233919
131146
952770
333642
29254
639932
787868
596123
95353
983005
30501
35435
167870
926966
392630
613747
778069
169
171092
82753
572965
507884
598855
909384
211681
150257
631961
650513
816663
14758
43693
735376
80085
749656
138105
64785
803576
802291
694433
774929
124242
823972
899633
318121
617719
783327
820791
708453
883749
68156
679163
429683
20557
984380
363036
790775
297922
909098
894601
988156
986109
129245
433304
867204
886346
727386
333958
492736
795795
147350
257228
694043
120583
338072
915354
543664
425255
970237
774003
936029
539117
409174
579300
3631
537049
959724
418594
966652
800601
179171
705279
225424
655188
887292
445897
936383
138771
366324
173375
801114
451084
298186
263473
897852
704909
327966
278963
956548
770562
341813
935293
431965
368675
306457
544738
488824
575420
624157
828843
891483
513050
854206
271632
579667
823695
55653
358610
662597
365731
39306
980600
711139
974487
833074
703331
232762
524822
379416
325328
79463
203835
554922
516010
890026
664313
665514
468810
759250
609067
634101
684492
942424
114937
750305
157967
217864
400675
501567
823112
796890
187949
458432
180483
893535
585832
898355
459960
929559
348696
543340
217862
821663
3527
104513
340943
69319
545445
573230
247983
337922
652122
546264
579097
754295
944874
87278
697232
597364
240196
714540
471936
615426
864103
993017
665143
8723
450034
931953
591043
561048
923398
535549
32744
520239
838105
479901
382078
873722
871130
391879
131429
871691
424188
938985
939366
366139
669602
776843
22888
94106
835301
581648
975180
889216
99589
393371
369125
469954
318953
68943
41751
714880
468692
130606
784907
41692
865703
929123
770252
451141
737229
417307
156929
69105
450374
380877
363463
823081
878996
488411
135467
176510
771708
478288
766145
162841
572857
465993
547107
540400
783235
206833
563657
188821
164598
720549
228802
45352
555619
795190
706381
799725
176496
621068
571542
621112
354796
668455
134288
367749
446835
38081
261995
997668
356026
416208
766387
992785
986552
154600
260101
996578
202994
301948
385198
868505
628257
518660
502817
659929
496769
9467
883285
942966
705337
989440
822265
715621
442210
976476
936981
988882
948213
809955
962686
336977
36438
637811
328757
109228
189047
736090
367966
962203
830250
162004
702552
127633
801991
248241
875517
354611
477046
124245
388855
513635
360922
913689
113213
404091
636635
15632
104233
494102
777293
762276
14136
58184
514242
300446
16349
922989
369833
193412
24770
177567
446689
215068
373020
779841
59806
221711
426729
255992
418806
18793
472649
135546
68617
628157
532791
111038
126347
364581
647586
488915
289008
982247
425324
498637
549746
927092
344702
955930
841666
834186
582
766386
3849
62137
945166
716525
143321
355650
575738
659566
167029
759066
859230
985213
114233
346767
747385
544627
849511
260290
365586
428942
222864
531346
779182
760484
106204
77850
196395
747317
347510
635280
440701
660185
451606
104206
989570
645400
636268
445357
577027
470680
617254
320205
23049
667697
946590
832882
650586
135709
267939
399177
58063
512971
568931
100936
837779
998482
991858
787827
682554
3778
954233
185978
65787
101911
667198
920256
21068
737031
497355
957110
150552
225595
310654
789734
846560
952218
921389
53132
644331
492416
817971
458206
948075
132877
748635
442029
309550
478938
68968
742179
225789
872391
52863
971564
874837
290736
768754
268786
983231
150078
582634
79936
341198
336345
107248
819080
305269
658427
55256
107968
973698
317792
878410
397862
275387
262490
819502
23589
912852
380544
764724
603088
639114
391942
363837
222795
641886
204200
718697
291209
677169
882753
95422
876847
251129
588664
522481
974039
601437
435161
721109
886450
144563
342978
252061
34117
417747
305204
798479
432276
117912
686473
247240
688348
844531
518277
532454
73081
980971
979780
475157
306088
268917
888531
672889
532071
197547
576283
690997
948025
710252
206200
190166
710341
231377
788841
680672
555806
798151
396896
721779
66142
734158
236600
936152
769195
653005
491334
860142
314267
655759
957447
531371
419700
322910
681593
883857
795852
677946
322887
797552
576143
440054
573916
213393
153375
13104
261401
938886
82070
868971
232993
208844
635175
626891
132625
547482
670690
635052
547341
495113
9174
39199
765302
323231
662032
783233
141111
265145
525250
244410
258687
298645
810175
454095
210057
31353
268067
319397
208406
379844
328720
202195
285437
246479
824979
246626
139801
636608
122148
470948
201632
726123
88268
817838
680659
992100
873697
62707
772561
350885
357101
218110
548167
29528
461677
159179
884290
259971
634869
786691
326053
157902
216561
820051
543798
575217
865414
836840
408850
995646
730262
685896
196737
899144
868514
780752
968804
310127
216395
596102
684235
724041
124145
247450
674339
101935
356924
235710
479884
335521
204409
406303
494153
321239
137692
599038
195345
648677
647908
3440
776258
228809
333084
21422
602869
371733
105405
304090
366380
633779
434289
17551
20776
60890
239794
804515
406872
785292
259985
354748
418219
319177
994771
188107
177799
581588
712821
881642
763858
391391
394897
831822
835693
84053
443993
838889
616384
959492
869055
83743
353136
183398
124471
122210
210029
197706
375124
427052
895913
498788
822095
216344
364771
613613
98215
492318
873825
568312
10338
645097
801852
333395
263473
947415
169557
930006
43825
773708
445222
649163
986190
949171
724915
834618
889154
681043
503390
641359
620859
996873
378714
466794
168347
611368
696760
235395
59289
731562
540125
530680
1669
394193
361685
641397
50216
640158
737216
603647
44745
676397
408682
58525
338892
958059
667577
719459
496950
941749
911231
232924
490635
698383
881135
419731
92440
386366
670509
450366
464269
290115
938942
786120
929346
225588
667231
592122
379290
383416
972401
788805
971461
542
124177
326446
761951
88475
648518
822934
795062
466462
464532
124389
376553
980818
466541
925587
823339
530031
95751
866707
516455
395197
675593
2204
166078
903591
564447
778708
311851
998584
102701
281755
445000
895860
424671
847858
149802
564693
63839
422023
179622
688289
257120
424734
264247
298724
159447
734173
465400
352016
448010
956404
790091
9197
471296
610151
797212
754622
8984
341049
151296
501554
47414
434807
851127
297219
363096
595486
292880
591215
546503
552874
464108
255569
493992
191804
416602
274396
736690
850150
944994
175795
135098
583446
421085
999
196842
215582
596097
507725
561616
478236
604411
438267
151954
774411
196853
136992
463808
548132
923575
426109
317570
156850
593321
709444
156720
191665
29558
187595
840512
167842
212365
378605
201690
895022
541761
978493
689416
173492
108369
84584
306249
952241
40257
124134
435204
928075
798759
618780
446554
738426
909826
927954
100308
483731
918979
269260
223996
774835
111280
887239
312007
122244
884574
429074
57199
219439
119708
596422
232159
447902
776303
106659
193992
357356
686711
888904
706129
660396
126704
581774
393707
276307
207380
605634
953474
526595
706398
663870
574671
683509
817066
964963
977290
999937
627320
919093
387005
327053
524304
107155
882292
799248
41279
998993
456977
315458
473791
421620
193340
250594
446645
508233
193783
475619
476051
461858
758671
713844
235486
358190
831470
492011
752906
416052
137678
429709
559617
560684
825352
796028
530050
157882
945610
256445
682534
425608
350119
567845
232894
441150
494857
593632
586137
7137
591746
21854
938274
339525
339455
214683
230949
472816
985309
363785
54898
45901
865430
304155
815578
529930
458772
61232
563926
928847
848614
334939
421448
510874
60752
960203
993753
983163
622588
832156
80705
457321
901135
857465
385317
225344
750871
469035
723290
98904
894880
23363
404615
880195
199718
913696
710825
390370
25764
182430
324145
616100
509835
121179
311176
137757
848078
226023
317170
627135
301594
71751
410192
192183
322979
330342
393087
376422
553562
232793
820767
142586
632251
561229
918446
771561
566402
224144
484242
494282
45117
393720
675637
189904
305021
488628
555338
966627
350502
761261
627375
725340
880422
365400
583275
327517
57346
288795
300054
502219
905484
527385
428504
793578
671025
355548
5577
42643
581678
555998
644344
185428
575075
143348
465992
399524
884352
860056
399476
47297
188188
681105
449330
604584
528932
395713
844661
130929
890864
923339
845709
802180
89137
457502
943978
392507
338759
408547
936446
358358
46831
636223
505472
610517
253978
980165
3660
151798
616216
454203
615
118923
249843
867975
325537
769911
949081
8119
730451
968965
93233
842410
440328
862500
856398
965853
670712
406083
759105
348822
510640
569157
908616
469991
714125
430241
331493
159391
71078
652442
464778
78739
49482
470421
143920
785284
670494
597404
53063
631149
246185
312174
306056
189228
291499
702912
627110
70538
404583
833685
476451
135721
435266
816181
927102
584905
932420
524557
137929
284342
116411
953826
395993
505682
109182
70515
464856
217019
108431
61675
958196
972824
909402
416000
322426
345413
580186
453675
636093
326872
254683
787204
570288
207632
737370
58361
661972
127898
740616
564842
158602
798271
300333
69285
701066
327725
321002
741945
707372
903903
363159
305273
563620
309804
333131
575951
178955
93994
428153
247994
384856
935356
989623
371493
452077
652479
952218
541285
329806
236493
369726
194767
160748
577580
368610
657396
979168
880663
473840
23547
414067
621734
180249
955353
927385
568988
255647
247919
851135
16333
13036
293695
74426
557738
716512
319820
217246
854827
247528
426382
881712
909911
365769
496271
245619
277043
928765
821861
939486
712133
146420
207308
520111
411011
670523
118751
192665
649053
594810
651571
97625
832100
474775
578577
695719
713813
118073
478989
548871
681542
938023
525383
468286
540076
633166
96958
534882
809095
872673
383244
829835
83755
376667
965186
480294
26731
333024
673376
863400
436323
465025
42673
424222
358690
387935
336769
231843
951730
891622
918652
307308
144070
935931
711461
190333
7872
697201
46255
331262
542428
883124
684540
299048
954172
501960
118191
11418
957712
401196
787056
563656
60577
702424
370364
327570
28155
58086
116069
616051
49973
877005
955693
606096
115614
911943
304827
655152
406598
476437
849336
331723
249126
20889
548489
755131
60909
879392
675113
198799
986216
384898
118241
244543
328844
770914
381351
11385
474531
900433
24529
539994
960145
320975
900916
57464
975874
653745
233118
818588
781619
823262
753451
863949
123929
264947
219656
771655
613937
227847
817282
603659
644133
386568
891338
711312
529944
823620
847431
415127
678671
191556
225176
181148
912251
346899
491877
602216
827047
455132
715296
181699
660730
959921
224734
142663
133802
878504
327436
473553
761022
497248
218383
800016
496893
776737
39420
310591
188088
563425
272625
813295
216177
321635
60942
845949
195367
560890
276947
829348
219135
669996
622232
305899
920848
748082
95651
32895
439627
15579
546409
356699
959110
875983
375716
76003
709475
512881
254285
806993
416161
742558
436215
629062
30143
419795
296904
368578
2696
863275
587412
76271
315712
9477
779031
551896
510825
370244
1039
414839
82802
316912
81396
701355
19389
161977
662037
655880
283532
752220
620241
354441
119943
493983
702830
753120
274284
28982
705305
974510
82835
396488
395386
953359
118045
840459
205683
784268
510585
746571
452086
506612
391122
131978
431616
419396
992984
304642
3318
27971
831338
820422
638874
885803
154845
818182
201130
822145
778988
121265
637077
997830
906364
181941
890587
518278
227786
194530
103232
169037
144499
461676
198892
788601
969695
730319
561314
429995
861131
506701
244379
15319
471794
278035
870271
819259
693336
901754
867647
708141
71411
711721
903441
965196
671350
893335
393865
554520
504507
909102
327313
34974
451212
426827
649221
336652
960205
720738
702317
18147
935178
784319
9624
534026
8537
408231
899793
862846
701484
976925
712065
130919
305909
780032
774817
533574
209718
900689
407833
467019
843556
413587
541818
278851
973111
19403
222997
338607
565073
394407
144822
688944
675528
152507
480576
192414
33874
351334
503078
684791
724300
176403
562115
95924
75559
692572
191703
343671
412399
836360
618719
151137
365113
549621
474384
350785
265769
408721
664879
470631
545629
857602
627408
553750
122298
301542
955945
832599
282129
111604
38482
936746
943725
380097
578971
95448
3195
128415
641929
178084
908183
431776
35311
158624
239919
297976
368358
332571
616342
908160
325289
38648
181415
408471
780687
179418
293972
800547
975653
141819
654090
243509
103143
404444
800130
442699
539675
11287
17319
891375
151755
133264
294047
6972
915613
706122
344441
245184
340368
465301
843569
95421
883157
816037
236194
932362
72072
387647
714121
471959
743753
173452
261937
795789
481916
864080
49985
609364
86297
584564
250910
160558
590512
932671
233662
649088
543165
496995
585419
120369
130595
835380
208623
344619
520777
260915
639810
377663
385934
229961
873422
613285
853674
839695
596219
98529
680034
98826
321628
148736
709415
70644
879828
306818
56396
384565
394790
945554
692963
483825
602905
104496
209587
640635
923908
93807
605783
11431
987451
315610
104886
683900
303382
4210
155738
830280
523994
258963
395823
137422
590855
723125
567514
624731
649534
984205
895924
464631
418380
86099
397986
797046
593623
529951
696018
902254
707299
204205
759828
564418
558530
31551
179282
688349
650774
179233
763502
84603
180100
885832
577143
136545
252727
492372
236935
192685
857742
369077
66171
477832
693859
937705
503440
261431
512825
65123
729111
822225
548801
858632
499796
330187
636617
314642
443129
769263
363778
2007
653306
173547
75116
169636
319757
1606
15072
20291
650560
681581
58106
125149
450806
394156
682465
422968
939839
13304
429172
642144
168339
233769
973586
133412
134891
387012
545222
680888
721981
618998
215309
119672
533458
652958
907142
675084
865797
618625
904566
783974
999770
733601
154420
581608
133368
296295
915959
2211
849220
607485
741754
935035
100636
501048
935689
691238
399789
128115
755692
712851
769010
266039
666989
71719
175817
908566
394054
874978
607667
889943
127212
969312
406888
681547
183154
88124
526229
935806
739612
328207
946548
872137
550145
64662
322053
577285
822555
467634
278254
59290
358127
61640
25772
2101
455827
795208
566069
390808
776865
945355
963116
250187
525047
614678
946432
74992
650023
615612
456802
884852
116098
651807
54369
220641
821180
337750
594211
577553
57532
674603
13762
456317
506307
918395
14912
677620
505206
366272
130857
471911
56137
465580
870212
182305
338186
230123
953205
518867
358663
468491
240242
410893
624606
236664
101600
711369
323231
245408
293449
444578
329567
150709
826940
787490
807388
115345
368258
591096
58568
137971
587384
78408
88820
118055
218894
17629
693914
444612
260955
951866
473223
275407
611290
816142
684387
139326
262853
950021
357214
979350
449228
63803
322745
28341
434482
414155
685614
761772
290629
779526
235518
499972
484344
945920
196117
907362
706206
866820
303003
677829
211525
851751
876825
222251
60845
114426
359046
482067
332964
419737
91566
207646
626175
700384
654782
910927
594998
474621
592686
542257
626333
902689
712523
132696
365307
231121
533664
477119
857033
802137
301312
611089
12808
782367
927475
302019
227903
74709
319867
992990
536400
6600
373825
368154
679030
107478
380769
203814
103518
824060
322959
935365
492190
979469
826020
334226
558038
713279
325577
331812
821346
105184
462143
879052
350841
867558
993480
3195
565413
151075
553397
235073
957407
534679
564429
188784
318534
603616
91415
471455
231164
347084
560837
258122
415133
848847
381885
939799
200733
803920
187844
607283
304253
380445
70217
44187
546922
770303
288204
14967
996082
779369
679017
938976
757859
561866
847109
823554
681026
919490
543828
497309
613477
457137
49348
467430
552686
901162
723785
634186
247012
146054
988550
393362
985135
603477
970197
726625
289008
853488
517043
756507
587387
43946
363595
992096
277490
407269
110557
601014
94527
235840
599371
886405
165677
550318
670784
336315
999780
435938
253181
20176
355007
668710
444609
507044
840652
714763
374933
565828
908127
9403
921841
988491
954899
227434
91406
727589
791006
315499
208585
453871
848528
186975
916081
886970
348456
449800
370541
968879
629395
518907
11981
47244
173442
518452
837099
366860
22246
919300
430013
239525
810827
638181
588475
248683
331982
214254
802215
706130
82173
74529
406014
444624
192969
120802
177081
74849
42474
549955
607488
108324
856016
720314
233196
614563
413697
93364
750519
736048
702931
728066
472643
928938
456648
778610
988355
402463
786049
326201
531786
830347
223841
868555
653998
939711
406335
160973
459097
936861
642567
205794
294700
816384
227246
32290
568719
115960
96847
404969
610521
181363
929511
123467
563161
390327
426218
936933
495679
919307
715647
946383
404202
468342
338463
133485
18383
977759
929413
9189
620610
866003
924179
985643
521445
880421
291073
118455
186986
577456
841410
26264
696518
335288
993141
401250
63732
792943
34372
937219
171298
395027
879645
542516
44860
975284
819275
483915
937492
704596
215344
745837
928235
859367
64097
652768
379999
206393
676830
193534
547760
416623
326060
884037
920048
324837
641809
299916
267655
196023
648364
116880
260704
185499
739950
609389
410676
27883
48313
388008
247409
936961
645331
239977
604614
275068
400711
846726
704526
841375
164376
751546
144918
81944
54691
702708
594381
683613
523728
192140
846919
472050
903924
478352
154861
802504
885383
945277
491909
102207
869437
201289
905882
472844
964419
492253
196296
677430
381271
304352
136806
531002
868868
473071
246480
379407
936697
677993
969871
652484
890885
530982
964840
287301
175474
702279
97854
519164
154619
814824
78372
117203
682090
497394
483715
916056
