170234
198466
634292
448733
180321
92210
421045
8311
916717
513811
383150
873555
176021
368371
679858
851617
599014
819682
430474
396008
3114
344030
737134
67890
567351
348112
38879
296232
276369
37039
235172
150648
623485
391043
3422
407090
416035
541892
726922
645618
565406
962977
70291
111096
547684
354908
416786
836948
711501
216594
558819
533372
526594
312537
944997
77440
494403
588674
893133
924180
849172
848957
23655
672652
439365
104540
720555
903143
761437
210416
200056
8962
60066
362511
750512
534189
379464
854647
802479
503259
586868
646605
100904
874547
720363
906750
170398
956867
967835
897479
752701
704788
499078
14095
786387
471384
507975
412657
782382
457216
649731
813976
277522
960874
194925
100932
414167
379640
572149
174825
675677
283900
736974
405750
72557
539215
528666
32051
921838
491969
721717
900035
586113
214186
194331
396553
658873
322911
53239
411879
665914
548865
814793
694114
976173
307567
613490
616673
481437
201755
769247
153812
982897
86458
967888
266034
159238
470165
388484
78170
539496
586301
684227
743195
268718
133723
58567
837775
157743
654757
884744
508770
829156
393901
745827
729265
791516
768020
146406
250701
197206
994907
991674
870558
748158
213466
673390
98596
131207
879433
590300
275481
71009
337019
671290
792243
46104
488299
421951
721221
248713
882287
328431
912581
865217
658633
680581
120296
923891
912157
619901
223529
150998
852284
668155
598057
514585
295198
482011
56753
528324
25839
211862
181715
345452
492864
225485
676142
771474
840862
975413
521167
273690
53248
865376
362421
476835
507225
42468
595629
763079
868430
451498
700508
565680
98882
188693
95515
483349
303436
97548
348156
487120
640586
170534
720811
889246
428559
825713
971824
455666
217591
416991
371793
962486
404572
285902
347157
751519
4513
965298
457635
863723
706155
552802
465160
96762
575152
788347
595479
59078
413799
493109
854250
772097
520735
946752
57863
425802
468652
594970
687583
140171
120060
783024
38640
238258
227335
231662
756105
60873
721125
261925
564973
793652
430649
150360
229841
727495
780427
503139
907648
543553
498100
429449
633183
720361
934258
458777
222410
798852
276827
993339
418204
246320
882543
173340
361294
525793
742086
187636
924343
489461
504744
931440
639857
695029
907835
913601
38108
912938
232407
423553
988732
850330
47030
646973
622846
717534
192967
928675
986072
897761
12897
492745
815565
953143
371029
808471
647504
951639
118812
763987
43392
724343
675695
142983
125714
881922
434358
849
755341
303481
686424
85575
661678
236835
141105
414724
96555
390770
455265
128532
521237
104628
71617
171512
665558
313010
158193
317334
924058
948969
187149
75008
646411
506850
421374
790815
624500
183408
949740
281596
618375
495302
54417
544874
448121
671858
302889
916564
96843
333050
147718
454367
863140
710674
687296
388795
862234
781494
105481
905995
884368
368746
127710
826159
876985
159500
778521
427882
596987
774035
17955
189429
102318
484198
601928
686623
804931
704155
44643
765407
458370
191754
878072
896632
956779
338062
440352
313415
922878
485016
323039
404076
431191
962927
500817
498195
668913
995272
167171
868766
675403
233469
294431
104049
617447
440685
524671
218457
702895
802929
715490
34521
743539
543222
705468
1939
285197
331004
825895
48912
432998
451754
471352
446956
530513
792203
609197
337505
971220
383785
61506
654766
461064
577156
598946
396643
490582
57647
705018
800972
511393
461064
945898
802424
447106
909586
385749
469732
886382
86897
77080
547593
64949
482241
120599
731839
275043
587539
812531
280012
786057
216196
728728
122958
712342
516156
990322
520704
972766
735616
749951
475820
159805
672117
136960
796589
48085
849010
719241
420064
16946
552960
148600
284327
912015
81329
386306
311513
964530
487193
659625
263050
153714
543342
490377
435506
919513
335160
512402
249852
15076
373300
888784
198637
252071
973835
768998
452655
167117
286314
710106
296314
688061
15742
856841
104862
559641
578893
975547
445614
690016
792948
874321
52556
48627
128953
796955
82126
302645
836172
745606
477450
292747
930335
54259
571460
843523
127070
951202
686896
316432
433357
762765
373605
848179
474366
245585
768481
308598
599339
254727
620403
320467
101813
322546
811081
255217
12602
79696
506326
98254
351309
873171
97823
324472
660693
339754
294435
203573
844867
274232
567845
657154
786289
369766
869463
470712
986516
141076
312357
233419
399710
48042
995227
862509
293427
185933
762867
572944
602181
932014
623039
785352
566542
742268
645487
741902
85609
639865
915136
757025
895310
256682
504962
734726
6888
673192
274627
255793
532757
383572
44829
909116
523897
6568
984793
33236
605503
214696
599743
484851
455982
329719
296508
312839
152931
505221
237998
7154
669873
601702
453774
494891
97937
708990
179834
450625
102792
99289
704350
753344
820884
182871
327678
391404
325458
257092
464355
395434
499567
88966
951392
286142
234568
402927
585664
521007
339617
902771
407631
993095
655871
923059
685761
112887
981347
240247
183746
815959
138979
415675
986202
551178
641318
764768
536380
414272
224763
7107
979885
353045
278
441131
629132
61782
603881
763100
139074
564388
876060
996616
400198
880818
248168
346853
620301
972265
785301
100698
593997
6762
731790
698259
801069
466163
129822
141492
809355
841051
932873
560361
450345
225399
988553
52060
934068
607775
726372
577984
906419
208587
158054
544011
35657
919894
759616
937024
87270
951845
902013
650794
158480
750241
459741
433316
495242
284063
646672
591317
393438
332833
958800
255866
652940
116278
386523
479388
189711
299580
187020
38176
614024
30342
70037
370685
781130
120280
271516
697864
781761
606031
851247
682283
902655
947294
769444
816692
11109
371635
948689
778505
425514
270391
821860
719354
520587
894453
296289
539567
920719
387858
89143
120640
942454
458874
827645
385827
320317
192540
738958
925760
89873
83211
374461
947617
991950
142341
602103
802629
423538
66321
592180
98772
179554
377089
390809
136300
255065
452695
30510
771033
674345
594180
872503
678436
566255
753163
922097
497282
786264
387013
479402
322605
502985
513661
513725
475985
303984
745787
645930
931484
176613
291038
628750
730488
782524
562594
182787
353749
285097
627330
613142
587615
4368
330295
660961
507279
314025
336862
326469
365022
72269
777527
720902
456083
460447
477962
326019
999549
936089
103780
694672
743549
860658
397503
433906
296955
977449
598399
370806
389241
974705
847193
655662
962116
646777
119246
489033
58438
157911
520085
640270
891321
740752
215127
82613
432566
68166
173844
516898
878892
357247
771555
246527
4460
722318
332758
861236
848864
708192
366972
849158
899356
758245
926783
252489
381900
857944
672750
156099
95757
3309
644246
12255
153
10263
824457
951435
367834
794675
950976
258606
975135
913556
215836
660105
98476
165867
583304
111145
327019
365843
8123
229382
506305
960311
105178
186492
236540
879137
137722
123043
744296
144479
130115
517901
898561
922196
268272
889051
652162
173912
642290
574716
86684
76237
139061
419972
200642
569343
827962
827045
894305
856823
639011
221196
502381
591389
359949
186394
59223
563527
417303
356669
803227
487650
269058
282411
398325
3899
358385
516859
496883
805611
779599
65823
816294
657629
330767
286274
551410
59197
851982
971514
911429
234495
487702
264106
543268
246601
672508
428855
683873
260350
955369
732901
352233
119912
146421
123789
301370
562433
81903
718717
758961
460511
56697
496108
937345
442681
526352
743256
640960
501658
784362
864510
36635
283296
51320
27637
170154
143729
862795
255976
608862
632636
235795
936814
400151
31143
209986
425096
845459
670938
908494
1462
465280
515879
709462
622838
870322
533717
374748
397274
365167
648840
563697
66949
485544
51918
184110
776706
255299
68104
760926
973952
21715
510067
941433
954158
598185
149010
421515
977711
213636
73082
545652
173242
294819
397754
78024
370386
978619
176100
348054
804508
574917
821692
661830
942690
709295
855357
242780
991139
890866
554882
882777
383508
383235
446488
376896
445239
60771
592413
118774
53783
136657
910932
491330
499741
146080
902537
249461
312594
72675
35547
858211
150066
342340
329451
519695
902377
389428
356832
645413
883053
619452
527252
540640
554999
672626
377950
805772
841119
832776
721660
976997
580499
944703
789149
387423
374451
113337
41673
653631
852493
635307
603502
250214
840432
293361
942280
437166
70959
498235
987755
971309
266484
591525
41200
392407
622718
224741
83514
411392
256760
300829
890724
131774
830967
359249
728009
432237
401424
162610
282031
935756
939284
386201
152272
936964
947306
820687
2311
978889
440839
708553
382164
441689
710412
228081
649740
491234
889275
711967
615776
812288
93783
447206
61639
401380
864088
636107
485451
881232
959368
183761
211245
684030
737405
534896
654710
541473
630195
977572
784092
285059
30469
254561
829069
588493
494984
515875
677466
708325
47301
783652
83203
881073
976528
335271
990171
670523
997385
997682
571736
672173
210927
676888
213241
433979
996380
242100
737300
115295
443105
957682
231803
643456
561278
305543
706570
107820
14654
585857
310800
237956
645805
203000
402200
248823
959479
633700
920787
438950
414367
383688
862051
622183
560600
880269
986950
76902
856388
900329
343069
429733
940102
517374
658456
802915
9222
110783
770369
483227
435457
342413
984097
828451
608457
321376
433683
785845
35296
725088
205731
982411
902957
458388
319969
814627
655961
48945
140616
996002
772873
655572
133574
630677
746744
853260
240104
515346
870895
304590
620260
924477
152036
761355
548738
258919
61933
402911
540327
996880
717983
467808
113279
613069
663047
616151
802502
8837
124932
593099
596596
639317
491328
650168
731523
744211
642953
487583
922974
917296
108048
400695
890215
330871
178684
885889
901605
992882
248876
835577
561033
909035
802760
476840
396571
683088
310530
949207
943302
657904
117999
916126
39036
820322
944892
474010
251527
415044
752014
92540
256430
74657
421114
446782
681856
217196
340126
909553
233024
979561
685530
807027
657004
259691
357678
508796
51628
105912
401394
958999
633812
661896
4716
177901
237462
906284
496465
500476
57031
430284
453595
740647
540748
948681
684803
450152
688801
696961
200092
473505
734085
762864
469388
637967
156806
177139
55463
496735
64868
620713
152297
197019
713381
500210
129872
626941
831477
799705
358356
267172
419831
606862
919236
224868
351660
877964
712703
349048
113470
330137
985867
632531
603306
672620
733397
227476
207625
259304
253445
107415
55481
607239
713917
453031
577452
746514
600047
439506
638541
258444
938200
839510
340362
431599
273757
706679
543234
645262
151232
787826
725709
93593
185215
355531
800098
839871
315593
672195
909161
145198
282910
431974
521758
611126
608066
618048
576478
413771
449949
62191
742994
74345
395122
702740
270581
450450
477242
982947
496707
994867
702620
503194
230208
666980
171980
825551
712033
294414
607997
448418
319131
320936
166404
715409
564039
935962
750283
996585
783855
649154
773742
224986
173560
976084
540405
87780
964907
541212
669423
113454
847649
153055
575335
30645
743051
874015
373254
339681
85276
370046
39173
284403
490451
614714
864588
317595
662568
11223
570796
777319
685394
840794
334262
294293
460211
37681
562870
858185
848226
935408
430863
20058
73554
413558
583668
858438
609763
439214
661440
295942
254341
192049
866867
562877
634757
795529
598218
522
284790
663441
851770
436668
590653
492664
137224
714661
681400
164068
648
830919
930187
476466
473840
126379
428937
209756
670999
999889
430588
449076
157072
976258
733138
537805
924445
962817
611940
442617
150610
676000
325539
294060
499400
849838
482145
576703
934266
117518
325242
180433
537663
723683
687517
372360
53796
903719
322618
670133
951397
594971
198346
448853
256520
801945
654390
165172
226455
49669
382501
369581
147128
865122
631397
476876
130410
302080
200885
587668
240030
740627
288236
31324
144624
888864
623434
471956
6720
843024
944410
791269
691250
315751
839744
472694
652222
934350
923173
95756
207860
235660
269563
319241
445968
520083
939695
847701
626101
756471
488043
140634
729034
547258
655237
870953
12014
772162
696967
3130
539801
529324
981147
479632
390992
866553
287507
94907
963332
380710
735187
882295
626184
139482
863580
762226
22317
303033
548853
28075
369981
989206
297527
205814
630224
786885
35190
41244
631373
706893
429383
612575
484481
44092
65779
694555
708757
189845
472311
349191
38767
379749
554420
249179
97320
152564
991417
384524
283941
547414
592683
743091
67412
399649
611855
467787
181189
124793
194484
326617
511970
785798
978624
154790
819149
437383
570517
172584
967765
897664
329183
865215
125396
776143
579452
266139
425063
215389
975305
260538
109067
709039
307654
587727
765200
851420
430821
256638
302077
213209
376884
998404
300481
199344
727331
233716
850449
560592
911028
409628
152802
376061
756416
127878
904837
223784
930784
411418
15258
22425
407102
198753
635826
983304
355064
372836
806021
90124
230765
87155
976332
511211
241192
234113
52413
618832
486055
624365
984353
485338
711047
35163
425043
984272
137997
150145
846359
443315
810451
619070
920148
535212
794189
223844
872111
993893
554423
635990
629958
159412
309213
351693
432902
833585
616326
875381
37354
947880
693694
447092
606800
282986
700031
346122
446073
123134
589627
719507
846621
144949
219145
313834
778025
22171
655273
198696
507927
582217
188085
379146
478183
975448
756711
39344
904447
664816
292353
495362
565148
765886
102301
156461
266676
873924
700177
585675
481898
783754
546238
476257
349037
652722
325494
750273
121454
243049
389703
779088
64508
602938
782504
742242
394685
867004
59327
190529
670667
914604
661645
223053
960360
139861
106295
250045
321184
204779
797426
61571
734394
965432
491337
114446
37402
95918
294734
535721
678902
774554
792923
344769
827699
532794
977092
583492
679195
757605
877403
796132
292093
176872
945054
7866
394146
415666
6977
955336
818151
560805
601812
9367
838268
90188
347986
512767
172663
367340
318597
875717
561302
415219
698264
165086
921872
372941
222523
897490
572758
346006
226029
915708
96299
593834
653737
190190
544285
606551
888751
924017
102367
206196
659117
713449
232644
835595
789578
340951
536666
132401
39184
905145
860257
731447
879348
802636
847974
397305
181122
689074
492609
379667
962601
920110
756455
641780
766817
766923
498157
728394
496052
35164
364506
577821
307551
116391
898808
565096
112443
306453
23297
723105
938089
327403
780906
497056
620655
129419
325248
989390
201350
434288
442913
225157
724253
704071
587339
13881
191926
516582
601423
140230
271215
528557
355940
198737
996571
827128
178903
195102
359759
699070
596576
862318
188921
171081
911696
709011
430313
291282
209447
157202
952308
472120
419843
79666
758765
732189
316402
4135
289684
106013
180392
156182
957579
729004
153740
367365
441539
738571
406765
780321
576246
579623
214162
976170
379405
646734
575342
601599
954337
692622
780786
780098
870878
296108
373821
634471
931780
203838
317167
329566
736583
271718
416667
421659
820311
348523
469402
410558
918714
97909
258684
148260
862292
709029
818586
291081
817033
764623
542599
571928
201593
430485
573861
2706
78058
10721
585363
494486
329604
98110
650308
645586
557301
759188
550635
393607
342004
808958
322386
634162
223587
995978
819402
628764
370638
53132
664381
235904
71953
176799
453215
65044
821525
744185
411395
762550
251130
937386
621066
937268
907537
694193
909750
111224
286912
443835
485085
625422
837641
504569
119544
994132
930788
146652
528859
134909
874376
666096
394623
265857
314441
730450
154043
761061
853211
523984
669266
719586
698356
548059
430117
108725
821456
445867
785033
388546
148110
159856
39859
383014
443128
808688
754512
286744
268064
249985
92849
872826
715813
700581
622692
436738
414485
749565
567326
666623
872492
156524
547604
498827
533115
82377
569960
489740
880356
690176
581568
968934
828737
128326
320179
388929
242021
738998
453277
751730
927930
360781
746578
840520
812617
475838
728367
405814
218265
433907
347340
656280
599150
154530
958989
184099
9459
648711
426840
669870
639666
350339
309793
993175
856191
471633
31648
338259
886709
892449
656804
52182
493400
742803
63874
86427
561178
541777
740901
666641
521337
19017
387337
303714
869445
25158
520835
92192
473471
139626
565496
555470
550109
603658
346670
594633
990379
745382
778111
771538
841419
842563
944169
987512
219613
597607
53891
626150
313593
578929
83595
145159
316825
922706
212954
326417
585044
438956
550392
667317
476037
16773
41036
368546
681930
510952
469868
474608
246248
974872
887955
686704
505228
322738
829232
393869
11309
507934
868891
537182
817293
549105
111010
546060
27741
881507
324034
222107
543680
121128
262065
335830
468712
910188
389016
47323
217245
61936
660511
680640
451228
388924
223264
959009
571356
453696
532413
65032
723499
108555
799501
489783
64759
714663
252977
674900
792297
459151
324805
2226
762540
76109
581810
481272
759116
766900
94049
888496
256121
731191
213194
649710
432234
11109
1066
81754
299166
240578
789523
409821
723389
20739
815645
194212
203998
6565
336762
830612
86178
930538
420712
215306
519869
567153
836799
183437
951317
68657
89450
722003
136066
482770
451058
225453
672182
46439
113782
584143
440694
597836
21239
613632
677382
981465
427664
349530
408163
777408
516035
820927
266986
701257
867117
420248
667286
298406
840156
273995
645735
729781
964343
713017
418077
252691
591515
169200
759587
994647
880007
900788
530825
578354
637741
569189
50282
752609
125801
155917
191469
739724
959757
499144
299046
586239
235611
80272
431388
515522
269196
90725
689446
580502
70989
761877
353390
781967
922697
95981
111447
173385
425313
303868
995515
228488
24121
376832
91213
806640
74476
132336
331422
387357
984351
825701
589691
42208
501363
906790
35123
694295
955092
515599
202357
497704
306862
465820
729368
574682
163264
806231
38261
33423
427977
450460
976495
130978
889886
385094
753747
628761
966685
595832
41114
183879
174716
680010
620363
291969
660667
42189
455613
664186
400632
744189
506619
539390
829665
711362
385408
657543
812803
624227
245857
654848
429313
796296
72138
24723
135713
578793
717216
410033
100481
897113
427718
554206
268647
935465
205563
435189
587765
143482
289185
901632
209403
855267
479065
890092
479783
926587
369609
980844
554775
648579
934079
198765
188815
722803
213039
661489
116998
827551
858584
840587
33819
383174
102917
839477
62821
448247
481200
934673
741992
984737
850945
127419
906595
628085
290548
711879
201094
251514
183704
522780
584640
460397
979443
89068
891319
79634
453763
190415
39121
579931
792799
777467
43247
632564
112252
858914
631226
341993
684300
572776
892181
927669
897921
688320
507698
512680
953840
322658
456640
597299
119696
616938
121346
227155
780065
986192
13435
342360
611881
295808
520582
319889
347353
528918
259074
254166
500047
114808
48810
526386
400501
783311
109634
165739
135814
693730
929773
44079
938289
214673
322524
943644
684758
81260
327649
362347
955629
72686
74721
283770
947078
444505
516776
17910
170731
464239
859095
122146
742305
990026
911224
642438
799117
453593
98482
130742
185780
903863
379544
344125
429531
14761
576667
590439
699597
824884
832032
966376
905851
679833
982700
96812
432829
272047
280828
893500
726007
821851
651378
690762
749783
588653
327081
274393
368698
134682
539881
91147
916590
954706
904182
969096
688658
284798
785923
713033
485082
452696
692164
855934
191279
193382
746273
227362
682611
111124
266822
139673
385634
326573
617495
581826
706324
634550
837121
6559
894879
721767
642796
331166
851289
785478
853516
943044
219962
100386
133335
289973
558816
347754
58065
956386
674477
718568
332035
109583
108939
691549
939274
893376
493136
357945
328459
350143
673596
496695
158724
197709
233055
477331
741310
70627
324760
853801
282911
685987
260152
665964
145627
850720
99844
104255
113291
700870
614361
573299
405334
963944
998570
433438
172171
716964
976934
156692
484625
103349
253109
756101
340981
796629
643488
589875
65827
932877
617680
167821
522288
513370
821422
577325
997332
79486
890602
536491
813941
759712
455511
187804
632478
144992
402292
493675
5198
907388
963782
484113
33965
201624
243552
801396
974042
679021
888517
10010
77151
317009
553956
524296
234886
30366
441537
702331
944069
304450
445237
587394
422036
358307
21580
603510
965792
35436
581132
791127
891416
185593
362581
705157
192292
713691
257316
711256
547381
607304
121137
403868
72567
572834
976441
47276
740259
195554
906006
159977
816114
261345
196937
231320
771308
408963
18138
476502
940766
6336
110550
366904
498346
246352
545912
520643
427385
181619
783266
936580
960459
711770
790410
900238
158574
210997
104370
30862
663501
730394
455247
401292
477600
324175
322571
792768
360065
714868
325158
229263
374303
792784
926583
756065
320651
237366
420177
25055
796016
527443
372225
851278
764063
561943
919987
275139
626440
981246
965300
17154
12230
165370
636818
486711
927761
944895
142687
742992
692823
438954
180693
125237
754916
66511
964563
79909
427965
615133
207941
348078
859341
654128
72483
102793
423223
890100
952528
609999
243466
273264
996194
80156
30738
813686
838849
850815
982283
592934
675176
977947
932657
226650
703241
491677
935923
940337
837901
698777
475269
766587
4409
236164
336725
417278
86124
831240
859861
643363
450885
419976
299895
647296
333473
606512
351095
250819
468545
263543
400466
354615
731595
25076
769620
626230
527335
512474
938831
538732
494986
650834
979239
752771
46095
734195
919691
676720
740801
753697
566078
400538
267061
994239
153299
7458
821268
987858
150327
336083
132023
925939
239656
97832
232555
215088
665284
483188
170260
489409
190524
598322
112365
36898
693607
138409
368109
160017
857011
620732
35141
469926
931766
182924
731462
17098
561314
937546
28768
489877
924695
256412
204486
147912
73747
329323
967661
815268
280645
795719
283058
157029
870655
101816
253467
322078
283209
492578
559157
793522
987345
817299
630429
698668
659201
819181
662747
237564
930089
228587
698345
32975
335451
981329
303633
578761
471638
486388
639924
160482
731098
544227
534567
178522
562010
39985
296311
968986
260560
458912
454221
309545
837354
21676
834157
317127
424674
965809
979736
387050
900139
19833
555602
535186
188039
838246
55294
699595
405174
470264
322021
131263
639240
851132
190421
564405
141908
10834
355686
536810
926785
78681
408600
539786
971137
678265
513496
781963
561694
198028
682977
276327
880620
164202
582911
781172
417374
15311
344047
770401
204469
712043
778787
244047
432979
761863
63458
657737
911150
561295
147275
628322
869408
101632
509625
782314
470555
80686
164162
255372
572985
43698
725786
493447
855601
207152
720277
755335
304678
602817
437834
522655
737049
382145
103443
604838
376063
258038
257200
238379
964014
431515
26123
720982
333680
484297
435158
54556
634170
389697
163920
243486
114999
251160
967527
960799
655101
8255
931576
631840
85921
627566
466738
888346
905446
132333
671000
795159
556496
408191
764389
644718
926615
443563
548809
9497
536311
105000
118930
959284
323428
825636
344998
358101
262171
483761
532716
413250
949076
107021
763531
614291
438996
142156
292106
376421
466718
530340
634327
301304
894793
816085
342243
916326
125613
325427
915626
452609
598007
953745
677136
846919
625564
973452
751143
172484
890858
182897
56142
768133
902394
215052
753715
432308
198978
209102
827960
551061
621383
928921
541171
843164
175535
657516
340880
19496
485044
597670
296210
380384
738549
87864
592822
721641
385767
7532
164536
651457
728552
955852
915567
96187
872884
772592
363987
269527
17520
5288
621919
157373
473316
223746
977489
246358
680518
982008
161295
159112
657265
558905
289892
952908
123381
611602
677863
763949
448520
480057
268284
577438
941017
517686
30324
706360
672261
376687
148496
799440
381155
886670
535587
283506
291770
882192
462549
83132
714386
86637
699203
591640
816615
752160
785860
950551
554490
872402
776391
375015
441155
447399
193240
296049
129985
256036
353153
544145
197169
110202
28877
619955
279389
442484
37288
268294
546251
311930
304930
503712
829974
318272
65618
975406
432475
464654
637911
546454
714698
746540
729466
575851
881052
192745
151343
679692
705251
317256
156858
671066
845117
807880
934831
861203
558754
542415
143314
30864
259869
631218
193948
385495
946136
300771
613407
352798
476111
322936
510081
475997
223527
592404
146596
542734
374103
319476
904230
90564
85572
701016
883396
926885
365931
706891
806617
708422
697720
20433
69637
760225
651891
328045
301032
992821
550810
74252
338702
87995
737737
790609
667685
475904
410006
678654
889449
562852
104121
473468
900128
77997
986536
654215
304129
771080
628930
34424
544688
450910
332961
639024
917668
510479
745938
157470
534762
503630
927393
724718
6530
985689
413837
924943
939239
800211
831642
574366
878765
962687
348102
305332
664258
395355
406419
295369
406038
372439
113027
528835
452055
125937
820962
271839
521429
541550
522109
444154
403973
210230
400944
925757
265761
299917
549981
937955
107436
489514
379513
752425
548052
38390
864192
192401
504688
947490
699017
120082
778408
812517
443380
250655
427571
74257
289343
948498
8635
630929
100152
270261
969118
907073
640397
3309
422862
440234
106751
434628
372888
651672
743989
220305
718594
540634
821869
651590
693709
894230
893517
867798
503449
406406
683671
7041
364520
639635
501499
19709
425082
712716
662791
937731
401688
952643
980602
265331
139565
600708
332086
168164
443150
979443
15635
462220
121243
63361
924944
930249
775357
880651
552292
557066
449295
398991
60467
668
71193
296331
47452
668181
523895
971316
115759
381335
213656
649168
218620
985345
952866
118960
371206
276152
530995
894030
32279
696077
274115
921599
920173
460
733989
743508
908434
78304
34220
549587
541321
993958
527594
306125
897060
670668
683476
66204
233267
307045
447809
681979
44311
683597
555409
176258
117556
131892
527018
311100
475716
252488
425310
645734
422601
535107
125481
344455
24858
307918
425942
706535
746847
861265
245888
999533
828504
858648
957622
491224
409367
248483
152568
974810
879758
931274
29022
194956
850371
676619
630552
581778
67424
457906
629520
801357
322726
287395
782060
559286
298562
328967
179439
335581
814648
74641
738047
906687
22908
411884
836097
646717
862047
28547
850400
473919
869350
34092
191469
289572
15159
301490
24097
637860
644717
319677
628029
909189
543115
615648
479762
263159
822924
205887
407965
292940
629912
995803
283466
61462
828563
334268
6553
333599
90384
459258
643550
446271
795043
722599
576226
637214
921620
792220
234983
50375
819568
715231
411657
756004
795065
764398
48704
406428
775037
865770
778114
813766
778948
265187
222022
253384
978723
246204
375970
992976
169965
930427
378773
739246
109577
721840
878305
581517
519071
274430
762577
103053
903404
736011
750617
871038
201078
356160
413274
217274
112025
17341
70788
163551
647359
448157
63446
805607
495342
875616
675201
80295
334075
916411
612906
874529
378524
327737
582159
655941
56603
188940
105281
131979
94439
248116
662031
778918
851973
123147
336771
978597
161571
78378
115270
341419
561293
614780
638494
398793
177209
349149
257624
472437
360444
208174
343105
848810
422047
862840
604686
209755
853453
398586
954971
331092
283811
927825
40592
901744
426026
300610
350688
349937
201313
271655
223787
224319
138738
954740
1028
904704
126855
763750
931852
525712
309174
128839
217789
572445
832792
687840
989507
84194
470455
677819
307588
471038
189669
611923
612417
852144
546537
358234
388436
329074
867029
794727
31897
148655
749299
129595
437289
716641
959966
427630
53954
748555
33516
474555
61314
596688
611721
961636
812562
342255
475359
366531
773856
403996
561009
573871
633796
310076
266823
844103
799940
725948
33348
929310
872051
252941
20499
627459
775156
671360
955456
897963
104668
608763
525475
922494
199477
544278
245494
571643
459103
532309
125576
537480
257106
129025
291211
696538
847742
290597
842695
534013
423507
825314
974193
806272
971229
519536
34326
567617
637062
337009
986162
818769
624255
922739
1566
131459
745914
148739
483557
812630
177423
38056
612087
99004
863934
577987
84982
407238
185428
962689
17902
758767
489510
12666
126562
855490
730810
995625
668417
860392
123718
121480
422904
490130
115984
862920
470561
924095
172980
611498
393240
137706
69380
478653
737134
156628
632905
478324
904183
156521
307176
473507
727870
487762
712160
105238
519577
35222
830512
647886
13015
751533
441494
968793
106581
590435
561969
645325
877872
579942
229064
665825
696340
305004
226851
580711
636723
81027
110551
485482
646930
724662
790240
709216
251005
557849
213094
613580
355931
426226
447266
912755
834460
852676
862490
555768
38926
375225
751048
704470
248271
628331
303897
762362
965469
498383
370385
747643
2314
998398
130955
195959
540171
777569
188830
61259
261935
305657
985884
806318
225900
638089
200052
945771
925140
523616
242743
593081
10472
898247
120887
613816
52419
399299
558540
543242
422007
745735
215536
35468
281909
987193
958986
691632
634725
28383
806344
710968
365014
665318
774117
91025
22799
613007
340490
50186
238340
224310
774993
430383
979876
127360
215908
42630
440911
74337
405252
503205
757349
572936
726950
309614
347642
984679
669815
350249
308134
583074
241728
370556
13432
767763
104869
747337
40074
45560
54920
222884
425903
251386
946763
543792
357769
278875
855666
876629
153080
815291
497318
324831
941293
275526
100117
840886
240860
210557
408439
89078
542928
309984
131692
575147
392216
521781
572225
8874
24543
330744
528594
977678
775257
797215
504073
582158
591002
948617
951748
375032
489537
105666
807125
498892
602769
426037
696291
17015
383712
136879
852781
70955
441639
975116
863279
849431
268602
598528
825245
948360
672915
742468
219468
736860
967495
138778
300336
942878
167770
363327
904320
73155
246894
555629
861366
586112
495830
515402
672370
140550
221064
876912
40446
679963
419121
368666
220652
7126
224547
528615
805980
195191
84458
911374
763290
500129
849276
985567
667236
873781
792334
592306
98121
172363
847043
919406
129900
182287
309055
346360
113000
662454
943386
316533
948110
57628
115249
164606
682121
775996
307542
104544
724643
5259
911655
631244
702752
598129
796860
440929
474568
555493
693178
330324
239746
577443
944964
641786
826460
204685
207378
208114
726823
83804
705369
50098
852799
294273
148458
385964
102313
653788
227095
444764
801173
228631
695951
30129
815234
239713
806539
253269
457345
742595
355489
59035
532753
617568
67574
2565
542889
169229
815441
443246
175765
391307
761994
91546
