228145
111585
518362
830105
984309
744160
790863
762486
116785
842525
598839
160140
431547
311111
36145
610401
541169
334274
380974
283071
380381
950051
906149
140019
652276
262855
40042
435778
715513
266576
463001
935338
503231
230781
87852
427344
380107
900453
154988
69259
80343
85200
238597
209099
896115
35250
598386
208935
720135
724101
213015
652739
935731
692290
525613
954266
380887
704251
333911
892590
420142
98712
333396
87305
612373
357036
695950
935982
177834
425715
403663
664609
269136
179115
770963
270352
455118
728203
782328
550621
510871
59172
497233
766473
890980
44691
757915
525822
565821
287264
575879
254393
566296
240119
577526
116306
256216
652992
494851
98921
656694
135773
614073
846831
536445
772352
660773
492814
150063
241446
506311
214966
737733
617011
641506
777221
157780
265835
531379
866706
718603
200522
417342
862871
43801
342658
548995
76152
235627
861391
881680
574388
244755
957560
256368
70247
823492
122148
729665
498041
47162
345621
182499
119911
489655
939270
74189
773100
156839
716445
722937
365771
815781
858957
342143
450940
712854
151628
103232
237361
452211
282283
807993
853379
789157
629847
602295
5758
434377
675434
683753
186821
818323
760303
139089
599972
456526
501425
869909
51888
467457
438910
928242
139613
287534
363581
146512
300380
971060
986601
115248
155310
983316
534505
771777
35786
438672
920590
808595
646823
304623
454312
210211
425127
213342
492101
701780
256160
596528
841415
608639
935815
58438
451361
326497
848891
903498
761006
153139
535276
337301
728558
462167
642726
358897
104861
946350
730302
142072
495154
31430
980695
37851
628529
31729
736785
805375
419181
61873
130192
72449
26782
13647
188580
973018
301914
349130
787290
330334
753331
992429
456606
925087
662702
826809
610315
978286
99803
311874
460177
922369
13718
568406
450370
288880
696664
46231
228345
980442
282234
352682
101415
486244
678856
240968
136187
497057
272062
894130
279278
488398
109666
568833
849128
449076
311229
449691
942546
245168
915639
374722
931129
86991
617934
64326
752859
496723
665011
457179
331346
10899
307393
61637
157082
415294
106522
398704
939073
944768
36448
344220
768746
998397
462605
274229
558333
88378
121776
603968
176175
293403
13125
634738
66729
246535
810287
875355
428183
611175
508116
989119
64208
562254
882773
68933
368989
763251
193257
266889
822760
378649
742869
712460
503875
525263
35274
706507
457937
366675
629467
665965
115797
529170
545177
411413
193365
334859
140940
267992
464554
489425
725136
61128
562471
996527
801547
87279
227108
347173
361031
312600
656038
848849
712176
493574
207212
277417
491691
635208
556632
470885
89104
843236
866617
600442
317894
450672
156209
470464
319994
5377
563463
286261
374076
45498
873932
494490
944182
662790
679586
881019
640329
840224
36717
181196
460293
675407
211162
690671
848517
603184
691591
4883
417445
916459
287886
862646
826722
21384
486641
655690
718988
153946
355555
63350
940202
66073
342257
523507
141674
576974
46092
64599
13251
371559
12339
219247
889193
488810
964225
947396
542828
677190
714064
181760
154670
253317
412617
657194
822143
661662
500682
898958
36183
212008
988978
457528
296815
201960
222796
124254
576060
457035
702933
781469
280969
742831
988331
196764
316335
252251
198869
196685
979508
318160
392553
549266
834046
803511
124446
569852
434162
963961
579695
338350
678126
654893
21351
502752
532895
427116
952271
477631
649343
107393
412594
722418
622510
496957
238410
433400
607660
20263
921097
864493
718321
47568
128197
539308
338089
914819
898880
149133
179152
493595
669523
977551
657829
89456
102455
994705
774990
922601
716080
421371
971464
533173
719383
85178
325064
345557
955266
291624
730803
293905
963538
991817
755063
488203
67608
99697
950340
934064
867108
957380
721707
778762
125420
201110
594769
439602
156758
943665
974095
379427
636771
116020
463850
913834
825975
961368
656554
475258
165129
875086
313753
51421
392931
982980
926041
429956
27926
633607
204322
374399
878782
49155
355352
401288
677293
222181
427717
290233
807607
766241
621368
99230
612954
242383
287673
72549
19719
505328
778919
505522
470033
504591
205489
808207
128305
865603
210413
688257
557684
570321
330008
769397
371010
978542
303659
158873
871563
375010
614934
98696
621391
983623
10587
242141
910218
282929
665674
412073
194299
888296
999893
741695
719376
451856
525711
996972
184624
542442
901126
889412
620580
145587
301241
995351
236323
102954
871031
909827
986168
921647
628951
695459
338642
462471
782286
421541
16936
432764
365168
862714
757639
165281
483718
465126
509177
450867
232904
991671
806996
424091
575607
244818
316956
460433
258649
509288
529557
834074
119570
809416
487594
990834
807900
652303
794291
972996
629091
158586
474087
431061
656384
878556
282334
763777
267663
198379
643328
467038
567023
255412
164944
798845
418709
572207
130063
135119
402701
760877
690062
897891
624527
359533
477396
776397
632250
390671
341223
126179
348143
454688
198907
250977
415629
896724
509620
885164
286532
942097
422554
211251
657688
262951
839128
838130
829044
887518
824497
659793
196840
298025
537408
378345
239489
431734
131689
187942
809028
124839
479330
46407
858503
289178
168088
997442
572971
230436
63167
691461
604857
772509
797241
944408
457944
612565
129762
404510
442985
792869
287670
634619
687935
399199
782432
770063
842046
391015
195552
375519
716047
94299
438807
652181
696445
783982
627506
277918
999087
104978
450993
724913
853314
155859
446099
510512
810818
134529
863136
593382
958406
271622
670610
928625
587749
334038
926241
945529
187288
840131
921322
92126
817134
212720
34363
992368
443046
744414
210557
748311
409580
512994
457086
661971
192947
878199
169627
725662
874155
516016
667015
979118
696223
992134
759226
760727
340911
863247
609144
524
610981
464656
29116
60998
757493
842601
990017
706877
211414
899694
935854
615507
937399
761751
173980
947280
516320
306573
307525
832072
129190
791780
260490
594905
223306
855080
226656
862993
666479
719632
733081
530348
520439
367760
242059
115322
44537
84618
436703
608287
386336
486884
342456
896820
657315
323381
425021
984076
790940
814616
307397
20561
361864
769507
696350
649740
602
598514
763258
951619
438844
295708
681143
431484
636963
152903
229257
728288
376141
676312
945862
355195
619802
18178
759182
505248
647684
893440
507477
917162
959741
343326
964559
854556
580708
870000
552503
44522
223459
711910
440507
247441
558567
926904
277895
872417
444221
496251
574444
93531
5318
372758
735853
311925
915415
38798
874982
189754
716847
170684
998298
972302
598293
936929
198679
311631
972878
516496
108616
945432
589048
244425
854423
853215
260678
283238
330429
502462
2649
336174
832231
334287
366775
67400
414342
303728
583146
806601
927028
784997
117752
975982
207742
257373
678138
603237
50578
275597
411227
808006
53574
836281
354095
634719
248194
213137
733037
905644
942924
829752
518859
650598
479214
393759
125428
198642
860806
754576
766633
158522
91754
283399
763697
59737
564853
701690
439678
828976
346675
97082
286942
225430
563685
562738
254298
304172
767153
363723
917423
432525
313833
641010
182950
818725
952694
988785
552210
929305
677729
720442
709990
847780
75389
249347
595824
601282
519989
973450
469302
386884
805614
571962
474987
236164
493464
273766
165006
238963
176598
815986
875424
225678
371975
270353
630016
603311
649649
310120
321828
357120
781898
690706
342454
806282
940130
23037
451721
625707
124464
986289
886070
732390
492407
570033
723223
866069
355412
485754
336160
433657
842791
196264
467861
464434
509724
426232
512939
717322
947925
269672
539711
720107
48053
768699
373613
139441
580748
848216
405903
432794
512794
933010
699922
855578
780162
532483
108918
686283
510477
43857
557794
807298
947863
2002
631713
991997
409818
220236
954109
396664
736725
396245
870774
665695
608984
300249
320927
980765
306031
658746
422102
8786
963944
810322
763102
461092
946755
103252
369883
185645
533046
526160
677801
366546
262234
214293
323416
597299
681845
335792
43016
302590
936612
958099
250206
678238
142565
717841
15136
431697
881343
854470
183091
548376
995982
150612
442158
348615
475311
727304
786650
688764
433796
257626
886728
37548
372964
894547
706831
696217
526946
431433
23457
619488
45177
86854
728778
406766
978769
349127
37956
41107
414384
317664
363129
214255
523392
81213
915862
539528
407864
219267
553735
143358
926250
701460
387541
97686
149481
219697
491226
284786
597717
134907
199581
227617
704901
193618
932878
765587
481039
571870
703071
337317
251126
771628
594300
719451
47793
590704
62889
538731
886484
397097
218295
289718
551198
296738
381475
276050
665246
17876
383115
422594
82562
788201
145998
5831
198589
837403
659071
320655
411156
737019
838596
768972
813062
477966
293713
663584
845910
802578
73533
891700
747574
751518
895294
895656
8338
967783
922502
551909
611510
611806
335289
890062
854428
299767
316617
594772
32406
951173
17968
579624
986708
118081
210953
411020
313811
726954
799052
12035
707298
710662
618468
942119
336338
82374
713583
308185
665914
916295
55185
523794
592164
842549
844277
924952
425752
682250
146849
969933
28226
487476
294389
436834
471106
948757
717504
366952
64209
215652
234175
910791
767435
601777
806963
786631
956189
621701
103902
37964
793931
470759
239386
509279
34590
819195
45013
165478
836969
279174
201708
860726
823735
905357
807779
587391
390803
199450
286015
99686
9588
670048
330240
742320
276098
907446
120383
397465
793033
770879
637919
660485
589817
414827
319987
764430
596055
750806
402988
90876
482053
644430
948093
12114
496296
76850
5261
710661
834107
278517
412056
876936
953648
904002
329699
419010
526526
644730
618778
171105
187084
742744
323656
266376
862264
889334
554545
884900
349636
733225
105487
217628
834909
594374
344040
226855
627274
616520
587656
295799
409902
505098
468640
79827
981817
507758
427579
884930
170801
900576
253593
317795
895896
817781
419242
359258
958459
60717
185960
326693
171351
356503
664785
760460
80104
429076
150272
897463
392015
532467
737319
629145
706207
572092
751915
338570
22148
685832
295644
953267
245072
388941
257232
938722
25059
505272
186715
975678
963959
493875
720236
559508
652102
463430
605959
179791
160792
842521
640474
253383
606636
784024
91519
678384
957698
166255
168269
851507
220163
528244
627483
286681
581006
469669
351315
362276
564576
318534
778606
63288
982431
873197
134801
503286
629059
179609
464772
448682
730978
452924
386699
934362
898582
742681
621411
654911
664013
741960
624794
14864
385836
980183
733771
229689
828961
305547
900981
553515
174660
487812
868344
532045
884264
297214
824619
401104
692804
480179
353820
435168
557689
87390
508901
24310
768576
76059
838311
603786
547826
255851
191974
883046
189106
310419
772929
783958
998202
997475
371532
978939
348289
287252
27916
883775
4230
921419
995214
557027
862972
224314
256996
422325
762066
621286
65021
345949
645534
953347
487328
541077
816549
702331
969733
325177
558345
696397
868432
951988
608848
308754
829227
930010
52109
685083
914750
194644
275309
756471
244430
190198
756000
562833
473967
612909
575777
88309
807079
536084
127204
124723
888417
618789
763804
577244
78539
12172
761958
406186
443276
190999
680981
432892
646309
818314
645978
255038
558691
126928
958736
781863
656510
696012
855970
428060
825682
615116
870938
959730
561463
708703
468486
67536
379263
967997
870728
626035
968331
198181
627515
449932
571914
751556
531710
736068
864655
413137
215454
410975
39950
228278
712100
731326
535860
546792
859319
265983
846368
487767
238064
949055
106049
55297
288185
712127
889229
987809
952736
487396
852507
718086
58494
959000
222301
159102
893054
190287
600126
567025
862796
255588
267156
358409
253660
611937
653122
756175
573588
497821
416429
544593
419287
731136
122457
745599
686959
365218
680543
214422
551382
170450
910669
877492
172193
34611
358810
998473
641546
134016
236356
916462
698328
334063
695432
403280
848365
960372
679997
597445
890028
609436
832782
201599
642437
88602
997970
281886
354782
343775
89738
799519
306271
460130
165494
395250
669850
193343
771732
423082
593942
821627
691958
554190
437495
583590
464703
436812
971851
381913
103674
401933
826611
68255
221974
936356
826732
874608
382466
441119
704057
544793
952673
987008
957615
25271
62954
983750
795228
412961
218591
934372
332885
849382
313640
94867
665563
606060
641548
948099
730729
244855
297291
62316
128541
253578
521562
970244
369216
599144
562299
932297
123060
856371
160633
748157
459641
585718
275709
301874
205276
742398
939216
885947
572
141282
457198
326850
191674
103908
430339
803576
944508
141296
102725
165031
939166
796161
222509
382755
90231
249891
7443
510815
477059
602835
285541
800603
691954
749442
242563
62075
782092
963000
319098
774323
220479
622166
694428
740959
521479
671860
775353
307375
81912
601449
602108
729472
544747
963880
228899
79557
341379
605831
350044
742628
376923
183964
885305
949277
798094
392320
382032
91877
807906
879349
90034
156241
987089
672676
675206
63598
66294
268158
95681
192877
244369
541637
852611
805243
222326
325859
929617
192623
854296
432568
921771
839901
309870
231921
329226
680391
474880
191571
492920
418675
793936
628632
548235
581528
650983
467696
164543
215922
340027
623464
894767
352693
3898
834984
326320
316446
96053
560790
452747
268708
555692
235801
238932
179150
825138
125816
336235
593694
183293
152800
410767
21547
443340
619588
891482
890892
871925
482207
636701
859120
827210
616661
437336
310539
968039
328375
829718
123755
547547
27366
550179
857193
803057
667599
726251
243706
679898
893140
33201
669541
15800
519627
916712
377423
398857
490015
24690
627378
732718
946004
109682
685868
133143
235497
333648
333428
970254
367638
546504
620967
314588
577013
664943
500736
70299
203389
94084
797735
72794
468840
758767
825184
648742
931639
156953
256036
124539
210188
968167
976269
657543
433140
118548
428714
994455
53192
740201
220338
52769
187240
207196
98390
13037
318056
341315
125295
406880
889991
666867
66327
255974
439386
321849
305875
885755
932232
59892
890990
441367
172142
865101
7969
170932
851171
216533
130989
669885
642709
435065
345675
205716
520786
251236
673403
798016
981923
974258
153082
26738
233555
815948
630799
332850
13645
5668
299779
835307
51811
198479
301488
942223
457579
395514
227314
428520
728644
811210
69243
256893
637814
411540
764739
767901
396151
181301
438812
160906
109962
130576
694755
572613
452867
827298
715602
885299
544165
608195
969459
162921
913836
552124
539247
831833
607974
952959
262341
490328
706171
12103
421846
872139
84622
477261
123036
551150
184124
426468
694715
603968
162434
693042
431856
961103
159995
357259
804902
204827
857030
679083
256231
395754
530694
328272
53359
162407
991555
129586
343133
431224
940205
166176
170883
208731
119809
887992
693020
757115
413445
750403
914525
581589
807853
445419
578468
99329
406304
323161
69005
484000
484948
211247
486628
498081
171477
650847
431284
174127
254245
996646
181758
193915
194046
470185
652101
924641
324851
856042
632902
35897
257588
913703
859910
417277
291120
193039
402307
502482
737557
480098
734924
95477
741619
208804
268077
237507
772414
275645
970370
384165
818418
209712
766188
279126
808849
434422
952610
22354
890568
707830
372895
820764
337008
685028
233657
291052
145520
644403
504914
201204
32639
269048
168679
733198
797447
611549
284806
51012
180837
721662
396572
296891
531021
425699
751532
661948
910923
743450
342172
477920
588516
817969
707178
419160
644059
204493
644987
267991
565263
828330
628564
909596
965825
481968
418082
706591
47476
448622
735795
119959
163821
847605
930055
378982
326810
962836
379713
610786
466319
386475
134008
893953
356459
257902
144107
183584
783385
114104
596433
11632
376627
435657
91469
123326
187264
165534
950912
645981
415262
643052
803769
846833
864827
458808
661511
172059
877437
321494
734832
85308
55362
446332
546490
885672
370561
802817
864038
118633
433103
622200
783164
407725
898558
500259
396866
92813
577952
276438
435334
779258
432617
881962
700827
704454
574066
359322
628192
637516
99034
497021
206843
200510
43527
27296
994341
974537
633546
973247
804575
18855
506977
785888
315779
905537
303766
684493
921333
857342
771972
157100
683000
619756
967865
555900
261469
388810
397815
689134
266070
155247
900373
55326
741864
171675
439555
776108
380735
280345
565931
500347
131419
493709
53746
276550
837288
285855
869277
773146
744300
408964
785937
795636
470874
774438
533746
443703
144963
860720
208749
582666
78060
270903
240466
582220
817146
325448
633561
574517
786186
106442
629574
407626
156765
523344
504614
297916
628977
113854
243833
222750
40427
629908
817578
226369
852783
195996
727481
852014
454290
240172
560633
334400
547559
613401
139317
862811
169974
722616
887790
439501
805515
486930
954304
967295
192362
966883
847203
19927
446944
200399
121100
697390
260340
810722
798707
878121
571709
908098
864944
533046
611597
975028
851327
434853
431563
946503
867298
434656
251231
101728
125606
980553
536326
947107
480509
174958
301061
117884
991050
197867
27385
166471
380668
881885
710733
327458
535569
95742
510854
854412
197948
573346
166584
993210
901090
826253
782748
521462
54973
354607
498297
146996
538531
548285
411774
356723
621153
295148
983026
81484
379713
209164
126338
466971
667564
281472
471865
514055
472744
413206
859919
573615
325633
28103
214232
31154
942726
152460
671261
14683
596011
372122
718152
560680
942476
554557
168504
963765
439761
245325
923957
780490
245356
922638
908029
746558
439551
11434
714429
726470
822427
196163
287451
63582
672612
526456
810864
527506
798096
522934
864403
766441
921486
283576
420624
328943
984707
353116
528056
455646
282415
632483
481746
364904
757102
854597
285935
393252
936603
475119
902876
405778
88335
937946
664880
569676
226631
655049
515908
627660
629988
721887
107906
604628
969163
758426
196438
341246
616364
357168
111554
848096
540192
660932
784206
603227
230124
673733
579740
973121
199907
384740
849050
594656
20391
408688
992848
300591
212176
279887
30105
237204
847653
284315
783342
485904
204038
280982
979998
817672
317613
266508
616922
172529
832905
561860
597932
193558
228490
90978
739464
608009
849531
866780
135931
322020
94856
72343
362880
362618
670753
162781
763185
833376
554999
246141
847003
140113
137636
14976
487786
475330
751847
466179
647619
252739
708812
57590
840945
219983
245098
65455
689270
358256
558790
844780
457091
310225
647254
676963
474180
876194
395359
32456
563410
612834
185151
565019
497740
179276
611143
430890
443392
986336
9024
469290
771202
600204
445519
282222
801055
848887
759027
715522
16428
842795
189162
990375
711799
812060
276019
825450
832927
23449
287983
917539
23744
979214
128609
764295
126278
111731
446484
757995
527203
756629
892508
178518
294811
915071
719668
671553
448956
203269
353607
291181
485612
282476
203658
468065
179354
639481
898950
39679
892247
147221
554931
450562
720957
563225
129536
345751
157005
755452
246768
231828
596375
963670
729630
126361
819538
352912
443233
858434
620555
575083
342730
786182
94586
584553
289802
215535
834609
224028
786033
837814
521838
232009
325201
433850
711247
222775
610241
294685
458661
785434
891709
584635
113121
882263
742123
534088
380906
684596
17656
86469
195921
717470
228961
513375
438876
242837
483086
83108
226367
65208
121176
468514
287465
632616
237484
827358
344313
353628
280135
451886
778321
902273
404449
913012
908675
18315
456614
251319
982697
836381
591071
596447
114769
24081
349744
417869
486996
468324
794362
894293
595080
596097
893152
429401
609163
472168
704935
612867
915712
81979
156535
396190
711574
331045
62398
919314
541123
14376
191348
226874
135121
872193
445945
465699
904911
206521
806362
288036
828200
135499
788658
528981
938960
920557
668269
224173
729306
967677
763048
531068
121318
734857
386292
226625
695992
359611
461242
170537
119717
297695
550264
696741
335399
741651
709929
1958
596303
989706
580995
737016
716313
188028
53466
862328
450203
33070
888482
34803
461272
261465
275153
80541
735601
290554
61027
953259
24443
239925
273911
57997
624940
663591
411543
903307
585390
19335
295253
73787
697110
756279
420176
147485
618798
180269
651158
530067
252462
361144
985828
403456
525962
278258
426696
36795
288229
492417
669671
75056
914403
96073
962715
676371
178716
921458
636084
178882
720812
475217
194016
995511
359143
594485
389989
772454
594602
278160
42634
909241
122892
855745
54998
509350
374580
637178
191600
716841
800964
557139
126373
962659
629811
195306
219144
854479
973881
57844
557876
331549
391971
538213
354861
283309
736134
491320
230373
832041
693584
461339
478746
180095
999098
306171
760476
939002
664665
425895
218221
633020
653716
415587
501121
395482
946352
774860
742372
621780
473927
462178
357819
140591
888792
590903
497314
547569
629495
281971
930229
282617
53925
151938
183082
87032
372538
235674
318172
887888
353215
127788
942114
604935
896408
195302
678558
707495
512670
715427
392594
859318
821067
702256
88620
441677
970191
739132
121954
805464
614335
777243
519864
130985
602861
110007
264159
493305
146706
152340
293367
568059
795880
509373
347317
580766
140949
72016
399392
898016
809729
221347
715765
968138
63624
296978
615851
968780
152203
347367
778385
700853
67425
229028
567891
355534
586219
657519
320859
856788
152838
119066
989524
916369
110425
497231
339977
949398
193357
75413
99180
638615
522460
347457
548851
427811
75395
38843
824541
720446
33169
114348
594451
438749
191778
842945
477225
823357
988709
619935
679171
244768
842968
940451
908116
541349
866389
982484
737794
176387
971654
518632
547942
277729
124021
147119
807151
699477
228926
862752
29350
82808
881445
332735
128652
914531
943172
178087
936479
945160
848413
374329
420283
622638
575118
537953
93662
487050
620770
876418
453572
734519
680260
61886
614193
323155
741518
19747
286733
953589
826175
264565
879209
509646
521803
205396
869344
106779
887885
692042
686808
293444
560152
804403
7272
714324
945003
392905
723
235542
910722
864715
261875
103496
950025
850762
986417
307775
914220
261264
518129
429591
832137
233261
818378
926484
320839
927455
606194
312026
446016
9501
444153
311301
425882
943808
284908
202022
389747
341327
500826
977307
347002
896485
276147
351626
620315
223233
633420
682233
855250
879466
249598
300173
235041
700157
74671
208094
438364
210517
513832
348787
196834
466965
620581
180703
808422
722580
947244
334135
256363
240358
222037
185710
360654
51779
943528
819344
486717
138519
836579
188951
383750
899750
981658
232877
742218
116185
204089
347327
857680
121704
558694
348794
537013
831974
717377
232358
532225
107556
411021
585115
174934
215427
864936
426659
468674
13082
364598
548270
174451
462079
281116
66860
262410
615606
582120
325451
200648
931764
129934
279117
452901
913934
36302
517508
237375
200323
881
351533
240303
25762
320369
76327
314808
33754
367608
988686
676569
398940
516353
615865
559170
717742
850075
417356
74659
813135
952396
156794
353183
753795
901842
264986
64095
621946
497157
285605
32388
813089
333720
187082
161716
198148
130302
597870
527254
222110
47017
682819
981656
799679
381869
281028
248045
16088
411907
302858
703445
391270
774314
440590
90516
856185
720360
612604
445956
649568
933871
593264
42758
339059
419610
676559
318868
141821
648534
907781
920178
761860
138462
528278
366083
158901
885086
649763
542840
933617
827129
973884
767907
988718
439014
729116
784106
531019
779573
308677
256982
573685
644336
49081
747147
593327
974620
890898
14546
598977
525279
534079
90386
44607
311419
222427
86814
693556
379448
955563
175848
797100
948577
508596
145298
424859
860132
39863
82149
597037
989725
470538
471259
37547
421548
672725
786966
303046
991874
293285
405940
748804
86907
501360
598586
372420
452645
653158
840877
872367
843552
457968
847935
140733
873437
351943
450790
794529
534472
212212
688393
748755
739906
325536
798036
344440
517575
28567
254892
276655
416367
186781
809340
813370
379216
462125
389356
718663
556480
71626
613107
900123
114296
988548
474051
215642
639828
398090
118883
245941
68727
703270
636699
775472
867787
976409
523912
591630
803366
459411
430927
685660
782408
674255
59118
799320
776577
301705
970222
131516
882415
627549
693493
96810
859749
598717
8824
672181
658792
972431
991757
994249
855571
950241
130206
941049
440474
145418
846458
955619
317163
678494
387717
586370
941040
290701
81040
280720
447857
598872
150147
718230
187159
499441
115383
429777
105867
789551
750688
712834
656253
324203
411111
952851
764865
851834
229078
749921
807827
253510
212205
713898
877947
10635
141522
652309
102924
598828
134308
768664
453638
76399
922672
951945
158555
67292
361404
940741
535631
908845
193409
581431
350392
18674
816951
633030
467877
234436
717320
390237
15963
929187
466214
221784
185595
475311
607032
695624
585663
489727
686191
187427
536675
972706
457528
912075
54816
33008
6602
293113
178515
646539
585054
326726
57213
356279
46079
243094
809315
339220
367223
595937
878742
852404
267625
142111
51469
969821
646909
850128
778478
479516
373621
322917
609067
756292
687839
978062
480201
648706
80227
148769
584956
533854
387196
967715
129647
658640
359555
343287
714272
490236
670311
702304
572967
158988
87865
826229
886806
876137
859748
26976
844028
645654
793594
443090
547140
441129
685673
358599
751547
925478
462860
730545
776687
351481
859806
31428
710386
614224
333385
929117
273790
201683
194844
538704
695346
983873
23900
653516
34107
669736
495473
515629
186638
75585
249729
923358
421393
630373
855194
590569
662873
302832
838665
312285
165710
763505
193544
394331
932715
490890
961811
939645
332642
884395
246299
547490
588445
179301
357652
751130
774558
533869
174569
439211
75911
53168
262224
396798
844854
644685
528631
487913
611912
494836
297437
182042
281855
409433
284094
979868
435070
440788
74790
743241
608561
573272
285223
772813
834057
688206
185190
155922
211173
975821
120271
257037
651212
593912
746537
170981
527575
993333
576067
347643
739180
698821
557198
212698
985316
869125
374021
890429
676430
57664
582534
982903
26253
770287
549956
42883
244508
27150
922902
160360
762546
383195
743655
186952
467073
299758
275600
907974
14936
315440
640067
769298
847208
849977
156702
774931
520483
405962
500191
682863
696256
640995
838007
13498
517467
243011
920375
87544
472314
457146
948839
296849
532331
163948
807094
223888
419465
144420
559819
701783
246557
664018
449530
698851
881376
81891
333906
355704
407582
746427
259667
758313
707959
163474
990012
149510
872320
487784
150019
202146
19654
198630
957534
506047
1906
728339
809790
914713
311112
865711
526940
902604
37386
907311
856492
53346
289017
389590
5165
35453
855483
958061
864802
895581
522456
428959
937883
857551
834654
181107
143020
977523
513381
530534
97151
263720
722669
120036
49798
311062
732259
550051
103368
822167
673731
276701
435805
635394
227543
113000
815925
990934
881501
978291
65874
251648
837958
999199
178646
504649
568795
132151
213878
576288
765370
704590
205646
636863
625855
38196
940815
809275
580478
144084
111699
185901
718892
162733
193297
13945
781661
753707
226732
602040
501415
823393
781158
603846
908902
245606
386610
469545
853977
936073
326630
977116
614762
292785
411023
69432
299275
861526
809247
4798
928636
125782
353345
15235
548201
57717
418573
243960
29615
448628
736151
420757
691903
703052
659938
124578
564763
202503
270962
678946
199230
546684
382271
896156
588249
29925
314245
744519
718071
226846
207672
917329
982849
331581
872789
707660
93662
582920
711700
199541
151218
260631
786170
744099
292360
560327
287563
234185
542602
61784
231196
637608
751341
935460
969221
545620
891306
376765
954485
676128
138598
995169
545057
844904
937651
681372
243413
965180
187183
407611
507371
517028
770442
773224
59224
696341
228198
902759
486947
84462
267607
854572
290546
367023
606921
349782
580285
102199
119361
578252
36899
697527
250108
804979
717019
523321
888435
739401
682115
665799
760576
121889
354708
249657
856154
436795
555831
268063
255292
993471
65904
218438
914661
970518
729145
805227
754040
559397
456170
143482
299907
187623
230163
473537
202140
45734
216364
496246
608424
74902
185508
289057
95093
452302
210901
681255
537287
669860
645593
831797
960496
562339
693622
115525
787096
733292
707764
696976
516061
734822
699280
630672
719955
823971
890057
180465
791596
836817
14743
143507
997363
942297
945851
480830
411379
980311
490482
269731
763572
228215
317059
810699
185189
582824
837432
76447
238101
715584
395049
748819
304923
248556
177587
375663
600790
428370
238344
242683
361999
590213
637152
985478
845691
440996
206798
688531
25308
817999
579373
815009
913414
878151
335545
660310
417471
732386
246970
575303
745792
953703
52634
536166
131352
689996
633368
668873
459952
917001
582165
802259
189481
866072
393100
776449
106913
765836
78751
739347
876949
74059
555532
691348
894496
853930
730622
3336
411170
533027
47680
755186
432828
25589
401740
479039
940855
803161
516610
326034
385924
718364
406964
794285
868382
426461
735198
96120
747084
35237
244979
619698
10946
407838
603282
369521
60711
972146
707927
724695
420658
913793
283598
423635
968621
159230
169667
151569
902876
56359
703157
797631
32759
191135
444521
42685
150866
131049
487002
24417
488030
726339
431117
295844
560840
955421
856259
937964
621823
177524
178056
23350
597075
67856
134889
838815
752569
335318
466819
627472
813163
200075
224949
377156
429292
926118
810743
190648
400617
900175
34756
183598
29563
171514
543411
88541
103049
565787
581220
11896
418507
778309
455061
522521
385897
313315
101012
962826
61633
289489
507151
675632
63752
973144
983111
890261
573704
26948
536803
553424
16903
167012
388385
216531
878024
243614
406823
539793
96555
670636
855864
26954
124719
916855
924866
434804
831192
699534
374996
760456
446251
476099
962924
573414
693463
248098
87598
417317
359022
111375
973809
740347
858256
782651
271796
442949
908520
840962
204590
546229
594128
947941
325891
953493
978960
860639
948690
73084
750404
551782
601579
292108
25179
513343
760990
57508
489659
775742
950767
78633
767618
3865
368805
846380
669224
893928
533377
206584
729728
371772
66700
271995
71965
390233
815818
493519
746642
626577
220042
579875
685009
761406
859167
688650
192180
589915
513385
121440
784986
48767
654668
336725
814890
468920
248899
314775
88499
437696
618509
982048
200628
423839
261701
491801
79927
460956
241039
567465
244056
713185
291310
937055
983331
661482
607411
920440
607195
836649
356752
303437
560087
601082
555915
877596
892744
119358
845902
369265
562005
411606
911323
205296
782503
302846
635548
615362
461121
459331
890008
283610
773318
264163
233794
194019
979358
831
727788
997320
50292
77951
426073
402719
986583
458882
131567
976371
345920
594240
394507
666412
935475
408511
491311
798429
10174
468526
588374
109290
424798
5986
720233
360852
340929
405226
689354
492579
852775
503505
111565
381038
174561
195375
802630
137098
243324
60140
611645
409229
284599
682835
569086
484798
337519
796558
340941
450779
700380
708612
330999
247557
90484
835211
377220
870604
532589
430604
866185
375699
101344
690162
791706
443104
89097
772878
481820
228994
27627
293131
787256
915103
826064
718217
728619
552601
774894
293720
582586
594333
573733
759698
163011
612232
565285
544469
612783
432053
557165
646427
213636
729447
629102
572344
720279
586000
808206
354224
946014
498172
699528
617843
638052
236381
990896
145846
169429
190003
149076
188015
937529
651800
319487
84141
30590
20901
328919
846737
622509
857349
430566
612845
8447
623252
61365
190391
24393
344435
563412
80169
626450
801131
859383
528441
684357
611258
577275
649200
414977
730239
788806
690538
894158
495359
688331
257385
687659
106258
700973
100245
266243
152045
877819
75732
398014
816076
93786
122370
744115
215356
916288
774285
584634
977218
140252
458352
27807
877804
75348
450378
317236
935346
985702
810266
32830
530887
544368
347802
940559
936834
197642
439157
76916
965476
309649
199013
28036
30085
551871
189485
441369
533408
864886
23024
533723
739511
531740
764781
763831
513316
108767
782232
874991
788670
660313
714517
543564
189092
879695
488723
659566
224489
872596
148931
250500
396380
680779
584692
323414
53746
33609
197901
898367
878931
620185
704422
497657
23358
689689
704899
533585
899865
530753
502765
732921
85849
802308
898607
449468
460362
886287
926634
455692
56699
998254
158998
391607
830218
193806
11733
804472
965255
262557
942453
883242
243976
408845
511043
522839
148873
489912
138630
382319
394301
400158
331999
364884
17013
237321
200891
990290
320172
925073
228850
797292
215597
411068
296447
240209
484577
499261
446300
474670
283513
507677
566906
37917
632756
44087
823450
282299
670029
986013
477835
822615
624453
226521
231104
585157
449352
553486
365389
711699
230910
35964
65470
602643
152625
550050
107988
703063
666134
355709
999773
956219
657658
164591
898671
636956
387402
843003
192384
895911
874175
578541
591013
654988
720612
931607
985766
129424
913477
420021
64250
165634
919798
894130
569060
723269
837373
741059
475625
317196
88541
73458
831084
984613
549568
501685
9256
213932
980864
991868
622410
610400
517202
202698
339945
640530
576975
727099
382755
629113
28512
549156
467797
996259
978502
758167
719542
707014
909188
559877
251536
501749
934569
967358
611293
651054
3965
51285
200122
378896
116872
676127
980618
597289
209146
80218
39146
185646
760954
741481
525324
139140
761806
17405
176306
408058
509923
897232
404937
197146
702970
88203
301152
790933
528239
240392
128707
232731
764327
551217
926840
117836
133526
43911
690453
323208
584491
555199
645372
558690
837976
399559
323573
928180
225473
295590
830182
117644
178432
591809
572721
480388
897875
183033
16362
273584
202147
294578
194612
574768
992753
145903
919735
668772
877471
228569
99647
776511
24793
43167
320884
151413
213342
132918
156338
83982
529583
507393
983749
785820
790930
868173
311746
638281
367235
573555
589764
144650
840184
341857
787650
994608
80912
621490
406346
428893
234519
394040
486108
462483
166008
482332
726757
43368
232960
424797
577239
217686
433803
76532
755553
769839
863117
68120
704656
978285
873407
69533
955266
914215
517347
89464
47874
450656
254262
867805
915909
569146
745330
35465
934144
222152
154365
996188
173604
356417
506801
87774
839415
401423
22985
20706
611472
904967
69412
570631
643567
453748
29241
80859
973367
113996
363992
790683
411336
651588
365465
890710
669309
450943
877539
720880
783231
656162
425306
894785
502340
814083
556646
810461
333608
368447
501341
536047
55142
704362
808908
701630
834483
945377
620839
732242
602935
759484
76234
141167
208808
848160
128235
83968
779973
881137
219423
55439
816301
150244
329093
83569
920474
541938
719251
616895
426685
397480
657723
391870
836726
941083
105913
573664
732271
433466
295036
674596
30231
891324
101742
736856
274230
598392
827810
986111
262258
201811
75289
766605
700445
309523
410289
163726
404920
687314
922859
13159
762569
492303
482199
517813
134420
746527
561118
852050
729785
64321
477356
785910
751722
257870
373560
795705
148102
346063
602673
296822
465239
87529
269831
782924
552677
961715
304978
5502
674805
665576
137379
981306
767393
82040
322918
950327
803349
123705
800880
98103
793891
270971
105643
241772
868868
978872
948251
924663
708844
292714
653836
509131
797640
857271
34074
531888
405271
249032
971741
45732
214434
774775
214255
242268
813274
180198
841435
389800
982732
264365
813603
6132
806595
10091
339438
122538
663738
128318
28556
281269
366396
148365
58088
88545
976282
781250
936777
747742
18184
190869
474948
927524
833557
953220
400002
817008
37254
580767
377514
731500
319502
575295
849642
701164
320363
216726
856103
520980
321183
134882
890367
584280
330954
273852
992439
464220
951201
65933
413766
531066
885389
237087
36413
994977
277794
938129
755793
405722
753466
382245
628743
658086
66542
344948
208314
930436
116656
407937
606348
892239
153864
970730
743271
584323
796777
22010
13487
468960
256175
833948
571654
820199
457464
521003
319227
97345
441756
469092
316112
32575
102218
646845
837734
624188
346432
570191
137479
348319
178662
373422
934480
133181
333576
419545
979065
30747
233839
117645
297026
558545
330266
135028
295164
179850
976350
841338
234674
764583
83287
859904
473586
24835
194186
838570
745083
517009
609945
554196
5764
178658
820065
662241
831015
387715
929204
2099
902889
934980
659950
621879
514342
127059
584886
631703
726941
517894
238931
56467
242966
561527
42280
876842
266412
708489
622349
396466
17211
192649
972620
82695
136422
905137
842485
542048
197189
385286
483678
464701
237866
813728
471675
98812
21582
888970
376470
636171
149085
504895
260203
625848
948123
526037
189538
207333
826545
536374
403625
217559
923608
204808
164334
920429
44641
469871
881654
754413
823582
283304
446621
957882
694129
875862
673962
170338
202159
586138
757390
985428
655408
568987
512441
14703
801141
589541
200345
784117
279542
834669
673777
13342
554376
696626
742482
304201
107560
401920
233208
357133
733479
879247
15171
745262
376753
91016
897487
404075
736699
532647
361395
751220
192713
77115
933139
860346
646361
728715
90786
379678
707055
465555
524600
804875
803518
811948
630732
370591
768560
486729
801806
231812
756690
810333
543076
184414
578207
652826
585790
556765
993320
164437
256600
592049
425500
411782
156108
805533
245306
517803
611473
794533
142736
304459
45332
258721
794414
622552
790577
965812
174253
