92984
344413
229921
472344
946480
409866
322347
297682
645846
916913
319718
37361
101092
78404
628142
549871
68338
934307
583305
394106
308505
349269
443676
953602
393336
952485
671745
90208
968469
481047
263856
906338
964379
531909
92761
469495
138881
497627
657108
72692
438988
24683
159664
568128
664875
154350
75880
893282
114240
522200
469620
712741
11198
346775
217787
390310
246701
28071
869605
918074
855946
148756
290063
153214
15564
131982
938520
500988
750722
498146
369688
143862
880536
685211
323761
232851
577209
306420
898621
402083
982670
16504
499943
32337
540516
885048
404117
762916
534443
24361
70787
373361
922202
264536
671211
844897
190896
771914
215008
551259
851222
990964
601083
815246
775201
580243
138668
182364
80563
410729
827506
612454
136449
249430
309093
718576
79279
413967
740784
958641
375574
501885
58781
500858
144360
768820
598985
571456
46187
294158
656694
759688
747297
103268
227007
9774
420169
851368
687974
347089
939197
769186
699337
855070
649660
591685
506036
215736
664258
425197
218768
138113
949972
855800
24504
776520
131416
950910
829612
822479
73312
921774
911198
58743
870023
675526
135594
201546
210164
687214
84579
975525
518524
95538
790025
536320
560036
276827
955734
417116
340099
224680
92855
875399
352390
536174
97304
947087
299790
614153
902872
790145
999476
435326
461020
577884
82412
399855
407039
169815
914247
903161
375655
17676
525010
298606
191091
836736
197724
607978
939728
377807
474645
999700
50987
121465
792914
393331
59329
265411
292910
360170
726034
205707
162698
103058
811251
136812
19508
25778
908099
218377
333477
615133
18229
324154
991844
830313
749069
699281
977545
305095
61158
85832
690076
824260
832879
85704
532828
242907
599542
150744
288539
472308
336860
754976
476422
687933
776297
922713
915203
342500
821240
445588
15859
69422
216275
108451
441495
798199
375001
947432
455055
832710
93916
353592
955452
926348
974343
391851
879495
203130
587580
342850
648251
754620
547900
945462
790478
142549
516224
126041
43133
908440
654052
447083
352149
952128
632195
257596
744973
224493
655198
660408
493264
737403
59893
473364
811418
507969
582648
635604
269496
186403
756439
481078
774769
486421
122678
650622
521027
446316
450108
54623
62534
557282
634251
520067
245294
403686
25226
585848
223404
971550
799389
449271
758579
482106
283062
156625
756312
179894
721221
249336
541586
32300
633931
111847
442273
914131
931276
556719
95116
548760
75619
428319
912770
102231
552239
300304
226146
513014
845995
93386
831830
330206
668124
768150
549402
937303
155299
753762
666331
465535
309042
317578
265210
540135
268507
637449
850927
276939
637828
221371
631499
520491
312759
184718
743637
784074
54678
318917
44694
418626
594476
978728
781553
856258
941342
28236
764650
140134
813632
659514
56967
50353
47620
19711
611667
44842
171149
725968
572607
435152
334689
616471
534180
777594
401021
727006
845284
499216
385603
318935
772974
536544
232207
8965
532127
288094
751719
616075
41414
390267
209104
515151
247680
34976
26173
252363
960706
212551
698787
178864
253557
516022
773928
799159
191420
546394
993657
839493
64849
673404
996795
66489
350797
362466
939673
94678
352710
712452
720828
492616
32530
64617
309081
145429
851498
319390
772644
748193
49771
157459
490274
710621
724598
96850
480092
518094
718262
401629
99695
725173
804481
980834
187456
150689
643160
786269
764430
935245
220361
942155
878304
918582
951412
703430
469149
808638
782314
638018
884794
341686
662448
196642
827533
153356
384612
470968
362177
366032
255479
914200
124963
710948
407960
774359
96792
859904
456818
595237
647089
607200
222283
396676
271255
407755
609613
429668
840353
148735
5346
660445
336068
862142
604856
697224
794538
187951
860772
934650
17563
612979
181219
601246
630040
525829
775867
230254
693191
236045
68543
973262
468872
386497
491250
907269
267365
322936
303427
508953
298856
878797
805303
808453
99911
559212
90405
921241
648891
918396
170970
705967
724463
840361
140701
371333
965203
312205
238540
204092
665359
564986
261605
672428
829845
30182
866977
959521
450127
536308
258618
857271
607160
813723
797710
524237
645063
671989
830747
766633
893125
972646
999466
766440
224448
321191
341449
690208
327960
111982
592176
448340
728310
816060
677702
147859
946845
161154
803259
344109
527896
477745
858773
140179
581395
52509
523337
320330
716614
596045
280383
440524
401996
963041
958393
400059
291602
332064
568460
307074
410154
151198
687052
410251
929407
99462
938758
397654
700323
177738
452006
728636
31300
84004
850041
852481
326654
26119
236749
829775
373578
194023
358517
708501
504211
989602
544233
138748
444585
14921
628426
799553
336847
50447
884546
391475
852911
523661
469706
831499
833581
331760
411269
703075
508120
619520
943946
891285
641917
662221
212543
539889
893974
24312
422688
461722
22048
502875
80159
372477
27082
785110
964838
548335
292873
997303
648056
935139
726472
587077
476661
229892
333629
782377
231932
713589
473815
12538
912939
691299
525715
448228
343809
591683
518190
458548
203301
343661
625141
144258
804288
496661
431160
289211
185796
79586
892125
131977
617168
345708
524240
100578
822316
732055
964440
236650
104751
404551
245061
932038
436864
402558
73414
192958
291001
230169
896343
619086
506279
276452
782423
560329
943790
527957
172663
909163
279050
837036
169102
894969
652208
599844
488266
898967
474962
45270
916418
696678
756994
463403
757862
27159
122030
48636
802264
457681
759497
869384
472020
107195
360267
46865
191753
547494
334
904531
109516
201690
707033
289122
993058
849596
943802
873695
64763
246809
305676
68438
124606
728081
13081
259256
72447
776610
173080
178224
753614
431056
458391
226531
570025
231086
382900
628361
422161
817804
439621
722019
995706
563902
189144
14872
875483
204868
609172
428464
225958
33243
524542
286123
833938
835039
597528
631487
477203
82331
237475
595309
892075
375343
220678
136255
355098
377501
238791
275360
706737
29680
141301
572184
210885
219721
429416
608482
945470
362311
353441
79723
952079
79378
915979
995049
571584
389380
118243
824918
763046
891381
870067
680840
961717
451106
124793
401327
625452
464890
153063
288170
242478
407108
220292
948102
309297
465199
531440
595348
56783
744888
3204
606757
255546
365490
262167
464612
627981
84469
775774
124049
449661
660197
784747
465942
573806
694942
457430
421575
797410
991097
582009
419323
575372
172798
673876
670273
227971
234662
195154
35969
775378
133515
268643
647537
110572
690926
81928
282672
363196
73957
703853
699267
443803
847071
693488
623657
718875
408405
128640
663004
888384
228047
4704
179495
361615
537104
851147
395614
863294
860320
797106
304831
949578
220276
345185
148196
859560
900987
426879
635361
374803
504519
650356
504960
969604
50774
252581
48726
543040
85501
895514
35969
76491
912816
191873
588609
926650
566320
199180
147377
790502
283537
703541
491745
546236
185575
96545
749072
975858
964749
672930
419339
687316
315217
675095
69468
447292
471743
374254
388593
32288
816777
5450
662603
807558
667472
340992
342879
520466
24977
896954
960653
737087
910511
368830
396410
200364
524696
175433
110796
368718
201623
238229
91841
286788
430838
220730
238829
709320
823182
998321
195150
542785
781037
295155
938829
544181
431650
8767
623252
403419
613863
315067
901638
878990
788780
313906
858015
481694
480060
405500
889514
979201
777102
845499
549401
29799
156459
749569
746948
550443
597430
163791
445953
75621
115549
513017
501980
415004
9435
393509
639923
693721
214759
265074
980465
374358
108028
210165
900069
907414
977606
257566
4990
16398
347238
678137
548133
479361
515042
720785
903095
778729
331308
187695
784285
528401
422925
744384
591114
120512
210734
94740
236497
561807
47235
74626
725217
7516
505365
555946
406494
541015
397802
783315
74204
353785
586770
146098
832570
664277
302609
68108
491353
986055
194020
111154
579640
174921
656498
543851
247534
673636
172368
59185
8195
571906
217713
550353
584106
783074
15016
811317
162015
598950
334428
225023
235929
729415
186119
578251
675244
249064
53738
632407
271039
303175
574033
572799
190693
539920
675070
39648
260825
945932
626485
36703
767131
919543
376804
668418
250465
113902
51436
158139
645820
832711
475408
337477
944585
942715
411897
746535
673872
45566
208291
62038
270844
972400
439464
243768
565047
665451
561703
457602
314849
81276
897745
771650
5294
947055
572687
185529
103322
344772
356947
234784
934793
631294
249402
647563
834942
371481
521819
192683
475640
33243
737519
86318
651236
290371
311901
526529
74179
576094
775392
388277
519514
584313
494999
155135
449872
260721
278185
526682
185255
484326
113618
914375
360026
899086
463631
197108
72463
681701
710434
739579
242744
655746
455042
354881
360588
466566
497379
200831
136094
233901
419613
702621
789655
858182
170107
112698
256532
452927
744675
978889
165022
690970
986973
253909
625730
425212
125697
903268
94605
628644
589122
92602
77734
109817
270865
101109
777800
851899
734575
111445
622234
241244
441874
47262
224172
482408
283827
67350
73040
229727
784434
292458
484627
999779
686759
290669
263191
871692
420166
820416
935886
665241
33390
534412
26581
557634
613902
404140
312170
468585
878132
574120
437644
967982
433780
471964
586990
292897
508017
425464
708119
692499
559691
522848
942105
836037
237541
591284
579819
991426
771025
954154
42022
576329
531739
382678
852249
135266
346607
725899
891657
459153
835687
921436
48904
393832
198581
316604
951792
332919
482090
252483
958076
992287
316449
698321
360644
220741
537418
131725
361492
530402
58902
689415
504295
469238
614396
90300
608005
499036
848103
79415
859318
483897
23676
766868
668962
440462
795339
34080
448583
573485
158609
135004
333013
203657
961511
440737
373289
246374
208332
446301
168100
974191
473226
509051
848424
339302
103751
853857
13934
651638
40362
21203
372615
357604
756711
859700
644461
18788
474473
403565
108613
406600
103131
872934
777268
87571
198739
248626
646811
859116
218140
591239
767920
749742
486431
973674
309050
344540
411949
472105
862121
789810
550188
627778
629135
118358
894107
207202
827007
533294
704387
97927
360193
522379
646716
652358
224047
393922
606617
668009
770223
264155
826993
860912
779660
500387
463115
508344
560627
302428
856421
523385
930696
948117
977761
976106
111523
499156
550797
238591
499755
585199
187597
674194
590156
75386
312807
983072
856856
798362
13419
354410
615160
186488
789117
933115
355213
234386
358528
901450
450279
830443
375393
244021
606432
82531
686525
993709
724246
766177
712560
334385
673476
714412
386171
950899
839869
136729
711249
502359
492548
215263
493566
859097
262794
369286
329845
54413
135492
932222
182836
577730
736105
192332
712278
529408
467141
662687
85173
263665
335101
829057
654009
266716
232288
758569
102082
259404
214053
919021
641262
674255
769287
810388
210631
790170
533434
731530
992524
818058
763336
223660
874842
132549
343821
271811
679927
865023
23563
507726
659900
944537
273963
430392
875356
103139
638161
218153
886997
565762
646170
999673
177905
838701
37877
324286
750713
861393
566299
926726
646199
14677
571372
392736
555943
222072
465320
899157
762938
347413
68230
549045
916998
350856
752628
927371
423693
988715
615916
434930
186855
531962
638255
22721
451151
58069
345442
226209
302472
603299
805761
430080
363178
879314
408708
485214
160845
518461
404493
592645
832528
922535
987594
196373
977607
263012
209197
734397
536831
809815
495109
514822
381294
447702
226489
627913
22908
411690
318689
47937
458344
543794
299393
673915
588185
574758
93539
809386
481218
602745
166864
783703
166768
975704
361003
271029
148211
512144
122601
455954
900582
448780
434288
227626
263517
3451
953931
276566
793131
87760
525064
580834
764301
214563
755311
97084
46583
620277
651743
343111
520696
569873
698374
522319
648780
73485
326716
706008
757758
581872
104509
935183
65080
691373
654977
683874
643945
515790
134394
690219
52945
341484
315242
318215
309036
365338
460382
209925
9592
327714
403402
763130
811877
891559
966082
920882
721241
442730
980051
845953
741597
713960
173948
188919
56295
372255
368716
792305
943364
543089
927257
447692
164962
348706
594458
113781
839671
651132
441378
253084
200466
379218
64249
831559
561020
507681
269785
274499
551562
666962
858690
834101
204610
285531
694842
709390
564840
75142
517605
723421
713636
273610
415996
998718
776145
311317
42477
314288
589860
10987
454288
708357
737527
863272
178689
241138
172977
306273
715678
985158
920660
668969
911070
828024
116707
886447
430860
136024
362670
652741
658847
990120
213308
500155
366840
803268
657875
105322
327800
912060
314278
454285
798331
436098
587356
936009
920564
464831
218297
119501
19045
449792
322411
427092
846268
655181
922099
119175
393989
842970
460590
268672
924432
148887
492543
818090
605600
18274
176667
82564
770509
204444
100913
702084
376375
664665
989428
457176
389031
645937
649734
820807
18051
333939
335747
297846
607214
362682
58918
33415
294074
798615
715676
710108
732363
503597
49315
730042
976521
826396
875743
349704
966657
538517
95417
39798
129113
220877
619828
185978
625006
230925
108110
872629
385740
391077
174735
752116
905289
174145
549233
348627
167614
406227
826667
353213
932771
11632
765980
784654
402950
148663
523729
397081
795880
530028
912051
90309
715636
932643
530192
82386
318941
871703
863108
844474
151250
602138
445891
234034
976353
242663
179270
762255
221989
132947
779280
268486
574765
225314
678748
876748
628139
129974
954085
590364
586774
400290
113297
412887
535069
305309
342075
553861
10247
521554
327068
577785
902892
893396
730645
753555
652873
105199
299099
143967
277188
87194
228543
462555
944637
304840
478489
679639
992461
943069
306256
397620
436574
656510
23241
375374
994599
599105
831018
323894
625218
153348
367242
706712
284075
560089
760567
248892
853719
155103
81699
135720
37423
933484
683883
939746
68199
164646
131845
722514
923456
947121
122950
159046
852118
602626
191374
335824
151270
820562
184273
344074
990240
933039
511170
825658
654757
882861
385053
198992
808286
299705
950545
899468
345784
141197
729353
252924
673791
174911
11670
50915
396886
99381
234683
108470
479697
997363
412180
809983
632879
376661
66467
197157
101751
753816
48632
561795
78445
482642
327997
358708
214641
414018
15644
976368
785141
152514
595661
808719
750233
61913
566015
695789
176037
721453
500450
257639
123490
608213
238543
202945
318165
61197
587861
27305
567705
905411
444961
810710
23768
770254
475273
874827
681062
750590
129013
973496
392890
982414
603818
858239
81801
650934
300212
13076
538369
518621
15536
146749
467359
76140
854707
657465
877869
187518
884315
190269
995100
554995
749040
229849
260793
134436
147445
8442
905359
112752
883217
427464
427610
508917
673173
660399
796387
520603
108202
446332
231357
986506
979224
974109
954394
832828
377653
950091
558730
602540
632552
718147
326994
297838
312665
58607
504613
355416
870583
238180
948289
696606
425573
750277
642025
358908
504834
748996
570554
16140
720723
192584
882989
38071
578703
559339
951592
622984
746951
471258
893761
265372
758897
471392
543824
101302
373776
712572
417199
593391
1473
838958
48529
500170
19171
548305
829884
549
411236
888738
69796
461452
19109
676766
706853
534312
114633
653002
490525
497429
363167
802252
8293
321681
436137
752567
699754
802256
565513
24548
127595
602540
498119
37819
466321
15737
517697
507153
846438
784119
919216
331243
725555
860960
47698
543841
727291
617058
77498
145182
940301
862183
282032
761668
950410
95503
986438
90988
970484
932415
289144
874187
790254
781587
28287
579888
548566
391279
38002
100585
197179
836595
306649
14726
329213
382028
244688
394101
102912
167463
432917
587788
642060
31041
386094
277670
166213
223963
392506
940068
552449
711561
496466
497109
14539
122856
125211
773296
757172
973167
579179
348990
805840
839263
108821
129045
217556
196308
84179
36158
101002
942718
406799
99448
926702
317801
399566
17174
319593
644023
231161
447427
377255
786928
237961
182630
914135
161392
812175
42336
820734
834303
872094
401906
416057
659069
460246
722556
504141
618044
773133
32160
719340
93160
995803
649541
257671
181025
364290
324472
2122
689449
378680
850284
841017
624121
751251
520162
93029
757166
627088
959588
13002
454625
560960
300907
368520
379348
889872
92576
254972
183047
326835
178943
344443
873963
944942
110360
142507
875758
704192
629360
107581
588853
393259
812804
381642
709608
380707
132333
87881
8166
246738
302623
940203
714073
295238
403019
201107
700645
17144
733989
742773
893818
928186
379520
573578
351690
417788
302868
136749
125076
456506
1186
580245
590301
349126
872366
940208
921088
743021
22187
361432
349405
511049
426165
455156
358061
408291
984504
853422
675510
668738
522414
776396
568857
920212
934149
171310
207305
715576
745182
231075
847638
771366
172402
474983
905255
798716
442255
852029
578631
501926
759936
268645
782806
367144
887755
178363
742688
768011
185044
628908
362442
961570
69983
363541
260008
115127
574579
575353
83116
205271
427353
814431
872378
61815
806148
809350
311766
153794
727050
523718
278143
323456
930961
959429
972885
442340
807109
15058
117877
567026
452421
728673
813797
610251
184861
161188
192235
965526
597742
86018
444408
583949
256170
856886
741890
291361
102524
211143
158767
292747
423364
736159
405613
374961
776192
319499
244382
922481
799110
893710
739313
219468
876653
575586
499212
397042
117836
677580
934949
757798
226266
121307
632176
581069
42613
897404
52018
108185
263358
841597
513269
423308
202465
86300
368276
37355
159154
494987
92854
59202
243
435075
936535
426254
573682
226434
30274
382602
396303
712867
579419
831193
904924
122904
783384
513420
708381
87814
651216
18769
746606
663100
479724
785913
494596
538513
88314
644772
339851
644506
15456
982540
857967
326341
944429
601642
376759
541654
288011
566664
249099
165755
16913
270052
569174
560525
524085
532670
936966
623462
154079
826431
862896
80665
472984
161542
506129
663826
82657
19215
395440
503883
952800
691522
78943
723944
403445
631830
708191
377713
433387
485728
945763
497065
255627
138044
620717
554447
79114
987222
625557
713712
216546
756438
743464
149927
81662
56678
185581
988723
1550
418145
996803
178355
469243
801049
503718
714304
976052
445765
46224
249639
804263
260677
46780
75650
1868
767316
489606
596402
442075
345865
683374
390074
59870
264266
970363
355131
688865
856270
291644
97224
73349
407884
380969
551205
511540
466757
911337
483105
82862
787179
284845
787277
113602
417901
953785
664856
116505
877088
936067
405000
190829
203019
310708
435927
272599
563151
806987
19048
428613
522993
377377
646308
40777
437382
163079
730550
4047
98874
430283
862623
402151
125884
139674
276150
83200
258441
148735
340416
302966
877972
840777
912231
330562
976591
944523
88475
443088
802073
992765
152066
285166
878980
588992
879901
134240
115777
893247
818232
54992
254059
264881
653005
874594
443244
766906
475703
25830
615120
504113
548878
866727
103844
832957
835427
135200
72970
201112
411353
70030
446685
458294
900510
77089
335739
635518
892677
889420
477747
773111
814978
770364
734476
93438
968769
20453
738672
722675
456739
19511
445108
863860
982998
26480
582277
759745
347599
663563
260976
197887
374055
623638
925133
997080
15887
969761
239241
220223
876081
518290
985359
797137
11173
391446
512019
749143
581261
794674
573819
906536
363406
873591
392234
728044
695787
329492
765225
189627
947711
208453
643764
28835
700119
146473
346015
981640
505130
519794
794019
93862
277686
255222
164873
569971
735928
589026
212594
605408
998918
139981
592512
943485
612621
72490
864613
142844
645987
684056
798278
659021
847560
904148
610763
913449
807678
259662
513926
716075
105538
698841
824445
20632
779238
609339
234774
352319
755276
303268
7326
178556
478081
175996
823669
517398
403571
347733
722266
759688
736912
463424
782863
887517
976829
848571
518377
852148
67824
872264
49846
865699
71531
867545
827594
496760
253462
75622
630376
979099
545015
485537
96522
500367
771600
86337
280078
659351
828181
972923
258045
485237
868488
259536
577016
350733
766387
318463
932481
987881
253441
328730
841827
875990
753402
343350
379647
316395
539546
948476
839797
908009
663628
353180
437035
224318
775304
92706
307453
987364
291654
105248
788545
496743
129821
28363
7349
240067
771773
982882
919816
990571
142341
514249
986049
115750
487874
369396
154000
824724
746437
397822
652848
689423
999840
899098
291317
370861
461309
192352
974647
901025
435866
235465
825755
652033
357797
179382
266747
329122
656687
307818
31985
598687
376272
143449
123589
427833
313368
160920
456432
567448
727661
680371
852109
17648
54854
110493
823643
518975
774595
884418
501553
243890
340134
331577
87615
846631
836210
344085
559740
743374
180190
279259
822001
798120
506934
490637
300258
404081
931663
352741
855636
660187
698405
227869
604352
719855
746387
827947
165202
407832
103853
692363
244510
339003
937405
25588
958496
314558
426329
604972
64430
538410
798622
513591
922620
478315
265163
623531
222156
616884
10620
622367
232688
554239
89536
288770
974013
359090
731034
797319
428238
115550
362769
806078
784818
106656
995252
493950
304947
778154
288942
83455
593028
312220
402049
104708
337094
889228
82530
242037
452535
91301
282353
550666
958583
456875
380372
865124
653368
258588
19503
943734
156354
713458
227330
872928
91105
457158
344990
446492
774060
57934
103237
693905
470834
11591
214493
309381
808066
477422
672593
987824
520727
537575
982469
723563
588830
180673
201075
333703
102182
591121
888167
256635
403747
817594
336403
326709
203039
896655
839120
129169
996158
178639
811762
452839
826412
321615
148806
67455
104549
104757
511722
293535
586848
634912
470281
685765
653401
712805
577330
878705
583930
987765
534421
929626
570725
197466
131993
159872
21600
728096
811612
664225
622942
739088
313160
52357
485734
314711
5199
713140
230434
64454
895939
800904
371399
395763
869971
4701
800219
82556
764774
445156
644200
597228
315789
209495
449915
347445
309929
488391
653401
596061
979097
822417
335359
810934
844509
178031
630357
35589
575372
233706
387566
512453
766510
736749
255102
450564
696503
153781
197529
14186
774753
183781
805796
730009
478116
303799
963354
566384
812117
625292
828861
110378
714072
485475
850455
748388
696963
319976
837547
443836
41233
555748
827645
212501
209664
406931
578235
772726
182344
636691
322503
492498
522552
769400
353186
502178
885742
95740
241078
450799
429234
979540
907136
748204
275376
736862
87256
363327
104656
844726
237278
357856
311924
411559
138563
147482
725069
615486
626545
480687
974490
349243
361560
401177
117887
341601
300950
933162
691710
532077
743426
478036
944980
849123
889494
932997
25138
642755
560566
109483
15958
396763
18465
560213
622726
749430
674291
575290
586665
750770
816660
243730
48642
214959
127745
720994
843273
737187
418869
690325
559016
105739
757555
388550
439823
268412
84851
293851
439476
948760
933798
599307
70698
240731
84776
100543
654045
174997
33666
238358
103080
215026
535384
281219
608147
509173
8053
702673
692908
828547
957361
640391
305536
142300
650237
305319
103607
520804
751051
167120
171081
695775
636188
548163
361633
220732
641447
145410
363212
616392
813539
664916
839582
70019
243890
834790
422113
5904
427818
246796
246587
735557
462272
629412
649051
664803
69715
136027
658591
320095
421011
245705
3654
620767
835276
214712
918221
921920
349907
993026
787304
791508
665547
172952
805022
91497
235796
913823
508033
329604
410450
127540
358857
594349
740949
134993
794189
546084
263594
32519
905821
140785
655549
503339
694718
58457
277545
752269
138179
769325
315294
380195
107844
964476
823470
802373
83966
908904
111092
866706
991943
580630
137889
907120
379436
683263
434020
532592
86761
755812
796725
263823
300163
668062
481087
266520
259334
595219
615144
278376
712407
296261
419774
110730
751925
569668
803391
498944
15568
652036
838533
290787
411205
649225
24652
857569
254262
105662
771170
750438
738947
895013
221610
760918
615975
945769
352140
463350
240305
609424
666172
731434
595804
29836
710758
172313
624398
641264
156211
422637
137770
617536
246459
219062
194834
319585
341639
827950
314428
895343
867201
538519
392943
210862
246907
362497
706843
193112
151512
634471
870227
309268
964827
765689
53224
415240
782090
174837
409187
12229
392958
180718
841758
475041
873162
260015
488319
193250
710
896889
338194
129750
267511
740647
239106
160576
374812
830579
421364
221229
362455
637265
572865
493540
859574
884217
620494
357115
177438
244482
165193
318854
897043
414186
242689
74923
860134
367026
868578
690001
594684
741606
621004
916727
517494
566138
168784
743009
585602
83472
416775
34860
147710
530391
585294
744451
384836
741069
173281
832426
721238
239268
729683
905528
74727
276227
178919
83106
270276
659043
723535
515249
310686
406746
253182
3541
399604
315509
350828
797588
327521
649533
324838
66587
633215
602524
304910
990581
713399
517914
943734
120409
68071
871296
30741
920605
394414
165917
656420
446409
769111
903526
5464
623175
549855
756984
503740
677686
325156
236602
391850
397981
684653
920030
168422
628860
229520
261318
691798
501886
382340
698755
677666
136716
434308
248568
370724
279803
376731
484765
94668
554149
861778
821728
779795
646357
453108
813093
477274
257244
393787
802030
272991
984192
333785
491990
712090
933204
445284
935736
75834
607651
936158
206573
157751
835590
129952
774449
324436
500565
244515
550375
246643
230266
976683
383283
147668
468321
551505
902597
680748
3852
378731
535286
132062
523970
646554
440970
645144
327207
934703
805910
855629
460967
121402
487099
416330
101772
952625
466704
288183
207728
39930
565662
403949
3468
588566
726916
767726
582702
806313
399547
994181
43465
674090
839924
593275
576166
96931
618398
953395
647737
357157
226243
667619
42510
334988
52626
765167
37474
603754
85111
676260
542863
630419
777894
210637
142495
639173
554103
915189
111681
486257
122284
649339
127960
69802
893774
73163
350705
297641
362484
319614
759245
117947
779813
897936
178141
9544
874837
580218
928396
581376
776780
121132
441142
469219
144228
311209
485750
611821
763313
689214
258204
172829
640443
285280
535358
808737
415398
121445
374624
782771
196367
691945
404899
575071
827945
214039
63137
786729
387007
186574
742309
980977
419173
550249
179294
670716
992851
3350
354499
942740
143068
770309
184545
658188
404361
843581
282178
175458
3218
668360
486779
974589
391160
63183
909843
239253
377282
320128
991691
700849
701010
586731
562959
335308
480098
598572
186167
872273
825377
702595
942394
718086
529892
871936
260080
19269
610763
646617
778497
249508
858673
7198
585648
676342
258575
451523
689342
186795
644078
418332
189308
836626
70534
315944
265712
874111
989240
19908
428899
258952
229989
298561
452486
344361
118441
238543
980478
141127
412984
307736
902931
532050
561555
279273
869424
987523
921062
119435
448664
904581
559041
739120
362214
280368
38129
931273
160318
195504
73530
962036
185366
492228
13044
646355
228507
218146
509952
988280
548353
168953
776165
106044
697706
57422
802314
797935
607730
594952
194834
303145
448661
643015
689552
2879
137918
103406
271781
614354
654636
920641
262077
904641
492035
182058
861346
905790
508909
633878
41339
38078
822507
362556
623910
969162
687996
32894
20141
836915
948136
281768
479015
556770
581161
672981
321134
647821
382455
198448
385720
235846
192943
670680
286932
406382
612639
223133
769731
114886
577904
493287
271281
638822
578736
432119
769806
501126
373500
194949
507662
59001
675207
206279
349881
539706
838345
817811
74479
878943
549318
288539
323452
880362
249145
303256
825620
814143
264861
706498
979243
881327
312217
579003
454515
824498
189574
74059
151283
596404
515038
845062
256001
588486
533058
881802
536604
596661
983335
616549
348904
50936
834591
556115
136070
50434
312960
666660
51151
68728
248755
599292
298542
515453
185498
559285
66327
778792
432095
259551
140328
545367
801366
725031
517850
469213
435022
926357
765603
297303
229241
794927
850412
970268
396469
993723
322794
847314
865590
64482
542044
119901
316818
803632
1311
313907
733865
360696
478769
860939
812783
435733
509376
980596
990872
120843
725358
472066
655071
997003
404644
899363
504946
302229
299024
563919
315581
440248
795708
445278
315665
852405
646988
339763
27569
598082
557844
703062
897337
271914
588948
483616
856940
446865
506769
412751
368088
257045
446160
935226
520808
944977
942834
156894
278406
655867
867879
401878
652394
691629
694160
862889
120900
647361
529653
29117
906178
360149
393568
565802
404158
62638
984596
650090
464200
721016
652781
639980
27915
370603
792341
51975
669982
318986
819424
666444
483049
433605
219845
135348
663666
944255
921466
191288
157443
701546
348011
405824
843322
736781
612566
9843
31021
186471
839686
245293
973879
340206
128873
230543
154532
238768
932944
929647
997877
893083
506756
362160
452624
524440
857663
206957
214087
665681
433166
504975
307651
921491
499329
366014
546380
612239
617227
737652
324408
64315
85693
116973
420335
859734
338458
362619
128023
673864
928598
874102
946208
189863
654576
228688
991853
978070
457129
607494
896029
445192
862047
778674
459062
953890
483339
498365
679790
942207
758291
308851
230549
902669
894669
427119
178018
363796
93586
155573
462168
635607
636986
798174
999252
995539
226873
646638
390134
678436
62869
290177
180970
689927
894723
3044
9234
563642
961886
452993
377873
516096
946435
651378
768247
690561
19723
80886
894660
950157
973158
587329
217115
761281
202064
273901
292549
772226
765491
857743
767262
583143
848921
696869
377120
784499
370508
757419
879881
431487
789581
112460
192108
905718
98029
850678
544914
182330
381898
720134
101578
385701
790697
674274
726868
415338
836141
421286
76006
643865
358834
160694
616921
852353
611081
392755
135091
677935
713616
530441
618641
792917
855404
601060
829105
505671
287718
187650
217370
444574
481759
598244
308328
609279
266353
302686
252600
418486
800164
826382
805932
377467
475722
644905
263963
929111
405816
329329
661656
352352
604001
497731
330269
627488
280848
63500
192213
178324
506241
520028
992067
36112
57373
503186
160018
536256
743057
871735
918073
485513
676874
746855
58762
741773
53391
687658
166616
58190
855546
281250
645059
235306
948820
465692
793570
976836
10764
732808
861003
539587
772244
396166
939265
301172
181465
209046
562619
644939
721373
71666
701709
440711
325810
444984
557366
926643
97812
54590
387205
854472
731300
813386
724904
10224
59837
370458
505874
878501
309813
931165
874376
300216
365682
446853
412041
99374
506854
394036
419992
348357
340392
957203
128999
887316
131184
226370
51746
954320
374639
181801
587668
146347
521865
454445
739002
919574
196848
426623
233379
75623
971742
680078
369792
182486
251694
91292
181134
230690
402008
54254
920668
696977
644616
156125
956155
745748
447961
671498
246914
536968
710579
28591
160891
483097
894781
433488
612910
884353
800705
249360
489031
695279
146844
857951
75174
637698
822302
4753
289092
428020
914756
416650
789181
801364
927695
856726
201278
540203
340800
540309
166923
893376
385395
275347
305069
368248
209237
623030
797495
116309
510596
240784
777908
637279
