63011
904906
681013
913539
930841
614183
822686
475663
916004
984500
986241
285912
635685
523005
43909
25192
212206
567159
96393
933256
677493
206458
905133
302920
852788
843852
632954
692956
405409
9176
860463
204513
165189
817726
202153
805629
890875
934148
346989
38563
147848
313130
733141
740726
122449
223706
871510
679365
273597
459518
432426
144949
824040
262444
533214
55676
256384
747133
716218
165129
834560
38523
685896
144962
219591
657976
448963
534181
171412
3771
192350
752208
394080
963414
179245
82075
305432
190419
230452
922019
916470
904077
887115
495714
447995
100442
575530
516346
854603
675174
277335
646097
471845
602331
791337
26261
445245
407548
953527
13856
892983
240273
34274
773431
996802
122237
250300
688877
642895
675947
899220
21733
811885
128167
442080
748532
869251
639561
622981
449253
674281
805067
803589
206934
452323
260092
214341
937663
821114
850958
736314
924755
463353
2505
994032
107071
547777
195810
761975
758735
550857
804838
732714
628464
880694
451217
302941
230096
999315
53435
338786
573409
820653
524082
455864
513149
53070
533155
466065
885860
35540
176881
888383
479264
978093
425448
580410
58698
612464
24395
386064
653221
624091
267401
691305
810087
722021
992590
566646
767000
348736
690806
960822
486228
30701
680989
983141
717098
191419
680530
343809
105447
185501
103850
435705
413997
463079
960432
642485
293692
381157
311354
428924
387347
941720
351127
581446
745199
956814
356260
943711
332402
198301
383422
790901
326111
508155
275473
189310
725250
231549
937743
162504
85869
425386
363133
678366
242972
151676
689959
245652
760826
675826
237300
392880
495613
748308
887828
857205
748588
810053
608981
375309
210368
290302
6997
340498
908840
821613
138130
151993
222375
70185
607710
532507
318297
659920
156718
328226
219539
832767
315537
140428
124071
753261
157757
415263
329670
539684
570884
198762
142273
26269
137190
836083
870696
748984
815041
496130
955667
215125
375588
640841
586943
177810
908993
719854
536975
826849
783168
539703
690356
520900
142128
507345
771496
882152
34968
490429
314324
138715
57388
249944
655442
376556
281051
417349
8588
521054
254661
955640
605891
367432
995530
771490
145196
108300
61630
487412
967925
387314
395193
353490
92709
295392
62666
458135
136161
978104
436875
20350
315018
626766
603919
354739
735364
695108
363576
694135
163986
12677
293606
971562
341277
694490
944010
728184
603860
742060
581272
518499
751980
536791
23195
484328
278473
10598
506466
682193
175861
234609
753880
664534
54860
748752
938161
198129
190971
409147
562305
790845
505757
762880
974567
77962
613188
486175
257254
787455
83161
964869
392659
870444
760731
362083
861354
554412
579523
978923
577020
882035
230280
426407
597252
2170
35582
239286
16983
929540
361882
631075
45241
665355
228240
797091
800844
542604
561437
586283
658467
57644
681313
334956
602356
428870
455972
849708
205228
605458
618041
852034
480733
870387
389823
757870
735442
75356
344516
557010
314692
510752
620101
744017
596517
353366
178065
533443
832921
704485
821388
521170
883588
708786
573902
61876
639870
940963
50859
905733
135523
605454
956366
664128
145032
554371
790910
834714
277448
711858
449155
89083
703420
193595
331745
967833
440905
718609
995203
401907
394386
651145
4531
73575
125006
245381
808262
162929
25333
82167
289429
128897
402453
750420
393637
171512
316737
836055
37416
115326
41256
114479
943133
214786
994499
803847
798610
65679
976296
614255
418890
401736
645372
846764
201913
821440
80326
589657
534636
62200
440158
36471
691333
78838
56260
630041
683748
419646
144140
112677
450466
132592
940407
844423
632631
871997
104670
860600
463547
932935
803144
197350
885769
51605
863450
936513
579264
638256
955566
175010
448675
883484
38716
110103
578464
395702
245620
449935
285614
606503
206638
660511
862607
64514
653753
103983
319477
499136
883280
312516
193793
810325
243627
170794
998566
630894
271921
501693
289324
60298
458954
13460
703441
120434
62995
407883
690698
349462
794923
856172
665575
591622
348202
36665
436564
108042
960498
315097
277499
930910
917149
495069
926215
961165
445206
531181
385092
330024
928387
703699
632482
877027
429024
60708
450969
98701
567463
59334
459622
949419
914531
83059
185135
187333
913577
348500
267098
515045
29946
327470
702251
676298
57527
128882
423746
72012
309604
525895
273686
546262
682552
698118
326736
936946
267780
435102
684482
61373
442045
675160
197895
866553
208360
379318
213303
267329
931425
659380
878407
130519
686471
317872
306044
88281
888903
467941
162442
162387
400068
841427
355021
121838
360608
803323
548067
892357
348522
730246
334116
744920
954788
293829
507199
275161
123887
831187
749554
399396
532309
854615
35173
371276
597811
589798
826340
289872
301057
512837
457463
992493
766400
780556
524448
363469
98943
830566
283953
188829
102857
884212
488199
146492
820590
319761
624999
462607
221420
942512
703795
776881
681531
768034
813960
6920
884786
782261
139831
650739
243481
163190
562527
73375
802188
717654
856740
893625
144456
846378
194254
999998
652117
886860
692288
837422
988624
82079
690258
815326
146836
300592
962766
635181
734149
43321
883076
585998
125944
301503
780234
647428
906050
342939
633876
219501
36508
851029
40044
802101
27760
618987
518925
870059
648386
477426
578466
547824
451582
715860
15126
720012
406938
435703
535831
682778
25127
528831
848749
576868
852538
483561
534449
623817
738993
736280
410859
783451
959972
262765
675852
37509
202730
96847
800836
536681
879557
212234
89857
425352
727275
588499
263494
599963
488881
229290
120995
274174
219222
726232
48214
275404
859178
969880
734334
950918
246362
241810
200568
831276
843736
208834
549977
535470
153195
8119
926406
195452
848400
936504
566002
629626
337484
864257
288181
246671
908879
743467
741766
92317
868102
74409
596949
345291
941182
776174
149447
524093
974704
82924
130383
65765
64365
439800
100006
668723
159527
584586
291302
333224
329113
500192
169289
36872
705748
497857
655993
737518
572264
180959
320595
220089
210859
999766
268349
896228
185961
992593
608096
692340
660776
152779
155524
206730
290838
653683
435527
146520
695889
922857
800314
2992
767059
426982
426968
411064
314040
366264
635172
230458
579182
200938
257758
754008
149048
572866
823777
390941
403678
922403
801116
459566
861877
917395
367211
151903
988103
273751
71185
457954
905630
339195
894164
798490
205042
761902
826805
103501
212972
894921
583307
279416
407062
496112
12219
94397
981474
964177
11542
57400
628308
41290
748559
183343
588620
135079
990423
464039
553844
580489
114391
379027
92866
525154
475914
106792
150890
872092
495604
120780
176420
240409
830338
641132
924245
562197
687935
621165
927965
702376
983537
64442
561724
75048
383694
512956
224097
3180
264030
704040
288145
717547
296686
670833
939376
115074
380654
675103
873455
909844
865960
401080
758739
32972
700381
988250
329438
826750
7678
268074
183964
535531
577028
817063
284427
930595
512492
824920
929128
833733
559571
188388
159890
182690
845289
612544
286749
956288
195733
488258
574518
843258
458597
877077
610862
191812
224880
597509
922341
454029
939467
515322
960340
578493
850596
851586
876598
32798
628798
963207
432020
25623
669833
912736
660780
610962
747357
307266
414909
503743
689683
247831
119922
600114
685632
198119
84520
169448
576335
558643
898206
443815
677818
927777
21304
808451
550629
915921
691312
292604
301207
862477
271705
500229
48661
579679
135953
493792
854429
371773
631171
270180
493564
456288
679318
615841
187660
886195
611702
850586
415374
376614
744637
86128
212192
948001
109437
519648
282907
813206
87149
801123
317515
25071
876333
80756
187851
629159
169527
288430
412285
850037
675812
433427
940068
390178
728920
723625
773534
438587
339532
10878
187329
127267
342198
480973
282960
849408
417879
322489
647449
201621
911073
671350
917231
946416
611586
720583
749056
954810
897681
848865
881938
92396
52628
982895
253150
194721
93676
350511
926665
27846
154845
717626
332155
940909
732670
512096
408222
911489
47737
134513
627509
706644
891648
671257
330710
779732
729869
322467
643462
237405
442067
377886
636975
662312
626950
539549
731904
998240
417860
22935
685089
664789
898783
323055
214930
170122
813128
467535
396255
689768
381849
68589
392770
87574
651710
422768
791893
47264
740161
694187
121202
186260
172657
635207
599209
372268
599599
264128
383069
17189
995221
276358
382395
278958
356611
595779
747672
271036
959303
499708
314342
573242
992808
894737
258579
167454
827600
39262
21183
74455
195091
193156
906647
110306
705376
601346
103507
929020
944515
857084
998728
779122
191060
259870
147946
941972
699200
699546
117282
368840
476657
314061
459592
985594
467357
464575
255614
300913
160680
100041
51112
888893
767863
670993
376139
880781
663762
12017
348097
479069
895285
163126
198998
238156
642100
810308
686211
975627
921736
924631
623044
634865
464378
566436
818840
259436
732330
29534
241109
56339
309884
226836
71205
874902
40736
845431
618081
158167
691773
315578
910536
861585
255098
932882
18012
8374
48297
672285
880793
72088
413967
782879
267411
217085
56148
652519
530539
219733
395076
201552
104173
50439
54783
62691
582921
540071
289027
553946
280748
76165
714260
468287
914555
826975
944902
156467
225964
169590
775143
834891
710272
495037
11339
822677
841889
113006
492084
173304
803028
956600
454622
742137
545370
964435
670629
591258
639209
808499
107476
49181
171650
542746
932235
603558
327983
413832
87564
390654
456091
994830
47906
301748
472397
678465
530478
356638
831618
46921
181903
80061
449255
660121
158125
928510
983088
581817
439203
636445
845080
73150
64839
561636
30133
710812
680278
702546
878839
258834
297537
17686
387837
733827
923662
108538
771027
873701
981805
745693
782348
675090
501144
371417
648953
455228
613605
878915
517827
203966
488235
22608
926442
258573
586383
420500
764122
525
887914
524262
553447
614080
793944
687008
251302
547161
306208
257539
844135
259503
168379
341175
35154
507853
160387
175599
523485
520614
64313
807851
925159
989221
28275
980503
609012
511907
28128
990801
761990
578674
403129
987976
712724
297366
111622
204992
35049
751123
451338
866929
203612
616738
961869
303439
825448
479805
209412
901157
872743
175002
17502
920347
353776
669812
336365
279190
65481
682244
750064
70590
152203
233103
534329
945947
339537
735449
243135
352857
818972
827703
286082
786154
34375
949762
481111
627530
364193
818663
647055
485406
790124
574492
453064
39926
954097
126829
555407
472881
91006
133940
159088
235264
138110
991591
872669
826691
904243
620107
124023
923663
941330
712583
734651
877009
872570
90643
882380
78092
701651
111247
280473
482430
825088
50224
402922
941024
277376
506581
887501
390093
945062
479096
5655
92858
345907
619456
267417
152227
877645
140851
967265
203847
225438
946376
21865
793481
239308
380890
732129
265912
606032
955577
542932
379624
507445
671579
544889
578623
572655
613232
21209
352204
888918
676691
264599
322961
698685
992412
761569
991265
247667
117842
424626
771940
556886
423998
885185
361912
906318
688858
311561
764530
224685
653481
626422
172034
648161
31456
298089
793396
305172
744706
952808
85267
873121
18185
335077
920936
754610
250048
615081
253664
265210
874990
178973
709131
585804
621740
215157
107073
986327
184536
954618
623199
243838
678626
23730
746991
223896
577219
900141
946790
638017
484750
976047
812166
920603
963423
144821
62244
152933
340911
59430
953540
259125
78666
167255
94304
197909
455191
669883
731400
466040
319190
644838
697891
863576
766825
934396
977491
685229
843593
855098
260535
651595
258393
745760
5322
659801
797591
187962
623016
40489
380911
499530
182833
98617
218474
77844
910918
561541
516739
685190
805552
367623
562394
769537
247841
238669
428930
145544
593170
364980
133109
10308
759051
493638
7079
928241
966913
69742
302007
16233
902489
475220
403330
767115
217035
692057
504594
118792
303778
106992
42036
40586
346719
320087
925672
780032
284733
767345
922481
613066
374480
212098
131211
971326
628871
234310
45436
278293
938832
440558
664195
565622
485338
973688
307693
723356
815030
682282
472583
707622
665879
467370
125230
690107
255416
406333
112706
172695
834589
264154
195001
583095
993649
207402
936207
563997
664590
168223
5019
433856
105564
382446
852733
485460
338576
937514
396468
174577
487574
211007
70156
46499
75145
384455
826676
247053
476511
772940
652398
81722
788770
78875
736991
60994
727897
72193
23878
765397
33733
370597
25098
784487
643143
631809
264107
237560
15647
674750
979803
391934
156111
879724
353318
971762
175710
27035
914956
668212
116856
162777
527663
323548
831218
615880
570087
591710
884844
658714
241395
649241
709904
216684
997707
279420
981174
487612
350673
295893
513322
980041
51749
525944
198469
648902
148119
139784
827319
306938
985015
657381
738087
46839
205321
183794
405745
185076
497749
969409
34766
666185
23322
120286
192146
475463
576099
891253
437966
430450
553329
83617
850261
629853
648983
174033
819484
580832
419877
683417
101179
222007
857788
268371
155088
293370
808897
459632
145090
286004
425709
389279
889635
489635
349504
408471
990703
628236
721109
182725
290737
986296
149905
428877
847429
501902
117493
359295
972024
971726
58963
73944
207435
552
708766
96498
376919
403511
208858
310089
921802
805277
173874
299690
603471
361595
794216
286650
653708
81613
10919
332896
284357
544033
375540
437840
950302
642354
257987
531445
890365
843813
824998
937274
769102
821791
445344
349430
20704
349633
641304
394482
491693
614465
194473
892759
235831
822822
317206
466297
789197
56352
521435
880890
156909
679297
655006
657564
383747
440860
215748
11687
886544
244920
805729
173747
380454
952241
558407
441107
966095
816684
276799
302430
13837
499573
298006
229851
54845
707895
793166
716808
660757
181271
437366
830919
571084
915757
361748
852326
799641
204319
830974
139657
660947
6172
452552
868662
60919
941746
928343
334205
835528
144333
350356
272002
326673
40013
285437
423721
905286
139714
570517
260892
521
854215
201212
540284
480648
214712
754265
422625
773507
354833
668147
184400
745067
823524
647071
735352
156966
555575
752468
150953
878575
319288
725210
650386
67931
949981
137249
37365
710518
71580
899438
926249
173772
86084
942000
66763
968131
196471
635441
84803
310245
608132
604008
441070
236476
666597
893355
701805
910550
864274
8641
852617
616681
857727
566805
740801
517967
140409
141447
88563
810546
92889
356509
311715
946435
562850
23703
553706
583011
508285
927584
62525
198885
194446
545504
673433
986091
125810
475823
964424
573676
265815
295011
187347
277528
966841
319754
810181
352338
308725
382195
722071
917596
625803
687655
520381
571473
543477
677173
270732
503947
825950
68523
120646
794660
92545
157281
807492
561306
21407
324591
348862
287628
371164
918526
353850
186017
531063
893116
515791
986952
961764
879977
807637
587673
640264
65935
743660
92635
721105
398926
692133
299615
649135
872469
529168
231881
724466
268205
291043
759534
565249
715631
556227
312089
403892
875926
769906
330408
410127
730415
492630
512340
672156
26989
598114
146126
276324
316697
412323
319940
240265
884390
67369
29954
115907
179234
451344
613174
277877
803785
286122
283148
104619
292852
716362
666104
659443
370927
622128
885074
496405
375400
327052
606042
415023
641346
953649
678237
148338
41225
780247
120625
161011
695296
225484
396954
127343
935511
810937
498703
5470
430329
174541
95638
33266
924993
826504
20812
667756
871052
520550
941121
84059
53353
723878
517760
138163
800173
756789
506540
360262
158692
493372
930885
209889
625058
708099
719498
622150
97207
321984
920825
955777
496064
601984
422834
833513
819034
497009
618489
128117
282418
483530
160922
95608
813560
608791
614375
379834
389618
508132
733149
333621
59181
624069
903205
461481
53006
783489
474102
448796
480198
357465
247767
458994
560100
580472
239106
154788
984772
98808
894309
31008
984293
478414
738626
554877
556505
809748
415989
152729
851989
367602
687062
797522
847976
174376
921652
143261
127433
658425
725122
2118
366728
751543
56398
815300
440359
63976
111212
55928
923202
734290
542641
454082
563369
678056
571995
884672
105870
771793
257230
777444
133465
605201
534585
74993
913498
110038
769111
534546
486550
669217
55442
71895
92930
408015
272258
803597
333006
967940
527122
382008
378648
544499
351491
126895
440513
502027
1867
967189
361501
785473
955925
694703
894340
366582
212972
80423
619205
248966
548018
988764
742842
637805
353930
194276
457399
522197
449494
7199
679772
341824
451674
788601
987658
356110
546879
120699
615474
275564
83060
610895
784585
248665
976239
449102
887128
397142
625297
580615
671983
811306
802088
402639
472634
592591
717838
378688
78187
510908
736302
247376
459607
403792
465319
671630
155165
311896
323593
856058
918528
58749
971964
165698
512854
23757
213631
913237
146266
48228
93134
166950
196252
725814
440605
4927
34456
432316
81154
886655
440035
490489
431215
546418
646465
179368
515228
38987
958228
95684
369539
202816
281967
256947
361925
93634
487881
795536
790634
487128
182157
274580
972358
974807
968206
81504
330999
428544
343576
660329
23306
287990
537186
110080
355709
100442
705887
551293
445727
738693
531763
722568
158228
963297
485827
336067
486261
269604
401701
942679
892692
119787
699383
430234
304732
695855
872139
433690
144919
167654
24384
676361
369226
52536
755500
802116
752251
232668
323125
396993
977555
883535
96319
603477
136734
251633
119679
802720
299886
41404
884462
442646
680224
855137
253850
22954
854646
239489
33238
255321
938019
867204
2578
785872
355302
451994
153925
937146
965966
905484
522886
719018
982811
442942
500539
11490
747205
485251
789736
289214
548694
699677
511401
904640
691698
101968
786939
718073
763383
687137
107060
595536
950527
415664
926163
472562
553986
611759
83378
944918
684441
245694
569688
764971
790493
867813
889323
724385
376558
239789
156482
485201
82960
641755
403673
537866
322927
977290
811166
366265
719363
993828
245480
497972
239630
386556
640711
584675
560514
192971
335798
241675
961153
661254
292525
107704
205948
398936
272211
297863
41596
552641
701265
43342
189311
429067
197570
182440
895482
373732
825670
829792
33342
433565
866486
175353
271029
832254
297201
817175
307467
257283
401685
705486
829737
291320
157450
362182
659036
924716
413688
900551
584084
737109
872473
397031
970505
87488
771112
890061
637816
133042
481336
767265
425804
726561
904226
329362
120279
361160
743063
460547
592383
892651
904980
441427
603766
727655
797171
215431
353633
522484
525597
714263
535834
579771
829853
617554
809169
235854
626448
567342
419021
296456
426681
602416
39440
492035
477361
743156
116953
632559
414971
543578
814979
891029
81013
513037
865483
520297
706795
191281
872879
581829
183366
59560
559153
630216
182882
52481
10171
522826
95037
103487
297180
722810
837962
229377
294640
350167
488614
600915
836958
102151
998498
693712
894716
219799
464510
127153
656397
372816
43767
179127
524138
964338
691512
955761
40958
259536
843628
617962
330730
793800
264051
560627
271306
521884
277234
156680
486415
349618
224389
530978
799307
636196
171280
5849
12428
61445
686067
137843
742367
285361
495835
730189
656054
490640
672949
406244
647780
425639
226494
774144
238212
729690
176503
913919
527738
469954
103796
936826
93521
593255
754770
826966
412932
441754
47624
399785
787032
712370
282455
520070
596902
772833
671451
52391
395191
300338
976772
699958
296072
592865
758686
252600
702828
568598
687179
821590
242961
822336
795347
714442
894426
91338
431698
6946
660652
414589
255695
731380
956165
337394
844333
744223
589766
481778
721723
354489
158545
506540
391590
438234
821773
423826
57678
885124
554502
332048
239477
879342
364530
944617
306196
249323
344526
878320
187528
419772
487
705057
167082
777903
40949
328666
497916
87665
344738
496889
935742
856119
232808
337747
775457
963333
614231
625549
550227
700890
858294
683163
716281
519160
628290
438995
302459
836051
243858
389805
866360
803926
938714
603545
275290
395340
867534
389437
338501
330801
655518
497162
985705
598038
515040
476218
246071
94059
661964
84200
692977
739436
82912
773067
113625
359787
775716
507536
434315
567670
567944
5012
388455
311780
532841
3643
275686
778817
105458
738608
165262
841107
250655
634361
792576
532745
869149
981813
532847
779455
752078
637749
634603
419440
993448
137461
987
619833
236477
6774
517962
979590
203605
398457
980120
486363
370103
792409
228944
149697
211847
589190
618842
139787
51209
195738
845319
317188
192835
895961
774794
510518
277761
522762
544966
786841
468018
228588
608130
531607
11120
26647
754618
102968
815197
638897
236687
317999
926824
14601
876894
225664
425135
616723
234669
758284
212031
538112
787842
385851
485878
300281
931214
715396
199434
204409
771335
769692
169442
866565
378451
399352
306402
709832
826528
381953
615812
966671
636496
122644
181282
480349
754450
470322
550160
414188
735564
224587
819301
257153
524916
274978
243355
669802
285374
814492
483148
168023
759727
312363
911900
875155
985361
560082
83318
144477
95423
404
203502
351015
51488
81853
378502
15978
257712
707532
341836
707940
887226
692219
208161
242479
334178
710829
268436
197183
913822
840819
856172
159288
254277
32827
464389
185962
298816
505174
776017
980970
96221
974373
916928
307534
94338
473631
48570
354500
991806
613376
261961
240015
43963
666321
2004
353504
726032
465425
908230
378829
863155
720253
425358
418672
327116
693889
663615
28959
592868
388219
407063
703875
616828
333928
190620
881175
11258
761133
307682
407615
722046
343940
736490
346050
740947
601345
288229
432038
760578
943616
29334
88359
677952
535277
96341
848147
588167
295600
800175
656837
892674
275379
422635
366268
720353
972625
913319
471127
927693
241436
798241
922671
23093
236939
753235
68753
427655
399615
482933
197270
596091
504944
612646
297505
734281
63096
535397
655797
741819
948924
895929
639344
595228
200243
891377
273576
738960
37268
818630
304865
541565
584864
493468
939368
531431
34697
607207
261327
411354
781502
848427
666820
429120
131284
55195
480592
440722
682770
670499
867306
937963
788825
254657
240501
523897
993902
423182
31709
144716
567078
878747
237769
816593
934381
75638
49661
444888
213682
371916
997520
261904
138227
732392
590980
764245
698464
862298
19271
81440
654830
447603
27909
855453
734011
387564
234984
864218
886809
967974
897517
104667
607738
763212
652836
508682
862838
695188
555524
945611
933499
34661
422568
492014
772625
361747
478442
559102
240840
439173
839899
690294
704513
28024
58652
63571
416919
728412
938204
278789
467624
269020
755182
716671
705667
653563
333125
208750
504752
336154
880847
131718
896214
390486
172396
796919
8077
456270
86154
117310
139969
429506
83871
567001
10175
208342
819457
697683
666015
658102
126501
387069
315726
843413
198706
929469
230007
835598
787137
833088
833358
562475
397556
806987
955961
534723
521136
889647
299867
880573
435256
503835
437053
800627
396135
693515
11675
928563
473674
961950
387273
966047
687384
744390
23424
486260
856089
74826
359
612331
884868
341125
288875
538565
550302
155223
179600
613255
510170
665646
566789
840200
28375
69490
508350
926536
406930
9482
355632
944969
717307
514312
457465
610824
480229
473586
302045
33878
542550
836206
806380
795224
941182
283785
30719
775895
388421
995044
634848
38469
513789
536571
24649
496653
382007
165779
810309
269461
456241
296320
571572
692051
609069
579728
30186
226953
657692
376152
357814
210142
744377
689688
346879
533275
780403
746061
113034
852926
232130
1108
899801
876798
133403
189174
573230
566237
874558
748180
708014
247139
250221
883312
935072
543036
247095
263893
544532
915632
939442
609125
765408
306490
60294
422461
100230
575112
636966
303622
907570
528975
268570
170907
66654
602759
837368
754514
741848
787338
612658
108201
70108
49477
554568
275023
465947
462104
860190
270604
999197
317136
458472
851149
934594
226750
237249
2384
497956
17140
841756
637544
578072
381787
280465
298542
449684
557812
779481
4292
327210
582761
556501
8071
884338
217551
896520
35216
353990
277691
519398
663847
500199
661886
478980
534918
255230
330494
218158
850821
394236
36722
328279
614182
108322
253177
823403
369919
182237
183832
426305
263296
70665
726158
288364
38688
27222
630806
836977
656233
203272
826617
384594
793052
699352
732109
262089
477698
917624
468366
295568
299472
120244
212566
687965
768502
132724
752572
264620
129924
899422
792135
260276
484345
638872
21646
757947
385322
424043
592621
982789
866252
622851
125157
938216
450526
796882
131857
656251
479861
710997
934209
687917
489381
570799
363445
91249
932681
951537
821944
941463
621872
208699
740694
176502
416868
642812
25851
870278
586264
46676
83113
931978
174765
200091
956053
340394
133729
209787
352479
572382
502421
443768
167021
607239
101113
163280
163427
626968
170070
250558
456768
370673
349879
729816
983384
889932
585141
829400
652329
723408
444510
334455
143005
893699
855937
918517
933404
738525
637849
738934
793610
20151
296212
792902
49572
265826
625214
57789
504370
154708
272655
103550
906602
740862
478925
20761
158241
101625
262047
605776
80046
466654
252528
518263
261213
241140
300988
212981
532557
83780
720506
303783
350695
61705
708198
807779
924155
308932
783978
86041
216697
542764
178344
162774
64392
4865
592423
458594
15046
642689
768855
990922
347997
743220
653698
753208
540670
255522
579538
632894
16125
581925
64057
339377
507081
326553
890368
392178
623238
866287
493488
523272
759433
288225
951767
197673
335407
59072
101943
653464
218394
377321
770513
481703
737546
204310
464009
285342
318804
253968
533494
208180
906753
585666
277320
695546
25349
541993
669398
375383
831705
349800
656836
568878
981112
202552
103117
592732
662195
267901
599987
170333
784434
116211
347904
862606
553480
156679
999607
296141
566257
555650
47196
194364
905067
506848
325725
616613
241326
461183
786204
110455
882248
484531
883162
539247
333593
446582
52289
487826
192681
846333
413966
332950
180513
772710
261849
380833
431149
216268
397314
911849
674859
184637
850106
232954
158160
850051
386411
772374
277464
421215
878021
79862
915047
471380
456102
481903
542273
951135
414693
681520
809955
267460
37820
368232
123900
496643
183375
897796
689483
677034
506397
825174
187350
411012
463042
309201
685828
684271
164454
533105
440664
298827
297670
642743
986954
997518
875229
887378
343683
932341
334254
725913
534133
462677
928369
665589
527062
50896
861016
438684
177399
820450
675196
951032
236485
126811
226025
59750
26522
654247
117698
34201
121217
998025
158995
691423
512261
829478
97842
306044
614068
661758
801616
882546
269557
399733
532129
245858
625667
780111
221670
718412
715141
38331
174419
21683
540364
478470
404258
41180
73768
109744
175412
132020
163623
466140
735839
482257
136619
770336
288344
62673
598055
331197
405054
73631
293238
296808
160513
443284
867608
625927
761325
902137
963593
216439
998935
888875
107136
399498
408418
217624
681345
127310
849198
116645
483807
143688
603551
441138
7954
650496
882437
908661
11952
237750
550253
825155
703116
854706
709955
313453
304872
414201
516514
87431
339479
127644
789882
412548
816052
850602
707549
892925
393528
199045
321382
315856
543740
975378
35910
979813
931468
747978
93484
353740
763492
416366
276305
205314
607562
837655
681373
156179
844551
607019
809273
341145
5699
987755
618930
121954
551292
443690
110982
443632
976803
813849
507407
488729
974355
854909
759049
548495
921647
725953
635586
222778
29846
821543
827997
787521
176582
639514
528194
411496
584458
843040
507430
72404
842145
439147
507314
750761
401453
838734
939091
12884
11220
705677
964893
45028
219383
147277
26204
372243
154701
385322
634105
22883
468443
276712
922438
477924
48722
584129
271014
990738
844357
393564
574748
378523
909893
925983
159854
773501
993563
459099
563061
423374
930401
510630
325764
152341
843837
644870
755123
168918
350715
196169
556679
666412
236998
5426
321023
400206
50627
890958
22590
111540
830858
923300
201808
727058
477634
817354
982810
201539
23576
561492
637283
83905
990364
509288
156793
21841
634488
535661
829697
34556
490829
382626
815327
709943
211756
995659
30333
808420
723245
244037
779452
84273
96048
814011
161333
225246
606894
922033
865771
380381
725178
9918
446031
565970
203354
457750
277806
212602
561212
903301
268027
663143
931415
884728
68917
145385
531295
847798
292020
893577
258788
91628
476694
438895
564360
596645
293312
62051
135963
267480
214675
530160
698581
469659
844653
304741
782255
307702
893849
598197
595742
141202
522004
315582
500461
906385
516861
256102
207734
70199
783384
585570
178940
967429
989246
232145
738728
495398
116453
668420
353438
433987
199816
901921
95868
403377
733299
904669
419183
564234
962989
253734
96945
512985
355905
704803
409187
307631
23979
828947
710658
276690
476124
928722
972873
673301
330922
15290
671204
145667
118487
435686
456012
924149
353085
29906
133635
258307
223251
955038
689134
179863
149150
619633
347850
12445
143926
48314
596812
99350
589427
13074
36697
315276
385653
289150
345695
836384
734541
14928
47438
874879
369036
799340
859383
152883
831141
697768
60287
102742
819457
646349
771455
857377
977888
585851
77436
435298
779431
906088
923262
716876
777610
665481
300879
880552
847766
201161
622930
458538
576987
588790
421181
157214
935221
266491
195316
570881
413367
935368
868867
519020
328371
249486
714616
536043
322471
722022
487003
750445
617607
996561
311371
10515
493154
761562
748215
508267
620468
78168
118261
258422
989129
698384
275202
147557
914185
775991
63703
794147
911012
278548
529956
331340
134810
428420
149612
286651
929383
42519
973884
617600
997130
85400
802441
916849
103409
96171
319781
53591
742083
497230
755422
522249
506889
369217
970611
422039
