275689
459280
670598
681993
766369
663063
954573
241681
170629
325952
569365
491491
331599
99265
146225
318564
623264
168266
921751
683055
868991
204260
529780
403580
866306
86883
747162
112942
974341
466183
954197
655097
85847
673077
845723
424877
868533
742285
631457
599332
135406
198951
327946
224324
10853
68591
779002
334578
997749
153306
912969
592788
973487
704388
957588
748032
330366
835752
962029
578758
168492
768315
647474
167702
746877
417701
980027
819088
904825
471837
766381
188711
965256
122720
652588
654064
554549
149133
749165
603277
288213
472864
168681
650224
845633
915017
860397
20430
900990
952424
432398
713826
265534
646184
839611
592603
641920
463541
981099
214500
404754
963931
731572
433357
808246
990652
923517
495131
348707
717998
138636
743145
663586
584175
159161
622457
906905
379141
527684
592155
114661
3063
461954
594680
216608
501601
917810
834043
728642
876344
183469
545117
225315
635227
600636
837900
128286
274193
478020
437368
845970
7333
5596
982906
458370
704539
440063
900641
629404
667022
169757
904153
703959
506791
785164
196794
54517
231868
146139
761899
805992
442818
143111
967217
89041
936305
635015
197336
886371
362227
144386
319420
765350
504264
731105
810740
535576
383353
201662
823516
282414
409142
880571
938622
867256
59214
335344
730972
876002
570891
967868
470109
990550
115432
24060
398354
392767
28912
485658
893923
752425
162357
875773
707290
998148
475881
294366
339340
442759
964252
510075
321759
9906
180562
448292
583805
119787
72384
238258
510548
943242
328163
460183
474695
824176
799998
646033
378932
603794
989294
302649
637986
482004
156843
473592
940039
118480
713949
211544
775796
324981
875416
14968
141342
726092
913078
362970
313610
500630
840336
544150
222036
522514
463641
356082
149147
205723
580694
156873
30860
377709
90109
625447
230922
487112
687722
665527
286327
338349
921016
272403
770850
310725
613762
87611
165709
211105
995254
926690
891161
942812
770130
989089
373776
587357
60479
382158
648463
372281
935046
235176
273358
845365
26675
246505
902926
506473
311045
665534
215262
328959
512462
136723
709449
622043
655406
490823
186143
639189
965670
240703
289054
646497
971163
625559
468158
480912
904746
549106
292566
769903
288226
81266
5038
556109
672738
241027
993058
339099
282192
212370
294447
388460
896435
597724
429725
510491
92718
610081
320009
241611
541210
811383
117198
353673
428222
31418
286416
155342
740974
823521
765412
908450
40957
872940
641247
557466
9503
937401
818490
389890
143008
319030
555167
475925
71611
737969
14098
80809
66840
118412
295423
434792
460582
869644
332764
207672
81872
224592
125946
821372
36574
203358
159022
138612
67563
911449
748502
745536
257151
733647
951498
696770
923656
984367
713697
42720
899066
235927
747165
