893109
972568
503150
699875
881812
209977
671867
866067
380203
371119
535526
157589
164311
220417
554692
516370
560498
493771
508948
704309
610100
703362
451247
651383
844021
452869
632670
19206
492240
652315
915846
64018
936292
460943
454398
6964
280308
49701
99905
508475
619630
488376
211775
525971
358409
770481
703566
695252
635847
359910
318589
296549
991450
42764
55817
549643
388579
218267
910441
724626
851861
139325
889860
358998
78904
877426
637123
182382
256010
748355
813504
378934
497920
465120
533981
38840
520426
878232
987122
981942
940404
51509
186654
827799
801160
719794
113982
207212
404113
737306
782652
548253
719515
515519
382015
241268
373846
635539
916096
507846
401465
51174
35005
637817
345604
144188
426310
132983
170141
896906
872372
782638
915164
283533
27705
742145
94242
637384
4435
120526
496292
596696
454491
409884
323462
897973
970426
770977
493154
93447
113018
746734
810343
77090
408506
615352
585310
596064
836668
185412
738440
448986
138072
231278
810724
759619
799380
597589
637261
329504
821259
173030
813631
385063
907785
707652
935674
650804
612153
357841
68607
391010
161397
976988
397943
950092
686973
682855
958259
251616
494020
700563
970126
624540
119715
638186
972207
661161
807472
186313
405931
45328
92906
949096
301767
17309
764619
73992
443995
706703
490624
482936
94801
284536
768373
365315
593101
127928
434889
474041
856231
562640
215649
295960
682643
635941
372825
695000
17954
808788
61844
336336
972193
401644
224116
850696
261151
457676
735333
251932
314637
601306
832148
564041
580542
295901
612734
467927
176013
555512
161251
303267
246109
997444
127577
613704
138875
409160
816508
243114
529888
270744
817411
561566
326356
312647
918958
249209
328620
132425
268827
219060
843444
478570
426424
418937
517415
539237
49875
858124
683675
97442
17166
548313
536378
949776
983982
997718
906666
180506
713554
60052
219406
290824
845824
203944
686822
586101
6683
956336
860498
126761
172785
628036
928308
423442
403569
355899
874674
280228
418361
796759
444891
344266
538254
1166
552545
48199
719909
743990
234308
226158
712542
496779
604944
499706
663312
613280
228541
182411
987071
115681
870388
136766
887146
11136
679409
634727
42177
796740
649667
140269
722612
811306
568433
632451
173671
444983
552631
346111
233794
502107
429101
786456
177444
198339
648713
478529
234487
368252
799035
623708
142110
93311
557814
238301
407371
686877
805327
56060
121326
108808
206205
647702
564360
637947
142529
503521
572510
68231
253471
461258
370568
766140
268234
319213
161001
257200
290653
703984
436089
665903
553158
98557
334461
109119
267645
894554
82968
430670
647666
716262
754555
387770
504965
754034
835769
301181
420207
729721
238582
72307
511550
14141
199997
131274
380029
496832
83823
868165
203185
747549
29401
686893
542720
814785
823199
547028
811437
747848
843797
912967
762622
560504
996717
482063
556415
926164
243082
425636
634207
909662
648243
149039
334775
532269
332067
443578
755627
270822
475517
383287
246953
405274
72476
129258
257551
368060
929865
809779
670505
650109
687174
450492
249175
187078
736583
827
27405
7377
559232
620004
314101
663205
416473
700719
195951
784108
174783
329985
551160
974450
166804
450106
565608
49020
63046
103450
637781
456707
460157
499728
757142
542988
494638
394145
624226
715237
911373
79857
292310
170685
190623
256690
814741
265505
573165
897318
677193
382671
229012
686802
183880
361976
380154
33537
675923
908247
717467
941169
553912
226729
623105
660575
959447
511240
240338
895402
928001
820264
556099
230
317692
353516
989227
225472
216099
978406
527922
959881
768874
949610
227624
933985
718784
136973
722354
455681
484365
122303
414942
169252
143643
668738
287640
148883
211600
202118
45430
793036
376409
899619
593070
695758
860707
6770
862503
82884
565251
304649
923052
764747
244790
32593
860733
195234
902018
482629
140992
384685
717243
206920
277781
880998
230945
906723
671239
779105
864103
868955
42334
943737
210959
275499
554321
47708
115504
972387
694040
691952
907993
874013
658720
706657
462928
517783
345240
891017
550195
113842
364648
357882
571648
709446
982338
17835
569200
506016
202448
565692
63101
944281
568653
91303
644677
77524
495152
166469
156999
675283
480258
257658
146250
317686
93713
431743
275164
861010
96829
192010
717304
749546
241583
221276
551041
892749
558826
237735
133867
509580
528057
91545
76857
73621
752712
663369
38304
194544
258831
813309
767243
862038
294185
401814
299576
839977
229059
214937
75135
264981
795311
820058
86707
655873
464024
5191
521633
26097
503568
824782
337334
591611
145094
104364
467773
678819
396051
753875
74373
422934
63219
874487
26464
850176
14353
535542
912584
65674
321978
305378
177053
289651
388916
291308
108042
609546
289064
912494
51525
286469
527290
316308
646132
619329
112057
272040
629805
145559
214834
836858
677910
69527
954911
40872
482923
997156
299005
303887
62686
780972
482683
850830
947161
245122
139086
957811
424607
383065
677857
128517
970640
685087
837866
974958
702091
972339
515800
551490
498478
311493
927272
796784
549497
914569
872727
409092
374864
457944
907186
393430
382943
950051
479497
822803
847896
83092
55170
40357
78359
748227
431433
743554
664359
604369
706277
978318
460318
531813
788710
265582
331939
774785
699963
173867
797776
14848
324000
451710
529394
613230
781492
830270
685229
945347
683432
4323
136573
652606
336916
943414
489047
386971
581284
497047
38894
458224
181487
166058
536785
427242
494120
760799
697329
405150
891181
176861
798785
866830
572093
745419
346166
720827
830535
706427
729326
766050
900957
527475
476781
290836
370375
12248
80130
418677
456436
150713
834824
381009
310540
824757
834376
224086
445664
903819
724412
675314
153091
943548
89326
475402
887666
133663
294463
688659
636590
363905
396100
790417
346219
440886
204299
974378
437280
572160
875067
285734
5311
232411
30617
490758
220159
481187
378535
679677
131348
511651
851943
260367
379969
568699
454461
717189
860227
196333
273074
201738
732142
909060
653781
130790
436054
728865
571132
674772
206756
573411
642280
190145
630536
794482
143366
795556
187213
413161
169746
162036
667784
137054
423062
359435
564394
412430
663504
707605
773429
121194
189234
454388
448779
446264
895619
104180
789858
73064
127715
209126
973204
322036
977771
535579
893011
124594
70451
190527
21626
619769
23597
382223
928318
918318
322478
383352
303235
561578
818381
298958
622411
816969
563876
138341
720521
380242
70644
978512
986836
353214
468773
40244
931255
300007
518186
371399
310693
503758
861123
901738
340042
862025
362268
77025
201340
71751
815507
782891
924176
218625
866839
229442
482313
526272
388651
101489
943148
503109
120394
677837
560815
21208
764517
793873
909455
783856
26120
227674
863105
302395
578074
766011
897216
293708
379139
103294
636933
95711
625128
792056
196629
145545
211666
370504
198708
131136
911148
229804
918775
280900
274155
697791
268791
730602
622792
372627
624674
421827
122217
82983
172331
705325
958110
245061
611937
711669
736582
64379
674654
715432
80082
828275
532374
584245
484769
559665
880143
958400
639179
98025
209263
277637
682874
751099
178801
159591
122097
885132
780786
27733
438576
690498
357032
742103
777264
922715
134321
232827
185929
602923
128841
245078
984628
225904
966806
682873
999018
113491
228958
277682
404075
712702
156632
811580
846170
884948
220832
801988
371781
393874
335235
980504
869891
4160
628346
495342
433271
252819
852916
237775
655217
552802
934924
919518
657459
724739
48154
915081
234128
409666
157861
331915
643056
56701
795958
298075
861681
263007
400456
886260
46888
707191
897307
258690
180485
512180
977063
130726
846932
561279
83438
192038
710048
495797
971498
94260
110514
710080
925542
619609
131127
534737
179369
478718
60735
340540
467980
759191
16546
804847
926445
164461
31933
440912
72252
113350
356250
605235
635379
392434
966382
109493
991650
152181
613051
726455
543400
382412
11414
756858
508542
303902
773699
197204
179117
511489
640508
891661
742432
601701
299344
137177
739476
443681
170153
91441
224555
892248
279782
917392
244384
730951
106598
732039
599765
829422
691046
785213
973257
725209
556866
474375
211109
747914
8920
608160
478389
444165
100490
332293
590132
980088
959841
304367
732800
954692
343695
829422
252460
887980
19597
152671
18164
183705
506275
19402
428875
658247
235398
203482
788625
752400
391323
975225
283361
322899
422170
496456
149702
475713
52173
395256
931213
427908
767160
307144
824949
463116
888211
435675
814339
500918
24307
466101
358898
953499
40071
624018
904776
487923
291837
849699
83012
272421
789444
324710
727732
626732
186029
385760
719714
581799
218091
28346
752238
204989
799417
531382
77239
668714
305690
925004
468211
844331
512636
199589
952223
321538
795382
693107
752656
860775
16176
134507
472487
437963
851106
614432
286626
785161
394165
744509
674256
122668
770437
136671
828381
684055
670152
743437
310475
961685
148168
632404
459329
631614
186636
754051
150077
480258
190037
777664
769638
233493
305028
653382
644413
8631
156441
820156
177969
585951
72982
495858
154449
659971
245057
64506
334620
231174
613257
688161
217396
336255
428608
248777
675633
571106
591687
365412
997330
93198
568967
900943
455375
14130
57819
237449
632586
419804
688140
545486
607907
828000
358132
949588
200235
691681
158147
296865
127408
380351
390240
704391
974327
726685
39143
188222
898439
493965
414161
369692
513186
29403
341809
233907
634959
378611
262875
990791
553682
817776
344607
837226
776702
954306
799731
479542
537825
759482
551150
835175
948061
83701
376113
910418
832214
533283
278240
388486
220999
538675
327758
535486
969199
792157
403255
250303
423529
353867
616678
637844
619162
417444
236727
501028
563652
932599
316087
237485
365495
376129
434599
341727
714854
870236
696544
955991
272279
505412
385232
959350
213236
35910
326562
787422
683711
285767
806908
586825
601443
360366
516258
504453
739301
440751
542776
521424
639801
289013
210724
998028
395889
710827
447570
892831
867664
400360
510929
246185
42941
847221
536602
780515
254355
417339
639473
480657
100309
629518
689189
415587
880191
472208
101105
612782
591992
795907
114245
753217
4963
683759
452382
203495
151380
388908
546897
82489
572383
543437
281320
895325
310413
647657
111267
980127
709736
406535
549600
615402
931766
440485
315925
907234
676994
489445
86457
606113
127061
755605
639810
77005
625476
829145
18314
943635
163107
787895
912011
669378
304919
785663
670921
440198
239625
631317
221391
330111
563127
135709
344081
667901
169764
549057
575216
271770
616624
858786
809629
173045
306434
572248
207381
564422
692513
80424
820682
749731
939426
964225
781410
90702
636
291827
944792
963192
107063
70061
544897
456727
638403
675377
136169
714271
545637
765078
462172
439072
574604
471929
904192
785211
345218
863234
195359
558466
497470
467086
957891
872619
707222
821630
184634
584753
681489
552091
581881
974728
360283
178981
488925
549691
178514
908087
399500
203491
955005
527640
911802
768069
643868
665120
219912
65225
803098
613124
176455
574227
829791
619009
352793
727936
20738
99489
860600
16831
230364
944301
840209
509385
758391
607728
73224
402878
366822
200611
792863
186782
268014
56442
434481
813856
799394
63626
952280
788275
431372
429525
765166
820366
540935
976436
781233
923382
143274
250015
784000
542796
61343
750492
951618
693904
459217
318082
693542
371830
950915
649129
180804
483555
136190
550321
837922
319684
780643
372715
952403
644747
66526
285031
732539
122760
114427
698587
320173
936864
812755
717164
812661
779756
453534
23516
400497
947120
540268
753105
154010
277302
227055
508414
42849
820102
119472
305584
235380
70661
57506
784631
762847
636520
246740
127343
228111
50643
467455
274346
604403
442066
165695
457211
844859
363442
715423
136802
217602
651773
728013
745359
899656
29393
479916
194005
13144
682844
457033
717996
401993
37750
497701
364770
801119
619803
874928
975456
818193
830468
660439
544149
117285
605024
143156
344705
777464
594484
659940
406240
939610
392844
299319
782129
230485
943004
979200
886625
776014
751864
478411
466201
606661
997933
634030
217377
334519
96122
506616
302255
402403
560366
321799
842192
159273
675295
87798
16306
326861
405956
295602
75084
583771
347632
838382
911594
166629
126700
882477
422168
673704
794287
305596
964331
988301
764796
182146
368807
537227
117145
266095
484944
175465
630567
176914
935376
464929
580835
757511
920129
199776
936184
893773
821912
706538
562494
198518
685871
66139
562899
47735
104046
637320
654292
162719
414293
923972
509753
609125
659239
371455
921290
936474
509174
950920
993474
579709
729736
915955
170302
948397
319331
675925
324706
657529
147962
59052
930377
188627
130548
769948
777830
464740
801109
731860
441340
296825
323467
228815
595574
370778
221143
67191
716900
96251
257366
817507
123346
697484
740908
451777
557191
279595
664716
409743
826071
897466
738469
777539
636773
529930
103916
786891
268217
14326
647810
253359
174778
833293
393155
544082
180424
912359
515243
393303
99064
946136
18020
902751
858349
280131
266672
76145
144079
325830
110895
291123
950571
776403
285134
235989
175655
537374
591500
875085
452320
264754
251946
727548
430434
980703
552303
589680
654339
174478
18645
43587
776540
731445
546515
305696
383141
500837
937992
479525
101548
526272
761217
459812
504562
561033
184487
368324
448290
620372
481480
990405
828655
726812
766272
976993
410889
784819
263876
375885
878907
862420
790602
265119
317860
723924
575832
267657
61135
962935
292264
921027
690738
55583
310965
346119
690432
828000
246438
620150
882987
926446
922579
402392
789882
15160
369592
253249
17730
166606
525557
24846
841156
769725
788543
248719
691171
962683
969959
414015
21760
98365
953989
529902
491508
693287
419329
447040
524393
824091
344125
500813
605013
353266
711906
660905
546260
566537
480902
790335
543713
91123
143095
904087
77937
897868
192551
81847
437741
521837
686963
750373
597386
961211
157778
546442
408838
949658
224918
63281
346624
846272
426786
150575
660148
638180
781609
926429
253331
329620
95582
455937
687035
471398
632574
402507
932760
81158
283894
529019
508374
857391
286641
246111
802690
863797
395138
884346
617532
444670
295723
255361
165595
448785
604744
24447
353821
430598
617371
405848
700105
750109
789237
307562
603748
654123
977085
83791
197580
891375
364704
923711
282548
458819
633365
205011
892604
695278
599819
50724
834219
739670
820722
826002
611084
513491
564707
172896
29412
343774
743021
380797
717836
472744
712765
828190
27566
803847
979625
351494
521632
563979
846169
338727
348568
900015
274322
157858
929995
311723
162593
616491
527655
324007
817696
488904
688681
49161
959080
24760
27547
538479
300499
145264
214702
338552
934956
968768
813360
123709
437686
138709
688873
687710
796117
449816
819288
711286
431197
25779
268421
608688
131766
913587
325507
988979
33640
612872
142980
206841
805449
348778
19160
769726
630528
666582
316612
386451
710901
451958
933563
203601
463127
945887
309628
562923
622409
965172
408839
683421
281706
1767
822589
501761
341247
635424
39315
69312
828672
505142
105906
187685
245628
651930
133999
449037
366889
122963
264738
829947
999820
268259
578149
106760
656449
615817
151915
94391
732072
493472
175738
992807
174700
408613
443206
720417
77169
958486
755116
326673
785241
433589
902792
366866
733107
338155
430195
686114
596802
99018
288348
38197
72229
564203
642113
583781
779176
776886
952395
901894
489766
363328
510660
758616
815000
438543
792118
993494
672063
887289
91297
831531
235434
122730
176280
695492
808996
722115
28472
862400
567614
304992
783430
910404
268404
690226
218404
959660
444159
23499
95920
161500
406711
848569
110714
937396
734626
418313
321823
949858
219357
55085
71174
36113
644389
472248
455415
383999
110147
901445
234579
700396
361490
274104
81076
287278
846190
542492
158241
311778
722235
928300
513070
984764
661647
475757
878254
551616
348221
374264
559062
541514
182719
525910
548336
198535
846399
331075
336888
412614
31170
320533
810007
766761
247217
198070
292729
272181
78214
678861
538765
706441
250447
111676
897241
495916
597538
90370
773495
386431
294878
90111
721711
698257
642073
241688
861170
128849
522667
814129
980657
225182
651350
389015
132824
601979
352849
740736
457771
40286
758575
179753
649019
693671
387441
273887
466756
61422
805029
521562
526246
987701
684280
13763
541631
308541
852703
568791
909345
220852
244318
354467
570549
831819
733684
177327
670315
636646
178979
957175
637149
139181
57055
348564
915967
991360
641491
186362
268549
733895
730698
169114
883218
546470
374528
205928
420823
595408
539142
685879
106640
224051
109900
781760
350871
29521
570574
101569
629156
897839
785694
641858
374754
244773
429962
477106
512366
296854
825577
711025
59566
233914
388423
992743
649036
666455
990762
39633
244494
818639
502145
744156
206676
595730
948136
38057
497197
580659
418010
430705
597269
403993
369204
945794
104847
310540
616866
679528
610331
869679
485096
262439
893269
146189
144591
456291
811882
985291
73578
72355
109175
790205
378692
614186
455936
233429
729639
919877
497737
993079
96523
5091
846869
833512
93914
193822
312760
368292
308444
176792
29339
208974
954500
232576
538572
300802
573718
70516
881087
744199
870131
440129
256806
846752
747779
823365
586984
467393
445757
137462
983361
774431
925910
875451
982005
463648
634307
650744
354226
493362
965613
67879
529921
469367
235633
21921
800104
303390
871568
596413
440160
47885
836794
169551
727662
406458
938290
498194
302497
15193
196382
171424
584551
255408
728621
800349
894475
252294
168485
971252
864463
650234
178952
231417
305570
586031
955938
869678
154558
119589
789618
527009
846368
269091
751794
462706
899109
211856
149957
758835
952318
483746
712189
61032
589840
338157
3397
918829
515178
869917
499761
951543
825892
22719
859297
99571
381968
7353
311884
806666
641184
971930
741486
262406
47636
561612
506704
671054
161437
124326
210993
726029
250387
447966
798414
506225
245648
493468
461907
445072
906535
292649
80862
160932
840068
289990
223340
627767
18210
169497
896034
505434
231907
709251
914362
399759
709519
936205
122376
601990
995884
408320
812328
307332
184693
142227
951431
319520
341243
519615
88458
21864
52245
181999
198878
228000
443781
452563
322973
489514
629801
709396
607449
736705
324763
553954
905225
814623
877733
575784
280206
736383
255140
828897
698656
497597
967096
179396
929562
355161
435109
549979
948254
514330
118921
570994
611878
137551
178426
989674
853288
630577
164603
641645
929381
108580
396827
256380
41935
471708
983467
648099
692309
393244
715226
75470
401484
909722
176175
751862
758331
42879
882785
953140
714947
11530
833302
304246
313577
502228
703542
115663
791746
80942
451500
84520
257594
510182
551545
143380
647360
798057
802484
324994
503378
805378
378914
547915
59808
336001
907246
23660
846559
562422
924357
834573
364973
850077
298640
620927
684252
492116
696335
851397
544926
864518
100111
786377
177739
805356
872712
574000
988369
851050
338773
429959
400632
109461
632272
952540
4816
23380
697161
488234
249466
171748
638819
528940
558481
714805
541132
106130
384179
222642
697239
841873
893743
460958
856888
619413
727949
779865
705563
838418
651508
277763
145633
645112
918972
763447
120056
744069
661137
659192
874517
968244
977216
528810
474449
628563
768801
761463
913757
268786
600609
767762
323236
694519
864491
718040
479548
619087
126835
789586
548295
849535
185311
709399
87660
346456
807058
362063
310702
541001
244822
776466
750054
31950
966820
716078
613345
584263
403
979976
230168
69731
939164
631450
910856
325307
914694
316186
969774
761979
937650
145851
648673
924987
103877
692364
23819
194796
686701
879615
558149
576301
999890
65925
68942
731517
66779
356756
944680
260619
837146
416202
821392
880106
283221
295403
43288
211104
77490
748934
69538
903774
312318
718135
949435
780041
608026
988997
316945
609654
322242
925355
624339
866741
525947
42164
630308
528964
685081
786559
806715
96293
529962
666979
708122
553418
781379
872235
474472
649836
420836
757442
403117
390266
573514
855658
353258
512815
733138
382246
525971
646012
437957
713592
313002
384869
480836
681925
357945
158504
580753
382612
853868
218775
931191
750005
826632
444295
770200
704062
420940
992289
465233
379057
464483
926613
425675
879161
983682
94703
279969
464467
662948
237698
407081
660810
564128
884224
890721
351130
570979
807340
89848
980598
823376
647846
468342
828774
239473
344677
308680
550216
799704
299972
367212
900854
217686
21491
438645
473352
954903
9742
74044
701232
763608
229130
939811
828356
528903
727179
515079
638617
483702
938516
174850
416330
198075
518870
29913
148824
497894
595625
197065
883883
317535
490968
94057
427255
608028
754902
258364
747642
817405
46351
491669
224545
55428
969946
28455
181451
817908
915082
975720
191205
61957
177508
843106
188276
964992
780331
694422
476209
538109
18454
58317
614350
989943
977251
462396
901655
620809
55492
57491
419572
94216
885176
830882
286602
275708
50805
440616
988098
598971
637377
686010
259233
755876
259104
905037
113686
688309
525672
600416
616467
16714
472432
969352
918163
60595
757287
455449
127673
250864
334209
98606
960857
813131
61323
79830
442960
816082
602080
567643
870797
835568
892212
93168
243443
170919
972621
552310
301911
645421
250322
594283
50276
343456
297212
154928
659422
252326
901993
567669
891587
117797
725583
217219
768013
744028
435277
882917
912597
337180
897245
206644
63570
989351
338598
40894
632190
935395
781870
341202
990489
891835
193965
822827
649607
218579
414525
584119
206420
516709
143149
944386
469912
795773
972788
351940
164790
83085
972802
871683
634686
209710
741170
632358
838130
216052
23836
994136
325542
186156
410760
995925
214784
225653
673405
947028
379743
187640
216503
792977
549977
115205
338806
385334
754524
17931
600179
412709
625397
842100
419054
840613
567663
105563
392034
896934
4564
189035
375194
449586
735247
603605
38237
68083
405809
728045
533381
587995
179922
733602
145966
577075
621904
519000
361289
790340
861043
431844
147856
261596
698737
266467
510612
222269
652300
735479
784498
92520
744665
383519
746724
208321
951453
646642
524275
416095
756176
137912
489867
812338
895235
66277
844817
496925
967475
607467
952544
707585
778651
275472
64347
702476
343791
918201
891009
984378
253079
541221
488927
487080
275878
485054
252407
652596
885976
212494
89806
997888
802538
624017
562319
256342
252822
181605
438751
409189
67370
349853
761086
723946
204996
280886
721814
150826
824812
727329
200612
684059
903566
514559
183168
500642
814290
164779
483658
532983
308442
763824
2355
13670
495127
834011
543653
910446
110984
225068
535888
939660
148689
997414
685906
400338
318772
586182
188482
370416
531182
747728
514010
7572
273392
51204
460542
627630
640952
440944
229869
440844
46732
181279
7235
343781
710227
372143
443624
147249
894352
268032
983321
632565
628604
73289
319185
515613
508478
252996
772755
366209
12041
262601
385175
57482
300946
787001
347471
284270
520237
809489
449684
615830
334851
636830
828018
977313
505906
307087
835789
61698
420225
731878
376366
815429
197502
873289
100782
754095
71799
170869
455165
973634
422033
155730
651343
349727
371848
132001
294117
953990
714627
279121
639539
636986
470739
136561
746099
104384
111240
202241
702406
346309
793264
564641
424834
782751
529389
775915
616668
969196
378866
987484
704691
678999
944346
994733
791863
430201
142564
834752
532404
529691
403087
754934
733567
404762
4622
53341
722875
87395
760424
588423
708872
232862
539056
625462
61834
699624
167259
396659
81361
286584
40963
777341
600426
693411
820727
910431
164673
282682
579452
687770
14769
214161
563557
366146
411242
349851
967242
366949
410750
491313
226792
652645
677640
867441
111445
277351
487865
934403
30942
393828
393345
886839
113919
223389
680278
244042
377470
563179
476707
884424
78948
828596
257232
687755
28697
603706
979754
708769
258395
255373
886000
685835
968986
884769
683321
900258
31796
217530
212164
431445
132616
955139
407198
209421
143417
667903
95018
635249
338241
290839
164624
36741
835887
763793
468869
252461
325887
303906
311282
542608
558996
40730
819524
637400
205972
260349
478095
57877
983776
646898
807327
709121
947502
66645
713309
672606
924870
225383
260443
10684
453013
311013
558524
794199
940145
825014
232771
955804
788586
441853
126070
240780
50633
904591
500270
240378
924328
897726
956542
766702
605485
546260
948606
381548
279653
495131
699699
978254
7097
182937
978396
336206
897487
333850
825180
750560
427071
478821
538815
527612
517360
320016
10282
349689
11471
376176
133028
805397
396139
898472
401723
569553
720752
324386
715540
625721
979135
389340
605075
318082
361510
946330
637667
214604
217537
483834
759650
276166
866924
68580
171692
329328
899683
50271
681539
304636
219641
720769
603352
119566
531057
982207
417848
266467
136957
154594
341782
335885
154321
790875
272241
197468
507682
855277
720225
208537
364288
181192
421828
259244
744589
795638
679679
148893
208345
398318
989235
101111
331100
68295
510
565704
418830
919238
62443
979398
12839
68696
932919
256012
621102
116763
539905
226177
575488
962646
936397
707865
208800
946761
588660
765941
312885
263392
567852
8166
725924
536065
777008
320271
32266
893060
476748
42408
58838
790274
83335
522911
858242
321222
861420
119641
945324
551713
753079
395798
889045
748314
730777
207090
827253
68354
404136
655239
948728
162532
973927
266864
686233
927451
316461
446633
101722
750015
93492
681490
731037
298679
518656
51602
391266
412914
580521
415000
173086
124593
879175
938557
552628
796924
286266
643525
167634
706932
590227
145285
819371
100936
830179
255390
617932
383874
217502
285223
344798
394873
291306
46121
299191
269545
819914
627971
674524
547999
533474
124782
605207
883918
259046
640155
42033
795840
578723
596537
519629
831590
692074
818259
84193
509328
344468
785941
792529
573176
328183
56495
757354
160760
961252
60946
893880
488732
239961
485271
141508
103570
612554
542143
939437
921086
545479
701269
183457
176874
766217
96560
816953
241499
367775
642068
373871
724286
352880
545336
41852
796353
241964
557987
373138
169663
656340
324784
174963
597907
489314
276208
222189
565454
98965
675822
776946
107075
727581
85773
301336
431039
177952
844238
291945
736790
908647
332462
419560
663384
285801
529644
327073
668771
630961
36456
78699
349458
757230
900583
424766
205651
912087
500275
87659
508887
152505
600672
496572
415266
728158
417641
655592
616130
735900
941240
446259
892764
542455
248324
894048
95905
293044
164309
30036
3680
801083
577699
111881
736694
39655
775388
188011
276576
28398
851525
314130
45681
912936
430008
656861
88543
799550
364555
47847
602743
328944
96593
857449
179249
97922
209146
821164
636510
982404
694998
159657
345533
40445
886711
724095
617646
901747
862963
840591
736510
145434
843080
215031
799840
569367
266075
635050
523325
328943
21145
815145
898658
136081
762942
850720
454360
484924
296628
327967
170961
931726
616787
600755
862206
640619
356615
879009
53246
156614
192783
639678
421104
269583
803042
223278
833321
426873
870444
277495
252609
507558
877046
280065
277064
549298
395491
941164
836119
52313
29398
899790
717376
232646
792305
892424
664999
358329
109689
598659
464298
33875
576277
186316
854972
87233
630773
712714
616591
104643
567248
852440
776751
892952
170117
333635
434092
463752
510051
690209
144688
597901
587268
461708
490607
291487
418900
532474
873083
804699
941615
927738
411255
582927
73896
369357
145316
246628
957287
484191
982039
280425
997162
530593
75019
318840
406252
860164
64659
971399
863778
299859
526248
354189
924962
511917
532960
243598
841375
778718
556672
20229
525263
28954
270760
415982
390381
852693
353260
839213
66010
788930
540420
788510
751391
102629
252313
796154
297037
778519
418559
814370
565830
170198
131138
240715
837268
597894
97113
592135
344566
492680
71800
911916
713916
314806
590401
820131
489096
814904
463322
887695
668596
369350
178265
525655
111122
224506
513820
598098
184142
892624
78646
398414
663536
645630
137156
961341
11774
746346
431837
878525
471358
996493
626663
196227
522265
841250
471047
660131
716316
912074
797872
327934
506519
553535
436573
161480
248744
965107
791193
950900
110482
521924
513595
696895
723910
691678
212656
302742
324
301358
450737
708197
960795
488575
304979
949501
108748
672370
947517
748321
209997
943966
546099
932142
840425
948930
519505
42340
632644
848995
114900
424917
730941
293895
754643
329320
407020
374988
808459
441354
629002
716325
254743
226227
505968
407090
353598
598800
148216
408828
44007
874450
105920
677962
737959
13331
536333
91554
217083
30496
312011
201503
703505
284263
935283
651115
265153
268798
518341
724826
504025
869773
941301
270436
570325
431898
33890
868540
829038
873008
75137
399889
795145
949802
773592
507168
848976
398113
366631
792564
261662
922288
823457
407164
733716
765728
212503
265671
966857
436597
987574
783326
535262
847956
448999
189885
976046
524943
256084
86832
155428
874255
168075
439367
876392
164061
202362
168182
751922
951821
228058
440331
925439
448775
624809
633996
343712
603635
374543
4588
491631
892928
424546
233450
474717
473873
14341
726343
626599
25286
871979
932898
877863
11490
602810
177841
781831
870942
900938
776670
44624
855625
443660
319995
790112
208218
183431
922084
931706
582100
988734
737200
139000
816724
601582
52179
93403
213562
490867
672851
216131
989874
846794
794917
876218
152478
346737
182308
62250
453858
110635
537069
397615
213963
857824
84761
273927
697372
330081
25432
491558
365943
973384
857063
444710
663397
898493
323181
309596
665090
995542
706168
406342
355848
22102
709903
970592
507126
956502
901427
594261
371292
303106
122935
990483
570566
171898
761017
43447
438147
496216
461500
890792
228176
196433
580387
520448
111590
837556
623756
901028
683805
521296
330055
624692
544315
251827
795890
111134
729246
765964
572530
491469
280321
671666
313168
968063
852910
621950
676269
437429
6848
733202
601444
152963
768724
590077
344570
971911
155212
417591
891396
722294
839615
468294
579606
163858
674113
805508
890083
253816
429514
428343
903414
948565
209029
841696
847948
403577
454199
609679
149835
389892
224202
499
484387
617020
300790
170352
728512
169793
49867
87081
28137
751064
653789
293597
261112
200355
389003
362413
36662
304241
808750
397755
663187
825586
421531
541935
442430
281603
449430
479251
106343
365288
280659
203038
737807
715479
359273
801614
727752
451953
757398
679918
500879
123148
167785
916023
83778
761579
458384
272915
696895
583887
22526
281277
662363
583334
299192
560259
569212
504354
47101
247277
706708
760165
22480
628408
607482
531480
327779
153403
198566
358363
375650
244907
999625
414614
324313
206714
712519
383086
409666
345306
743506
978836
444079
581343
511204
475319
365392
144002
882201
81306
305826
93185
647206
833280
624053
100516
773434
7363
769432
49371
107823
666436
615394
936004
287917
76284
196767
365704
228956
328753
999574
997989
210051
578245
527732
308678
349058
90857
908247
135694
925608
531438
308600
220979
443314
651260
937333
467655
628257
448475
294522
975891
951799
426414
615308
378076
529421
17153
481841
769735
95252
82935
69952
871704
340902
544358
86977
985558
835592
736446
681472
586059
935295
148708
863603
997735
767179
464605
776581
356100
857796
194853
615614
819205
497104
477024
287761
478935
192255
791144
389571
804185
944387
692933
438707
290776
912591
439546
140362
552307
145738
553852
235903
651486
23344
545534
113607
12545
835270
131943
782104
225408
549623
6373
172185
56598
657872
797659
198888
749594
207445
481846
280199
35428
905982
96029
44452
766153
306705
235846
688387
180481
161117
509158
812810
386986
422288
445057
541096
765030
398710
72735
350115
754655
54798
132127
8126
496234
760459
955301
881347
136201
959844
805038
633074
498123
242200
682373
158982
249358
305090
814223
156320
472933
665172
151232
835155
307284
498099
751408
463755
470520
718383
104712
43482
948612
926493
773142
637025
889253
813587
191745
66903
229383
82240
196630
860473
290225
35558
842432
853454
493644
832820
211734
88150
439745
800196
241167
124174
523263
920941
934161
442019
880348
110022
424230
68593
672979
997432
451344
643958
770412
394943
867187
449816
83385
180029
216496
420751
217532
703163
364755
532400
166054
194556
809378
153623
573626
979008
602070
452273
901264
702802
109030
726051
735158
121230
471358
814875
262385
632307
935375
340465
170977
248864
413311
468153
478018
744623
584897
292775
778639
464747
73024
270495
33985
422191
202422
308313
86709
123932
356185
984750
477611
680310
530868
967617
716970
114972
839763
813261
204610
668066
138071
639686
331241
762124
511914
968750
77831
579178
691405
651576
748493
317003
607757
570001
386304
17759
109525
881231
279508
745965
447772
123257
314227
995245
750207
36785
66973
34051
685801
437178
315817
882008
309166
951978
63273
503639
626423
341037
681259
380353
96152
519731
102364
281838
283774
149879
627080
840353
931652
201005
973180
383942
455204
74568
576781
503882
600330
201637
185713
121111
149700
957079
541066
762219
977622
300688
433411
642260
915563
312488
948755
283338
307365
103629
407583
226344
543253
443016
489404
937353
800710
182311
237458
531067
270580
853773
250140
184035
946010
314706
899019
368685
210537
690328
729482
773101
574741
556523
160413
42967
630728
402260
24675
144663
551226
40059
202874
87502
680792
706870
938177
421547
408801
999922
632824
208865
486800
143612
749316
987274
746420
329709
804432
695832
135067
733552
420237
374195
290540
244913
366041
143029
960916
167268
703550
304638
916121
393071
812753
374260
935114
842229
791099
874330
163671
173952
552148
159308
266621
457419
945707
74389
330650
890409
21730
51053
294942
692244
864822
632210
610914
570070
426845
473857
263251
688205
71880
473105
842054
528479
567752
368685
983600
439867
479564
245740
190189
226375
436296
168015
755646
674539
56114
175894
503760
282490
769254
274495
159543
411064
282154
488220
637114
946636
825547
544591
322823
684483
661606
160229
213383
738622
590531
924621
319820
273658
396955
345972
272487
330490
762170
874814
140823
944787
234495
688610
447196
359444
344321
239266
108137
832207
513484
683494
569655
329800
940105
436788
416374
483578
530043
230606
51422
326528
856998
63529
484836
217831
550346
251973
929545
949901
68237
9709
736524
350901
771766
995405
867968
380523
249557
817451
384952
305422
877441
889540
876446
20287
544954
15556
405283
70245
335148
551456
359441
727770
921429
651476
632444
159733
348669
338228
562262
503156
301540
821873
3554
619910
416571
488299
360449
339059
337800
608877
906280
960681
875820
267850
337907
718756
537345
564369
730514
55544
435357
182383
829153
320638
916596
742498
595350
75097
465370
189910
283028
534244
456933
515806
890076
912634
206000
716624
245859
202849
619260
76349
210494
179667
197618
495499
547386
604139
473988
69041
404168
594921
886641
175567
307157
757666
54375
199336
638136
393159
1026
787389
653253
294287
832115
978631
458302
211140
64444
402064
944489
128551
54551
345518
809149
999105
992054
187741
419382
628680
365478
696440
321224
840554
594957
950228
835440
207480
179346
882425
776549
360754
687771
376894
266926
541675
927729
449152
800397
915161
879681
62398
792921
522747
42684
960276
99241
96551
407133
41170
153068
902319
182922
634937
600598
375471
653332
277522
66293
26806
77593
148970
299938
212623
426377
194285
660370
655275
897861
445342
272844
291180
248995
305904
622901
240528
280462
204676
225607
904248
528011
151872
138208
712021
720470
31496
795447
502062
546923
774300
924265
48463
420256
305806
278257
373394
799727
456734
518967
286211
841810
149940
601791
875762
767943
447032
39938
467226
480371
609297
922714
560169
482787
505081
865430
695852
170029
774138
649133
675865
928245
621768
936848
332216
76747
535865
919384
433070
951666
11301
308191
617063
966396
603542
725098
84383
21840
760044
561667
803086
878094
762512
437414
601582
431753
992659
778897
619306
921075
50914
622334
761060
776727
662184
714093
760547
866495
745728
780186
735960
409525
447637
234319
512459
622247
806745
956306
258151
119908
923102
4990
580126
533122
953364
431087
44858
822178
183840
67927
757314
170764
943573
31214
398533
193844
818577
482502
253894
294814
723255
827900
644995
886493
318532
949578
728036
857783
629776
499770
112253
350372
747491
118517
283840
582517
635698
733818
626050
944786
205557
15466
558376
340892
26662
989439
228334
902705
892503
513117
59731
210957
961584
420673
354085
896845
210117
234134
108900
134607
180240
222310
844310
443638
31888
561901
305191
640586
593085
855946
427706
755772
826982
736463
620048
141639
1321
797751
126611
161201
553998
407671
661120
482992
596993
203821
637488
318314
50731
422517
846465
109653
945644
808731
324325
956414
701751
163178
182983
700773
572169
253539
248213
33220
522823
342281
724526
23920
170995
882649
9514
634329
938506
762584
111936
13100
627582
212676
467352
996247
236747
225132
626670
324012
779576
624796
944543
714847
590125
843120
823700
732522
35051
253129
291976
831760
937067
240286
120183
794877
631703
568170
938981
778188
174367
887235
671431
318755
213114
538315
921106
65977
447994
359615
934687
82424
924297
513133
969144
927678
470853
948418
48194
649533
929142
344833
20358
140801
194664
212304
183326
40210
271530
716909
828216
699503
229857
187517
218314
454331
157577
748933
316754
866036
345546
544562
701960
952029
680755
263890
92900
907454
765909
317285
246661
652866
412542
167438
68741
553598
195409
562852
5782
356817
772095
563878
612568
10470
109028
701771
996859
498582
218176
743286
860044
667691
442768
819464
626078
33535
631368
51024
466966
814596
54192
623069
360466
814621
923928
731061
579062
394600
723065
209758
428117
745119
229930
641625
823865
126420
818043
851054
240656
931610
335410
908834
68595
413570
793312
194310
349331
40963
26590
477930
482690
591283
123625
933934
743324
552818
913624
848120
631184
988454
471286
262785
769743
360736
165376
963594
728271
75165
262076
243693
30268
897833
820404
261006
355068
723550
950478
723504
211997
546251
305993
203172
22558
499952
373782
746780
258135
895909
468240
514461
835013
34457
15578
995603
586422
458552
955156
396862
383949
330918
879993
210506
512179
103721
430616
338109
158362
40547
710829
778634
576879
738108
168668
593794
371036
720798
408969
8298
926135
573082
727318
171751
178058
762920
571258
436566
353599
179787
495867
129592
164136
996371
209608
943371
449769
954364
435509
77364
397379
494516
514707
843671
983293
378426
294507
376969
239728
70242
269271
708381
328048
25013
95422
665307
197267
458613
795562
705679
301023
982397
29512
458685
781780
656519
674363
880818
70162
775752
537885
897525
440104
324598
376275
894557
3131
18217
745611
548156
321616
360159
401109
526073
237430
527834
762587
17787
504403
798820
859390
35777
918473
496243
814415
123087
844996
547943
784231
49795
177699
988463
817892
442502
395264
568524
757888
497438
959070
84078
822351
81375
25006
878074
912917
917058
424254
368365
536577
283854
955838
878618
14154
121650
547377
505231
925477
22708
234221
301718
688864
367044
243150
138135
467294
851690
853885
924635
974000
778719
697688
904043
730380
445047
801983
860951
923180
351803
625274
230674
885381
482325
241290
148858
428258
473508
676235
674358
867101
803120
108290
132601
497786
733111
596041
459107
579104
691302
502484
717638
768309
728227
937311
87621
153237
952647
460342
220761
709934
962537
233696
954029
487738
798613
666025
557737
551386
294620
321931
796173
929932
22085
281272
20083
952841
667745
174471
392950
309246
59580
251576
69682
642468
374192
990886
328865
668606
369875
749896
780004
436271
791824
671971
18531
830389
577235
319312
56011
846534
716126
434981
906038
745797
83769
646467
917481
965793
188870
312636
476662
995466
738546
654046
756930
456145
258632
579937
596321
586524
454752
383208
660893
840834
580788
967543
49302
829705
2834
887282
305795
820921
72366
717710
14934
619164
787471
36567
822078
442773
749290
667612
283846
615579
519628
838842
206043
909456
300912
154372
131562
500418
139760
330700
249896
824445
511769
528081
368491
630858
603991
950148
851126
71817
664207
237432
841874
507750
160396
65575
971415
522939
482384
151131
251914
301058
92172
734528
176160
584181
445356
656195
449057
939972
195977
517478
832296
969010
556034
537891
245702
235149
445541
309370
877639
213000
399366
903513
65740
975863
806834
406887
933335
522214
858366
935214
464166
706325
203960
324515
162550
514516
697023
403538
693672
606007
506543
310890
736705
181495
808628
200995
32716
919333
594624
897288
917658
587211
986135
517412
544042
567969
155847
667597
175011
873001
329398
593608
932350
753512
672019
290263
805888
800257
974254
804134
770597
772591
920228
926158
182297
557598
911923
507267
545695
548519
307948
684001
791572
22759
36806
875918
83790
671354
192654
568139
721951
219929
221756
702620
768693
10894
861666
489938
670371
135055
865726
836274
94522
787519
99886
590020
152337
435900
884547
328889
978853
33894
525485
134009
814745
408814
724502
643593
277406
511574
572172
234518
583405
544266
264022
126816
309361
152475
983143
923142
609219
540628
557104
162986
13133
92859
983696
236928
937744
220774
104423
105272
287616
200374
536328
241862
920588
151349
251597
213002
210876
924424
150852
377633
947636
895313
715142
215048
807253
247459
692968
629223
721027
434274
374795
209922
169985
572791
306703
250679
772343
813998
311652
276533
332182
511660
434624
437690
402002
545872
936941
268742
335054
809764
580538
552481
594518
215872
193937
328518
363653
647227
225449
391787
638791
320591
884818
778350
868729
290696
120685
418461
72749
880553
987518
403554
392457
878171
362138
849737
601679
128914
696443
51824
725559
459967
189810
206346
430840
225643
206587
599311
527333
989623
763500
442180
795316
496365
59720
589154
213211
520834
21488
897638
704531
723115
14969
3892
992447
551320
893721
240553
318885
750097
11642
98940
989466
890348
861937
937679
20925
915048
244744
53656
197913
546026
241527
583655
603054
281553
582386
9107
150794
685624
694812
296837
565584
892615
617113
492512
30618
584310
791168
718412
485243
237408
807984
682078
44253
240447
363834
994917
527369
129674
32572
580116
65862
554920
518413
667335
28568
681679
250580
446515
422377
234686
816627
416943
999558
505619
60833
969177
285120
732106
899990
933094
302259
234002
984607
984650
27171
562829
606225
502336
614401
634341
540634
680759
905806
898246
400819
972505
48727
256187
903921
223480
899294
716905
239355
491927
624601
363170
638422
528915
192276
114151
865500
785261
353521
209981
75852
716341
625936
617322
256698
376787
506633
13068
566951
99957
988246
796951
3883
651280
148686
287401
517007
470357
826892
376012
434551
122291
894062
63879
897980
353730
967225
152737
573592
620179
923930
129331
276858
497169
56199
281705
963834
971475
297860
787029
437735
105346
213762
914735
674811
815970
152546
188141
880368
915070
454999
586363
868524
224692
203305
565656
766295
556314
95957
372236
829069
614924
228178
611977
568175
360148
329518
771614
868820
508724
415255
499218
955165
358994
947382
833827
992230
854337
448630
177243
284057
407208
444259
517899
601756
190545
663085
290727
789674
576080
38667
473982
791360
551822
199100
12628
139053
761521
782568
444189
531916
658025
948069
533464
432143
277210
91799
455302
393841
354849
678255
291846
887181
657093
888275
386575
657741
511740
902686
548489
849019
359895
435326
141192
196851
170890
930556
314854
975161
938524
413209
123515
473447
903079
99027
834748
457727
595021
213575
365
10655
678072
917232
118532
671826
258699
497165
319516
844546
615338
572321
50706
411084
775010
457172
283072
207788
588407
516663
72788
646871
192969
961445
362636
933416
54114
918469
461968
167794
321182
169835
158187
31412
268855
575582
279463
952106
476589
331508
387397
280384
714446
809882
744534
770338
94119
594992
8953
211310
810823
29201
37234
909131
907884
699120
129250
729299
65549
259293
394857
860844
414211
9959
416469
757236
65621
953500
735493
951258
767647
279468
669790
659338
384413
570476
803305
474176
228953
756854
394440
81534
53167
989485
378451
436504
169850
997214
722324
979629
547997
498306
787802
635376
430704
57632
603966
670116
585028
548239
327920
64678
550485
600665
938684
64484
508043
658684
353375
91564
232237
671818
10304
38943
898083
11120
691469
722628
575334
830803
818035
729528
3846
896598
412409
692547
829271
267896
615738
838791
685497
337371
620861
641938
807747
180511
603891
874002
142348
885229
809676
99624
417365
570384
439606
972821
292054
224637
885491
892817
544611
218227
426517
121914
757179
791741
161433
856617
214061
84693
768606
142241
489768
525539
982272
840289
321629
818594
531349
18457
139859
311908
659907
277177
582919
367148
328637
615716
552889
601112
517571
885095
728738
879822
372535
156337
978076
610638
244326
782951
802329
855677
445046
371844
104075
449229
644312
258648
260231
221432
658108
691476
555524
595802
216226
698293
891266
975145
958929
784395
833735
315410
241120
960357
55172
763376
323377
503516
853399
642027
439486
297080
812970
412843
106699
364610
939512
864568
924347
969383
778416
376496
564223
656581
794546
740195
144169
948885
782646
32143
487327
66422
499148
105651
672490
428690
524285
976786
734510
158895
171985
255814
594484
542484
809002
586237
344675
886549
256718
863189
628366
72061
531650
828432
756903
331032
769361
770228
92880
275098
370540
232642
524370
575407
945003
2768
862694
685472
188466
992837
252401
888159
276590
312945
422542
476591
2239
309767
545923
921842
971056
900791
496276
267473
308641
822764
722998
937026
517958
5535
731356
852665
636104
164566
429166
643821
261065
552509
175256
907781
273349
507487
116671
999007
289620
48129
469709
350461
716235
436443
301293
166733
996931
877556
456723
888660
245105
113689
47154
616246
72500
392569
94289
968676
353582
550240
485496
30562
586249
31758
161092
704692
952091
706292
412506
557540
234212
448010
88312
32243
446388
343312
551911
982106
503466
222495
480909
280059
894743
95530
237407
144873
440384
617430
39603
969744
700994
706868
126515
268035
602064
159959
892142
951585
246616
790999
192328
40802
728964
916192
395794
659203
940317
941111
811316
894092
81161
507339
733383
878715
559733
548916
94719
21071
997134
467658
922053
475058
467688
897124
720611
9923
324290
243692
750297
197440
739169
769756
77708
971085
161624
385175
98526
654499
131561
26726
564953
319128
692166
135565
630788
510470
269744
5130
15448
19611
163777
322537
192013
661565
829509
893447
372813
892567
294466
169185
158730
772485
188824
991127
312299
953688
723843
133379
301025
523462
577214
236592
261784
418801
309506
913785
66762
68114
889645
757888
550317
373698
45117
990471
595853
944869
818939
432430
221940
946099
906100
246218
899333
468836
147618
392670
164200
925368
572074
983672
49311
498272
363327
793834
450551
211852
660068
345444
675611
822738
326670
427883
863619
587448
319783
93112
366921
601438
166639
399279
655196
133643
679741
63482
209037
339730
579748
526018
361095
479200
914929
854154
23196
994853
867088
692839
991802
652445
205581
257824
327548
18938
931704
240158
350813
777456
58467
345616
436359
884636
870661
386014
665673
244050
221825
613575
527656
686209
94848
263833
940236
596357
579514
690444
831899
820042
633940
841084
930915
580055
260068
85954
48241
815806
967312
756141
770815
194079
375700
252834
216265
500308
300578
463373
545536
494460
34275
945795
90008
678759
537180
832310
418620
519707
20588
37652
105761
870849
46065
671100
577720
701039
214475
587933
620861
315539
302584
965677
405869
820856
944415
963268
370004
92536
414824
842835
238468
35455
138696
572227
522402
2871
254298
976494
123290
838102
390441
739124
962354
387776
524042
611579
985468
761945
610342
151751
259622
552299
691094
186546
899627
473777
827687
793672
605804
121662
898492
785025
511449
198733
871443
434332
897865
303078
754336
967508
227370
810601
567957
176769
13970
314682
650691
512270
767220
434377
124442
533523
416750
503292
693900
873039
541054
723964
755024
525891
71957
268825
643267
365549
367556
934811
205865
590112
795731
69158
428304
291644
880817
417736
601237
89104
167749
245411
828096
928009
442402
809842
500555
736276
13786
641849
734720
813784
95722
123981
683136
825289
709906
167357
16991
421803
114568
189468
81901
429092
303618
353516
791824
632315
661361
169065
240205
996275
770958
346159
176933
36414
440908
540744
457628
320160
100653
898262
832853
140513
893617
839321
735832
947758
627177
660702
959030
520718
838121
502917
811908
222332
958363
898029
726466
435749
120177
572350
882784
719167
941362
446354
681558
702147
153718
173121
799793
271433
677421
228039
951918
242431
170009
99860
461119
633734
42652
518001
930666
460330
497963
802442
493841
618491
662050
673820
240524
514828
516914
875388
512946
956424
882997
654337
511991
207532
255522
190927
764399
819236
492892
169665
444593
491526
244581
23794
598231
192677
317103
996328
174945
792275
814291
195742
49721
958583
118747
666989
196689
556807
780281
18518
117736
406497
485147
559790
460844
776908
943062
637606
506490
458310
169407
846262
662209
938889
568089
712486
449284
807263
810792
958713
315197
557982
391652
826934
238751
569475
213641
757140
173621
603751
141643
794369
645222
627488
135655
928271
335129
538423
27221
383804
723189
239617
624602
505820
823873
240220
509177
848613
858987
544392
538889
838807
197604
300511
632930
184198
164904
359730
265713
292805
196315
182146
379692
767345
310607
245784
941343
113303
135970
475777
908132
750339
447237
365034
303024
603430
788823
552340
976010
983459
864367
618611
137624
612278
235961
453609
341842
568193
537143
459610
935383
596149
600361
725355
934366
400345
90440
516956
908037
378810
422124
817408
920389
966639
594893
951829
417287
873032
637350
240644
843471
778451
338101
264246
464727
229322
902367
490064
599159
979420
195185
581645
391231
942550
346754
128887
984679
359470
917812
170050
527710
906412
428697
670341
593982
631606
101234
264725
319201
843062
900242
524864
731533
33962
399969
892643
706826
890375
138364
800105
909205
649995
420602
425376
98989
273246
274378
147577
363082
673124
712824
669532
194413
294818
238862
869478
187218
558986
711703
986944
847747
439716
786111
321309
491079
123291
723798
505296
55735
881058
75507
590727
71024
510721
611573
351720
33124
448256
613733
540038
80907
938286
48631
244288
609080
195022
906991
522486
200774
494367
8225
926121
454193
66823
704400
186926
655360
246619
194296
646799
793568
250317
61928
318846
