64924
994512
477430
934509
875793
780656
147895
103228
691439
228309
752693
378966
538708
249718
742842
664336
130680
354155
672900
285618
830766
341060
131421
49003
828425
61639
333128
288532
986587
958469
137303
979359
369561
627992
44250
670428
754650
709051
738098
13799
122238
67782
396675
482866
41388
644932
45128
672427
187379
421811
98688
401609
996818
914007
809734
745784
333587
819387
754942
622879
244177
830725
106027
673866
718171
718645
7774
921593
9713
859450
345161
344260
536299
564209
225842
644969
200441
12475
109699
12148
107909
156857
439038
831754
712949
489702
706317
500753
121676
854994
969271
169727
671024
165047
388847
188670
363014
871738
677255
6201
