173740
183120
368047
788930
344239
761733
502639
855842
811337
441652
422774
384438
108656
341165
106342
769965
835305
196992
939870
603309
709896
637169
569603
412244
955459
955399
602086
50074
469938
783107
919442
651282
728614
869678
575285
582479
446755
950668
635817
792164
43579
673452
853213
55363
394440
647073
719908
814214
542085
974731
203610
60364
968329
968398
651375
446716
411170
985061
964177
188709
514250
201487
38586
642246
13193
963687
110483
497129
396198
292881
143683
706090
413515
568784
679001
428565
914292
574709
912978
863661
454995
663282
403591
525897
921476
95565
96758
509978
241128
933040
824107
670343
15392
189917
746890
973305
109544
52094
149628
661939
457933
88474
961460
876312
413517
124964
513565
665296
955465
202222
320098
634502
868457
57723
733529
925641
157196
910129
636045
358802
93994
944557
612454
570725
216521
460017
768439
67216
91992
81528
280164
573840
991532
79403
440494
673171
872532
813484
999069
159769
135003
939407
898632
619571
939545
770344
242052
612526
160502
894719
436903
902665
188605
926368
736376
701153
137816
980943
981813
15918
233774
261977
251455
445542
922901
115590
188262
400767
175286
510379
951629
978834
704764
790428
935674
605915
464056
714814
820604
877917
123157
480314
918905
412706
642163
857101
472595
72928
922082
699964
395511
169783
144252
730405
24578
380951
912031
540529
747279
857279
589317
236454
15841
15584
311106
967705
38442
189408
35802
613632
845238
481402
228605
673702
441399
483330
522464
523639
495341
495686
120377
99579
396018
718737
62167
173984
117983
727497
572635
979695
207583
551544
23447
227169
792462
722599
532801
762315
399053
21350
716499
107188
50597
326505
630787
827847
214100
775693
71642
843619
428217
44536
724916
267600
624793
301405
628499
376781
317900
576095
550943
659141
723527
539725
443134
394144
540806
493708
808204
798261
493718
19410
121591
755292
639548
253070
195706
395105
917510
95590
875956
417750
678188
210136
265892
287424
709665
24386
946180
177009
651900
19772
140031
283510
996862
500003
586447
116326
288895
239857
722423
510555
56314
859592
565722
189373
977841
779342
133111
561721
742270
704177
468738
864465
744440
368523
368159
173966
625150
25889
504957
765968
210851
108998
687885
124102
16950
911005
500446
357368
551020
31739
749143
7169
420973
301739
460624
706203
40760
477067
456333
995987
687411
28499
846679
319003
809363
482934
371833
195198
325412
998561
294996
462958
299445
983904
24672
248121
447140
17312
345471
47258
969409
936527
639871
220204
688098
57695
419821
12281
575619
557930
619664
608497
564951
539440
772105
133046
837103
576315
765573
222996
587910
674915
14556
831886
853351
735918
781833
212691
202875
316943
790918
51792
14259
888655
980420
342815
390222
198665
648452
795293
434503
733263
500245
197145
361503
996779
86698
869607
339778
435840
429079
240661
547928
886414
819240
273845
250347
413588
664990
645337
94192
770511
5959
661021
673268
401889
329401
555358
719652
817805
876394
609737
590137
964959
335471
718670
404350
25193
392976
400370
363839
218919
942980
206788
25552
388932
714382
961383
388087
823221
69619
158414
758071
277636
143638
149191
134138
217319
876786
200814
935834
617550
158260
942466
838348
620476
710579
412244
721001
344781
67341
847323
431514
62294
806047
461349
543520
490793
423584
183336
574078
441015
330394
117303
138819
162448
707335
82576
489271
178183
462468
569554
818146
719473
798452
657803
216372
708364
50804
98672
334036
528763
288054
626854
767816
821551
817916
324604
39421
349090
449459
645820
813108
538237
568042
357015
225609
959066
188589
18941
949793
236835
918658
166094
782064
627801
44991
720682
656805
263153
294534
298916
618610
735833
362079
272726
613435
68440
205616
532558
817818
454099
257691
634726
743373
130475
333364
203506
919805
304260
5534
503954
532715
623137
255937
166950
975353
637483
392041
70433
226579
261713
456574
560951
275128
133192
419676
8688
626985
996595
948303
54558
811180
494559
260844
552619
617213
394661
365134
410700
479570
482931
98220
393810
290122
79588
303956
262367
103025
10378
716614
452469
601586
74510
921455
958762
684698
196143
185857
903736
471237
905190
9323
9073
433575
312938
834298
931599
930553
557327
530700
467625
257789
727946
922668
638338
76912
323279
614031
787260
781388
661403
507626
367914
355255
95502
594158
512259
977867
149296
407009
424177
456003
590996
537562
347145
194110
176153
968409
820566
384371
250637
462209
174094
82674
107373
650866
710438
664339
607304
816391
654273
6397
481986
412777
464772
221140
357875
813582
713925
453440
480559
936146
568353
946775
900129
623280
535916
164774
652624
371037
66691
789217
692484
793793
331774
670052
551617
704082
45058
104677
378162
239311
608755
249209
787937
394135
530694
234879
295715
639780
329204
743277
367825
375207
750986
764597
606448
441472
238749
946387
1010
369817
487644
621878
563286
774241
991230
841864
729578
877664
288026
408988
647089
81020
253141
51571
371935
201543
927285
464619
942464
773122
16212
327173
374649
23155
917361
769937
64103
531486
799201
587064
903652
101283
970723
41446
59688
768052
363408
841746
384843
28080
292785
279787
941032
163617
975019
379233
98654
872975
658709
6348
955184
43455
572010
179261
895116
832075
923482
117664
539561
915103
819707
31498
260745
146893
11805
655653
644958
713742
934266
907765
455497
769686
606860
385734
451197
821522
579193
958836
202626
232577
398186
84055
977494
916716
63609
960713
900398
87300
498888
81557
448602
318166
511407
940989
74502
357805
534029
550376
8988
52292
433152
746022
817479
602918
608111
625826
761235
986404
823428
725667
128752
735794
567031
963838
181142
22495
585542
180444
630722
193648
89921
658334
328792
105985
626052
67006
708309
342520
781985
208646
998377
396772
39385
778858
699380
712478
386545
223950
275819
174543
385696
559180
442999
404289
907447
375187
895276
385811
967531
261996
120292
285639
508993
759576
528312
136758
866132
518870
207194
146275
551110
83137
281746
227180
791681
583189
569299
231516
788521
532114
212921
435486
670240
852025
209378
154317
488821
679347
507686
552998
327978
295825
17140
993375
106208
953326
722314
716369
678369
939697
935888
863248
290186
267951
362194
41563
576211
343661
451289
654255
991548
356035
646116
207222
475990
411740
617800
212252
950060
314009
566497
718914
13196
793365
424436
458572
178037
325827
980899
618326
653342
828532
209931
976259
14177
516533
500222
81461
685123
273750
388248
291417
972768
658885
234368
541721
795767
824152
127933
289333
887696
889001
796850
257004
774726
299867
202935
256276
390389
737723
811734
2313
174464
782467
220063
590338
454271
71480
752232
652159
281220
479474
770853
696798
814152
627836
452576
76941
698167
825041
321173
666906
494741
874439
793004
398183
845131
743880
991891
225017
915858
101818
789496
845231
171643
276993
862048
188047
167320
925210
501287
366780
385227
695336
952724
68
463145
799308
407896
330198
385354
811373
590755
921233
616687
537623
857315
940535
321488
896319
2075
19520
618562
889380
670940
16011
373058
212754
497058
406383
232033
646529
232525
306096
701963
673050
267769
533069
584373
250969
78013
375414
299747
440781
698749
253340
912339
480253
438444
909152
644233
418661
689442
860525
37432
861534
966358
605217
378634
101339
64312
609766
535372
965839
458606
515744
92665
390060
733672
269439
335458
471495
327650
842291
988726
839128
941750
707903
828596
354269
688603
777127
44010
823837
927358
34243
295336
610954
62075
865718
427847
697344
960760
33656
63951
508010
373470
451854
689993
812739
608501
721244
168482
846138
379739
168529
887417
445359
634401
95296
32902
47195
940163
54927
181990
706124
928641
687048
872071
877709
250270
859085
472876
589604
789364
109800
818333
832948
558002
149632
110127
832195
666164
550824
653675
336406
548477
723026
310430
431737
652564
868065
855869
947995
334008
506332
627378
752917
117120
591806
335879
511883
375252
876586
331630
755051
939842
427515
830442
525715
512126
438458
503774
434639
743225
606953
296048
677440
525148
698492
8858
794072
843361
889895
675213
813249
465358
798162
12033
25501
43343
987434
742622
922920
838000
886033
178816
653498
939892
942005
607659
627049
271508
879934
508043
495308
553623
257953
439653
933018
729610
809618
870816
951920
527581
551446
564586
262897
566874
678454
702153
636167
890050
742927
738750
528584
184454
785927
731351
768693
835103
622490
327186
727900
301642
719762
168041
257885
323812
83733
452223
888393
861725
924184
121829
18790
287196
549746
243465
745487
807344
104779
434491
563512
250733
143667
201117
690640
568427
332623
673703
657599
594071
510894
457109
175439
345716
111609
693933
953831
146738
930185
193648
866161
551145
238099
250525
164061
877938
14462
513948
682047
62242
450069
567758
413140
883492
518552
96942
780962
929074
645869
228516
413245
156656
285748
29606
73893
778789
707640
220427
139917
639894
224385
830254
994423
527169
546886
885115
128570
976051
912191
613081
563109
799878
109529
814900
898302
319739
358595
331558
570851
363120
616294
65281
733906
638270
458673
955323
44036
301297
200914
885367
175668
838565
782976
122220
734461
83193
159221
976948
733793
468339
666809
84787
289766
955760
701402
106914
135130
415494
472568
947127
332536
760696
211388
837939
340451
882965
821353
342727
966799
138861
718091
394404
869951
393137
783243
383838
409768
479462
710692
320380
126453
158150
672304
403806
918820
955251
668828
355787
657805
692120
19643
727383
263875
668638
232501
576877
934611
401480
41440
538494
198122
97772
487
937478
816531
34319
711014
269752
27293
542299
652312
445126
49434
432895
472616
897231
135620
142691
991907
348964
895483
266823
579087
87928
174314
450103
101141
95396
701639
625389
763673
74773
702520
577731
49898
75027
866067
760659
602069
684974
132734
397869
770068
393991
750006
863860
801252
607352
130987
5973
268148
190113
271047
925413
129657
987024
363215
122583
867359
832332
674018
931734
88857
755710
239647
505669
144537
8701
319780
457489
580508
618997
859953
787951
764764
193202
496106
931063
836969
164687
303931
127708
935826
675189
696214
882951
33341
605586
308504
943184
960022
774553
672265
696345
492644
879791
822402
259526
705271
723705
226857
9244
854142
70975
530776
3893
346549
953405
180892
386078
286523
85958
237657
997261
349377
345621
335627
621250
994207
14962
678503
770424
995649
750206
172192
856008
122174
372507
777093
898651
466569
679162
436231
457674
908736
931714
63385
918932
36898
983386
568048
387067
716190
435091
985002
131131
964998
476789
669195
414248
923490
999461
957858
107875
910881
220079
232906
146488
983467
120246
722316
933207
177618
657525
686690
267886
675622
342257
316630
671391
256359
50813
592649
468003
194005
556329
823376
956091
476388
129161
307065
61070
845196
677341
560171
506084
702588
570530
253163
431165
539374
312628
470011
465615
510038
358238
65821
444059
963572
623744
726581
995307
348681
302875
819148
404010
697125
621309
155633
582431
413535
265540
168250
594376
256991
982224
391208
482831
877141
839113
886568
541995
747340
437001
361590
740182
495769
117736
925532
851110
216877
167523
526169
5707
308938
588648
503964
139812
248147
248257
396783
241854
855163
349210
895537
876266
851743
975665
29628
965177
572720
7193
366885
727446
442313
150570
624353
711937
138847
177480
68292
902372
701206
347470
544485
860243
284528
219352
233438
130661
947360
967850
6640
615465
989757
557249
183107
71367
406930
732723
390986
249845
358098
627141
246917
710866
741225
935497
97568
925538
171821
856306
200633
904167
466611
457974
785407
228312
525438
417758
682742
648257
152211
146733
541014
473590
306600
442027
144211
7477
420219
862477
329400
289175
769854
532866
743725
355827
145455
697052
978839
929744
887942
623641
330334
250052
640200
576014
36810
185581
74681
721839
499206
48203
519982
921213
365191
656633
184448
175180
787782
27846
880221
601520
336937
757044
460664
983044
464704
811085
730273
497558
521898
518300
568943
11634
528984
853711
77721
63370
62889
432359
711780
241087
241205
453401
844854
974158
869606
655173
44810
886938
51456
51152
430589
640529
762433
244128
118725
789566
190946
360627
228481
749739
42110
473692
217514
624369
769034
431516
442921
960222
154114
421017
799939
703553
539557
46141
529263
805716
282390
276398
968265
391686
780004
770277
505758
7461
964515
298541
932839
427749
590521
269691
357651
127631
684085
719076
107389
822473
995417
376575
449597
437118
96760
290903
386266
937322
700026
30861
594909
527107
49533
360713
842689
139719
841942
993370
892742
618399
533109
693938
959460
582701
407270
303159
237789
936887
202676
907655
736236
21167
238952
613259
113177
203742
852911
195958
623918
593645
561049
950875
680900
919312
360958
35625
458166
6159
773307
123716
428087
434098
59610
830400
937280
710153
226704
207228
634337
137237
153247
871193
759673
310871
127836
75926
746753
525106
438027
537930
545410
788159
407014
28604
548839
80238
47997
503458
617453
338771
428791
298229
375606
218773
844726
42669
3773
98862
586585
863454
95397
758943
677082
120431
99178
429620
761048
37298
868536
645487
861808
494181
92442
598228
424196
376133
738571
467600
921117
948105
323945
261191
709101
697474
102791
68089
638637
975757
375649
783952
180965
20529
496042
683976
950794
106524
129218
286971
594305
642805
853764
205320
233922
967453
464187
929311
859416
811016
83700
915820
250116
426545
821678
882206
361089
416191
888942
892243
933283
900594
931247
92642
474329
633033
993207
690372
492497
665204
38277
323359
655226
843633
530727
811121
998437
797510
303848
590294
270405
444313
861413
466869
717269
781295
229184
113293
206936
603455
515630
570136
286972
515315
371308
589977
827416
614394
420367
730503
903061
509388
236408
257430
738344
888572
37606
434846
849469
74611
687333
417706
831727
455630
514660
371360
578356
799254
705252
457608
576918
614296
86989
385658
4892
784673
503707
428008
680327
974808
511029
315909
660344
617080
2078
766930
27439
345384
107076
384515
226478
485944
368438
608914
765116
993210
230643
838175
296645
613499
528669
439938
171230
463645
919757
906159
80871
199698
335488
840261
18378
726199
143790
809011
283103
85962
659195
622983
534194
131914
128071
365909
974428
345642
440608
457024
439821
489969
255191
790824
835692
514993
128112
877296
59989
709985
892082
561258
945985
591834
354271
908834
58756
139434
318078
886788
384367
752472
895316
208874
127701
44022
20849
402950
681707
239516
255206
425577
499273
424710
96148
601261
908749
941836
353055
19397
563230
288506
280322
376415
798542
400011
289916
58547
219929
866695
216873
656619
905162
604598
708139
394095
863933
907712
569095
365516
52095
706210
560140
592256
625041
597391
299117
732324
534156
878433
433200
784502
399902
159482
472831
341443
2546
459516
876252
176557
246446
317984
32818
617054
492438
566711
525894
923722
193486
64571
434508
970394
52604
729297
607574
883322
392524
235102
792104
292224
769357
497603
695270
28663
200505
357110
302574
802952
936721
727422
511298
589828
649191
968203
848606
917905
606389
856111
857897
646702
247275
128573
210182
546310
4157
31049
291531
312988
193864
122631
144822
45236
630854
33734
328572
674257
49794
125907
204324
330256
46183
852147
733484
751975
467418
666289
981622
353741
162547
86294
161360
935097
10777
123767
808990
766466
728376
397352
204902
869221
605602
459982
768440
64613
63359
655251
797816
721677
321010
650994
686089
728977
909195
275634
415384
668051
34530
203439
391298
985025
268630
16915
946979
409563
149986
681316
319676
661138
683289
724024
366144
221196
842942
359107
350331
653892
493570
577041
547552
718031
994330
446991
33837
317433
133692
469891
65917
784846
203191
740124
721706
634164
656749
342371
749084
120885
142126
673489
132403
177243
93745
286075
491981
519796
641777
289641
466164
473205
579170
784516
984359
709499
244430
653805
166403
453165
150097
695466
387790
662268
14637
601915
473441
173004
393355
347915
97967
138925
542863
926210
928501
382402
557014
675767
294208
341506
25295
992003
511510
450781
418739
724593
334274
296566
252258
470737
742656
975119
133275
242731
23744
53699
850200
438993
15514
438956
228676
791182
15503
967972
970842
28154
455480
9833
586395
667951
873230
600346
804011
49558
914581
592158
701513
589082
585765
881060
548074
812991
955734
707908
299312
140619
755079
209732
743436
977762
729163
897720
744877
730352
273458
210561
449571
286334
435631
873781
773013
501992
898859
842399
909979
804198
355685
128093
325561
155782
77124
149480
947705
165306
380475
420081
495140
832717
70935
886374
979100
52209
643752
809939
785049
206069
101705
305766
148030
11346
242126
707979
78679
838436
745354
821366
306994
4342
316986
4606
651351
99510
437394
952678
274789
734280
557345
363768
953674
915382
268387
152331
557278
787652
44963
865635
545117
806369
571851
985719
163711
325050
339146
841933
714230
99561
897376
424002
800387
763659
286153
646310
707382
958960
818883
872771
996352
248747
80510
104831
407222
130632
988704
802647
878948
318941
869426
609995
783052
536313
208746
322969
351546
552634
940437
267553
697989
615483
146657
105511
324708
768554
708548
545527
31210
246455
417805
604643
775199
960744
422405
163304
817341
421065
349825
120495
460228
340929
973511
114927
821818
250496
310107
528751
678915
169813
530021
674409
868888
605084
837568
445898
647335
280020
495201
771863
527943
24207
221090
188201
419287
458050
844202
493401
462962
854012
351483
310710
253584
644340
508696
278451
87868
644987
683345
923870
495725
948880
954156
744523
259588
864402
739890
765327
648097
449680
861075
660392
898722
9021
172151
55226
715194
62847
428322
479476
95913
542310
941954
248785
514077
902138
47192
271739
959717
8365
384833
496970
526798
561775
440864
481193
342492
453344
937770
474905
851303
332065
784526
969359
603023
627139
948351
665337
658589
107361
294943
516831
618231
434314
455561
770788
153878
421691
424683
152074
466778
360031
217174
681208
414710
805172
797353
119413
926347
443998
388365
148235
727434
215302
798257
358241
113896
157423
283595
52436
246573
809751
43068
630640
584172
64645
958610
262795
246221
27958
513831
959102
406342
889822
483174
67585
939816
418397
72558
51426
143125
248703
736462
353826
884368
871024
262832
271212
530797
825467
667347
600306
131559
171901
121585
117286
324048
634986
449791
696210
716707
357883
456147
533
36725
552179
712223
826363
569290
912205
67611
897783
754180
191492
756737
692160
287607
880318
643058
408901
958232
558614
411062
752973
734355
346052
541025
1647
400251
210156
30097
864363
51932
864576
601363
245156
33964
571794
712741
651643
264672
679417
742422
976777
939356
686239
887882
828728
403778
981734
288026
1023
409388
61685
298520
599160
386292
341923
336047
740575
593072
317566
61353
621737
774523
188727
299339
217022
873518
586926
484251
293525
179566
76886
398786
590379
631839
752965
572172
315168
94135
503899
248523
179950
17901
526732
600411
993222
82319
1419
536641
436681
587955
321684
512173
224352
133445
167958
615071
282808
144448
287868
62566
37469
812088
974167
889922
583410
897107
516842
178859
998987
952472
483217
928171
803495
593887
600590
673638
308749
400680
551537
626170
890753
42952
180708
242177
906147
975934
625680
769651
220005
717348
21680
628777
229543
937921
906160
958716
1073
666491
367105
535628
911180
146538
981052
913181
200509
93959
418544
760731
749215
819395
17674
842430
656156
874804
348512
601672
418632
673706
524698
761579
480730
795296
235837
565385
876807
353230
186005
708115
881021
370972
648511
31954
20729
413552
152912
689860
130181
819368
602533
123678
931729
932
664329
220145
615021
577786
432892
154023
210209
877965
31142
681324
958378
269496
986264
619625
613713
12643
589242
232939
111080
667960
143511
363234
663204
944752
451714
638854
729554
880967
841827
90452
93240
506382
681761
280246
7369
22815
482734
778881
85123
230570
165162
820696
678825
23342
88053
654190
423512
526148
867412
449256
3273
264533
825342
912224
123682
940396
33988
949830
994873
777830
569052
141601
824550
706758
252873
205875
982019
994981
194984
283643
149250
871302
976408
828308
412716
90248
559495
152315
627570
952948
545494
888942
319025
833655
49000
640431
475527
21097
365580
263848
316556
471627
506116
105768
106672
698640
127666
599755
600431
505682
554334
977528
104691
548453
953446
692548
244998
178121
28931
859317
146033
921529
967027
855329
592438
797920
111241
714932
155239
342315
30285
203471
129762
927481
501713
846222
907690
711280
447121
597474
362338
130601
556229
819293
765800
943755
794439
385101
32843
80309
983964
145791
542763
112085
8609
511333
970156
467926
84948
63378
146006
630582
254331
179617
487756
215989
107892
990902
467495
99817
492891
660252
700655
671343
329873
945806
152949
986172
928111
652113
788112
904145
597959
441854
308914
163277
689235
263262
636710
982748
989821
311597
544488
308429
502986
569793
881697
467266
931876
251588
626685
535616
849922
723613
998187
908326
213750
192494
676912
27195
879635
145782
79016
218656
719032
876694
447131
228772
899966
724272
919992
474230
917306
2219
572785
573749
472879
173075
368754
516964
406803
237534
6847
429881
880444
58249
540905
128276
845607
641825
770156
521357
1253
89118
643752
667046
18083
701738
294394
637984
512084
744575
14903
164201
975485
195885
104452
84210
58332
134587
561109
855263
657846
407269
104192
136152
676284
937732
542077
742973
270361
163660
321341
470134
15131
215727
735907
720360
364731
206558
710883
592131
638283
217519
289014
652792
926587
33370
152055
145160
229767
401437
792477
816888
336321
351360
169174
771617
289846
985715
553916
682595
898944
885523
556726
887417
724712
504395
132782
26728
780533
934743
376682
997202
690581
403364
173705
205095
971495
902291
221596
888123
402467
844381
178207
459634
581863
442257
744723
882711
861662
395384
433721
847628
583183
654745
979501
577436
832640
443416
228316
516268
554692
974265
36259
914001
238440
28930
251781
549051
514294
277311
726601
567246
619300
492703
565486
232977
919901
200636
245196
631423
771881
279352
861065
466171
57979
495938
501300
417889
763671
573368
436097
421688
165982
31463
850785
14275
81847
323181
381502
318838
688284
197632
334480
813638
936382
140487
984671
433305
287190
479782
259349
440349
943050
440855
631487
862645
885047
609395
115296
922829
561441
304913
160626
185358
105524
514117
214586
235693
477430
377738
566150
42206
862028
672698
274438
425895
910118
778681
834117
802063
25351
464562
541186
642101
199540
791737
279215
615548
960185
684944
532549
859812
371986
335173
562306
634932
669309
12601
581313
893843
873882
606843
180148
60727
227003
405074
995903
151221
352590
431257
435316
41334
486116
906693
979559
489354
941789
93635
280174
871894
842226
436604
170615
565033
33823
273722
890694
208941
102507
175652
885065
58489
153237
237925
620569
804675
110557
990571
533775
166259
253740
169996
707073
308818
571873
272707
968216
783713
680952
378647
133071
723655
129177
387292
941898
443554
156667
997971
997009
418238
197171
49644
356775
354147
734301
65133
380619
255560
239653
304746
60682
868646
906483
598772
504319
310120
920625
30095
623785
799806
502842
274970
635239
904401
401312
808915
779794
102097
306714
283571
643831
161194
339848
779765
517295
959508
476261
298869
737821
795977
246280
915699
80644
819218
264023
549174
748931
305019
542600
362509
920558
893605
424981
979313
873033
129722
949820
10630
258915
52475
295024
935296
895949
85429
299999
258339
598454
678354
731873
547490
191204
861579
189050
166889
456913
191163
336588
729270
421408
612943
68572
88546
804026
791514
3070
3454
21449
110661
137824
266136
207825
727459
474353
872797
628518
123427
180908
749528
460942
529439
200837
411353
866035
882257
636590
868017
48517
304420
16582
1945
860906
679592
933471
976882
57699
629088
59498
280167
243836
727286
194114
507374
964911
485519
590033
651438
927063
525624
78691
814011
103692
55039
161669
790780
118495
607199
447001
8750
631923
503507
361401
779905
762614
61003
753478
199584
665019
284988
497740
879758
531638
489746
377619
239020
790291
444353
351877
487063
892211
681849
740279
308142
670083
148472
660374
257329
238715
71993
109103
211332
980464
349514
821018
919443
97943
485115
540292
763536
506327
202930
755160
118681
611529
512284
352586
252084
110159
303294
363904
650428
368974
440233
642076
101333
980233
920396
855594
589914
222939
113124
648931
722393
647121
24718
341468
665460
830178
830780
657934
596392
67275
770502
988866
442282
694475
389208
221913
427501
695160
412746
709685
816512
662525
149069
453128
449685
494705
280320
673399
505053
774868
459106
679786
431054
454120
567715
478515
905926
291306
667923
133080
996169
867820
571516
187391
888935
873936
34763
836597
469625
154851
479656
738906
12425
564051
647080
369901
87825
516878
491480
200304
872092
278009
303610
533879
687881
300362
419276
34387
117871
550531
296899
642517
349850
451724
580759
146241
557234
431403
424952
410513
598908
620898
421918
633442
807610
977573
689214
999104
362542
663222
957272
836873
769725
997215
586029
504832
19310
995787
118862
377648
753617
509378
218192
952250
633852
645696
977564
918334
170929
111216
303267
633314
854363
975306
891502
887234
102647
791430
91923
497652
215440
23163
882947
156854
543843
316633
688641
171767
159265
446271
409965
998718
965714
694138
650366
968315
281622
346331
254607
415720
483398
466228
788368
219484
191674
751023
430173
500268
291172
318026
379371
711614
109274
783090
783327
690411
26801
690491
292153
801552
943556
996282
45165
362994
59540
552896
92818
690187
284042
543987
912819
198773
394327
623690
978372
151730
223804
446756
777583
53654
438630
527302
312651
703122
450481
376432
382126
118557
921549
48538
164185
930752
70526
991248
483666
672575
382717
868135
773263
939423
526140
390811
590
867609
905927
56583
391681
793
339014
161343
877351
629619
801439
913869
625590
210851
275512
646919
226484
718719
830810
528777
720614
509371
273521
497685
157727
670872
393135
124867
172729
794667
585553
603814
820834
575558
725946
389629
469838
684869
395963
576915
453770
449079
493812
510708
839793
433062
498771
86988
307575
57989
320315
115805
421730
544437
712449
824796
278745
355827
810960
543401
533397
900002
669164
199530
351540
144881
808339
628995
884204
756393
279872
196211
384604
452246
331465
634638
318974
456783
6120
958547
847353
355747
372374
57385
424916
17953
391635
203835
179524
572484
236675
34925
378534
61433
913394
276281
350536
369935
958968
426667
388321
546682
584824
994101
30049
596804
437442
778351
788067
715217
662808
652399
607744
741133
644558
768386
555773
271988
764042
654468
130788
194045
467563
370785
982576
520484
986183
62632
788193
504339
346252
801225
55856
517804
124424
937707
906845
1013
992131
652460
607972
771169
814154
831926
849613
147191
602375
480250
150243
86369
878155
590668
791996
18771
345646
692827
402359
228502
438158
849931
833541
124912
207667
409649
933405
210674
52243
240874
867603
967902
196337
988569
64131
710450
118879
331771
846887
583509
751397
377832
215177
707165
711226
646312
70994
386171
591471
368239
425792
601860
420907
518071
233718
506652
363089
210104
177005
662017
425086
938183
592584
239922
993006
426952
345350
632378
391550
324433
17745
12828
965388
965405
198259
731292
979770
174890
617960
509032
463698
21936
630734
892322
154435
683710
246841
276363
473034
741170
87139
770381
212524
487636
521280
585636
387551
681615
183600
881067
228617
274574
127310
122495
397536
403695
919781
262034
169136
517991
244547
877582
626555
11570
295909
620067
81850
958068
419153
930159
521986
792049
111107
65609
814658
431270
710911
813098
75881
208194
20549
373817
225316
193924
591075
732594
716613
141490
466596
502450
203839
849779
493670
26657
973901
661834
3785
327548
132979
925295
980996
342206
628381
74764
227537
721706
58851
149841
520265
919032
154670
861812
769674
186649
459828
36744
333460
615273
279071
67321
600755
136049
42636
953762
585431
825941
726574
712459
997375
755744
897235
295810
570708
522858
112383
934484
847314
97060
770100
740840
834913
213760
688403
796153
948482
720575
19228
624814
877924
852632
44306
694104
457367
79938
77882
928391
611800
165919
806465
205385
294410
112325
389053
34945
511942
884393
243148
512799
580297
746986
558745
859777
19660
163703
325949
999654
595633
543263
890817
484043
795993
220276
622082
125476
495506
123354
41389
890360
492974
552433
680106
585625
555439
245852
369750
346431
549726
788846
407400
916417
453050
512689
959797
364655
928718
176914
192142
171022
41820
844140
699015
308721
453237
527663
965011
55088
738346
807853
518347
672136
698844
744129
831821
143183
676592
657180
778305
180241
976415
472621
826679
387852
606826
820908
240556
760197
290282
491716
508780
937542
759877
761115
36561
951860
244989
467775
160489
318672
462562
290990
647606
771914
830248
749442
739086
217725
168979
606199
71395
882700
830863
482138
277661
867095
315740
805265
879971
510681
338150
139201
327097
157985
741618
575455
59523
363306
481845
103447
351336
257049
562495
484370
266514
141204
834516
801064
575569
777018
746395
219298
155999
567170
3824
839082
844798
235123
648724
89233
396158
217917
661124
8829
55067
19251
633767
261934
29443
53926
248544
85035
403060
370271
265476
44365
889284
512248
211621
722663
252858
209047
666957
724880
9242
561608
834823
618576
676031
399350
288150
292707
812960
20678
586889
406124
612532
217617
400614
652409
413618
154747
592515
217327
536306
462580
652725
218962
64495
497675
789215
338483
804334
487914
864812
75127
596471
60338
615255
551295
221762
864692
606695
781945
441966
957384
783673
262531
348458
319246
164021
274807
154550
2175
456867
208727
287684
111215
47766
547286
533432
458913
390150
275201
173135
135174
770364
826632
509275
852692
681062
227821
575020
375488
802762
659464
787211
99287
592599
321012
102368
336126
119191
805530
111987
56516
106561
187928
468495
946145
79596
447949
800259
16014
748765
126787
564290
907776
404225
792826
130666
772226
313526
523149
713121
526702
875907
415556
798044
999751
283497
490165
27897
30326
111441
262679
772236
640928
749988
500964
804663
835424
260538
45610
568435
744486
737898
756911
11627
895915
257792
438911
774919
739152
778700
74388
775110
798802
693527
885152
761028
528492
303025
206777
527835
688394
837798
230945
901158
431909
71951
275761
254433
463231
173444
17186
974508
160701
811951
251768
927086
380188
349435
212108
903638
457937
658604
913204
502333
692738
217673
866321
540008
989210
799092
352436
500329
885709
127834
441773
693348
639400
190981
168946
360111
682707
591822
578153
204499
410663
309744
206674
152240
418790
583673
967252
930940
289883
804697
249570
969516
739535
535709
11402
873451
105829
621237
793050
729287
622867
882033
836143
701483
618301
233739
912859
924743
908655
823773
4850
554828
985719
973427
532274
802899
873885
802299
876748
39453
264513
681241
828499
446261
609999
436631
863424
569010
390240
826234
923360
455129
870256
154799
884506
327263
587832
13604
208353
108363
121512
505204
460402
130554
468675
745402
78154
936060
168022
720263
919528
520028
684182
101998
536186
810685
99029
274876
746919
337120
149729
783557
867064
187842
648185
829593
3812
674274
265965
842710
156150
300129
976593
35095
513245
733441
725085
395786
906896
526288
799844
357280
854363
122270
965615
167517
481035
897257
210038
477903
287666
940058
621178
596763
165592
667688
868034
856946
297086
249883
611696
317347
713872
122603
171774
460043
802662
707463
896026
427879
738359
264433
720668
517706
837595
124998
525600
334122
356794
331355
179397
275860
106966
430980
163201
510272
991667
649966
741662
797183
677535
257964
31444
851280
658913
499343
626116
517203
233410
523181
581327
650645
626162
280260
568465
766154
394393
254009
452669
330648
247868
76025
953814
493263
922823
806528
509640
632055
178557
157560
49953
246147
413305
609849
176943
182433
478879
469103
145846
708275
284645
450394
340622
192727
837111
491182
501079
353250
165260
188954
608475
141484
814851
687462
738558
726277
211193
200373
597348
158086
414378
786474
430559
114690
736640
558823
625491
13018
931389
997937
868585
950127
978754
740719
155948
667123
348346
5713
148483
669849
940646
760910
678667
353707
922245
348101
998609
549305
594271
523013
69801
330927
931950
282920
877613
307520
63018
20122
831574
237502
400624
603319
613168
223756
833678
61971
892029
744683
612845
702099
517097
200432
470811
444728
6308
119574
901108
288316
367137
460016
599533
126165
773227
129015
945469
755158
973215
255809
921833
63541
764618
787667
505002
459815
40415
381645
56892
377063
750805
296515
40774
149078
496795
488621
596513
640189
440185
319604
97286
724078
752197
468140
982297
331656
797758
363041
321100
189592
232776
398218
144241
640604
432580
516443
403488
218660
817611
855350
690177
107410
76488
592385
36599
414400
934447
20115
89514
829696
514718
635335
341999
863102
670862
520819
902677
632066
321781
248307
256014
536210
149436
352158
468216
320821
26264
731547
483847
505106
397703
685004
996049
773558
220265
518951
915574
633716
244729
281254
395690
877606
513958
495637
224353
361554
846994
342792
149717
174120
706982
900527
544183
130984
515856
680642
596976
844257
47578
735190
135058
384404
998440
834578
344032
789495
820942
755899
310582
532629
554764
87850
538903
304211
547047
612576
933393
849229
520100
793008
350735
462878
11044
13274
399675
687615
183447
349368
190989
330374
509470
111697
934389
767184
65409
247308
724129
832314
47113
168127
523755
512905
418748
89636
960163
185002
762483
972588
673140
905299
952409
87022
613365
185159
300098
818616
899406
142585
746149
713990
633477
74248
956280
406737
16740
103593
484071
317694
858249
398243
255280
410551
786698
888051
615454
675799
452162
991887
351839
122879
294333
618887
392324
404998
185531
482696
797077
65869
885285
4155
792463
713968
958410
548106
399164
554456
178771
500483
373804
169069
971531
901333
289365
494249
432773
166710
901253
925320
94505
576039
496063
240155
15519
149263
425402
176188
31767
246404
895218
218140
67570
652777
304040
629304
355792
670129
777597
343402
812471
290882
820263
635164
30812
344052
901837
368983
690578
903672
493189
56505
251596
674454
133927
814725
844496
190990
912526
938325
427451
278624
942059
281450
522219
14632
335109
978468
486604
49633
950417
466829
475395
830282
98537
661711
224752
210405
12461
81542
644196
631388
860403
823216
120287
878271
771179
600577
409220
183976
413716
971604
83867
640000
888597
302587
3907
350106
256697
528247
793266
113980
212938
128131
904810
974143
573000
477451
460155
349196
670407
950458
363695
842758
311010
992048
791125
771974
464671
827987
299757
232257
486561
638397
578605
700806
323396
48595
587630
833636
699929
26549
587062
211881
794558
845137
54050
553285
571608
87058
969136
47116
43311
669367
398631
636186
952743
217150
277603
18000
43415
969534
623489
833085
731912
268628
414883
507737
273740
191477
27872
634027
358456
334563
261899
16650
496895
227771
572766
112256
165804
17130
514244
673738
887675
721088
180160
313788
867285
512349
804285
546817
242983
997576
522290
929216
485278
463454
33393
757019
326337
968871
60813
466001
97514
478084
670566
618435
148898
470917
956563
743700
630552
998551
737130
901865
497150
844250
433326
641871
592961
637265
801302
757820
273058
515251
99190
993518
288182
297438
256844
148400
162230
539243
973162
642235
667396
516444
176379
105721
300603
271602
9715
538533
38897
803803
72471
663310
34060
621321
497958
679033
468286
48030
288547
792998
298334
960707
627136
280171
201444
971736
137960
829117
345857
976582
15913
433102
723545
297904
285565
64720
315614
526791
944564
230231
438538
504316
707327
451100
371512
537425
77979
135709
316576
311049
515287
821410
254445
201214
298052
330203
669501
12945
50873
218726
561012
541371
19328
992300
320253
130754
634913
18987
989663
971848
892104
422222
162935
562622
269269
618744
416856
997045
448384
334047
180732
532309
760551
396437
126309
651430
123190
741731
292052
628620
858930
374862
970149
329424
49058
721019
841797
759128
363930
688814
731410
501497
49253
493038
757133
566563
494542
378757
363966
556795
123339
346404
275173
733382
715975
340195
496088
265216
988235
841701
244862
870093
456712
321625
151398
909575
616323
67166
792709
287222
456733
452478
752970
45917
171902
84571
489056
961841
43230
700136
812415
919845
498288
439822
824431
308384
800491
184366
717083
633360
310646
295302
477070
886552
970223
402541
224332
855589
445591
246776
156303
408222
468446
202111
757277
547578
188295
366202
508226
524715
941624
166724
109808
793592
756961
928066
504431
943976
24774
170909
259138
922138
851754
394858
106712
404658
651418
498027
840876
103406
443475
465903
997882
548950
606865
793876
635165
9554
805365
202157
139018
604117
557137
472894
299363
927223
563092
362340
999353
940449
49165
743762
581857
336033
131101
253686
141809
364830
594430
398265
979416
784357
414441
64677
668887
319201
362153
278306
306464
160938
39162
709209
239561
234740
233117
625402
839725
979816
239035
867928
481311
290191
13363
149489
761100
68459
995522
999564
366956
234016
531662
975163
702181
465487
272079
129152
804796
523972
877339
890936
710085
869068
783010
178837
503179
5263
37275
93538
699149
859916
630210
852792
862903
625005
45279
806807
678522
339534
585745
941022
605949
549695
26068
519590
218673
931768
508963
342205
218754
932250
525879
23226
214953
816094
334893
10241
301406
396188
975045
842965
734827
416442
846726
232021
544412
216239
666816
956117
890387
849651
19818
872922
314359
336005
432937
365041
260364
84440
884530
878700
523935
602843
99270
726586
443160
30500
660828
583458
366001
324280
414365
253852
474694
180665
763209
364620
449538
797549
36215
788636
14905
579878
111993
594037
448149
247380
862430
111257
223911
233507
691024
568288
482271
566674
167966
652620
996311
467026
422741
532683
992137
639766
118151
834122
933793
787581
953645
696433
441390
661338
664424
382398
663025
903964
804771
277889
297752
105375
43093
697073
133317
612878
993763
875946
511942
116466
921762
10628
809578
889564
794682
621393
844009
226027
835686
742706
535810
36027
389975
856278
953634
597226
973560
161169
16064
847880
923917
99861
203462
199002
321845
344847
42281
949899
900238
220576
98905
787120
691255
379318
980948
159670
254065
381703
727446
179051
462622
223530
626923
307301
853932
930706
439332
526291
952075
331495
616680
831774
59865
917122
982114
14459
444704
871941
276568
847760
858165
124246
921307
690816
150593
691766
443034
707349
439644
724737
40722
133897
485461
808260
333089
219441
269326
468790
737208
812423
726084
109205
422381
243090
354093
986718
608560
172084
100474
994729
890710
307152
875708
831582
376721
400150
398499
70040
513601
285676
785377
845588
154851
251066
419628
193173
117031
513682
180259
377048
515424
927227
879880
372143
608661
484569
317803
201981
442804
606714
74216
373837
695334
736575
307591
108431
377918
735589
535489
284015
190538
5807
155618
550227
472076
539186
433930
335730
678659
594812
247885
28044
567394
857442
980026
684105
569250
755301
235449
203570
810035
504320
908942
102854
531534
69201
399866
837690
616870
388385
152064
256081
907324
106770
707141
360659
995602
197348
968592
225261
71543
238307
925810
259109
315905
865905
44863
777719
116953
855724
18810
721425
191728
867579
366415
323816
148560
950138
564089
245365
228109
513216
698628
510160
581978
5641
817900
591079
414007
613893
637797
4187
195528
500412
539572
650167
71169
962332
701242
826765
947006
758368
547793
562415
606127
419487
625103
515079
230449
415791
312040
145812
142327
254388
282736
666625
413927
49800
758973
685923
344065
835784
511339
501712
956346
442169
675577
560854
46247
243990
672208
275551
719253
202551
658020
927007
599797
684959
277235
677047
91380
356194
821739
693290
68265
110961
897128
528696
236008
582276
851483
528924
539188
825251
229830
863327
768656
311120
876003
479448
159094
364436
566373
392321
17313
989413
935254
953398
624773
214256
866783
321100
585375
691465
392934
472843
648486
751789
591441
18506
483553
676464
497514
497702
256274
121607
564443
527390
824208
667764
675864
229198
944818
552010
965531
830662
344807
300892
254731
943495
346915
696966
357366
807321
972148
11095
919421
483019
563571
283930
9295
384521
136853
831103
983437
38419
522785
323051
679373
232096
670716
486041
527802
453774
901728
174635
264921
496708
449515
333521
610982
947174
856212
701460
239197
550836
742584
960064
185428
203200
6418
389228
901765
676873
509642
105703
902506
404217
725732
391873
904257
402232
6809
649523
872815
345643
914883
658156
877121
6093
913521
858041
659853
446632
939098
559631
435127
478831
302255
440632
695183
905595
72265
816153
6232
461344
782018
830684
219044
979116
453727
328702
791067
566331
304043
937974
778586
784378
113439
310721
639543
217782
744253
577478
100067
399008
56507
204139
780329
905248
32797
110004
6419
51858
420700
452370
934315
801249
928450
307024
886495
732991
144599
251925
517438
219006
677685
925975
174687
168846
740088
239069
134624
37523
460434
476462
250636
895458
580155
438363
948246
205209
793093
308134
400834
483416
369741
589070
294371
641504
102797
982520
303295
327430
665935
231676
705294
66515
100924
855561
139041
626619
3347
719925
180896
232760
178933
419940
951468
211203
54684
256980
433827
259951
863724
117892
58497
147362
876386
315071
535651
231664
91369
232009
610024
770901
504971
528996
36848
913743
286084
355519
748550
982678
490995
277756
236762
33529
298
808541
110759
472023
848868
566538
917619
414070
684054
953473
732725
132419
949214
619034
347152
532903
451928
450678
20606
724802
956816
204036
187784
254534
458321
298223
562737
72627
984604
988712
491507
777514
656820
417931
190049
129968
865366
342192
687147
523394
97991
313873
765376
854928
169477
105107
810830
311127
655327
398515
314916
391518
503777
482254
335801
601548
345383
372300
606150
847908
416978
301610
836302
210271
295769
294820
336062
153637
377911
995131
471854
580583
6850
384744
668039
325979
971292
416669
273024
436053
847682
341492
430849
118783
94914
104119
208360
970421
445385
760139
983785
727423
583514
307129
555151
993132
525147
353306
770338
413191
770442
849119
884385
947705
785613
34234
43631
183035
997606
306221
675914
128053
745989
796717
315894
971576
616695
400114
287544
136149
641469
211102
60670
839256
676343
105799
895836
349924
627327
576931
21873
427116
207443
925839
144616
166539
818858
493692
590234
482561
437287
315254
803409
247435
56171
786898
812776
536670
812933
316532
619534
560127
963652
23355
692713
476098
23342
304073
844438
692445
67913
855666
319439
238312
206230
486528
540838
794099
218333
46817
412654
413764
248676
714734
601528
564203
57273
600664
641083
276484
912175
682929
166733
573065
762981
519508
87118
473489
486401
282163
812580
744489
172476
944955
859616
553805
205847
686182
591935
946692
143852
789212
416205
485909
233439
22855
569829
168361
675379
996786
674579
533823
606265
430364
444378
679493
163683
463583
648657
187290
842550
335224
430119
415710
33118
59698
783560
177330
37915
114868
463064
803793
887578
978147
524573
636746
964190
750709
5305
213529
272733
463316
249108
667681
318119
600362
19928
634505
600577
324623
37270
590192
79056
586317
381382
75918
582897
73932
833259
574696
328677
804447
631381
755055
430826
936361
496256
265462
144165
208877
284634
899215
926586
18738
569954
192769
886078
755599
813292
740199
412484
161496
146113
803944
285844
576485
797795
906254
514554
937211
461805
862853
770298
318618
739865
154291
862369
513379
48732
186734
238902
156387
319020
237342
390544
420864
378721
697265
792193
148606
390649
332596
37232
288943
290934
717909
527301
822837
628642
905522
203581
114933
557747
284573
584989
726618
250249
553071
785602
682627
999443
992965
121751
863435
792658
122844
512929
499506
686966
280645
101429
841260
477348
455556
1033
983046
352601
272267
631527
471985
182696
522446
639101
212653
427231
688579
531346
529427
702280
188472
489107
48895
394379
435728
958667
81880
926641
574043
952114
896893
638531
573521
781276
98637
948049
208811
738386
33363
163662
114975
573438
921485
66200
910390
228287
755159
684566
528011
685277
149497
386555
885026
687830
138761
39015
51874
74135
527614
59180
891568
218054
317395
504045
506474
666876
217300
519587
511933
722704
916233
233593
439716
808015
602044
259031
389758
673991
502375
237053
282570
959362
823935
107333
629057
478608
601367
435083
488719
23678
558131
169512
470704
108899
413930
451289
530084
584536
46198
470142
731726
682183
134876
299839
844783
648348
564210
234377
114617
758617
50834
629174
398995
716934
544858
679051
720744
931717
28636
283226
910380
843716
9129
414344
401453
408395
471093
669737
551249
277365
72807
126535
372722
420731
344192
282946
209427
528428
422053
85777
103613
554041
906570
128230
818746
575532
821437
807152
500461
347705
300301
358778
201292
279085
259029
477169
950972
527427
823080
467203
583
685525
201882
214306
212860
560624
93289
903975
140196
441536
35911
214036
834844
733994
261829
103922
795092
984953
652637
990041
169187
601199
130140
855310
799940
769661
321706
832006
88433
406351
35640
269705
903514
544958
903236
524978
273346
857513
738252
287763
565559
165278
421325
570549
590572
181681
439414
51260
395508
863855
223534
805353
150493
280813
489855
199418
133543
963705
748893
48940
121184
263346
822807
848160
245981
275316
248345
576924
528022
600683
201563
777512
187935
694921
76906
911448
751423
216210
877329
103658
875247
560020
295972
380869
579313
301557
783208
751522
395529
441252
109858
366918
177116
283442
276731
611821
213028
670009
832332
11651
668942
938490
156492
735243
665777
528773
505683
706275
520298
179665
330122
25822
572696
352812
904562
569873
397681
862412
446861
526954
309503
964227
84524
824697
896443
957329
315926
742995
336452
875475
904914
336523
774972
289050
738002
906401
751168
482007
508220
377591
464961
61233
675925
245886
839428
762937
648908
958320
479154
843701
687009
901174
752348
936601
395504
208105
35088
491668
864862
685941
417232
270661
517535
115482
520245
323278
613217
384780
543008
581441
898136
809595
555736
998328
776679
949101
361221
986177
323880
412934
811144
131381
322584
589993
429237
940330
673698
940985
564910
869182
801030
960697
455133
570324
395814
989841
220237
869659
29357
207026
728422
808906
309532
285776
956483
429224
107571
498190
644594
3591
244216
75576
418503
250321
568038
842857
727901
899578
228213
923277
947178
849429
731458
592705
287678
795843
246428
467223
999448
456773
352043
900277
390693
990963
910460
466653
408790
410118
439660
693255
698076
946511
260017
963946
148803
55306
20800
813018
886440
869773
717150
829131
706649
331931
405895
671155
170887
437142
371060
704078
182250
326608
450253
790203
452594
602626
986283
476419
820389
230869
579144
194810
75226
523550
531974
371391
198864
665639
170073
624414
144171
487656
722705
672276
760653
980117
508487
941362
298317
129297
100324
572698
517911
922112
571657
647718
71776
37562
520286
964265
381379
293275
421434
720973
563325
284151
30188
873051
248258
392043
430436
680858
238714
980750
808897
994958
48795
174919
53432
754785
228
487544
149214
558304
818099
623512
711762
96092
606147
53919
938505
758257
466438
960986
480119
571299
652059
944158
178263
261924
457964
103385
311255
122866
435175
256068
385507
258717
884951
974452
224525
922278
979166
744400
792534
555075
206545
180893
342620
585664
662128
425013
302751
75647
97536
482647
599921
892064
229639
482519
417210
25851
370340
873142
561829
526794
417928
391628
570987
407780
642581
239842
785978
892260
356497
806812
314689
74024
166727
493651
602651
834613
196538
412801
569749
678584
127239
788566
791710
588328
993494
300007
234762
238087
92476
163782
34115
267974
649073
782060
410636
568904
162345
152659
388083
930239
10065
566369
24723
637235
168999
184318
42243
870049
185014
446214
880223
749760
400749
262490
284208
755422
186523
312593
179899
956073
799114
323596
972131
126154
524085
883240
61051
440172
943974
127436
542252
41499
435377
916961
251392
263815
193862
388449
568841
313127
213239
524169
365040
66298
318407
99496
468829
593704
949803
877914
342784
99208
649760
523342
437179
71291
739432
774530
846188
398005
125858
984977
458202
444188
283461
319842
165115
593160
187513
404290
144031
453803
379986
503308
79421
57098
795177
410053
806488
260969
549913
205444
303566
867525
894547
587086
741501
226235
744799
894912
181586
613254
732528
553445
419695
785573
422241
428968
481848
1819
126098
493091
647419
216784
443098
881493
807034
511253
587879
8306
594838
953413
190009
345045
579289
24903
8759
779217
599519
75183
407277
54565
50082
598084
677155
13901
735009
875996
805403
231029
830317
521188
299686
670025
361680
884412
277283
629543
573914
686271
52117
11958
468553
695328
277280
332176
572372
272240
950688
387547
607636
398076
890982
358709
763920
147474
515600
189965
95139
649636
603140
794831
393612
683398
270345
998583
820626
678034
738370
453319
614034
714539
717895
60948
603430
4510
143329
9594
886388
1508
480866
327983
572432
738180
650527
406901
147535
195157
537228
98281
539433
708385
467442
84409
305354
553574
664399
424627
147637
743478
126794
169464
881173
180670
458449
765967
359202
651939
351761
652885
725164
721544
22865
61650
618376
857260
123564
535400
235668
580529
607273
377701
828968
125239
797624
767031
451034
886503
507979
244735
240750
282444
704719
929726
45145
709659
248838
422956
756976
362579
844227
141671
724594
184831
748993
984521
660270
44057
700703
204178
712274
279049
182460
77380
845586
118219
238507
150350
285553
371566
945811
368928
578927
669752
746982
558941
165135
595111
132220
441071
977156
224914
739083
385588
769656
735086
44037
645845
655224
508461
165582
74168
511935
27265
790745
192779
143965
729087
727902
212545
114435
387614
437882
381210
260526
847326
162018
839706
749294
954629
357637
938523
12114
198212
550270
910398
727794
552057
742963
955453
637593
596302
510413
65628
482188
829566
553492
240446
235003
307192
162278
49044
685571
624092
437459
910832
662942
24162
195672
296248
7784
507034
561975
51893
953806
237326
797167
698891
781973
339139
844765
768899
729669
24414
803439
655812
371888
506724
720832
384481
120354
350938
742549
993996
728294
950475
579699
703271
948915
718440
90523
506747
393970
294985
221540
544130
338029
253586
845363
577438
98325
39025
320409
297965
739120
99843
850120
772212
815069
446294
733107
732600
721797
383305
290882
838187
639456
250064
155375
67332
997793
654676
409856
398503
18944
996727
115105
544260
319841
725941
974877
439100
577126
90278
76793
578877
281230
730400
873517
277934
124488
558329
779136
700230
332824
472425
378431
492791
280357
83854
258713
505608
896028
388554
349850
489793
288773
314055
121986
553087
225760
795355
130241
77799
520123
483014
367634
700471
618707
131928
537457
118072
113380
334832
429626
864336
63184
982431
907744
716852
887976
638890
736710
204730
238169
401262
618301
729036
800629
334942
900763
129657
937117
329576
512500
662821
250377
519031
974840
959265
281012
777873
21609
58197
694182
663584
734711
114202
305631
322189
891641
617636
515293
670216
165386
741660
438027
888804
850622
247948
141510
521440
517504
327348
297356
52929
820361
536954
328323
887386
771391
68797
146532
398382
857576
600202
570882
778412
880265
161127
744699
407960
301215
854989
167674
145547
274681
649780
497509
988113
174128
130246
815018
704944
954629
327093
186977
613768
849621
524136
524126
829974
538363
34256
689815
385234
365954
424858
577516
767609
341061
861437
773207
320165
561254
265714
951985
432599
851239
135620
687517
698135
597032
741501
103446
26866
954813
303872
687825
298722
127275
560757
582478
204300
228864
146782
626241
213603
403468
44425
306519
964074
592703
931102
516199
961494
663840
257368
856374
91025
991720
720784
686503
303131
258297
976437
123325
181003
392702
973976
980430
619188
583776
516324
580167
87203
969761
708459
368918
753284
96601
563739
670648
860900
287691
924623
360735
490896
896676
491266
706303
305117
62927
34526
82037
941889
469495
518323
169108
888735
850842
440963
232590
511904
129158
10745
592444
857532
961268
327930
268554
531353
401662
487828
885570
679754
990269
638228
798771
791608
124163
949364
38653
437470
783538
531504
558972
130094
970359
146617
446543
192273
337895
107907
737348
993548
234612
231673
664738
721662
663371
463057
763666
15109
814862
834233
935082
726337
957161
810032
102935
682352
781331
675890
315623
641657
78051
778443
156273
43076
139852
474957
447009
562502
662007
986461
107620
331290
614139
584935
249772
750667
363772
501490
182944
231982
228957
579277
228068
816876
895331
146409
249984
613534
904167
33665
958575
112209
150455
796787
341255
137257
806475
253747
711552
275809
848351
621269
687522
314544
231794
828679
695311
909383
967257
604641
72426
442423
939904
56213
516067
393584
216574
776129
415521
688356
872788
20707
787082
877259
232003
876140
250610
630079
112199
135789
366685
89159
408051
698606
922226
395504
990762
236830
680959
15383
362807
154980
658467
280580
447242
720020
322716
874673
465360
899901
527086
168936
92909
650591
794284
392010
32345
443706
36262
285931
910228
392065
886383
700507
36807
950253
591689
930880
617209
951919
574767
304287
783210
352253
221055
653625
273680
667854
182851
529810
465515
933088
290395
241933
37319
909430
163912
445939
962894
18976
90583
446098
249095
254066
723944
605570
132207
257942
970202
972291
938546
112510
902420
794178
356870
962097
315507
370490
643813
206023
909835
720951
901797
392880
175836
752822
611189
260270
852563
452585
449078
577251
245625
109974
874227
108164
170044
60063
289791
471277
784408
510684
741994
39183
540002
289060
652127
762628
708273
496555
632989
688963
639849
635909
5840
147823
525285
363209
975500
207754
799169
667537
145637
63815
819009
547741
750445
832892
564321
987351
650507
360822
129849
204017
962164
711463
248269
763178
348361
594362
226543
790576
691661
692167
486161
805536
611585
542626
488363
964201
145246
410190
667013
109134
593647
865999
280994
447946
249096
922845
184073
122381
677862
448180
153264
173413
612453
917769
283336
835320
579480
108119
354656
547437
705288
169686
774134
244459
962252
852621
693473
610937
914946
851903
729300
505477
878695
337793
219151
858176
774361
435371
519208
2918
753766
389485
824242
380699
881936
16441
283463
107633
109855
599902
744311
843271
847971
429237
147853
244619
239621
31732
715578
360351
885961
661087
869025
976857
730787
315039
244350
399013
21490
560363
838772
648006
302173
686818
374513
812793
525129
951547
461184
45370
895220
576468
438891
317216
938929
928358
126666
374115
426624
339162
664300
753982
494089
340789
689697
162735
559989
781294
488675
271068
706922
980128
463839
181839
666017
83866
695779
927330
548069
428820
391653
851958
541418
440573
429805
904605
723527
568047
951584
194264
957649
841348
732267
80122
269782
678082
576840
567787
31923
844401
848432
280584
446674
113998
331997
46760
544644
158680
699514
905146
23735
830023
139050
303242
370132
841500
639538
394210
108087
225684
979716
436685
538636
694518
798377
150199
647683
164492
164682
516016
415471
27246
819098
880143
106624
309625
13476
292467
86427
149727
373676
549541
654739
156632
495557
544345
611399
145271
589551
133139
672088
720023
917610
709287
852996
335220
442267
240025
427044
447446
524698
644066
215614
803815
238870
907796
268360
147942
757221
839893
672698
495412
964908
639559
759694
424524
558376
460168
686743
86480
462166
457685
912123
211710
53573
949705
437327
386049
595446
708803
330510
489188
275693
551654
833204
867681
362519
759547
650557
178456
537687
886705
356853
123227
275887
315588
196156
408102
452039
877690
4632
605228
429085
304522
17975
872332
198090
440344
442943
600162
119981
717595
664724
527802
95606
572960
673382
842016
621841
743911
260403
604691
262380
189355
347616
870616
571815
951680
321712
417194
290647
374612
944670
283919
922935
96919
929501
439941
303085
668983
83562
971931
343988
109188
112010
392861
958634
57971
666469
525800
520184
33342
369727
145243
849305
617576
245583
204526
216521
609247
473406
488796
899852
50618
255997
936444
979225
196833
605507
755694
305633
136523
805282
271920
204543
871074
140229
74128
839485
454660
819272
163324
278976
987043
221172
616053
14226
69068
389334
138082
270538
912069
805434
899009
229722
257806
324297
928056
201205
697418
860860
23434
454299
108408
437052
878821
380098
374297
92760
226648
175650
253942
244258
315297
683741
397690
238951
302756
960522
976762
856712
864184
433245
19030
357753
802396
494644
744695
173142
549511
795136
781432
415581
50397
507086
182369
834508
68413
350449
548238
184088
281719
731406
735470
473863
622427
518596
429671
257066
603309
131702
470615
92027
553524
881590
18166
319439
158833
69519
955607
850295
638253
97647
452749
224761
308972
444719
414314
569702
952317
27969
413027
855384
108723
834293
223375
481610
752366
331048
448526
317524
362578
579081
353990
672065
451290
969225
483849
39311
173317
14879
645523
679170
737518
271605
252015
824229
946873
408370
776888
597854
422825
898149
547901
650157
250127
366155
12030
472001
755486
334333
221779
35063
960857
777657
898092
763439
654637
822218
324467
362125
88667
489111
584910
280777
84237
461382
410816
440692
971210
283531
78063
551752
361989
149649
884480
606506
125584
708419
834462
697342
989550
960183
880154
531879
676101
540791
483692
235098
574386
376942
407704
32157
556599
756908
678124
526242
36752
116630
506342
830202
126243
959277
245106
431416
242325
248249
435984
463779
70841
507345
968084
272278
100387
163594
668423
357112
832795
899450
864683
782292
175597
118311
959964
585876
263581
921297
73682
161695
880376
808153
907395
684876
297862
200973
101285
372353
991772
212881
900433
771373
502350
680939
948483
335390
538753
927082
136510
492671
93726
596596
409741
901938
386018
423723
645284
664838
167762
964476
851620
429141
556428
244996
949821
767933
579065
329182
24302
456249
799327
73933
683432
328283
47507
23811
436880
855656
518731
353420
603875
540048
54738
127898
31221
846728
250708
640045
549202
432134
23385
446814
22853
457816
769103
103753
223415
231458
509311
283093
482990
502130
635874
713506
696823
8449
513165
341133
48479
138825
577735
154082
867931
150077
662267
135967
26759
332522
287241
570081
776715
860008
450870
481966
654682
971644
81220
189918
686356
146126
327709
719078
619276
932673
264745
887938
740451
916852
492735
729599
981651
560405
708855
562658
414664
862621
737630
645240
509992
806251
554371
371963
955188
88321
876142
337438
471814
316245
224304
574966
825722
115541
916438
879301
93929
588283
483831
468771
78033
996808
975085
1931
640720
63967
414944
225727
258831
738241
807741
101337
852092
434401
437638
318960
384047
301348
401156
376675
256494
449207
593751
189381
129164
651596
437870
979109
461228
99954
759313
578552
981667
386255
624731
545829
863355
238909
818694
518701
770004
203583
820575
989430
261478
168351
697496
423154
991329
930149
223548
208368
534837
20981
376573
202111
766189
699846
433001
946234
421878
308027
156347
781557
764798
741600
933006
71747
272376
261634
439724
839137
259004
270506
774597
551426
341642
79352
168955
984951
67823
569497
307610
915643
480512
98917
249765
274200
384387
311447
613579
580666
990382
690666
243129
234766
489479
794188
204041
566167
264874
834433
249688
226893
353961
583383
43637
49457
623629
155906
207413
490098
324411
704019
120739
270453
973810
916505
907476
435333
664305
563220
409881
229847
155126
256466
546639
926456
743840
554217
280912
780885
576694
184016
976140
125287
234880
225690
484914
899257
821907
919823
335047
883479
498091
534440
817434
864341
943472
200359
544334
161593
87387
107921
885142
106566
322098
61257
276096
325990
741039
903883
655656
960498
484223
796097
364301
403681
304998
740293
209792
611468
483135
537396
666104
706778
993761
194795
743491
289805
478366
169569
716631
265447
397157
841825
503751
867450
316743
123618
918225
121227
259478
615940
319444
360610
32490
340457
425950
390257
393597
203374
784868
537439
711158
749253
401931
227375
140099
651505
485859
238034
672863
981980
577907
634117
175347
947800
396911
866856
653081
997296
132934
367133
133435
761515
996632
331289
515034
881117
227973
427850
206315
799465
383200
743077
513819
295318
301123
751243
154163
248141
791740
549143
562199
950956
41445
747463
758441
343115
769490
344324
942731
742345
586211
787407
872385
830737
602616
478666
881972
178863
315204
178337
143378
482824
78459
948819
62483
60347
539557
90593
47127
677331
660
374993
987755
561894
964338
109663
301867
84493
967860
163521
505793
4095
887211
872853
477899
857100
118265
391786
432539
344308
476704
97256
848984
139938
925686
950493
155137
845384
61877
535652
656978
565656
313071
581940
585023
422747
931422
362306
472029
661554
656217
772180
23520
556264
756899
198180
840191
418160
171806
127469
984884
34239
760797
689685
808479
387400
799447
106294
559498
278033
2743
144714
426119
773103
55567
396979
988918
14306
838765
794917
933155
280207
555782
262577
40012
435542
653711
149998
266816
411023
4587
998790
715874
514854
768127
289178
415053
838224
436833
337363
43345
381353
370606
538310
632988
50796
848058
326531
841653
178254
44322
216763
527393
550775
939646
653003
473000
958558
983603
578921
270897
187840
693349
866858
576266
817340
258889
199725
796804
519886
270552
227176
350267
379686
964767
299085
106932
347876
800243
606040
501599
84851
605571
546232
86203
2559
76038
753431
490009
493844
996051
608136
811640
211348
272719
121740
375887
694933
5376
942529
982506
728085
15936
569128
280876
868762
424142
170129
429811
378538
962879
183845
423896
454756
378642
761488
33109
748410
976288
866633
262786
952652
231730
915135
859768
357857
16109
519521
862422
188676
409640
702282
474914
483193
433566
496584
784839
33435
156479
662792
300732
452691
422817
137759
438278
613303
524564
699511
552340
812220
607570
844564
701575
616538
492629
842882
898901
289339
682243
584605
51971
478302
948229
492733
966543
134991
976629
224636
125680
647931
784821
979300
256693
17714
136477
946042
502410
380670
393356
151009
712346
122778
344928
725485
649422
232849
560064
311173
784563
989301
952790
57460
4153
956280
865690
521740
593815
308458
999434
629047
507340
960207
441718
442971
941889
431132
923447
34473
483275
827214
331584
738307
958988
785000
986188
13768
376441
283463
271607
8381
88181
916835
835625
874905
398044
423460
695149
144813
366365
161374
399711
84078
937023
587755
293252
177824
961860
575204
100404
465249
930410
381051
416818
703568
563598
788600
391708
736664
83180
168590
993085
670812
635201
677274
644736
6529
487249
573303
929536
730706
487557
917568
887482
170196
902636
683043
681892
263080
671842
506206
373271
320214
197326
637274
82855
865532
185989
739424
752403
980242
802060
47484
867736
838680
142650
507245
11168
78367
921212
