183738
277429
934510
860830
135463
574606
397026
132247
616928
902128
798086
434059
887844
701185
687951
684859
171234
912213
428059
887270
789292
677489
63598
24220
862090
630266
848791
818305
118379
927807
186033
257953
457911
154528
81989
378922
947136
965849
205965
677514
291862
18414
742163
966630
94009
619829
788600
772596
610089
561083
913681
151349
112154
657108
401708
541074
911300
418627
268144
911570
542870
266625
783970
909814
519178
443694
86212
267442
667668
534609
637272
818312
832692
8654
741378
671297
246123
595939
485323
975563
991050
310686
57474
722538
464421
866335
831165
766108
915175
225925
491389
651854
594687
817784
342767
811892
524024
498771
441551
53193
631335
999660
167655
126883
392701
255745
717814
759537
852924
365504
753196
881109
442055
524083
615120
436568
536210
206406
808132
734862
536440
854518
975777
771463
654699
310680
374332
774063
511813
309251
678218
358595
86205
870556
359712
12400
177398
300028
826770
612170
742642
74368
307069
101093
657764
393516
151521
996180
101795
112700
926438
655676
753274
746121
988991
982740
152476
124245
603116
562363
391029
188083
735513
780597
917851
521877
282724
32835
21987
293620
773756
313887
562321
989270
295077
577809
726183
994751
542936
61873
628894
765302
867014
139514
142067
633138
727165
845766
750680
481122
794980
597035
492683
788054
159136
370546
514244
299149
877145
638257
585928
444251
554519
449668
337435
221623
214662
884140
7826
24543
239512
749123
449094
300264
776393
568603
33701
83109
596030
736179
813474
689011
483271
613845
825165
868448
733571
260623
193533
529078
847971
87372
168041
419367
196423
421262
127958
49238
851460
390602
136299
773760
931911
241183
845728
599877
397843
672756
743061
841623
233510
171246
489471
621950
686778
514124
27069
70149
134759
505695
387464
848900
370981
631976
73289
772427
210287
25552
162949
447016
891652
459326
842483
299990
429255
455513
186543
116354
435335
277210
639367
650106
858968
203340
595058
928629
237472
210787
857952
695737
17838
718902
740523
54509
713412
38171
18349
878523
559925
356766
71597
601121
138921
152093
580017
188629
457534
694979
71927
758163
800969
545567
289726
411140
396602
302496
948735
546060
903902
630384
1529
661552
961661
79273
95530
816739
863715
891832
317785
924908
440252
232205
789008
566709
208664
736380
425320
160626
251087
483507
946172
195307
127934
41432
607039
730536
761967
175551
316522
809465
608023
162053
825038
454751
560952
878348
329543
269274
977639
11923
880081
796368
540392
810992
296820
490903
88437
319917
680795
785055
450078
321085
207939
874431
552458
801497
744079
290586
53467
656124
448632
383854
666608
458743
549153
196921
728068
504241
43528
628232
382451
360639
115096
113629
82653
703644
620316
44732
495779
799621
465167
874834
372815
74164
332815
936515
310352
227318
704495
247246
841570
531179
407083
857247
864460
456410
275959
712690
175107
186734
684080
36190
783020
545042
618676
101190
797439
856420
307533
322199
618631
422680
196296
601726
77701
834476
527780
746282
635252
857731
798118
811321
428392
307617
599050
155586
650320
876290
427475
221246
171034
859671
2563
19667
156853
750110
703271
124542
870258
893788
419594
399261
300292
662010
388170
843543
218278
995002
299655
873257
922396
574420
67895
886285
139601
144369
904918
521160
746335
912451
689403
647313
831982
366143
331846
720089
301939
230584
869238
638588
595738
235673
748311
458050
861695
573055
660504
87121
851413
179889
588154
266291
775849
786237
724645
504576
586689
44656
28437
894504
265758
369713
201905
293407
399137
552058
396668
91045
73546
299636
958628
707313
618203
607407
348792
152761
564443
308347
62519
276065
391414
809765
878339
265277
190466
752337
488053
124293
26972
730097
6986
859796
309617
601311
739258
909533
337241
931421
778089
516203
724765
941734
766007
901970
395609
487984
881074
795511
645756
720961
642027
534393
99053
848043
295910
871739
682696
629350
935467
855184
144902
422152
74745
477377
522555
700707
849114
960637
67832
560123
944274
295390
34128
791522
462577
901332
668280
271154
332168
980080
994184
805607
812344
867663
134750
306519
747301
758497
137890
657358
855050
61397
414755
560138
875303
130723
160352
722064
235349
291509
941347
63209
66169
584051
20616
736892
862871
405033
281820
495625
383614
960216
429921
326719
95329
354454
212077
128187
9926
218082
959281
939103
443223
311752
466391
622794
739734
391341
116613
925945
231342
120248
360319
452410
686948
717213
798569
535240
955693
199943
302249
206344
839320
982178
527787
571615
400620
668162
913534
894766
318156
686707
96988
357995
153623
739486
901575
435485
830477
283668
461134
766259
33194
749306
239535
868226
307159
19537
699862
406746
506550
88673
230596
417603
535387
371842
142923
970521
360859
187271
828661
682497
481212
788743
149765
252871
259531
265865
695125
253910
252557
502475
453790
287955
408909
284975
388374
341206
856340
352707
470580
189893
662711
520172
895247
707215
957386
510638
479140
194498
268531
435929
132406
422538
496793
440404
59344
617095
198650
716927
112038
209545
546972
259208
455642
684203
331035
394572
8090
896009
949537
796071
767654
506719
211508
500698
345647
428863
274218
664152
794587
734702
839863
498541
855013
925980
114855
408523
361186
505343
82279
320435
594974
368075
667773
433660
28133
9616
405400
686531
398685
641967
677441
580976
631889
941242
972081
206880
619976
506472
497661
183220
199124
959537
776557
895478
559463
766284
478890
92067
380638
546499
888725
612313
167714
567791
923060
772830
249636
274966
321415
709962
911557
239133
534265
478483
293656
743979
193202
944563
383359
395805
189321
492280
89009
38687
605527
400103
357598
957165
168295
46158
83625
180583
951945
76133
874388
550858
236165
558624
736442
894161
196589
282772
980917
801767
977356
186051
602144
582343
568186
260678
923702
111730
744209
999254
575193
443148
734714
251510
686639
906132
350945
957761
389095
969086
101703
937356
283737
227375
468853
806391
11916
512724
230030
282645
564497
791776
706302
422325
591052
268064
903055
917261
148882
906364
254426
276354
261486
312140
434074
439383
940734
196180
787804
618607
103291
498526
131666
76160
832918
297715
646471
285142
965629
959605
315566
570369
532220
767836
763091
668061
765953
497803
303667
18492
843448
561934
818663
646066
820117
846962
869114
704700
444656
224897
45852
545997
799433
168089
271856
931511
916205
491304
48896
199411
111602
325767
160080
343309
464156
59055
227856
196910
528098
217948
950698
967175
377610
720061
78972
652504
949873
55380
674080
776090
798887
991856
464934
535439
417335
792517
119843
334500
329604
712741
301538
176447
616398
682461
583481
850155
592660
490542
23095
458013
705428
871783
557114
156003
290222
472924
719709
258088
262438
653764
577678
256614
854280
390580
783869
795752
644902
154484
576304
620347
747773
706235
430259
366001
479158
664653
938349
725137
343112
771885
313487
559134
965306
819903
799013
906498
324038
958143
481166
507351
355098
221656
986697
680787
319736
583394
265765
695885
117692
953979
722971
153328
753086
176448
269175
459899
997837
923049
842032
396082
731420
166463
595929
454437
105529
544890
945328
142746
687800
568379
880660
530521
458798
415970
171220
901909
417689
913549
737315
316210
916701
125422
639527
326583
413353
525768
832368
111634
1848
924934
250438
595586
327412
274616
803419
683749
292469
225451
977247
443614
901414
844515
866546
268962
239881
633847
924085
937056
9105
383881
127290
356811
884204
100833
744665
778629
248164
335398
169316
988329
658331
492792
73202
364277
558644
966828
229976
496338
726545
964005
906486
568130
384310
950860
565229
736613
144460
604331
854638
756840
27906
189099
147950
817547
688782
408040
559733
117452
842001
659118
151510
640949
724697
822547
614201
706239
514688
528881
273172
297250
705777
801981
550584
620986
45131
735817
608264
35991
412830
526802
993220
81889
221394
749191
279427
871590
675686
731287
963839
959426
878678
479093
62922
490538
374807
174187
357215
703829
255356
506072
161235
674375
116666
650184
572459
142139
614600
407278
552455
615852
120160
40128
742523
476928
716451
894575
864318
674258
113561
274178
387899
959450
757142
908942
317893
116347
373304
74708
838568
866409
939532
210359
465050
166325
872208
745240
976977
189367
561491
440656
716526
675863
952633
222217
492502
98743
891739
3321
217826
299905
546635
650428
467436
476040
144949
271438
499210
209053
823584
160738
701399
356721
523348
344801
496620
578338
744534
86530
708270
959396
169999
421762
307009
551309
944459
616513
131227
127292
657436
741049
168243
130471
190431
527899
797847
423872
662166
145480
327389
891268
362036
533480
320562
967520
377080
421739
623246
71680
46577
562714
933000
336565
265632
122329
378949
793857
950330
510907
251980
916098
8268
916418
63925
855738
400249
349489
886784
310327
404831
934864
113667
957859
376856
818748
739963
943146
275164
232872
919106
833795
453636
829812
809889
176286
69801
673896
20413
781416
595115
439821
158190
342142
787854
677672
988589
441579
568702
160148
888875
197855
180595
20795
176894
810607
124079
124848
115126
198531
533861
629420
732558
972897
928692
526052
912511
254419
604816
359875
953582
474998
24386
422345
244485
293282
53381
53696
148766
258993
226833
223318
504860
13870
100278
690908
31572
534684
417246
803674
370089
186912
293109
837836
460022
25996
402084
140157
236451
500488
972856
440575
392346
802783
452322
809092
430292
453283
4439
287069
600397
533950
574296
161740
630358
884567
267148
782855
285065
283933
246984
142348
523030
779443
109553
52891
46268
691384
554937
347221
245268
125746
472773
243567
218375
27670
223023
479571
133088
126262
348647
929875
114876
56135
114996
724170
234462
136398
436569
653457
142431
906087
425170
661851
644483
309874
693757
213486
396966
592794
807894
899903
115285
740739
139931
737960
962745
840144
87438
99208
359597
940494
493081
796919
482353
306624
754507
854436
340792
354183
773376
247950
169500
713262
642656
542427
967922
983952
278718
375960
615735
915174
446304
405454
953769
498545
640222
759549
138738
500032
862883
210552
591359
558943
590737
648988
340016
131868
101057
222894
467304
204983
932455
592912
245315
525093
67924
623264
698343
231873
877846
819182
702515
974032
499770
919703
215957
809263
619826
432451
249400
56411
53457
965879
49882
236445
798322
282583
339515
967440
130169
576572
939633
285904
433265
807534
576601
406209
908373
463550
326056
98425
10730
845251
527391
623691
660041
165231
95453
465713
343739
561740
342478
649109
173181
79513
559937
481724
519906
316987
682776
189840
503832
519010
310360
123208
743106
54905
97824
709046
996165
494153
867383
772396
285663
213867
298430
213580
502321
697320
146180
791339
371805
771631
658360
600929
30026
3313
923257
467952
312836
838749
186250
272783
449537
690547
135457
777106
170686
658823
900574
196535
238600
230677
479769
153679
678871
788667
723220
801671
261269
661399
812304
813778
909052
131005
178235
748085
843485
805525
374022
31790
779516
357968
262613
718722
64921
411013
209488
212322
17482
382636
368663
600953
707523
191605
872978
526932
441592
333574
729830
399599
361369
949200
836867
42392
258940
622605
461466
241218
708569
723736
381228
35433
605102
556584
45374
925660
313091
526634
935977
594476
375880
586170
571469
648175
76890
681599
421734
691185
736548
488416
946870
56697
600098
109927
382178
977139
81729
354288
899545
199103
442403
35661
761775
735381
646462
766714
398216
83922
476260
915576
894895
417636
963101
28360
813958
1743
117616
861637
231064
326809
33089
959966
128522
459352
921940
12975
610673
483030
461423
293820
513981
120350
744542
956873
558674
30566
134352
953561
452791
622680
136543
132289
643431
74047
889325
966183
797765
901258
671401
331484
132013
269376
617265
343188
822310
754817
8722
716606
75635
346869
974059
843844
948745
729555
739887
921761
197274
717200
828744
199449
129359
719138
778585
194138
262933
705967
945244
899309
586127
426263
100075
253721
597353
439131
827866
674260
661708
955752
911744
768039
925229
85124
597271
96989
875841
97812
417081
989543
341195
139335
418186
757839
734933
808419
919349
990487
557373
114154
20047
709166
114470
101608
632151
571854
391440
873564
538207
97461
639874
732737
402116
578685
981796
64887
588504
290906
13673
714003
835041
502704
673449
264384
872315
804687
446156
123408
179864
415820
579746
333987
842600
894653
602960
677362
864787
933520
467110
186681
814819
198408
269835
42239
493695
747158
634457
777859
8274
779920
303814
281412
290379
354128
860919
285165
940285
981804
836985
817052
564006
27213
195530
784590
402124
620526
867537
86697
97539
995187
335086
262180
723788
680099
529580
724311
651544
555524
90643
558235
990058
141202
922586
497821
736602
88411
796858
130564
151413
735674
970974
114620
646530
974893
104887
118303
306527
476886
81963
774528
756106
13707
294893
406035
444797
960026
308072
1148
107568
249820
473620
773746
73474
928372
163628
77264
680562
644581
673910
273784
27143
513677
891201
950308
902736
6210
320173
126795
173062
18632
569188
7916
615181
852076
105575
118521
983769
691839
603459
879971
443438
108274
795298
75070
669631
526923
508093
657169
781624
351234
302447
841661
631703
206714
93029
182855
12789
128223
585842
929284
472995
499672
298431
204384
340207
657577
968863
874699
611462
757161
607745
5824
215283
293786
611519
667442
236934
624362
147603
77974
509840
14021
677673
694536
563018
449237
172495
877275
209557
892759
835400
504832
55772
354395
640513
209297
82965
666712
632027
589755
580519
83817
837991
353286
427430
879656
814255
993475
909177
782182
727537
482705
925085
935428
922855
388939
53378
132976
744961
551121
797331
405504
74421
702962
414611
488356
214444
558451
461475
969931
606941
994686
470368
581397
826935
400810
433449
888496
910072
536291
612094
622546
444955
272694
547907
863377
866862
758012
608484
876194
539393
970528
1492
441196
653434
631054
827822
636360
475910
689721
240892
435864
541546
245897
679765
772417
990968
660320
817056
726406
951836
33864
886903
665858
366870
432315
384040
421185
95938
178509
919765
92156
344659
590650
570811
570288
679454
742088
78031
242330
11474
107224
137092
758865
805638
445135
292458
540799
704683
689435
569520
277501
603872
297317
718666
233995
201253
160786
7917
466345
58023
70004
406263
78548
615097
382355
776108
751456
268324
626196
145244
726703
927509
690756
550176
469835
163637
876996
926979
641382
258454
426256
312317
40875
180488
891373
267865
520768
804748
454767
767161
512411
157664
498916
454960
157054
411769
303329
547085
222992
706767
339047
26871
373721
42962
179761
289844
684826
694394
156764
508612
359431
251516
555827
914410
535458
948760
33238
894218
244406
430543
318151
562413
465260
936178
629202
127138
931981
937558
220822
103616
761940
331364
401331
819014
57199
144141
933394
812451
784210
183514
128523
574545
865784
351713
584696
925851
623416
757523
222804
665472
852800
458227
667918
362608
873392
758753
212464
916019
50005
571477
962471
143465
503744
55591
949550
153644
135234
76042
930523
384529
829639
442585
157254
304974
623885
778185
110674
569525
937919
94143
156697
674782
56050
249339
187320
648419
237883
5041
859316
715717
915434
882360
818759
106221
417064
613788
427083
282572
150697
830286
431362
307043
362509
970107
138495
898079
205017
445049
284341
614620
713100
467486
922715
359434
682849
452203
907832
591149
58401
315750
964624
194302
749986
592709
722603
411887
986271
616710
73726
582732
700661
985948
977145
701
38328
572035
385644
925672
540976
697204
720471
546611
816499
989749
896332
46375
896864
530568
869251
257904
618741
859075
897658
410881
313742
620031
200711
292052
934651
225898
824699
642831
627964
761464
953333
733762
642587
873078
849280
65421
552231
92671
895530
396959
569224
29767
433954
564504
351428
127061
730572
35856
992077
169485
198949
869489
519684
68331
165582
242879
638926
57868
557175
738617
316305
772262
523561
661847
262668
173144
665071
460914
795281
424220
929698
738499
801311
999769
268240
83779
155168
330326
237001
501042
105851
908232
787333
267956
356567
264396
61045
292693
780718
354288
360740
503981
470985
883115
192522
510239
553821
874413
419246
778427
969154
787537
207796
791491
792908
631856
281930
472011
194184
548047
572331
571642
288021
777976
493839
683565
90908
678822
103151
87610
944045
832921
861048
957969
257911
446090
641484
117247
128484
24633
357103
505996
793935
888674
548244
342533
836195
2382
336581
911188
330577
381765
436649
622155
225773
391840
122101
486399
777318
22653
972722
373521
613280
255501
378086
145864
189872
18759
807202
5594
359795
110911
825447
883786
10059
201809
80118
94251
650423
464311
577907
96898
539278
754747
623861
783945
405592
165766
417389
722192
15241
679702
283120
485438
568091
225422
39522
717942
691207
886247
619009
494741
21023
486084
109003
625815
586123
660644
348109
540441
613918
876529
861450
566457
208660
780021
775492
337497
998506
845164
980393
641091
144858
216372
238045
527526
97074
186017
565152
122303
442448
194349
11996
128659
273788
333004
468046
756632
498402
520222
929358
592116
652970
159358
909564
675549
124726
528631
216073
225631
226680
858647
122335
695932
107629
390683
613614
946029
288249
681353
751701
153607
501472
886493
114729
324409
459486
941275
151780
239346
398757
785091
376301
728991
980401
277859
850367
252626
455561
87110
899385
593022
658835
920522
697539
268191
713300
107984
126679
727478
491076
719500
497907
730354
492042
186364
778458
238058
690457
554613
63873
202247
108966
840600
187741
98111
589125
969572
938950
320060
935711
900709
403592
610203
470674
9419
360967
863439
538853
424917
480268
702374
888039
12780
529968
446308
830499
818956
666403
400459
891521
883485
887386
440444
814140
68768
491475
425335
529979
383685
980678
493055
116239
922201
37226
160345
732232
497564
188768
903666
462836
598192
180800
696160
786805
836846
699967
350465
405374
489875
168186
504960
26794
319192
443617
581494
337273
347167
467714
939372
911847
981001
649329
27071
265642
111844
641234
875933
496713
656194
920003
570859
53652
436325
745000
949193
923844
86870
501012
82925
680687
455893
70544
546732
809575
649706
379532
526039
112881
238042
771488
174082
751453
410741
892861
26656
401863
226572
371060
587274
79784
344321
430562
829214
207705
925110
129528
449412
70374
599719
573603
141196
382987
739284
340636
81331
630222
673174
252622
937989
921656
387475
793950
201564
512753
66381
234012
171974
327991
411284
109382
55493
9531
622684
344627
400495
223256
607017
419491
305078
682480
705959
977760
51458
161125
244118
731024
285818
319921
764130
264474
624162
160675
934928
922675
292575
463287
618325
772996
286613
478928
112065
506042
117361
264980
452952
460073
401666
444260
619841
386846
291842
788151
949720
521792
637555
698962
803742
562657
720869
426790
624784
489895
898068
972741
2005
575441
458670
301890
807376
954216
775921
640933
307862
615941
630963
603528
420217
147897
968380
536146
620099
242268
760013
853069
38399
307765
293060
349861
64817
264131
830039
517183
832421
885542
931262
394931
584036
880173
3437
570664
84228
518717
553791
31179
965975
131418
382254
242348
442627
212757
89791
135349
816626
805970
199803
981447
25631
235509
703895
256818
498769
56233
205429
603793
826597
467084
507075
235456
644803
481210
857345
272892
705971
384181
709153
282901
44936
663534
694343
661394
537018
760242
363824
810657
921618
741172
879343
677369
273150
821427
155793
896270
151684
523592
492386
729776
757843
43854
631113
649601
228533
475374
954382
856977
449698
547141
144572
208792
426862
232309
30370
564175
637089
263621
963763
300203
81063
853686
944461
261303
416990
73955
841367
787404
488909
168083
675075
967088
808885
540255
903859
927625
454911
703290
457719
373628
913940
978146
667125
84455
109772
707746
429922
221751
951230
448001
590700
60262
402486
486859
74874
879828
825156
938553
653899
461633
559857
12863
419323
734373
828301
874675
906660
301868
171620
359829
510817
999057
953551
604543
822446
30230
263974
41578
710123
294621
725715
308570
571903
122407
429378
204647
282009
784998
575988
995562
980754
630272
192115
24640
345391
881891
469408
876094
447938
678399
333288
639665
190383
247781
153365
122704
730124
142010
515712
351681
631074
103255
227428
651908
428689
197057
16719
413440
67024
108800
731762
727592
597969
677790
473047
684682
776258
226813
641585
790900
469936
806101
907151
251011
631942
518730
918955
479625
760372
556902
676639
378970
891371
409208
99255
712883
139268
248904
898465
592136
851264
972661
812865
843561
982698
771502
424225
443472
546649
371913
466822
409161
103122
272195
890654
350014
906314
880021
638869
347486
81224
751535
537030
346026
440809
514067
353230
32988
452861
606161
590717
395572
766927
993947
18150
401184
661443
845892
799830
95175
705815
262041
516001
166642
995596
647772
601047
794263
388830
637977
13014
973252
694190
971432
366457
991972
172225
548862
769070
348849
186209
639791
856038
111479
72993
225604
580453
404353
623294
719732
77881
781026
732001
801987
550407
349921
790145
230836
298945
980482
10278
112108
838067
701101
693256
147749
216573
656254
512278
434123
963163
520168
702162
74679
699680
729158
127577
492805
966402
133568
703553
571476
738958
847126
255131
15897
641084
957132
843607
102880
829149
968626
583
390561
24433
353551
77756
108603
578517
571370
809612
612175
411993
722548
952438
158204
763440
459797
338396
999218
145984
500305
966958
449333
57882
200343
742120
817136
146243
949222
577521
266611
464625
26652
899748
29899
102929
736349
370348
695997
326085
622748
589257
933727
498860
261513
22575
140626
833177
966615
735053
75551
706405
683497
610347
786797
215583
649432
657708
385116
680994
254947
652851
450050
735040
174260
708706
833472
413978
100171
592638
759104
464465
317577
251566
283981
96791
651419
339170
580174
260319
883137
68497
99616
101107
757242
995738
436495
87459
711566
587916
119857
912411
682744
226945
220704
621966
467437
242021
188562
721103
562573
242133
438679
713790
253477
441186
395758
174751
348255
379316
345475
431622
655751
885131
911497
161327
535226
941217
611376
639338
436781
937132
105411
281523
553623
936447
20834
26079
929148
555088
834967
703155
617560
12372
909590
832847
279780
991367
369429
521800
165575
75016
540806
218323
158044
258912
112814
808220
471772
822115
860579
32630
148776
940655
281830
165102
790006
158673
741722
280888
220821
187656
774113
707339
121758
514401
930834
941128
224057
571009
994328
847381
442441
556289
194090
342729
531317
465395
762978
962112
812308
897283
599805
16973
138228
414393
576942
866255
594759
384475
88223
356700
731051
932784
544197
380955
237397
355871
304606
319406
180441
776245
64394
32268
345432
818181
736899
985836
894982
764713
475899
201373
702358
994727
963793
384883
501381
656496
230319
110235
233344
804162
449602
111120
634035
422124
635863
145702
982704
123377
626511
404868
879543
506502
207871
304687
373608
595638
763558
567105
832194
224614
880971
618424
94999
775154
860467
615786
669518
151541
658812
852694
373460
652072
691481
680726
946977
687586
953771
550706
157347
657021
461176
297486
881801
268761
64074
116163
62957
129594
131302
281610
130910
37965
549928
909012
714953
453000
863544
811000
181828
41134
318059
527748
462392
215154
839608
566452
197480
121075
640724
337281
391650
875366
423469
748368
459968
766290
72320
811723
410139
304436
372248
972877
300174
978434
222564
658615
624930
677133
110579
236320
279963
168127
850830
739305
694558
534788
266482
278382
416957
377926
78504
29592
668961
343568
488899
855567
533971
448276
58870
581581
12071
898696
413711
148622
472645
736170
531028
345763
463061
189156
301112
992038
33414
599820
67834
777736
598524
739906
704411
59782
162260
711100
898426
237050
775573
810143
307725
176462
843956
794883
370622
690827
695875
501465
446816
332175
886136
71529
55692
91549
347990
255859
987676
68559
417402
110327
764419
612518
50692
851345
794120
850434
216160
150972
874269
286381
387312
101367
297312
998545
914072
563204
552109
441546
224421
927565
914142
73174
947611
652578
265120
93353
291545
362909
614067
300510
888875
109223
402430
226567
39276
374099
394380
296485
544982
148584
988455
376115
567336
984316
672783
124893
65138
284987
725847
92814
746944
200327
449437
777575
778081
841465
434788
288395
893523
649990
813776
837271
365964
725566
562557
426543
822247
491629
590715
901491
320618
711652
478698
766417
286128
224018
223215
268981
570871
274315
228560
251483
874312
680299
387314
745988
823615
99156
351788
217862
544054
188946
292167
446590
320018
560224
294548
994850
319209
146180
817962
256689
617935
356885
378043
654859
450812
256413
156946
898781
313947
305305
467116
868020
48433
630749
937584
31347
979944
371732
63691
186272
359032
905253
230444
334616
205681
306162
721561
768547
897255
41274
714605
994210
791034
5982
35375
571173
505728
88129
496207
304665
101970
348808
932223
252190
470896
125313
667947
890423
783186
95071
282583
457883
106764
858851
175252
897128
454492
971607
124127
641719
423443
242805
574614
754122
41246
796068
841880
425250
927857
197602
253431
534830
163151
913725
980892
79325
423863
679867
847544
669140
114158
148377
513123
395515
998502
266416
253843
340018
322888
905780
180154
912994
678563
473367
80123
390766
82224
415563
192715
590471
809857
728420
58785
136287
556614
578139
260313
965493
986684
226543
98859
281743
936115
975141
737666
669126
306682
235825
718268
296379
434537
107373
651837
654631
4810
168710
180656
643856
62180
674614
752731
574872
370662
651307
922206
665264
344173
510599
900488
33257
824626
106305
714262
91051
644179
587560
309065
694206
363388
823816
553507
894598
78962
557605
875773
295948
929212
162020
56968
114295
1454
666377
539166
374809
586387
734683
773700
519525
291190
664868
864639
79039
275213
43925
26191
833516
284675
352838
982285
368872
582753
354906
512732
143191
557336
64961
601871
875475
890157
613975
911319
188388
552641
195561
661223
801997
748796
967512
392870
670915
714454
644695
617424
665657
473985
305039
762090
10774
549686
466721
990176
393608
118299
998091
249212
446514
546190
650852
119109
376641
37777
217793
809650
750428
308754
314170
974729
9402
496917
372487
600345
523597
310080
980419
271056
332828
908675
384659
518394
875054
510690
470560
454295
438754
707744
23039
777239
371804
926537
734386
311860
281242
39325
839368
317484
909092
335828
59103
844634
990498
456082
173386
518320
286983
259241
239117
761811
765547
881989
779653
801043
717559
225528
193957
807174
509114
505571
993947
578752
932632
500093
472529
388592
788193
89219
275791
187738
348672
351676
329661
855276
310090
801064
836422
478528
23414
797573
95641
406317
113132
919165
325385
21514
430582
84463
904468
869761
861971
750232
544769
104395
352618
818078
546530
188301
602908
342329
801785
809551
857650
514622
483255
661205
775797
361225
80224
450268
530653
382535
590026
971890
135329
214942
99971
641138
758125
898745
399250
620187
416562
902771
26710
822157
632983
348063
874828
995807
522765
937458
187372
323487
933056
472846
489266
138599
373801
231531
661690
213976
95360
135140
378500
159350
597199
345436
474456
852704
336610
375435
172931
585002
167899
456553
449663
693145
731170
204341
321264
549242
429689
254754
765067
432351
78509
540063
931921
324407
79848
311105
163193
571209
983268
101648
785324
83533
523770
117547
632490
246823
489496
302040
109194
372673
863121
963692
517918
227651
994255
347155
460597
556402
307747
468989
870202
263906
628989
419238
22265
721497
32631
60223
588354
685698
283979
338686
750118
231690
605349
199615
268638
630043
713876
568341
215883
894963
943834
20018
123353
419296
170722
730990
692156
821530
504337
918519
749020
158141
203893
797910
361037
580833
666
472282
410103
9880
557883
47267
26965
223363
44374
340556
756185
311377
502744
381686
981932
665173
718264
81198
30994
775811
258784
372666
541612
946376
500037
384581
388951
310211
464791
426148
325106
360355
695188
747844
361918
440606
223224
719539
958878
858826
971151
337543
526269
991516
342890
933934
679694
267900
119536
204692
244079
227905
900364
48363
180071
125326
569220
55450
333006
952392
174442
935300
237516
611827
540075
478003
910265
896808
457860
497953
791460
191029
399253
722979
367471
734929
950350
163762
740055
520122
824581
139224
790418
232877
29866
295988
131281
547521
785810
368233
514469
359009
207663
851945
964862
331812
58849
235481
273998
191755
612261
63522
209099
467862
684395
101908
453076
315715
361350
970614
203755
771108
540925
823726
606497
11036
715774
530121
908751
794934
17906
248104
363136
808609
477932
672776
527212
2252
333179
191404
575903
941722
718942
605673
377657
261442
6615
659662
321486
424326
162712
138478
212781
697422
490586
750155
359230
754849
158925
527712
95685
912831
234858
996235
29955
565341
5156
683733
4539
480701
627516
303327
221074
122090
127604
66476
627919
657037
970395
450757
2563
117231
963271
547789
996226
563788
127265
186721
332751
258320
367258
411883
936598
90673
868604
640580
497682
72296
742555
905475
455695
31117
503466
496231
858378
627150
491433
139420
809076
406987
31868
792621
195221
545681
233688
97159
445261
233778
83350
297702
318262
649918
52650
202719
888102
786464
840301
615240
613713
876630
864854
234055
232011
237006
682055
251254
19690
124506
140739
287856
603082
529808
207486
924219
41898
58241
772813
174866
247987
195412
252093
254477
987161
578430
687871
186287
714074
75999
255680
26572
172452
184892
233815
224277
205331
669589
232216
801858
760472
913187
193286
1626
156213
325232
158821
736802
470628
66066
993388
578528
547992
434693
263129
432458
816283
273444
785631
399696
990934
994628
282043
123971
305391
535661
70372
970144
390669
307510
154337
352189
690679
912828
404788
877135
57050
481599
780852
416726
68585
667481
834296
468197
581023
193243
962351
377233
496416
254981
788685
483446
124605
38498
112224
193889
953430
298622
91521
307869
32346
227909
355429
157597
359850
721978
599507
680899
697052
919312
944368
29579
72284
715176
688374
480215
998892
221032
801475
307543
892939
983156
214734
100756
359348
691020
175604
76762
195965
741890
435569
501504
84768
49046
274090
339925
548887
454640
513958
622057
493920
824761
192797
467317
20064
479190
727849
678248
138788
716994
781017
256654
6082
444422
961445
273247
749214
76120
887035
787042
145865
278606
84855
218428
607619
193341
93298
917785
432353
449714
835186
575670
464842
2060
396927
565640
259611
301556
794389
312268
332650
928251
688501
848684
352488
775950
317206
669131
637728
120344
675513
625325
119452
445301
978714
569222
653798
901966
119362
153374
680172
856789
750265
547677
597117
735390
658393
806392
797616
10265
268542
316600
809123
371816
602650
262372
91681
924705
66597
971275
100189
390817
34417
975344
437787
26827
722011
470098
424622
455388
68830
663318
880796
62124
592257
156051
666781
583620
942129
870074
455426
481494
954729
550496
119219
780317
45645
248042
344913
632082
981463
66964
861498
991112
400552
462238
84714
814949
951232
389843
15871
858045
652361
133495
871061
23692
448333
222796
436367
169168
55689
289729
366839
739137
945625
523064
89149
55726
270546
299314
840668
649461
726830
899290
209306
485791
440290
475562
832686
226070
198028
99198
914747
983683
131976
92211
34683
479112
413410
29307
6327
866455
357541
242369
847282
718957
469394
115443
878630
979823
7469
976113
367014
697567
217841
558480
415394
497339
811683
471819
258057
258290
639235
288390
153097
832004
462687
542080
794866
866421
969475
551766
839928
549997
714123
736110
925271
341103
298073
401798
468241
579828
697761
349721
838035
173091
940577
100267
537910
782704
202862
543602
420384
503822
148138
56289
564363
795026
636434
748369
788126
895718
716084
392590
294647
176678
931133
254972
474186
894426
73392
434853
383075
21840
23411
82784
265223
533718
142148
669598
928056
14929
395465
931796
653208
566141
748548
365825
245861
354882
995941
951451
617763
637423
873721
822746
892439
944021
106561
217632
359151
278211
193757
162947
681919
290265
669735
565945
924710
495819
50077
638815
372367
528052
218806
706278
149651
336276
951893
403738
771964
405800
169115
72208
739493
875877
203735
323884
63805
315344
170521
155468
667882
973948
135012
795285
313546
395041
834241
336600
364052
492310
411888
214688
102941
799788
783802
422362
757623
255590
980770
841185
932724
589272
136889
537766
541192
881435
635729
306745
532620
555498
863177
508342
87455
874524
365063
716942
738535
881214
837957
521585
23093
714252
96706
59925
443270
733964
320216
945766
340902
986760
293741
515018
772464
24486
888899
936655
522096
964261
246123
460212
436393
715254
735959
172369
234226
327093
659596
531939
787387
735490
64694
882104
759789
157888
500693
899891
772976
975082
711894
253309
578758
5837
578365
9929
670164
797222
630845
310657
633409
577432
525930
80402
309303
544521
787077
665425
776839
680539
462583
8904
431337
758658
100889
595170
604576
608263
530864
980270
579068
793688
602614
853075
651577
667913
78163
112209
752517
713195
96043
923247
685663
521863
32400
95815
447835
952312
891416
110058
767106
301346
745994
671153
240406
753235
523506
88225
739827
628276
360020
157114
956944
487531
298045
696668
979493
612113
224308
295191
767015
744459
957712
533901
81007
798663
682723
236038
139192
297429
93652
801424
476551
257567
881611
871121
172389
176967
470277
28523
256904
582427
309127
354186
99792
582455
689263
874445
879725
705592
281125
527246
385821
903768
345457
632656
866963
46955
111463
85828
723251
742261
113981
945464
22586
569318
913917
411101
696251
127923
923413
947443
203716
567889
951756
38227
754079
803792
874255
57560
531636
810515
747242
980651
904268
230248
946130
245930
311344
145480
88286
60725
484592
51756
618966
760085
107903
833033
492260
681032
697404
795434
677543
470509
409867
445674
378663
708680
696162
978314
448162
788403
671200
24629
188805
644770
853783
235725
659830
702609
765930
850609
417678
137228
992530
742926
835812
583066
458299
608479
204101
440711
521163
726274
53823
731405
471490
746424
168092
209119
109564
157625
458797
197713
495060
908338
377404
487271
558499
331548
938403
455032
469542
114490
513402
20862
238525
875759
382699
793917
242896
244921
822243
439182
157836
73038
265569
326280
160843
676305
516208
249353
81490
155761
449137
792102
614131
472799
925458
356141
89939
912297
64603
343891
188934
505016
487655
552447
574422
161954
409839
324209
996579
790189
796546
260305
337060
690465
144529
33808
413836
448457
589606
651133
418247
439046
779573
897190
962083
350735
160907
880680
198092
256456
695523
401686
799088
756862
235096
617666
160641
67901
22004
949163
368216
437007
463398
587267
149303
83153
936914
10139
258663
878067
37955
804525
612608
782987
939004
556678
138887
81111
466668
244110
509745
731149
863039
649141
250374
358945
711441
745788
600737
915347
946365
298525
625812
535857
917908
144216
452712
397424
361961
749596
420481
139491
696009
880590
97376
248726
652041
87032
676547
158282
408439
438801
415783
166668
205810
462885
377006
371060
141526
146273
569563
361847
63567
936125
20153
145130
930895
442374
963740
133780
420122
102023
638271
819694
445758
705683
716300
639097
40481
186226
354363
678652
392691
844070
29522
633177
43842
837976
641418
760587
389227
663460
209554
977022
602350
191422
3500
180491
652507
301375
231222
387151
914729
925072
403011
682791
333350
457457
415784
78025
64520
501863
305555
202754
465825
770240
448469
903560
913521
705348
236288
419323
805909
842106
455211
67773
164702
288659
208658
68842
7805
240504
359642
389494
108826
374891
244531
698210
813443
957084
219351
585883
952833
982283
755183
345647
192583
939732
538068
638572
298052
340316
606130
216727
175319
656278
125705
213766
643490
966387
864845
936091
526136
63396
615854
514781
226288
864461
988722
296308
182939
848583
324797
941697
428754
72594
549427
902872
322792
287254
535220
36123
785662
597076
842886
831412
267830
800046
978385
51886
643584
9039
326787
397616
215312
763576
654163
168088
571760
78568
145187
822192
723889
341671
65855
377808
474365
660976
283459
835536
792072
246073
206489
522983
586725
299680
435678
455525
360309
92468
46758
607433
508026
752540
269526
431616
738761
237928
755696
588027
913118
238194
167148
896875
3081
776304
29249
12316
407047
418970
220675
241899
158060
484210
695270
845221
249723
622516
476320
826430
881688
960732
841261
135915
364052
985615
800236
691612
899112
739239
686119
886105
548157
807070
292720
715000
429864
881558
905446
859257
395827
375682
777815
737150
468694
897781
636223
462698
997765
365637
218991
778452
605923
4891
932617
249960
643348
923226
301160
967258
392048
136682
404124
810120
117459
62112
389266
929772
839825
307148
76563
380346
355591
467742
997667
237916
271692
701429
795145
113352
35015
932166
481199
409338
388890
255205
947039
269395
171196
379507
254957
149710
88613
562533
133556
64603
134178
73324
346424
507162
467528
234822
487019
98101
281093
676001
776971
671322
285010
292263
492456
132500
55429
520683
562435
897605
969026
896622
231442
758338
762577
659981
121313
828939
914828
121547
122770
224485
743663
482167
374085
454742
494162
942266
153234
430397
958834
687039
310835
186891
241195
629119
101183
785314
335874
666856
356945
901896
410014
267625
126727
736391
419863
718684
424870
264805
161639
117393
283995
983803
69182
303859
12573
265077
173553
832410
537838
357477
602386
755884
743295
678531
712858
418032
361267
478213
835331
32753
598652
94871
410995
711755
878370
174968
939346
805653
312674
669937
228668
923499
36275
317746
49106
946390
916964
619274
474603
447962
464800
957570
349225
446365
419924
874775
693798
813039
637543
146963
943884
800122
751144
279111
389635
285255
540614
618663
635718
608234
126712
284610
27215
174732
577469
528796
663985
737107
353597
223338
458692
500400
964495
840361
779130
670788
575508
157339
226640
955888
124864
40031
401313
572983
480761
186603
14484
382802
681495
575401
606198
719249
740300
730732
235298
832425
294429
722574
171421
796830
568846
584551
787966
720654
757788
703788
614218
509143
394852
595105
237086
449318
931489
645948
636549
753373
356499
343896
797610
572192
16058
613394
949095
631677
811457
706884
113851
890357
602232
553308
312603
708971
288314
273496
550367
436840
924782
501280
120413
909385
639464
59263
316563
800070
625967
564992
825789
975455
133018
522721
267335
961573
225939
128758
5661
772770
185661
413405
789406
437734
503346
627930
944878
216047
120997
740559
568362
359220
925159
215961
76087
683598
65605
619273
391347
631939
145934
844989
534989
463729
646002
387099
750321
193876
387013
852649
301659
188596
346403
933004
163341
75693
445038
467228
711388
711196
61171
970912
638884
59491
254123
598123
507547
770778
506333
536338
241987
450323
686752
523080
368441
482311
937791
693209
570219
522849
968949
61759
283303
45991
400663
210596
509646
978241
511185
674677
104039
77224
993352
857503
642512
755436
868191
673194
508047
442657
712214
955950
360134
823975
533836
984437
299845
257365
446309
136687
535545
65346
475526
495628
269251
203183
824765
21370
26276
855764
879614
309499
79892
484166
131464
314401
780082
691777
344679
631209
660117
678040
725202
877810
786496
791222
645876
494232
74868
859792
809800
752690
196960
4393
754973
944612
778740
81473
483513
570785
911507
210139
548442
205760
489127
18026
42839
75450
933262
440855
745638
3134
770353
996529
240118
46833
155382
945010
410684
644677
198091
691882
963788
61493
491875
66635
689437
159130
526718
187344
540527
82797
812128
263498
975112
691930
670883
784392
286297
913149
799720
185058
280896
218683
560361
911714
819431
383168
818474
193360
86537
426256
409678
868825
141269
185100
125766
885147
332459
847812
376868
255760
707267
536371
992846
760340
788205
256475
377038
679700
726259
281214
701317
951765
610138
934646
219200
39966
161032
267890
626147
100548
318015
181325
40769
687824
681479
160332
791758
283790
811114
415156
314476
240117
187033
292102
746721
574126
575468
32152
700330
800898
820679
606289
3368
862757
976792
293761
428345
83417
252028
171483
788002
34497
17217
763664
