123241
444311
348232
234352
194976
216894
377479
148628
669210
907347
116103
55486
575635
647778
9678
849864
279804
713531
377095
954476
178699
115503
30431
208854
602652
999863
984064
552341
854914
154036
413288
742635
126767
169234
167525
269507
922235
544901
624303
957570
193748
51253
985698
375542
93827
985590
666518
574827
556695
934896
195677
551516
434096
840478
953112
353223
150761
194674
672374
51993
30179
171477
866826
201673
585451
150475
722504
310657
484935
508469
615069
801846
279778
842160
722472
691032
887377
327195
435928
96357
714177
663479
138403
294361
780032
373031
567135
489216
874276
454486
58689
772203
114267
978423
571633
179713
847377
958952
381766
428525
172984
560880
738723
858165
756023
854183
282733
625963
323825
999413
608552
849532
464432
343922
167085
491045
219502
782253
241354
266822
776512
525832
52854
475279
612511
67200
172207
615318
96469
11147
283186
421771
764353
41626
39894
54595
491782
905406
940230
737392
294166
406183
613465
837234
129494
92359
896912
90374
20399
462420
200491
113628
208817
975405
517032
97415
684643
426388
22617
913102
916843
682138
504929
658591
574614
617304
649675
65187
890885
811289
84806
572845
902197
925909
509697
55948
872489
397016
341599
675007
619958
241090
138071
749704
731051
686823
374315
626265
486811
581270
497859
911275
590216
931127
725542
74990
942637
8718
921492
100699
73960
60252
334594
836197
669186
46820
458226
120397
852956
463883
633007
482133
868985
546200
19810
689612
14946
986972
91092
506952
514298
96043
254721
598834
933598
319048
16853
882235
828856
517087
915782
753581
967585
342571
663949
952924
93808
122424
203714
861563
793380
178179
450131
651402
128745
275901
590368
316781
139722
758190
922166
449177
6900
632438
726119
127975
288291
316655
413379
881931
686188
123887
236917
57310
114469
230378
328571
70871
211060
750516
504003
221656
731443
710883
520671
787876
158589
563859
103269
494063
283416
827203
562342
958990
805951
84572
179401
347214
212682
743058
647235
621088
476220
520611
767988
149041
939561
96509
388129
9432
891970
968508
798282
409897
667135
257425
799272
784935
437991
959870
754181
66774
519039
660029
364535
42733
888461
721153
524474
244202
646471
658260
724969
605760
56157
163103
45273
695660
188128
635400
993362
800869
756749
392438
110443
35122
166650
937776
587521
158421
762972
924195
337364
712613
359283
915394
644222
766457
771154
887560
685904
491008
909518
255321
669898
674798
645635
255814
759479
825041
819774
302703
303395
474370
861450
819459
223802
531894
122778
796003
559551
313716
276944
122725
23717
906081
406056
787765
583117
987511
140676
264341
692125
768276
655764
853700
73657
242863
82529
826045
765857
304357
41719
611670
520359
399538
834541
708617
189131
818171
439378
26640
82229
134727
259574
715753
492814
778830
748562
208889
22971
843498
320981
103821
779575
740906
530955
826811
296907
23686
322156
597287
221101
838060
928831
28130
717747
192760
434153
26988
38642
959043
610710
686042
440951
276883
317379
833107
186529
708976
113381
388020
571161
544214
450553
670291
377456
394374
530729
532641
995603
491767
111000
567017
810861
612906
535754
689525
237018
928283
71603
719375
800579
127443
68251
695973
392730
429210
430442
591942
753139
257290
599573
563465
432894
306495
78565
494796
427549
309995
317217
374810
845478
184070
936536
834534
554998
282786
144845
173492
426992
232284
43007
249047
752465
309295
775187
397589
690289
796770
302752
300902
743833
283298
133079
289051
620603
173802
405453
415260
199122
497054
850471
186826
10327
929464
635233
165955
670749
396825
555259
123203
271626
198017
21504
958248
556722
436442
973940
299534
253585
806894
601369
690584
16037
408250
218718
382864
988070
462362
360677
947558
373475
196579
978415
844885
324858
983567
309351
776547
529972
169171
409735
922247
556795
314765
94059
48804
438712
911193
893936
860084
24909
362819
80968
264960
356460
756118
698910
214667
412818
510291
553824
409231
688996
13054
857966
171167
319460
738514
901917
817515
739728
208404
693352
258978
892759
570692
960755
604530
959737
813360
965245
77867
340602
608548
917347
842625
229186
910652
391755
851824
999444
151386
383027
890490
790441
148594
818326
614732
828712
109186
531448
178239
251525
170399
655503
125945
628467
151275
907598
44404
734343
146083
57870
51223
437291
790165
122523
571840
874299
797614
317593
125667
431231
557297
984018
879756
187781
63172
440989
641152
507227
206949
1195
927553
626598
174586
903857
323249
850466
795269
810990
970382
160823
215094
710552
313436
187316
242842
488935
168096
433450
619570
641405
811080
146472
59102
500016
416360
386574
139192
278134
416095
896528
75390
617196
70488
264457
856231
601411
913324
561081
197206
948423
347877
259549
46764
319821
652958
288810
761720
262393
756294
40421
297610
236393
824643
859297
500773
94146
865075
578838
190354
205973
779405
981019
197201
180845
944038
336513
51307
508471
48848
555659
132835
742734
342493
910029
5002
965731
291265
652256
196594
311430
641109
291455
547386
675987
150456
905217
702856
249979
472528
701683
589334
318382
964078
164177
612131
675810
477455
748385
150089
454787
333823
511789
663790
992439
809561
293915
832468
99724
414889
405226
44940
410945
492658
262347
298568
101742
104651
734938
680077
363664
872484
827511
239751
102645
23974
864645
838774
743936
509817
225535
665095
493082
623199
130418
901694
388470
341821
605915
956046
803774
679546
511837
137931
702111
813184
454366
363062
519662
491104
978176
67256
205941
242194
987383
650602
606431
104537
467148
342033
306427
4805
845805
787879
450032
257554
136110
14996
98750
747886
36064
249340
558828
970328
461324
775729
103060
335396
123405
897609
168647
481371
41287
979019
479518
760447
489480
273219
337822
487660
311545
804405
72135
904537
440576
290990
805817
670910
780150
311605
606468
408976
568960
994017
68170
232104
120396
119300
26643
669121
283242
147845
186541
385824
144068
848908
860798
11022
892732
555158
221992
250625
232928
426600
994903
749785
181196
544
807594
178886
170077
818982
550779
517382
505293
363586
393869
523276
720112
449736
467217
428668
830410
470382
348309
214419
152011
734974
235082
975268
639080
740262
741872
411773
492694
195501
265184
4648
197541
868672
976949
427405
134776
267051
501080
389429
767645
491555
860711
492585
875725
102335
361794
157561
990337
603655
36402
161368
716910
735589
219893
453733
406303
803896
619114
173892
326063
985224
767061
180331
865503
780115
949392
505401
432346
888710
53839
463936
477634
709191
789582
373603
290102
915375
483737
570459
466851
314901
28535
232276
180228
289990
496244
756788
955959
683408
358922
974459
782461
625533
971436
48901
446734
24094
577006
397933
944471
74109
444756
924236
833681
269556
285749
173343
555519
771867
930955
723270
651332
132380
739674
376937
784798
39972
911675
144437
832707
160114
40837
313476
764118
483217
843670
786971
757062
820450
297731
488844
213572
940627
450778
652860
711070
273836
536464
411263
57277
656008
695692
49503
280503
133600
412238
379068
198354
641731
358526
116877
460630
585570
653261
871813
939278
847303
703754
693008
343771
641894
62147
887484
64564
305676
356501
613557
595325
83956
614419
117801
524739
835321
959631
644938
539410
237029
793224
506417
410804
655207
38448
519648
607302
612195
223000
276320
206456
408996
584570
703753
306016
492397
716195
804960
954940
960749
661371
631386
656130
388432
306866
866943
651494
492082
274377
549354
129384
451694
145082
630381
263446
834517
789573
819665
375653
349946
841369
835322
516968
512746
993627
131433
689515
596154
588565
852572
442159
348280
400318
214608
318081
918019
868834
2919
879289
611255
49006
276580
846604
826496
841626
524242
515471
463184
512499
326661
916425
109099
583428
306424
444723
952991
303712
134677
491662
526354
501327
775316
412065
637876
623443
513019
357518
36627
383765
999043
218384
670540
472049
243483
478483
742943
297691
630917
927920
704924
77164
69151
119364
921914
774733
118332
918060
156487
383486
410225
208222
64633
534276
656620
359207
590882
587245
612414
463485
210946
630017
428921
329792
103286
158791
610804
374162
907599
902064
943915
950351
482878
746789
681219
737579
781227
700264
690412
731559
877604
504169
683744
925040
245618
179816
107208
558996
987848
39489
318333
422881
871701
293145
651563
545820
243384
847459
375762
202011
687955
316880
37670
6720
178169
729873
263959
359826
10753
79114
173547
867065
148412
388052
774278
663894
34051
604399
761676
160957
615401
699267
694173
704336
441039
945681
978047
152505
297751
173563
876506
479363
180721
394732
563932
605973
85841
151141
839484
783245
966785
144869
870492
914805
937938
16756
588616
560805
88878
627533
439068
108405
979529
961510
350210
215324
882358
241885
682903
159402
447958
74881
162799
223838
590827
266041
897519
346213
173770
666901
943129
783088
937007
779183
881317
885488
451754
228477
689290
429297
323448
62071
127516
724496
643693
633183
643599
392602
514380
396337
497049
331267
979449
274601
262198
925952
891909
174956
829893
678145
435433
48404
30224
799246
625422
865499
591849
57085
591689
395107
243439
25294
454564
739359
854896
26595
515351
926626
890920
47647
667798
459266
298280
158041
892740
911464
632594
610621
248453
485495
281281
882239
676465
860567
217285
987069
96036
212317
968971
408817
735730
986457
479900
344143
863992
575547
194236
510785
502605
99042
975346
447293
155224
195843
930472
152127
803835
666290
222824
187240
235757
338128
773190
550451
346022
43282
321437
668624
139123
147561
371889
344543
547241
247059
690676
586570
514230
224638
589732
377279
151955
734676
253777
698441
714518
958440
671292
51274
581347
649979
203291
503127
272514
574698
272314
85424
383693
784312
103419
795418
645312
296948
13630
552411
38963
145607
126171
25938
496867
256348
604940
225968
878188
189484
603880
433367
69203
581093
861322
766989
370943
722486
624784
38364
949320
862841
180351
351434
13096
98558
423300
549936
951311
288176
291350
382842
313490
535079
434807
707962
380483
986121
802264
611112
437019
743901
672988
700986
576724
652462
50869
402076
872852
475160
361771
402125
569795
376178
440507
793750
518333
797016
599772
605799
95331
351699
668765
519375
42188
36455
94505
502679
994906
731834
315693
66172
924455
336348
201488
191432
526493
72631
537121
399244
6692
938388
114703
986748
837511
240849
62567
646992
645753
165798
657553
142274
330960
205366
429487
489765
616765
675992
374398
80427
820769
636589
536832
920785
521181
678889
699284
378610
243124
673714
824240
313013
592863
467872
357886
987751
634158
121765
883345
316131
881878
278790
380163
320494
40155
310727
10156
924447
21531
908645
716481
20539
441524
125437
251462
808479
105491
459914
338353
299542
155226
734156
198301
644043
851437
104387
253351
172696
263578
425562
784553
977532
984930
559841
207185
842796
449704
890867
947997
992064
705333
832887
256949
563534
344294
671233
32484
136596
879539
762328
60533
638478
144220
31315
465126
303720
811890
109404
514251
602062
236671
52054
457346
933087
707155
136539
669455
408191
866412
72542
954004
508427
231233
755120
479854
20072
869739
76830
496110
126388
993328
157495
991602
537118
862062
492651
703392
313426
800417
397774
944958
2572
474897
39932
136177
80526
39066
565783
454353
485997
941337
934060
516645
699269
201008
518132
330048
318796
113655
690038
660279
386948
172096
909961
874877
610954
177604
622328
712158
192396
480366
746302
105364
456856
165060
454128
644041
289167
655918
927482
992874
829752
992485
232257
660388
825777
556153
796072
688447
923456
230910
662575
669907
641223
349012
777077
11690
862102
99026
271902
439924
765722
490063
885007
679137
871796
878988
164374
295135
624229
77441
863655
316336
60901
867779
103297
673510
355795
475086
384752
326910
189830
744373
454763
635991
47617
169507
624925
793357
885637
172877
445057
384695
166913
293046
291110
643449
241253
928862
380690
560262
201172
177672
272067
989941
162168
959335
472208
324991
938863
575716
967471
502803
165922
894990
783
173782
891703
978207
216869
599162
536412
487079
361861
190522
769924
524696
492966
80111
288367
405677
47368
73298
470369
277239
945265
734223
557044
339781
76498
599746
443273
845039
327113
614928
766554
676735
668736
185637
546475
644797
105842
900293
373023
987030
458958
796817
668583
969512
11316
206425
738709
838893
575644
949464
484623
945473
766038
123344
968159
147985
558252
373891
829670
775970
615523
401035
776753
781883
815841
277527
319076
356145
699240
697090
398738
526477
812800
235089
379823
747355
6707
661897
907613
637330
336754
313835
211490
57947
44501
520333
443515
835199
974080
157398
472201
682162
36449
327510
909418
747510
73045
322112
344035
345454
42026
711301
259449
747840
367999
560205
447135
868709
818952
949268
179977
151248
591790
272480
312094
112888
280787
56475
677965
373188
373555
711377
479735
801810
520358
487942
593674
594085
355586
720885
68653
907817
772445
329889
640471
82851
654128
912730
620667
580665
859926
98703
640734
999323
632884
93834
481096
450189
520308
429388
437144
773715
377257
347205
948274
612152
427287
46704
399252
567162
602954
910985
333959
483605
665124
303852
669425
680746
823989
35915
231879
794508
431106
551692
565087
49512
361192
185533
605987
147534
298138
581749
825698
53664
757895
936776
500864
383893
241559
387622
60750
920235
114003
407568
760373
28263
412196
296696
34315
391370
533171
669045
432264
526034
730928
235424
59410
566697
527151
445006
716468
753711
45164
813161
174317
60575
86447
669997
471269
364576
581962
193213
203322
833386
193216
672607
467321
900883
606272
122523
427817
675829
435406
813675
142976
966526
466755
954975
209081
595988
54699
823760
622333
764451
599692
321726
189310
63940
315974
686921
891491
332683
949078
294408
250013
758637
457524
68298
195673
71884
314269
768359
1102
219233
192171
810817
32054
246341
525855
230684
246169
61852
896961
298135
276036
517214
213534
982535
786393
952195
430449
711855
475904
231627
788060
385437
932411
515559
807125
55140
862232
267719
820382
753265
463999
758401
777964
872780
489963
83867
316393
165933
972085
943189
537400
19980
148630
728968
301143
703362
613713
580306
176563
474623
723539
543299
58255
433880
329932
187654
925569
320826
114552
156136
206285
612928
160713
816183
811487
247205
872371
167429
792805
908115
403028
653388
945607
394970
552637
537579
440452
247932
309025
283022
829098
39845
659417
741101
669425
266935
942801
401899
945781
268036
55443
185118
117647
734101
397806
596206
417679
990247
456002
431638
735575
617397
622315
515272
466199
833392
532104
422573
971616
857164
357863
12298
831719
977780
148942
613310
42905
783198
375144
843688
451349
159288
266507
311269
152203
787330
57826
284599
840367
586805
860028
483521
515609
518177
476528
359726
760380
560724
689514
699314
182017
726646
268375
532136
442559
948146
481257
970971
70681
737615
148487
699552
801973
884061
961044
585248
890836
497802
817947
588596
198931
793108
873748
583849
174077
90521
301909
14947
17418
250954
223704
944989
590905
898430
148453
423310
990149
81954
161756
913255
469447
681487
710177
39865
322728
33204
627236
205428
536000
130354
488139
326283
260880
217671
456831
639603
437976
137953
845264
204617
334934
824916
432966
386259
603869
738855
657349
936478
13454
628617
734428
139271
598645
860705
765546
443158
137154
114691
137453
900613
921314
916990
498856
867294
672377
989074
998320
281090
302079
75135
446292
882886
633012
747832
960679
163447
825921
456886
173996
684862
825581
857834
236572
578783
950904
811978
782038
26267
503191
237581
823844
805494
625549
937970
992677
447507
967011
425529
366365
769147
88772
398901
877270
297020
556535
273529
492592
801774
997049
143152
472908
336529
595830
572553
635281
240274
573028
660495
112793
942252
877436
548182
876476
217835
521494
656145
261751
452364
996513
343041
974136
801281
923836
51784
444168
3217
558515
187868
549461
108187
4633
71510
133147
956922
339070
974826
52911
763460
159373
50161
481512
284141
776581
585379
289514
815689
527314
617440
338256
377967
623367
299949
472949
213305
788218
968892
647007
995623
422589
629667
247689
177123
779956
684847
69324
703839
5208
979218
686889
221851
272007
644471
315701
5506
589189
35318
64546
141876
80211
608355
512422
22431
449834
545473
526985
932742
854932
451860
265168
919332
901096
763668
122625
403625
9952
425149
115795
656291
992344
944516
67572
178808
586085
390756
375798
279568
766416
758101
478295
293775
8814
561374
905451
707840
710749
388290
698856
860429
951005
824278
322062
912938
857736
596402
17969
572690
249392
600646
314660
642986
178259
918404
879620
411905
647549
936827
199966
777017
577531
410052
607486
749567
546103
851989
2709
667061
751797
269107
900422
134705
886313
848772
572877
338847
42162
709506
488780
505026
109943
162636
387764
426711
891933
653270
637772
956186
917666
582081
393825
866018
113561
592710
434443
236263
708354
376331
725463
624676
606149
220568
536214
192983
227595
458275
355329
921126
820089
37831
721543
648220
38986
970323
134517
182672
501512
265791
507905
815718
166375
60858
637747
410799
921150
760926
693489
61228
847331
602181
979237
379248
705633
580213
630349
666851
70168
183543
996190
542178
51698
564997
65942
904196
789758
514401
177245
267320
295146
667650
884375
445002
152481
794857
735305
296196
270079
690387
265381
805617
666605
335175
224372
259581
755678
123471
646046
754424
869285
443907
515417
28729
892848
645504
469228
722207
579365
161336
279519
568563
560023
58275
210753
898665
201701
428756
666709
648901
279919
24358
927002
899547
665846
876629
72246
484207
163023
802537
804990
360826
425796
148748
951461
178382
326344
695229
104062
591633
258260
725597
168623
859045
986978
672359
975092
816424
104261
998397
265165
301015
451427
27037
452870
722701
794513
478322
354657
231338
78153
36103
648353
585103
258506
384214
435125
95621
583308
443071
415296
734909
331103
209748
192641
730802
142495
720209
464932
76330
263190
218665
29028
819484
671534
899771
300827
4908
984465
254308
218855
971794
55903
637677
32251
589720
967307
639589
851903
448258
196499
681802
745765
69447
440026
872481
965322
951230
462499
1125
762244
119764
325676
403932
295246
941369
106725
754820
35085
784859
728459
807917
695742
250763
912550
131232
397567
365563
532059
635261
383670
418856
107246
547363
60898
114965
568473
751943
132988
851373
182721
160552
400009
206346
32411
639001
228479
542291
537307
184701
686289
152447
217428
734033
842777
699833
70257
319907
925154
297756
634958
977761
24399
125661
338932
199244
572458
522632
387311
713228
907213
815395
692750
234716
356839
144367
386487
66277
138795
879884
678180
489065
692315
967484
458238
549142
294637
243136
98004
274747
579863
594270
271480
96278
491580
222148
109622
62027
10163
484230
772466
532914
588720
638852
571933
740935
66065
951143
850963
678149
647751
533962
293333
497164
481759
41909
982942
816766
453996
853892
837988
994730
425491
129830
613740
6240
144371
449729
674762
115172
406894
992051
432116
697085
791641
20852
467202
604461
959100
668759
538949
552634
601286
523567
362241
15147
736272
683918
956744
733391
508300
956009
728500
454134
795850
54487
449856
707203
813798
983544
576323
64089
884626
266226
672715
47091
757116
539479
423826
114640
408795
913507
595872
979787
863707
120737
621756
868936
328291
156524
942864
40587
152063
990547
516056
517411
449327
333846
522886
604035
57931
986125
40246
75824
568401
516456
856329
975254
367245
81233
385120
233974
207076
646126
156023
900538
407548
971970
545435
702762
388555
628851
98825
135990
135163
176294
941989
12467
834295
635718
831316
398883
361813
699428
329398
108589
370208
100089
964099
951979
732032
884550
530625
969186
409864
224796
327775
883469
670045
720184
247410
177042
81726
911046
415177
321174
451251
271686
622062
736876
468822
17612
959932
71848
344120
679329
761176
446162
999026
367431
818317
249974
378570
971930
587016
898969
814398
678930
269421
414022
852656
999781
307347
503685
479085
845450
99
568493
966619
596247
482312
753297
947583
607820
725075
397846
810473
470376
196975
153189
389821
288953
476027
319995
176734
745202
337225
90781
771128
585844
908147
623529
938154
579375
519957
962504
204751
768802
341034
810368
525672
151486
871558
454310
964967
891112
432045
872305
395226
4766
98191
571817
227890
965937
215841
10877
801712
485744
807961
945396
562603
429861
200582
912444
36288
197753
663689
656927
564502
761522
677620
590931
693068
354141
681085
981872
30786
216967
28638
885628
370049
957925
184909
739234
892168
890323
245331
826626
834932
887033
786252
397793
215051
466186
454714
497025
28773
580198
481413
218124
62583
582496
737171
429418
776253
450649
788160
932530
685827
265227
158266
692028
786257
795618
595708
461013
690097
989892
968933
609548
565342
106610
498036
274729
262475
420038
324195
817533
190028
213468
327453
362901
335717
63885
163228
644040
164526
543959
794147
384560
508127
701592
305429
110773
685822
261305
584753
141829
282530
938984
943723
776800
847330
366717
517671
230671
557920
403134
216852
418932
878315
235710
575651
850941
24149
2144
888419
436658
334035
752505
766331
694510
390154
470419
775363
54507
548028
587726
301759
886454
14670
869026
10168
335809
626293
41663
68409
585687
455485
567317
539107
111338
718966
666800
628397
263112
994491
894587
971452
405228
136608
79653
725275
230129
319287
81120
667927
789986
968319
116038
691002
809068
437034
279190
78050
583925
586250
712093
841213
578181
137623
8240
740131
766498
570591
171861
555855
211835
15946
623106
58299
800698
885321
768125
5080
709180
880155
146338
849191
58589
860220
737283
793335
227308
150698
248746
891131
619646
916053
836793
753607
552286
666018
308083
675559
165090
787164
132499
48732
888856
886456
48858
307508
178976
174851
979366
104453
56403
129450
430078
884549
896545
183781
61546
232649
803001
457025
529407
257688
956321
230346
326009
775916
690917
243153
975488
934468
192620
295775
898381
935849
946982
848694
37734
390651
444513
433152
441541
247158
448123
905175
500439
355079
733170
968176
23904
203461
345623
749925
259515
63566
398369
125469
215935
181183
905502
328281
942782
289679
471684
552030
764775
949832
882726
619515
913163
407843
576386
207926
906109
335168
162423
377559
23122
684479
868692
377168
799815
446718
947979
777991
238082
718383
667140
308354
826481
829780
49358
251502
411343
627674
310128
663948
65029
123024
138462
545721
274285
943810
909511
347928
56689
421878
845899
34398
208594
931010
99274
683193
477445
472008
719192
100126
657143
580496
158476
942126
889394
394048
738679
264004
885079
747130
732722
557021
570763
333394
189137
504100
372271
522667
65652
206490
742855
316397
938811
908063
252860
573668
688921
186207
653884
55416
497090
861980
975743
651589
31678
48339
806821
650326
751904
217230
970299
310019
665231
791430
490653
160548
446595
927794
655797
268657
857804
870704
149857
740600
98572
818703
480947
616185
168453
590199
755602
598241
994381
380341
833981
766370
913822
576871
200368
678315
880074
449280
330975
341193
300107
191481
809631
760922
17657
897045
70884
867497
458836
380110
358693
231723
199873
244641
516700
848789
768786
324467
250089
245016
604094
982943
847062
117306
870064
630557
819509
644178
643002
431056
508518
396896
130922
454252
644917
20359
476021
650625
431776
217319
961744
454697
809398
532315
882206
307082
220698
878732
328452
740809
228903
247920
442584
172556
250094
692707
87415
743017
93338
425568
521845
135984
798837
634588
553968
857873
458819
373055
291709
383660
997132
994687
720516
245108
991159
693019
739432
349310
974610
769522
286366
386284
136623
352125
698975
562864
259368
115247
242744
860287
976258
918504
508415
136789
510255
780624
753056
949022
386477
734358
274325
113288
313485
844805
148020
526755
329998
630016
893218
48433
348136
30682
599781
119184
67428
133204
705816
40513
251688
942900
198711
957396
600529
637118
236314
393138
409529
770322
86079
75334
871320
681698
353728
863433
35078
937741
163683
497898
688798
591517
372048
768790
112382
667162
845597
137065
207596
551689
218053
346097
725587
690436
187704
646170
157355
511607
461516
831740
385206
867636
820177
471870
284646
298420
825473
204837
43676
796011
229014
505277
868683
882694
292342
349794
184891
62916
214154
76907
165738
910638
27692
815924
629644
960501
519935
195975
35763
462694
928536
551911
299083
38988
303257
552248
532796
684002
704735
441230
257330
324659
209
308304
468025
48720
328793
651784
273921
956845
588271
961931
128833
899545
721361
477311
890936
778905
197775
865806
771791
174304
364034
339942
702171
290348
967773
688426
66686
643519
322971
405496
542893
629048
986840
852567
226444
832591
19516
19965
519797
801962
161938
122427
873303
819230
773558
886406
761531
39493
21549
67555
190050
642744
594383
390702
124299
545897
385311
998918
427984
10784
418619
385625
801136
747728
860334
135
562920
74709
425827
571765
449978
537037
562485
479601
20111
147792
331873
352253
44984
87821
183325
618618
355600
407746
503234
756274
260926
751575
506276
370946
648599
765208
986882
340514
221024
395021
415705
350931
246064
1720
12371
853220
800372
970411
512413
483296
210317
836611
337878
772567
944660
414405
254050
629448
332669
658131
982239
936424
700889
971146
113904
843857
572341
200572
107188
180170
321056
716805
19547
537263
225802
228172
332815
286077
617672
478168
60109
732860
557365
561868
209175
953865
922866
166656
756802
931391
41101
888510
205418
810562
67711
27286
267142
775527
873296
403870
497046
688579
479893
670474
162233
929551
499097
794596
713883
598389
358746
183656
219403
735545
405354
58942
20650
576007
665463
508756
551615
786645
115876
946967
609256
809652
283605
913167
121387
886393
152970
687957
658027
707202
188643
738225
176246
527783
333314
983828
934267
398655
238349
680302
825177
995212
462162
543149
665106
26628
475526
512788
871838
138493
831654
280947
836700
102580
116223
971081
189027
504697
832264
14130
617335
895739
635821
911694
993304
166060
294695
526577
65396
315216
443078
621312
183356
624103
238544
115246
578515
429045
321539
250643
623011
463787
866871
345190
197578
284083
913504
521431
945138
787485
220335
303116
392319
171745
686935
944501
2209
902864
347053
166990
307081
828252
822568
336305
551415
317632
829384
704213
862898
605453
896404
966247
882322
361939
361787
920451
543863
109864
621276
291471
905692
110104
280161
121524
854341
341993
811206
778042
945494
789833
624760
68415
337854
503510
668952
831188
282448
368586
451870
256436
424754
135490
716507
579362
595182
680745
201623
496158
981478
504325
505304
581827
18212
398750
636420
903872
544528
863622
886558
980465
47610
662730
759596
644569
405463
631219
235193
331326
865161
978937
907574
167842
256407
415493
198908
8089
505084
247905
495533
433036
127771
779007
90680
879944
590352
696931
698298
33731
823457
829741
17154
679022
83795
539847
980013
198192
252185
135911
727216
724292
692839
258241
317813
544176
438566
813133
942108
535520
313280
950064
542306
549408
303642
123658
871071
276723
981858
60507
57321
329618
260157
470354
680150
956548
647779
362740
215199
919702
263943
858725
969505
480504
113774
356119
135741
384116
449313
240972
403166
413323
522686
57801
246618
611374
42408
242585
751666
748310
285406
333818
549172
4480
165737
8553
303232
872137
392879
409797
4263
373217
585061
692386
158959
538863
243362
281325
660659
779841
776078
407159
196647
25838
60665
159776
87417
377483
180488
845409
163860
626630
417994
156277
590526
611682
235497
32037
334881
978639
53691
568495
246695
597285
907768
88658
743166
637565
57670
567481
632827
785708
506993
1409
404379
291101
36982
212009
634980
710794
846590
635925
462698
131287
37672
850047
532717
686603
721215
121787
130976
784491
826699
698724
52292
921909
129219
385768
354227
609910
895840
396462
879545
755336
101324
492703
441629
106028
247929
229016
489277
500160
771087
835242
545111
508445
936253
636300
486628
701775
424497
512414
366814
843186
531490
567386
203427
753125
814090
475609
448754
157998
433266
633856
107153
765034
975781
345925
966801
512175
430086
155489
865129
747008
657406
621268
267264
714732
871821
536336
582663
488707
89474
624131
265474
787062
810757
547012
200422
73866
975634
389017
970718
558712
841600
387491
646184
571045
139071
13735
380252
520121
260257
699961
49613
10398
520783
4359
435528
740823
648284
862911
120185
522298
100214
11934
286189
406988
816568
630934
599154
592247
629597
90011
589659
847594
354128
379915
989600
620429
420319
85752
752162
490912
876109
610643
989899
952175
278342
364598
661972
414644
798253
167501
348256
802761
126546
219106
825286
323528
680703
212485
382700
344513
215665
835284
223374
418647
370788
458412
604318
661175
516807
925548
437638
757878
437327
651619
269705
273094
470056
163606
440647
975061
480261
875887
906911
887555
139992
47940
697263
507773
922206
984515
945334
625275
791762
160888
423387
134738
164801
788155
601223
275126
766397
948601
604525
354576
560299
217437
281577
232696
812792
448794
375814
478032
979304
928727
30554
167996
247311
734776
530316
491777
959128
831878
241398
823353
30466
852410
77605
919344
30827
797355
358333
206367
157509
675473
964794
852291
244261
33589
689681
76504
689018
532151
761780
489591
389018
979643
477301
263177
410488
607666
785410
10407
851826
713408
226382
584912
53703
738575
106577
211718
551078
707440
642725
932549
63777
753001
836881
467169
350848
11743
121123
46971
664818
461473
798326
840223
446239
245454
540564
174909
115161
935781
944500
783746
405168
536871
586788
365843
585892
304811
313410
968806
335669
429694
979940
64381
863447
5428
993368
146111
862530
838032
696837
203636
262693
633419
26928
306332
998138
266756
917403
10925
311029
72133
289607
51048
633110
605166
540187
795095
847262
162945
743645
46949
233758
948809
456732
602521
570858
2599
290544
405937
374317
389050
692890
506903
894486
682666
631493
98370
138096
451474
110062
436396
300688
75464
949151
474155
582183
924682
342294
558063
380087
955334
878661
163031
215139
556549
705907
375472
967135
756214
632384
831178
233542
207955
172165
645625
500042
127346
312730
727013
6853
946986
200625
857230
900463
592736
116895
308833
870185
732077
347899
378351
549685
951597
142815
719056
722633
703143
357196
465683
775672
769620
749098
645280
945616
710158
582956
30189
862339
61654
27026
126937
229693
327938
191560
684520
647764
933377
341932
716636
263646
850508
360557
683116
945628
628844
760462
9956
433299
600674
153866
202200
206011
895542
630226
489478
842321
351007
491442
45767
628359
899083
298961
224050
51611
612621
104919
363470
665989
724257
573033
991857
421450
584412
823567
850425
72174
526260
90231
170918
784774
927849
149843
690579
706028
449232
419485
824143
303499
104826
699322
183644
941017
482949
463740
694915
10405
545983
810946
516178
641350
789106
888506
510772
644531
221712
77703
9387
357169
501436
112958
213612
779623
319474
859977
458391
500749
580501
996846
956049
470211
873236
946282
687424
358590
149431
515959
751394
438557
825676
968173
750794
391834
92328
300549
432441
726299
394716
329400
585813
933800
326454
978630
867336
522104
506353
170706
539896
241380
999290
473322
753502
315069
819295
161125
593669
385209
1302
659365
953953
437640
463912
758332
264394
129860
554425
826859
154516
5383
81140
620294
884299
257176
71255
288755
574480
680125
658136
654801
258059
153524
960115
791221
471051
818492
951057
36111
2
739790
258070
208235
828182
681513
641415
281812
981413
284363
768278
185811
167768
806523
980172
56277
219618
75523
375826
274218
225494
999740
892956
97449
413027
132097
469235
302514
778413
502149
729053
960652
47752
236033
13034
157036
248339
208390
762590
133463
969455
918448
38006
144414
953051
214587
528665
168713
313454
105391
189533
323023
113583
293879
22706
975488
102548
400848
430575
550789
833558
970205
923191
565632
66669
982615
66759
454541
173165
41697
937376
737066
423357
935417
580299
587955
924143
236747
357774
306245
756801
643231
588585
887173
530799
98099
981453
180665
661427
602212
883546
900499
141787
971269
493587
110735
630404
547282
102049
44338
312248
218047
598912
827441
508386
651433
819402
242420
863978
650606
677150
805935
410673
397336
740525
190384
681962
735156
424097
565240
971283
870017
728682
304384
909904
788292
204454
162269
708642
88313
517099
158845
981128
774819
195060
625809
157234
771012
393639
987781
890398
469417
328511
227690
264914
125341
495899
380341
174580
432126
524514
862433
987465
77804
61521
696175
153672
730909
745570
15886
631898
417165
985690
797973
886961
693907
433968
809964
275202
212815
288277
20299
13408
897024
734052
204506
71799
688306
996136
449080
342945
460820
9348
429208
250728
808359
412547
743493
398489
53843
619517
278982
734721
930388
257314
461276
750087
961681
570790
46888
382822
305549
647241
474857
993029
30710
867074
486819
823284
812251
974023
81564
729989
428859
809532
233089
968901
564280
275253
324133
133334
297899
569194
877865
327914
570833
167990
646518
176286
977570
379275
352871
666672
415938
292919
347268
82975
922961
731915
602666
715614
651805
4973
337798
239796
816055
463804
308480
116019
314211
762267
944308
661714
155113
640285
806363
349161
109064
440075
503624
979401
464394
935572
565135
16694
815987
794002
72832
878723
70995
898805
195601
826760
741179
614414
615961
513281
923084
721722
391609
617798
149290
811241
200405
934819
272848
398474
423104
728211
68542
45589
287734
689246
531085
864884
575554
889932
596770
339535
274048
84100
101697
933554
363965
797574
230905
172445
161658
170754
61
767849
992272
652691
340691
420690
862573
748955
32997
847013
366332
110331
774774
554759
33059
91631
498798
687775
708582
742533
788822
611937
99176
414968
884319
980280
357778
742125
381084
193679
211020
401545
140240
227197
193257
326701
23714
886539
452767
212623
786477
786466
402931
614454
179060
400918
444083
920978
748594
694729
377629
739125
12688
47997
860766
421426
34800
689914
662516
194449
954854
424344
130868
747563
33479
824554
402920
561896
701209
617671
797456
388563
546474
489270
764169
629463
773500
614261
7564
454233
397917
18470
885645
514097
368789
968023
199619
479814
135289
818092
505927
219076
802973
367275
421654
103101
419431
210596
286385
5849
406270
952187
303716
9211
235104
947284
611875
998003
829651
184537
838223
486297
867827
489259
340632
726604
275690
125667
581437
23367
410686
168835
202672
41628
446725
594174
972181
326801
400499
540000
166248
474900
266004
552667
595517
883483
708949
205232
893219
238428
179388
114614
843362
43238
409848
14986
558756
249243
129427
805780
835248
687946
153091
691249
922001
6701
204768
848578
307925
749756
938161
183632
150961
385644
659167
802139
808002
926023
985163
881598
744174
350505
221307
782848
490345
542420
523567
449913
304404
503281
427602
564958
410047
598308
570572
471084
809615
343242
900084
197742
542075
197650
758115
160042
85552
883765
225828
779054
372757
812371
730119
291762
477801
430315
214613
479978
343943
657719
203037
668075
1483
558370
165485
683639
771343
954983
416540
260839
565263
838983
208964
295348
352875
909030
307982
315489
426250
379331
19942
200265
879322
387411
399565
693184
23094
417976
53260
124009
435489
148003
270150
576276
10607
797059
664167
777233
32259
474280
527097
551894
309107
969529
877525
693128
663688
418574
352758
59753
355681
295787
95721
975711
976758
601626
124960
714589
817850
785380
7462
829488
205658
423403
373294
266344
181283
311079
219780
537057
691840
449019
589925
152493
936544
674867
194730
812383
833014
467293
942942
464951
174810
610945
40689
247461
802381
102526
800390
841788
381018
225922
814631
73012
311767
976741
72984
688732
35403
58659
184777
663002
575210
211444
370212
144224
343547
688650
947399
997101
30874
263270
987724
403773
713434
324248
622403
524111
483266
550097
948353
603857
208248
735206
286737
647721
590460
683555
272649
14434
225739
8330
419320
409649
397283
347687
749884
89636
911526
194769
886448
128870
608792
834751
880706
501681
370243
68868
898210
717776
99514
554728
171670
299600
863290
955365
848874
828483
303148
385531
507461
871088
625735
174576
560280
422234
626450
118184
27631
938475
575303
324124
354986
421501
270611
184698
632581
161221
73338
650073
177042
439965
367448
691991
547785
6125
392578
132370
914358
777013
53195
826175
741840
300089
661602
123626
693034
22536
808281
178698
163074
766827
183296
913280
878583
228391
138800
86764
507288
949359
33828
826540
738584
650986
170113
205299
412957
29596
968374
402369
354551
124979
985854
418948
926894
267761
341122
854731
455348
399088
770972
605411
863481
182167
728247
946704
884702
996888
588882
650026
197825
475170
354467
370769
306359
855658
291352
432590
219671
154450
306040
305479
256179
862451
209001
851294
648290
603212
492042
733352
347833
730950
807168
220613
869336
110371
935567
933857
998752
849859
44766
492422
570946
663251
947741
535963
212787
979602
997186
273725
816635
400193
858926
14136
224301
338919
463919
553825
501361
751870
664478
87252
672701
666749
770217
509894
762338
666883
467499
486214
240387
150749
91255
264725
886112
484788
792628
154846
867216
628310
467938
800147
671181
478559
754683
370662
521833
118724
467828
456353
942175
341243
791970
116131
64645
319050
15994
585208
37661
958891
608817
123475
541706
343001
416642
299562
132383
698811
951758
275759
464979
445033
979549
617830
63313
372703
992834
541287
238380
916349
539165
576370
611120
13304
967483
300650
650003
32225
840920
641328
953355
553424
797252
501725
616633
740269
170594
898395
192386
920282
90765
848929
934015
14976
255766
758025
320266
34997
416489
61135
361017
935175
992718
443432
903527
167208
43467
124988
863469
247413
863654
458178
356592
131173
151815
870775
472340
492875
86716
37883
869519
731079
45463
917320
57112
802895
896562
837647
408254
723221
494355
979313
710868
253398
621290
454103
627274
935935
765111
978670
278615
10171
706760
880194
770706
616925
682336
600630
435360
570471
118516
550686
62344
666869
22031
955769
60643
120649
297557
198414
597423
422644
746084
329569
945154
515293
110742
415634
391067
40561
858467
561235
775828
189671
203812
341572
262835
783150
660402
871725
336096
19062
225581
660247
285874
181464
328664
165639
633634
95459
63906
381016
967649
488260
76031
831860
908677
382225
25205
503855
563358
943858
971891
211456
76903
438700
488219
466652
834009
362892
89761
466992
626265
587052
705867
186235
503569
101541
740248
401415
27803
282577
693181
94402
20250
340219
750346
821373
887267
158182
594860
24256
445593
267062
186827
739399
617047
538175
542099
585374
426309
733929
370833
113236
687438
658365
292659
456799
208104
378958
878130
118220
587922
147846
942027
421985
163228
346700
700712
859409
439584
109647
237406
587290
81486
636786
930960
986815
332581
260436
561456
356573
517886
981434
966565
22445
556162
136348
601417
440533
198396
947913
673865
820458
330441
776439
108976
104711
171628
276331
118589
735235
967358
123521
267632
956049
247939
278745
297188
119289
851479
617054
395862
371759
785991
113652
974979
15117
356540
536637
955760
3506
285265
428745
462531
662198
501510
967832
99151
610121
168590
421708
696237
568039
962115
928560
922437
406266
467514
878111
895788
966860
501488
461906
222695
317670
874211
656074
990478
229066
665725
547158
112396
98570
693355
838465
578243
65028
634189
458844
627148
598394
32454
874212
772700
169042
859506
720271
24898
791399
431479
448312
596045
194505
139316
27812
877642
537560
809495
882288
937258
57400
37835
378841
267074
334449
744526
147944
644653
775078
68704
598328
45196
821552
259159
855461
159278
732631
766352
349331
447434
21932
797248
237528
801065
70150
59048
465607
288929
896535
876199
874266
773243
959402
526185
1723
959478
607931
335613
911215
720485
199154
553669
698975
15155
935998
283398
781829
255495
140491
631776
397103
246722
831519
847319
709043
997605
349974
492687
636912
698640
234936
721686
801084
68005
213172
814876
655407
324555
632188
148606
708747
787215
565564
761279
226311
969316
650104
385879
320183
393611
143809
774694
232921
146766
375571
686145
206462
2598
990158
738989
425682
955068
354703
17066
961674
967564
541163
316006
375722
210086
397383
753299
630129
608143
814999
367122
279265
415044
785137
830414
307502
989982
158477
117030
605635
562897
731164
618626
463851
451982
394177
982535
499683
526729
528368
604197
111417
33173
383138
523405
83168
189738
174578
827904
701524
831497
381527
527619
293476
348342
802046
783343
949153
990372
356612
380836
700577
72047
614925
230046
964272
339075
2884
577568
329108
685530
926575
394060
552764
81442
401773
135764
400132
311548
419215
886603
123623
464929
736337
503829
617922
838303
143476
331965
560897
958593
534585
285477
599976
456653
551291
65880
45120
507815
289322
701948
785948
797139
313504
267747
346183
185880
504865
567104
964492
840000
701556
961526
166944
626747
690776
682892
830640
877091
976229
350717
40515
524506
662913
643308
274188
547663
775099
496693
400911
548384
776199
861407
33197
362265
915542
48941
514062
359643
453010
677588
792105
766232
889523
922502
779507
250299
109313
549613
346018
113380
879782
15411
817756
155217
212655
357310
558145
804696
584543
666553
881937
196752
425392
731213
896700
714192
205031
158896
234117
850639
729170
924372
462738
795499
169185
267583
368210
417925
316383
350010
342923
818633
386187
485347
697407
474955
163671
415326
109562
629901
879420
724648
559547
136605
919288
495307
624956
852763
759141
728430
58464
503385
313847
765508
609593
939227
88722
936869
808947
262525
847750
476089
853600
638708
15080
462416
919072
588012
854798
302607
188844
804497
698790
624070
669055
272490
994036
359325
582499
901919
164646
6891
638548
929435
820245
287657
748626
813260
923674
244283
48648
433287
575627
157038
885972
741833
447505
721856
855347
15769
450471
829208
231434
404297
943921
40278
368339
987098
17462
175557
749474
932607
867004
548269
926675
613754
18687
864837
574995
475299
229197
120070
99591
579976
949377
355291
59548
555693
521882
650805
344940
473268
314679
342970
12938
158040
2545
569309
308650
320723
167957
725449
351024
180320
98044
406839
432467
346011
106569
844767
952110
321348
66431
700170
462115
113954
322557
387270
209324
97092
107158
758515
631487
325282
386897
69947
155741
768355
238266
947551
439352
69432
923427
15916
645695
144357
878779
462796
857799
685920
47432
847992
335127
782994
63044
160907
37712
275194
748370
879794
699511
243569
896219
514496
420961
914632
563465
644190
261114
773645
766816
485856
304753
354477
85812
364018
843652
310643
322827
790129
15587
524590
557455
61910
50564
822065
468015
253389
372418
476020
377812
385764
90802
695704
141884
387230
126533
53640
597300
215912
833747
888955
64758
688739
993098
724886
82972
946400
249330
945581
825664
703530
381788
908842
710131
696636
395879
356934
589654
730387
70446
630709
424344
819166
452049
783263
149644
178131
166622
904200
421286
494299
446237
756944
930450
506157
512245
567766
355184
588024
501182
193336
841904
233082
996644
477878
541191
853998
111540
67957
391371
21986
858246
598303
665841
549350
672648
543783
360160
359841
483107
406506
990001
205181
16139
275953
310150
639554
882920
84499
568068
597441
552220
276856
130158
957862
613617
384952
951583
591089
673056
905633
790820
640190
335168
160343
513076
830976
870282
677718
123084
840588
145413
259924
675947
901585
937426
821826
345575
709414
207702
189104
779307
259580
682239
806096
585934
136499
517685
576658
127056
495048
439135
723183
182195
414059
538063
144514
33716
442286
152203
579792
93349
896410
494905
870760
20584
385372
906278
530470
417417
346269
359475
292625
595321
440495
865308
967972
993059
131234
271206
73578
510509
805239
717925
415618
112845
2860
996263
17794
222725
77302
249857
541240
253373
235085
636787
335820
588923
416353
372346
23233
893953
143210
645619
107802
601859
398685
554471
594585
461251
325178
514679
928675
68939
595714
558565
797695
248454
141638
665916
723645
97468
462683
761758
250291
655848
875114
341480
974626
342456
901668
331523
578552
744801
597266
706122
954223
399004
479434
919827
629523
651392
234942
727773
317856
433277
54126
493524
21065
8882
746557
969155
825173
104620
810274
884182
143396
177980
705461
744459
766608
304948
503465
842293
909935
539646
814169
838381
822132
459160
761019
438421
701365
301423
18353
12554
791943
947287
788222
71654
566789
910821
654549
549102
88560
770026
863501
266463
472944
610764
696818
4624
402361
491842
792245
171012
743049
730347
816451
908750
681997
942284
67570
453857
284579
990885
857432
836979
628091
491246
196086
309326
907862
613811
902610
195123
274352
209417
344866
674219
258427
694316
506212
310187
854337
550774
622283
209827
64554
252606
33171
370659
389214
432203
704885
55018
647490
206068
89271
480461
826271
796437
896667
415937
263457
673072
961527
451205
787259
947485
546341
653294
986791
455535
569616
294032
398091
665701
183535
170694
202744
25482
392974
934879
899979
564778
340872
22629
420342
94769
342993
145355
819673
469025
256752
888434
408714
61103
992905
9048
213684
950651
255448
576478
549083
106283
587898
247540
636605
753891
791973
970275
481812
705058
631481
502966
631353
707964
961774
545862
786914
685168
293804
901345
699340
53797
912825
494678
674356
814342
773196
202528
70590
648054
824257
919853
89785
629426
147942
358345
622330
213954
258290
727404
289700
917724
718357
628956
518026
402901
423979
359616
459755
598084
521226
459267
152732
323638
905722
76769
34563
899527
477508
672401
23871
2723
639459
954639
576101
474457
122647
681157
465958
130265
544089
245781
268620
35018
15081
113414
795043
856906
761475
429832
180852
805123
402672
967141
563693
961702
875576
177799
188444
884999
614069
877664
285338
603669
88194
537850
181828
940980
173395
616155
395749
642873
545502
929364
755632
689729
356151
413158
477224
811951
441722
379602
554978
461952
660257
380924
146466
181900
255094
586683
958691
700891
883874
64575
962867
455329
121187
900191
456570
704472
580444
604095
852635
479480
615238
101211
927666
251798
155332
575794
48190
334230
893525
463313
859416
591246
524707
792058
404641
160313
137592
641010
585723
622485
223696
180452
589165
75354
697161
434677
309546
415446
757559
459813
715755
849130
695700
500318
778361
365595
304532
244637
264327
77333
532375
830650
251771
69699
356280
166229
976973
823171
561603
29727
273608
604106
159811
310530
734510
936916
308216
678702
746041
539013
996455
758913
334843
465249
706892
567443
701223
224997
966891
90331
364584
433792
57796
822273
437807
333873
562661
882304
873546
962110
19289
673975
278640
607246
410494
863373
85529
670308
935541
682367
934794
333240
313714
444616
274798
414068
61747
229035
937312
229960
875085
90848
198982
545770
666401
71705
639255
841069
326702
871791
131516
869501
799680
853038
151572
828277
831943
410170
157010
59997
53378
923100
126145
388035
240090
487789
448872
217780
436235
280861
112905
413591
425725
140064
795651
498471
635057
155255
636119
347147
310999
623895
312135
137556
235580
244919
973466
469458
129312
821627
698685
931795
161445
802744
188548
917305
97828
218083
284174
546871
666906
106203
92613
316136
795328
792144
559172
78348
819768
433678
141652
455711
8803
987306
933711
10200
72719
695687
425062
409531
747662
993350
957054
221019
685730
756360
675700
95280
154964
355424
988354
388817
321444
895642
118713
47694
270618
628835
96750
746732
393851
572691
637362
435197
104471
26910
745849
898716
840703
34258
620827
835843
658837
287053
181241
930761
22203
714559
479352
146106
849389
967320
685097
186068
43819
430350
520649
797852
247567
631756
290147
890844
148989
738874
507988
758265
94711
938853
488679
515572
444304
485132
489118
874173
426360
207430
114706
820207
981622
242963
365554
993965
955317
322749
167143
463127
990709
236138
808856
115816
863010
144897
675337
159406
937474
925367
316382
490855
723143
406069
329854
73909
494916
741032
269843
180094
970044
729444
181933
48483
344535
166005
390918
84699
655982
639172
681632
553707
977093
784675
985931
604740
778648
940213
838979
912121
808142
952957
312949
338139
388234
946753
15458
654259
640353
51738
590940
880859
608614
312219
46510
868665
686560
318812
424345
898777
656861
628002
104056
588070
876640
98156
431429
804805
630325
742621
606260
15375
119973
600961
921469
154600
201030
383165
18807
669632
503978
456472
793184
642342
30967
661472
962297
375428
542807
103546
646862
54011
237829
580362
791700
194908
84104
917499
265642
72255
80637
21611
990850
719108
414796
962550
172057
980196
598013
656222
984930
432435
105827
97876
539457
53812
349238
662181
77746
400984
711743
402756
673290
517845
764076
604144
276630
594207
297923
208577
221600
712582
151283
595093
739983
650988
816711
446225
12398
122401
87412
825814
205637
368797
409425
679554
515747
72345
47782
445344
820734
268426
865500
715437
201073
121979
685012
15816
638179
175750
815764
879157
930632
429806
93341
499853
608961
669724
157912
387270
82463
182581
1582
867867
226757
818388
932343
939800
187691
334121
210186
206724
400063
824173
914099
650090
150118
55745
410178
883526
231327
599394
281088
121289
748873
95307
406461
870473
427003
639464
598533
854409
883857
710002
964593
173472
198535
416235
835289
334280
197885
525368
445991
257797
420186
360534
512583
607791
427917
112762
385722
12382
610927
864649
262794
644274
30020
28977
592216
888636
179937
677794
456529
197261
798183
283821
849535
393817
260077
707191
205755
218566
400508
136537
226241
665175
900019
653848
551004
789552
152971
465404
786240
440773
262773
836623
383990
500387
455392
305588
572721
740891
15062
808481
178752
560070
761670
706362
901981
987194
634268
760651
238434
174216
405900
694370
853339
154926
601199
507207
74742
589920
503492
290649
54359
633582
46871
904775
381960
637650
712126
704295
98126
261272
746496
989686
358551
267050
978129
657069
385871
980983
724025
919804
159249
965504
860562
475302
323386
703487
727728
506872
253082
634995
606171
792935
55684
121036
963895
901829
906565
306992
294085
232416
15601
616
700930
710455
410904
755755
484397
326938
846488
599236
147942
198301
46156
508898
720754
115000
888227
811708
386011
21630
425291
624927
854004
594744
983371
612437
633851
737246
125936
244
650903
710577
559903
46144
711040
799160
392202
702206
754109
226196
993982
523478
966601
844162
295448
538595
196111
281005
477271
981851
899925
644782
867917
598806
944053
622305
525232
326589
581573
872613
841677
791568
492440
30255
374620
235027
318494
381964
928494
275798
990438
325297
687619
986400
560836
838528
148344
317495
817678
241498
335389
328655
500736
813659
482981
840525
278847
195510
166006
862518
234427
380782
411361
307833
859629
825519
620395
503765
608256
667719
772042
651368
653388
852804
409772
629590
635261
241514
732272
429778
45138
333649
455160
7820
224898
290009
43862
108919
636793
260107
301219
319605
275903
879630
311342
422562
416122
882563
264786
827770
932362
72189
917281
3880
126994
41056
971452
514284
324694
440213
776900
266087
31168
40679
774251
713158
735741
432381
296676
188745
591748
824116
420793
376239
129655
598617
408763
709632
957282
61568
73555
231350
585120
979395
992247
923785
973916
528731
191225
608726
73013
694740
648633
975851
506747
837680
199867
442098
215
263962
815571
733239
299719
372997
235069
232343
832134
869025
390217
136903
172681
374586
169139
289790
916838
711469
562257
700544
9808
965895
772965
199624
902333
135483
772434
595858
660072
744256
365612
911618
660594
397829
33640
813044
67428
136210
739762
445025
101071
34428
866910
388778
658644
993989
290550
316293
398976
102926
258097
26817
899663
603001
640645
878327
167186
25695
823059
325839
881706
547819
248129
209836
326644
626833
576806
371189
124479
397935
288734
46337
661752
948350
218236
526814
602535
515060
751263
491966
225938
897914
914589
185279
541247
435205
537373
98262
535511
24339
205505
784087
725350
700996
836288
130723
693567
50771
355089
351726
824573
881199
122051
266731
867236
22970
595498
828311
298853
730909
967731
229727
221120
555654
853785
8943
584964
748863
532400
78168
36402
616172
853919
991837
898368
118625
470827
97307
482297
155613
826030
701714
50305
954152
287398
344404
125431
988932
82281
832136
722611
948946
685878
350427
763246
656837
276648
422213
511873
903227
276036
858355
818310
640189
868785
304982
533339
903572
523975
996936
656517
626246
629951
112278
465264
877036
213003
522094
940244
49585
531327
627942
98036
466857
843628
140071
794944
972939
315726
239092
109787
350797
744283
768155
490359
985307
472571
107254
744091
37555
716823
506910
978374
78559
331978
534894
518766
609680
477685
613423
923105
99156
237935
901669
910093
106484
647769
219253
975515
169197
196303
993073
860341
990985
633274
948290
690472
319000
189186
483441
724389
66192
5601
717714
4450
845183
568595
600269
781534
986728
363241
240330
836801
335362
28221
60920
427681
292745
672384
97467
112161
399422
509487
89584
756852
729730
308836
866205
105791
950475
956361
588666
967581
200000
778663
377430
256892
876791
268253
583528
1316
838920
54891
705459
158744
517710
314734
378260
669653
288570
786086
801259
317175
756499
110131
924708
33147
405134
373151
304545
367071
373957
429140
997702
61606
409623
982126
466464
220344
697053
727467
468210
103909
384004
75007
470238
643850
973068
599621
501805
366156
909468
100815
56443
247362
163775
643038
391874
257775
337279
270189
957057
879020
881116
732648
750344
252132
969705
778234
262627
357433
825988
506244
7521
332357
661808
979369
816959
406843
377745
879750
467382
493611
975875
618623
446046
683876
318359
177653
838461
19059
825834
122707
883185
975562
755492
856904
507637
254013
964298
165071
285587
204773
806017
335593
786279
749799
722592
221292
534795
4175
286832
532085
306916
125142
663363
30842
318536
710658
362734
503738
861323
295660
755492
444501
86437
11037
601456
533624
691585
157906
208206
357936
313444
520223
