76171
586077
818818
926087
50861
667647
105352
27533
497106
737482
279738
391227
875013
745301
628659
823703
231498
844123
568769
498636
777148
895500
566097
359761
29764
816062
385592
487659
72888
871233
222240
623049
754765
277263
480397
341452
280827
256418
947723
391530
273836
526240
969270
251496
459231
573298
259046
493380
692256
809202
546997
256693
366812
89730
921325
609354
11875
320122
648019
848239
242623
435769
832330
144783
252843
679709
225062
541267
358258
80845
546318
114696
957030
368819
347981
228766
285945
988807
808629
127244
41531
441479
594736
858641
999280
404483
596964
377750
70733
136788
158594
650672
828239
503405
109932
372609
597881
945545
737601
878974
290216
203076
774
59402
971796
558982
996530
371585
80933
357530
831190
119250
61039
405212
226215
516356
100364
995473
120553
617369
788693
280849
66554
935311
335100
814751
455033
567171
653961
48473
595729
881137
19311
776330
443173
552022
488459
422941
414746
545718
348984
182253
296507
201658
99409
772471
564621
550641
517252
855729
926641
305719
972047
751860
492591
723763
452763
643924
246949
456762
853105
920976
936843
501713
100893
490277
728609
20495
96926
748541
710712
640993
143238
248324
946330
653288
302772
274844
792344
403069
244460
868134
277038
655060
109520
262849
250132
393790
281854
801615
907620
722504
233221
994354
705506
130689
556932
84439
278765
309657
939169
85416
47873
804453
345123
338021
980647
170047
931693
436429
856634
331595
354008
731510
205013
1556
643435
318460
130142
206164
360697
77974
355434
722386
466008
589060
256204
641062
125177
351332
787645
579672
165545
200101
526569
957991
294819
935506
783380
303077
146511
238736
48615
505983
453403
476259
708891
148443
951989
744106
138433
601370
625954
579691
245483
366397
838654
707849
307898
222883
619601
920210
178438
529392
267465
983861
307235
629706
546778
17041
527446
846589
879023
346728
739604
303359
27723
951666
518643
806925
595137
179022
714736
262708
140300
408787
600348
328619
643724
130181
835619
321053
784222
367011
193594
424837
766614
613598
233445
749619
910363
733668
786530
22251
852448
735961
958069
938156
531515
608423
432017
843918
787939
503980
904288
818437
623307
366418
31087
214210
457429
942141
542777
229368
611061
752093
850510
132476
329571
1954
147552
759109
615548
375375
26218
547859
524214
880872
869182
939373
77374
481733
870825
340098
137520
134793
994820
892081
912882
965676
224858
775908
375150
498419
361713
435479
798633
902402
177591
23031
140869
114952
189835
455781
312783
547864
69156
306329
78918
409560
800674
798691
423401
502354
104879
873037
58427
897640
204178
791773
197207
887652
146640
438263
200745
41837
862015
40351
609168
605078
103336
167515
701455
62481
855640
446390
67114
147137
955907
291425
638435
836077
785750
596725
779345
262928
401752
28884
484313
188429
251579
515053
562764
328255
671109
904093
11357
983855
72598
444979
833661
578207
174869
18252
49109
990915
937915
204381
833631
193871
394300
794063
809634
79339
266765
185669
755016
308484
589462
819001
323421
615868
881398
843652
410982
239233
543085
101372
708700
293563
662507
78903
704708
869343
978546
963886
691692
264929
293162
186430
410819
367494
957313
479815
449237
804823
636092
382775
865763
431281
995935
612577
628635
641146
81269
400903
740025
525358
473789
179639
462202
965911
666289
945040
949880
482139
422708
271270
93159
131311
41815
619003
744426
785578
353095
354158
413459
938420
3159
334704
212918
744541
219622
137712
994984
86858
925677
184665
680729
554058
860007
363185
40523
212870
888221
722658
694766
979799
108045
352278
839706
861298
977590
827579
356392
646462
90691
840934
295854
421318
380434
794579
466581
538506
825951
449419
737112
93488
728338
546526
446746
686616
24609
853776
682084
635725
47331
588560
55611
832983
141875
31971
358682
603821
476669
268576
58897
182599
636136
10196
411578
816914
932064
439109
696339
235517
940350
900692
261501
977841
918167
744636
989776
605469
949150
622839
272217
702063
954102
210879
130673
64670
40025
108978
284923
651876
615838
38542
277113
182793
415210
755740
89995
962523
288630
876394
667846
611066
701688
727664
735021
702543
576881
328340
748879
630365
789458
122377
510268
622128
977036
395666
99429
933809
490867
851813
445263
387099
274125
118762
206132
603144
888317
187427
213686
669349
440903
530277
470977
342789
997823
957956
948220
469521
798291
743629
359595
830620
203441
565228
546852
78932
606294
906094
785899
752404
854133
336481
457773
219223
476096
162520
543893
165128
439317
489547
745679
336437
470792
182683
162903
531105
839561
63922
958589
539000
160178
606857
587959
191645
912816
509571
898466
906783
627339
967159
264407
159627
391059
818123
883750
589275
136873
854267
574642
460620
303783
895865
725097
580173
606573
490607
644637
711315
787785
422752
379524
852362
534210
781036
257033
544869
789633
496434
28492
943702
587869
393935
994877
660186
745665
198661
641616
98476
630588
974968
828381
658521
409317
810578
963608
941299
533545
95685
519784
320991
18995
456048
547366
69834
8438
669467
300211
35576
13210
154973
42038
126588
842049
19805
451505
619716
255476
790133
875455
537356
276911
490290
509100
103859
157189
817016
210288
960299
545329
257475
964746
691529
156603
641672
366838
640956
147843
181113
388810
321434
268206
131816
177971
949590
757226
35651
797318
459022
898911
526845
20037
720449
69235
279566
662513
198366
116026
479440
337414
912055
852473
46602
188696
364180
28053
139658
321992
191780
334749
44139
137379
341647
594865
102647
865751
845095
563341
341605
633874
854396
621174
956867
516729
155790
320959
502063
530817
944605
238584
97983
707246
327133
346164
61633
650278
28358
704054
388508
329073
944839
61752
242133
366928
914906
149591
705966
481334
960627
979294
744360
84263
555026
813165
813162
496940
389176
684229
924154
516144
418742
408819
60455
912571
237728
551959
156745
896776
366177
110801
250144
852996
553960
140999
249434
44006
260800
199444
813809
864101
629438
351184
585264
180187
820947
619832
233237
796340
346753
439610
145426
559954
939563
577440
278126
214593
759300
809686
856649
414738
806698
760793
576188
87766
775627
480446
454558
695929
350021
608733
986276
885688
47692
534808
312096
484224
929028
434251
623850
871205
385071
190930
589468
549371
969920
162353
185654
1749
749710
454052
135138
430104
866276
154756
453715
629434
267765
711059
833671
920092
341549
428708
99499
328898
932770
937194
965277
950763
266793
253851
108812
496465
143238
929152
360891
492287
976059
103004
341349
233290
902145
992502
331835
458157
300501
818501
257865
147589
126953
446392
393910
147429
201467
913951
157418
818519
937219
720633
542346
185648
559686
673307
752670
464015
233352
337913
63252
948338
823134
114196
107934
34612
431905
381888
145142
868391
940351
880081
900289
967626
36715
909473
317713
689255
376053
903489
956869
545868
527476
133050
825931
780963
555359
223230
753030
480944
765755
115248
836042
97831
128623
659213
835524
277352
196979
269685
599863
330008
725479
412698
982561
331421
154240
963140
262524
136373
293661
883326
125792
496180
199991
865
188102
663000
553975
378234
925095
133450
130786
504283
385282
33844
380847
89723
739581
696761
765306
817674
58339
559766
970769
317910
14604
339859
640874
900115
557722
721445
920887
28170
276383
633251
613074
28065
596572
449955
232019
943491
671205
403505
131713
741995
684128
339435
753765
439570
732012
157372
628410
104627
886110
146675
830016
811063
636198
769983
447408
309507
975184
288329
885897
957274
15014
488814
474377
447087
858932
273752
279415
77963
758948
512824
374173
782359
765191
208161
203220
548871
947252
357828
747255
431587
513931
64580
541945
192307
289043
508597
710419
284807
397057
773750
434005
756896
419930
61992
474910
221182
519663
807818
526375
598023
551559
123379
72185
552017
699227
13227
972031
194828
737851
684006
211766
853327
637966
745245
840640
23613
55414
278730
403416
355476
991762
459457
466785
527570
859357
385126
429655
533188
798964
595471
720038
630316
79604
348855
45273
767758
985666
838171
245739
585559
332324
50356
879738
546987
398092
421074
17497
656778
300213
629714
533636
531101
352614
573180
151791
518115
88084
268859
915639
760371
445989
67897
823546
897837
81294
737111
615810
417345
809373
907142
119068
926043
962515
307781
449543
857834
759785
544695
892872
781900
545011
122016
789850
232664
177378
692796
295683
235399
841060
648188
182018
350143
470374
411806
932197
322558
269625
514535
213815
834847
127506
558464
327509
765324
751340
221482
126690
345729
677896
347360
243024
999800
694548
226632
572319
303671
394090
531989
320675
238962
770863
303996
557629
51037
337244
675728
326508
875731
666265
285052
463740
275804
655301
117789
871388
899486
455571
15354
658765
377891
562126
539616
718519
840067
815356
615454
924694
842990
278753
463706
455313
976792
594779
956623
65131
175361
73194
725988
109650
195680
260370
507369
880597
283116
649241
798192
725171
252102
903595
871878
545998
173318
622494
248909
217919
541408
495759
937271
527939
215666
953899
72289
914130
109742
324106
865738
598032
635359
221301
794158
301917
453273
472520
426883
531719
905602
138227
950799
988319
16118
66202
645732
71145
7964
836637
935930
236588
212227
176242
631911
465386
787319
624301
796221
4202
7910
866593
834944
271601
978346
870625
488642
264847
403123
623456
302173
405973
772690
919414
858701
735844
485796
77059
500199
955936
420633
895214
162362
154436
564192
897671
230017
598864
385585
997323
599553
89757
768374
612997
591877
853008
809815
952977
495860
967917
395041
789692
20748
683203
603538
936647
495869
695941
117379
853514
175524
934969
899762
350902
271970
47817
215339
765171
527449
715959
66899
858664
348419
967342
757713
978520
220206
365363
150105
548777
483928
101242
342295
402305
74787
711125
310644
38025
698548
143688
148999
928723
147374
407095
603611
65624
504839
891328
631577
248090
474243
739302
446802
643432
634453
648098
839403
895680
836303
221918
146342
9230
924865
481788
748233
945171
442486
947856
799533
632417
301639
654511
612836
138819
195226
455199
306632
377721
926843
283757
350300
32096
807381
805086
368290
384624
786956
615997
544249
229344
899578
664979
783343
218404
86597
370997
689707
847318
247642
964727
330224
594291
269320
41023
357455
586812
17467
557940
52204
345340
308627
178388
97130
550762
398112
789157
329910
173284
913724
813315
892973
208603
251142
55128
400747
959054
812662
118634
924273
892975
422946
94607
927602
583841
725260
149627
978746
559651
452645
55418
162364
350022
434275
392185
250166
160474
343098
767742
473923
224999
32505
232888
227261
682711
786116
79600
209100
113
602538
587231
823376
505600
53410
526042
484391
262610
42471
422249
81179
591196
198381
888565
84715
423675
195966
864607
713716
321877
351862
409389
14076
745502
845591
303007
209307
8311
337930
294624
710279
902384
381555
856
945658
837038
239855
75614
814914
277224
767341
703371
709285
543755
136422
576106
367406
66558
732794
146251
721304
293823
296297
334262
223446
402604
474218
682877
699005
211678
647211
135979
469711
349680
185894
574488
599781
312413
256989
889758
532280
753095
86962
361254
527692
802836
155365
850779
118457
10675
806506
440897
433687
284797
23782
888286
149317
211702
901510
465174
479510
782258
189820
616341
825625
328980
504471
18661
818436
78258
649790
824799
778237
909077
745098
621758
40580
523164
579517
794767
44095
735807
737762
171716
949795
247665
12225
335592
764221
962207
440639
854574
729627
643094
24080
105314
113625
836033
405083
890112
518091
808271
10025
370915
260100
763827
886984
830806
723201
53317
128130
823687
520501
283782
612021
904666
727154
452033
543439
982169
967921
90252
748008
606216
860926
948782
366332
345302
566659
815514
480963
268656
422766
895962
403631
476336
238466
577607
869122
314996
127416
699060
866313
398729
662799
858091
398776
828741
349815
445199
332899
299571
738134
59617
574231
38249
199796
478558
316499
353846
410186
273796
516198
731000
755298
37621
347430
758858
207530
640501
63306
621786
833883
828814
882533
489240
460161
754451
569344
626122
189414
561793
325010
398076
132191
123520
380254
287957
387058
242441
377385
307077
181794
528163
938839
814299
692633
202182
953058
388659
140658
992288
625653
70413
25440
932277
761579
247096
973566
527649
464479
899180
930099
920121
650415
983544
790273
790864
723986
625616
236971
296981
960467
113416
984385
661338
123690
64094
72265
24111
685621
874801
814092
972397
579992
937104
809018
694159
398574
562350
501562
522042
160554
471025
535634
483549
977743
794537
485808
26163
93832
495582
764755
323109
267173
33794
192729
145165
770226
284549
313637
66838
158774
621127
761324
537983
127877
147241
642397
282686
543042
85372
906795
89281
732725
726555
465912
543183
445637
326933
981215
55821
963666
680514
706206
282781
673009
90231
642655
120545
326405
725908
139745
894749
675318
353146
371015
124667
658513
503706
542205
136872
814844
391913
747011
267803
820436
859759
982808
847349
440165
169599
610691
202435
294725
643777
107712
419489
938125
841067
979270
813818
389493
441550
95473
695594
771531
248909
419345
144580
821776
840424
945806
772335
737583
516534
279414
116843
204379
128817
574629
603314
632388
176619
553872
96505
193525
929567
55534
304853
953421
75362
298499
642107
636439
811193
153546
129696
441609
973572
942142
576127
660886
941015
772677
314809
891056
530857
171386
348694
685789
148261
535317
158505
83317
570718
320185
883474
696566
970144
893722
229085
345795
808545
300490
618632
829376
4759
346142
180514
398530
999715
992385
158351
448439
219114
656021
986792
630226
39237
953729
393471
977200
378254
145883
455872
354316
14043
571251
520755
514843
107399
64954
735645
37190
229931
670926
668999
252546
128748
869667
846486
113165
733230
606671
677017
843718
647463
955634
191074
727017
948174
441919
49547
313767
494321
559660
299546
586782
642854
474098
971967
486906
832217
989057
270842
179111
533253
170436
861913
773426
960446
149772
736095
242619
441322
369627
437057
73497
30416
777488
194569
291210
760712
736362
631901
174165
790674
191674
329243
70911
938755
490537
294939
24422
107355
982691
755606
171772
953777
788383
132644
818916
266511
543053
987873
385890
920666
540123
212265
499522
976170
938083
925379
450633
406200
641588
804250
689359
947637
360891
804966
332801
661943
730061
470314
684530
875406
863892
75990
829785
433717
637461
339148
975723
193060
900890
708096
777814
745667
291776
930424
823959
728761
902815
722995
375864
595041
795281
196518
644586
930782
985633
133153
96186
71941
575378
894993
898227
683001
950601
495838
312337
945173
494424
810932
989469
756481
220903
184351
761258
929831
580673
901072
419882
699776
87353
299837
162349
512584
216247
869604
169208
57936
982818
105007
507774
308466
584043
132531
80254
522782
842164
184402
683576
794195
467164
230593
453389
954794
291369
35044
263026
199948
996560
615190
594064
925252
133027
204996
344444
299631
882327
49145
52494
524944
687665
72500
942880
412608
564621
975541
25829
791618
464011
469911
139363
778613
307927
557142
346702
947043
357842
716530
884483
494070
986530
767405
262237
575113
192403
917550
914040
708572
956200
190216
230912
739554
526275
123988
754548
24501
379884
52474
336061
884841
607873
724431
962341
196158
532730
249304
197174
304175
200984
515245
192112
228903
800554
268345
138406
420499
574396
860318
3829
480723
910300
729269
868642
859338
257738
746547
86607
401172
473595
426279
835866
4823
538954
556447
45266
771762
507068
981547
224151
393363
400110
733945
41037
921829
358557
414111
820284
33510
850514
272120
427976
128214
299624
814181
675016
588683
789243
167797
48452
431010
157039
122975
184080
540176
164058
118380
757119
886102
337807
758194
73094
833811
393480
526458
516719
582323
2863
660355
421494
748613
967817
386016
501892
273579
982720
590716
233413
532650
273291
955518
84584
1121
37372
233863
