109233
136027
823636
156778
737022
328617
394459
750549
623265
801048
662615
299686
64978
764602
513598
40881
550746
162532
126865
220426
640975
925449
799535
173931
10043
81460
385605
317310
237979
535457
348000
431049
552003
846265
318499
696052
561311
405417
728788
235575
545492
253854
509392
107172
465412
916510
291039
201230
294896
995718
687842
243093
721593
59484
42153
418575
359231
233232
529761
827157
239466
666260
35818
876199
264199
149653
321671
720253
309962
589140
283375
141547
427762
862182
801792
384687
915722
604740
861971
689371
455115
141840
556842
381401
648607
66021
771206
637728
187968
33753
968534
848114
178815
331410
90825
144335
606177
590785
45637
131386
804387
760000
316912
748069
326175
673860
663147
690939
170439
705151
456286
329162
491981
621525
976494
319628
300709
198776
197643
845456
532834
256866
495335
949194
963901
986414
260225
18163
592501
644628
347359
780062
959120
660159
729562
69337
393279
340429
301907
818044
580639
980386
960900
211985
235420
750761
732721
42784
207152
234601
34108
371861
77257
665919
21656
600976
203657
921150
132054
925257
368167
516704
641243
880350
720819
655719
115827
885307
517494
372436
465278
155557
557815
504579
954120
771107
732506
137441
999735
855945
610916
105227
332253
944930
991257
390533
376685
909177
206598
28500
851595
220612
183579
996921
856892
229102
887280
284682
821757
182336
27560
11182
471215
585323
738739
149428
957807
508212
46701
955281
427780
144380
28068
636852
326130
281707
452407
536008
621611
397113
427353
472581
632165
730649
67957
781811
765255
167810
580972
914493
395517
424986
367353
7790
44267
230721
985590
62794
354813
826488
462904
302347
241245
99949
652692
688439
409022
119908
328197
276634
842453
480771
710566
416614
96424
725626
66905
562979
513086
897997
184330
603796
722166
720959
319374
436968
278836
351197
54373
790425
844342
319652
291102
804261
965061
868176
643546
946919
247174
373314
990568
599890
522992
411020
982800
584969
346648
29596
367723
387741
911336
957380
478639
942947
355566
398946
682249
32561
242768
58481
935075
521014
726110
265642
879621
334707
874048
596184
550615
88410
863438
662199
226436
279809
625150
424776
709115
950275
767416
878900
799567
818675
931846
180378
48447
294974
985447
446903
45967
877916
388226
112689
572693
359922
140664
576256
357776
431560
874322
384953
296369
178082
439578
418489
378494
272317
955141
461418
699532
672936
269837
271029
639594
528892
572445
237636
569437
400825
330534
297842
21125
748862
537487
154578
194590
144484
203913
369689
71778
477496
303872
691497
460428
272532
153901
45819
248
921497
916936
473703
909094
165707
104667
840019
728542
401865
283186
627190
845485
417767
970607
574152
467789
393258
28858
854152
404259
967839
966997
64425
200993
379992
518029
53594
217036
457028
90380
909041
257688
71466
2444
271219
424303
541506
149670
575042
925008
844976
826376
310051
565652
838430
702725
114027
341900
201524
764551
175302
561287
211639
917536
677796
583792
597563
812349
329857
314323
954438
764859
607567
910592
538243
119956
154561
894088
604512
798578
118
803748
444101
246820
797441
71990
261232
320046
505489
410471
9969
607994
975042
280559
123775
822573
966015
272819
312566
973781
811409
418952
152686
271806
398281
975061
938169
273764
918534
343383
577336
291586
909604
921599
930010
694089
366081
134710
172275
333036
804397
100672
327797
846616
104301
799422
68493
400321
350636
234445
139548
809496
718079
437133
867408
466393
516755
482044
359967
467584
613366
784064
633120
745563
819518
582147
904070
904059
143386
770872
480505
760452
923571
766781
566098
938660
104958
496793
256115
13472
784609
810340
209089
467530
664319
168326
359616
767119
680738
851671
524169
991852
354820
208486
549226
396865
621818
684374
875738
532478
967870
201250
547991
215546
591447
574656
690526
325474
212199
116707
243271
224014
208529
872283
819898
735087
960580
517080
104913
59173
779369
527116
557260
516589
696101
929454
551403
289144
987211
266266
673836
533334
54049
170837
104289
709201
400077
287727
555821
109591
920413
307329
716507
689743
659056
608278
786522
30540
917123
939430
350425
152927
973596
93438
933051
920966
695821
302779
992119
592003
323749
419828
522448
134536
916217
571064
41451
617486
651594
670508
951442
700165
17939
831703
726276
118502
771314
583673
420726
569316
983280
29205
521387
924929
433263
205008
512427
542908
449647
312626
572195
750183
98428
515529
72344
113111
63992
327532
544073
398838
646849
309981
878113
389618
119934
544904
138902
433304
64267
498984
855649
543611
823742
757129
735578
883214
870934
899816
652207
681746
867072
924982
396608
976168
165509
314491
162459
798536
505811
524056
263503
57418
223461
54501
182639
315874
55634
559289
957157
478825
71024
608263
774704
475990
844770
464293
298235
513227
777797
369512
59547
324684
977267
467436
671717
860746
523250
742960
824298
375582
122301
537502
761681
741649
383212
354215
776463
937559
949954
241549
571397
102301
801171
350522
97717
750328
559312
377614
206690
564412
103473
599990
35588
420654
251133
162615
687589
490513
979257
718027
696283
784476
585963
147298
384674
670669
521673
186313
728853
927511
512323
750696
166729
128631
433578
256165
653575
153125
467451
945063
217251
84709
892620
304181
111805
665404
714066
687932
376340
68864
309645
119279
713730
149513
445073
753865
536664
646916
878001
45294
427478
899366
52553
87727
158855
709884
472040
902957
646583
592161
194008
790996
954514
330314
914508
437961
526555
415739
9510
536159
253701
142044
810466
680898
528882
576038
74018
637110
416325
412984
37910
740090
228070
781382
769351
555398
753234
118064
65985
212404
658395
538097
690523
745979
386691
5102
994660
844757
577969
49582
57004
657027
354830
746921
826604
127783
821055
606713
238803
742094
990143
143661
42350
1488
106071
859837
151410
246032
49277
461335
761321
377439
574471
865432
825207
241981
88650
375318
528776
581375
366100
4250
955353
579532
167809
163819
771039
813889
885886
562501
790615
504757
9880
684137
261931
830998
699264
535054
781950
70258
816925
229045
63509
65106
849870
547226
742945
134913
256507
230278
313197
372522
280598
875009
833120
364319
914228
689189
441712
892022
983874
895759
163876
237518
914149
472430
229891
529199
483186
230653
674078
68495
236487
858317
652791
668785
281348
330939
842189
474280
928169
587522
172101
99386
73870
897513
297078
291488
409209
947933
410513
149353
66143
107929
198572
554941
512506
789761
757161
661759
337539
499087
944199
492300
310861
514980
255045
449889
733246
555456
38254
667481
118954
342093
188678
162195
65293
784854
155023
574706
850277
643797
840696
374398
710442
97577
250723
326567
168107
15270
38674
639530
147271
927559
179757
619405
790084
543230
935858
180036
689807
661804
898233
9462
65040
274733
445603
713305
414569
334026
540319
327097
956748
463890
212888
775256
983414
491266
529022
767920
926412
339489
41776
621844
860048
880489
79619
175092
317312
64223
501170
770815
310347
746948
389346
770531
414705
807972
173264
182512
42486
805259
761753
455322
750530
486679
995877
511069
964056
568297
785009
862459
331761
514869
402232
648353
62069
983865
239742
199848
923605
145291
615481
724151
892615
294922
753628
67781
461983
121142
21761
450876
137159
717916
104178
805433
622043
515178
258707
823792
644387
102881
262128
150637
353518
934248
987871
94069
526599
184508
662418
457931
907671
797957
732283
119310
773591
983748
94172
745599
942575
693161
322410
604193
405808
321153
517981
269625
521195
560781
292951
668725
236588
734766
900206
686377
647254
328124
649688
352948
829916
551221
123378
161409
482649
383058
291117
616746
605773
120629
87701
137910
774069
622463
760447
818627
166726
513855
997711
726527
949829
801349
561827
978064
981254
290004
929632
877012
631167
273525
993431
779266
743752
748968
582611
947695
291505
975478
955777
285997
685375
832802
375997
708686
874757
760254
135349
924102
899356
439321
980348
295214
497471
591830
659501
521317
656453
179224
622842
137809
61051
387097
854992
890243
440413
705882
420328
558073
754865
70581
275757
901373
557889
592334
116357
705002
573939
751720
630463
99854
85510
45587
47191
971819
858411
465475
309800
202520
6142
746045
919151
750085
969567
166250
476151
826459
859954
985998
461927
704322
771119
733906
650468
323324
126502
692797
210916
204718
806483
374209
588497
215039
443289
287794
318357
710681
712223
220305
15368
215949
320324
627591
337716
115667
940544
161709
89793
171631
308248
224008
501058
283502
183549
608914
651290
151376
685058
608947
145932
496832
611449
267023
665503
752446
582953
747129
477930
626461
183725
447109
40577
409704
967276
548794
51260
698592
427440
830822
434400
866657
446053
978316
324269
682723
697840
884345
515588
430043
970218
112053
542642
503617
964024
376404
235997
442669
342920
571692
426313
353371
650026
240800
44872
573197
77512
775963
509564
879503
759684
493337
63562
999382
730989
64351
782813
464770
984861
152331
711124
338883
843825
915398
899849
502743
198950
988373
78463
514097
743949
670415
334311
525366
127018
738857
722831
514272
245231
873325
543848
497285
774928
713225
650162
401202
963075
142660
137094
176433
750166
611659
25280
673899
805164
591786
335495
440230
963477
764182
148474
555246
107081
679847
651448
282642
453889
359458
487116
962118
185267
118836
471859
270694
622824
168508
601932
792346
668731
499839
579100
890516
570544
325311
273722
542006
617070
824997
781597
412561
663706
945371
893824
25609
175314
445622
287087
448148
89795
481169
510962
325217
701864
255669
880083
939925
194719
979828
508172
544688
170089
535189
641938
550414
50110
626921
984824
683338
49355
711228
531010
386813
891402
208615
75527
476964
431739
982467
294849
279456
290308
175160
199093
209686
802274
968371
824889
320886
208523
10678
577703
829721
460066
342089
591133
564740
906966
261390
801645
39306
383256
230962
106728
475469
56759
395839
483650
226980
552217
112399
311586
923353
281560
960731
181705
858057
383798
80242
579996
915886
435839
593669
907983
285946
115578
158623
252080
942873
732235
576305
826957
562969
516840
705419
359108
998310
740022
606695
289829
455854
858303
97824
401541
765923
846866
646080
606050
799391
902136
991734
966382
665953
551566
326566
614650
333045
343556
716699
917376
425842
261425
963864
71373
660701
864144
103308
525897
615340
863515
166307
327332
657124
35522
305657
753183
616163
361992
545193
114612
485242
613179
3588
228516
194162
223886
647198
857627
358320
287124
140290
592193
158131
801819
386309
942623
876153
306211
234040
101932
763137
680634
340919
942388
864364
851893
29854
617700
399549
439116
943515
990068
522495
992339
586655
362225
994374
695889
641647
276710
451789
497279
160407
868582
223999
688542
86461
936057
721873
903157
307603
384225
64140
938086
477862
289415
108136
43692
279572
263687
423508
306868
841626
954133
990163
432980
281739
537930
856256
673004
533213
709263
726130
311896
781086
588773
724730
413007
479876
686414
334985
174491
799137
81435
588399
855093
958837
615763
256382
815932
209374
689853
316365
282706
13098
780363
869400
834963
546125
139043
653957
734771
888302
480906
54465
236723
40091
202799
851209
132864
617629
769874
149701
787624
843687
631439
219086
406649
512104
186571
248592
928312
449664
641338
570891
726651
340367
430026
459380
923236
968488
150447
338360
470650
117540
847500
876640
880869
409939
366075
981071
50566
412494
965497
459305
618417
288488
681393
641550
358344
305283
35619
844228
912245
791742
63921
81459
858435
784908
583686
455433
907482
241184
260259
809342
238293
497604
977415
972402
763458
973513
714939
574962
108021
886681
103415
544025
768969
373544
275892
566931
474420
978825
807247
503293
938758
576861
927255
998376
572350
446118
146803
78461
420873
886457
893427
507962
31384
684498
281329
368474
707484
723650
980259
358995
517153
764739
535937
73913
506500
520684
625869
579328
222675
943743
202244
461022
268415
472608
740703
994063
311744
992865
667398
219442
316230
125560
827794
888657
551703
714834
569725
81726
719305
539200
180905
110104
90206
957200
613641
175725
159479
234551
69232
733881
489079
5545
220468
869325
254005
51403
601727
715595
195933
314560
211378
798734
126820
148960
356469
578662
390757
818695
623327
996225
259101
415881
155263
309349
889600
520195
784389
709401
418485
144781
710352
680292
756533
448651
556501
197741
605115
109155
453224
361665
788521
544905
248043
526003
31735
529461
450896
450142
931992
982134
689356
256262
644139
308192
754394
12573
906458
924065
664616
757601
45267
709170
251298
668066
973217
832553
504602
603042
140070
433195
873425
380501
732599
141630
313381
874951
969556
389244
953878
863197
682690
125027
808950
564339
810311
226122
275117
778341
215298
797934
315302
841193
535588
443563
371098
913689
721551
666694
755063
591055
701641
212263
394860
645034
412893
633252
781652
105837
609422
389688
387772
854278
104441
577618
5011
674987
722822
393866
103789
107552
869962
48686
490227
184278
706621
812731
911211
496685
76755
509671
863392
228890
690937
895771
584814
945252
452077
192894
512876
273864
568506
926061
178166
946429
226127
303239
399317
211794
563387
826852
214478
358579
726664
390501
958084
999498
721777
876902
609034
166657
896832
234576
29129
551270
216008
793228
622154
376040
364860
395474
961441
481598
585003
981471
558135
904935
690073
158085
706418
98508
599291
774556
99843
592321
8270
281494
960395
561258
523732
788592
572203
901242
704044
398533
580199
549975
309581
508477
406710
9498
915423
416418
644264
986418
806710
414611
887988
696552
744235
642449
75037
542269
410713
647031
752641
23599
828401
754566
128830
848282
672187
724958
849985
153020
30505
98505
315948
808337
892313
179506
975715
528157
730728
282931
717236
650120
2413
775948
557473
779683
987673
623599
822602
918344
767209
970743
661691
722592
842309
688057
603728
653951
171577
121395
229121
749225
773517
545762
392206
366008
674370
4015
289288
626325
551788
213961
362169
661796
503335
139470
434289
212604
258295
935650
582702
206995
764352
501091
629543
602489
21086
388851
62965
4347
219874
889716
126751
447720
662186
708370
810304
97968
253468
119609
322967
306919
257151
881896
85803
668265
551029
364765
829657
929112
626713
532848
312955
77121
191281
691260
735415
624477
421840
229752
17441
723955
783819
355811
224142
178459
152021
443422
702838
258397
929210
769747
529285
11831
589749
246611
672702
145085
309934
407358
559244
61147
532371
617947
617703
711350
674769
637896
603487
674481
146607
984843
435145
792716
258759
698246
681155
973926
365411
377161
386916
767715
452272
242562
671813
680488
976097
56527
821287
658755
802723
673844
423039
232616
123896
160488
94629
474135
988787
834058
365525
271705
813583
349937
180895
236264
889515
753504
542449
36014
74534
693081
665087
500966
457171
291656
511884
543839
310489
45920
917400
402207
92074
712708
362342
449252
192670
422875
930793
255878
755051
627910
347082
367160
602627
30190
333721
421997
792202
576886
855245
942807
213811
216976
861049
803018
156918
35435
220622
911935
635312
577226
589127
137845
221718
629808
519349
90482
794263
39863
940839
660072
178254
743425
931701
72114
943905
78213
672745
888317
253433
500875
397067
188036
885726
442675
168456
619571
328813
534639
872574
213293
302713
463248
915495
348457
83772
741438
973855
268407
914040
876930
952723
866465
172271
670333
246792
411116
264443
315708
655173
481598
81419
498211
16927
82457
347130
207557
152735
207813
791053
462870
82897
929740
646857
38136
318316
279327
979951
50161
833497
968663
16854
991102
668322
853589
717283
17985
478456
4938
796070
423829
628193
91730
718100
9730
266364
700475
168797
890508
180466
626405
203178
95590
628027
397505
490357
120836
689674
900795
10948
827406
615574
976628
379267
83248
224390
362728
829885
771150
524345
778095
990327
731541
853103
277151
533993
462445
611223
188686
211930
390474
870965
190645
644758
202786
242607
503792
292111
129209
653493
984033
290510
600599
400652
650933
436692
791196
359221
508671
960337
58794
177342
79936
511104
90944
796068
292232
720541
866855
802467
439797
294276
947588
24477
223322
714152
227406
47074
86076
63916
86618
513698
162678
987681
763411
695980
900540
76573
539717
730594
360828
486452
726680
810812
928416
834262
483289
460021
651312
463301
653556
409493
259285
771312
712190
637980
836152
791025
138543
20680
906761
863072
328237
532676
820252
579282
492419
783277
525485
521330
878512
806721
73028
987449
521052
463846
85684
843213
195622
205205
611453
778036
974616
577889
930129
741619
385340
364904
359732
466119
348360
523412
330556
733631
34420
700110
218168
446900
934060
580097
859309
615206
180833
6598
983675
810677
43450
493489
223647
678649
728105
708983
61010
849662
727896
335227
237582
618271
443713
964340
33008
971261
172957
92283
897337
609181
496500
864822
482222
880348
83539
567325
644320
922895
444572
864294
231878
254779
767543
659665
921350
486125
271975
446994
974098
393848
176951
186710
761199
422537
403282
808627
628689
743912
840626
155697
277603
533453
726001
971439
993187
196701
934011
328372
724905
264768
904933
860883
474759
176543
310742
64506
432204
352383
950883
313559
140067
292533
195769
807910
339481
378181
765491
347740
919932
769947
44044
440425
58014
653157
763566
496558
406969
363915
899497
860155
169900
260108
298623
829379
473572
148790
447708
400479
570454
819394
632867
181691
40616
768458
658147
347489
187311
260775
485864
148384
115667
766635
170670
943832
360463
750648
364017
87845
340501
674619
926304
339174
853262
496265
390575
158121
813695
9236
215115
209525
367495
423625
407593
700467
34629
997130
419192
506873
153302
47619
26997
857204
71804
274667
429916
49650
487450
195993
348412
951690
425564
22592
943588
979496
274483
385673
668537
919993
75198
509451
209257
549103
76356
427498
732346
548337
43486
963465
859708
197219
728050
740909
613853
189645
52825
74031
593115
627242
73954
438877
881300
312976
675504
229423
486073
313142
288254
230561
816545
251047
522819
354801
171130
349122
684401
26999
759642
211243
674903
533852
284339
391570
643238
171384
426277
490078
138448
508940
440942
986997
10892
207321
800508
721514
252598
359387
525091
209540
844948
295653
356266
851175
893684
344474
600832
365090
388657
686085
751820
510996
396308
740182
104610
619707
156246
779002
477457
219483
860547
652949
463897
524871
907771
155039
519290
365199
352083
600856
733415
121158
967384
670313
34522
119726
508211
869785
241217
567426
161128
529000
709974
494944
434169
566732
941132
658194
540071
472197
625829
14392
837976
285023
15520
968339
581652
339524
431952
811568
264809
332155
245832
780783
509487
138689
345971
282350
125926
577986
492736
61591
564155
924788
122554
526852
886378
628881
190581
346762
709693
980527
978596
124329
125298
418365
620552
729742
863290
730524
342787
690690
393054
8663
435275
994163
249340
839297
965498
930781
157168
263530
828353
895317
884686
515261
928317
386226
593291
354681
282914
567192
53755
220490
173972
584034
271988
411267
186772
730219
684306
294523
914839
257402
863188
332481
119283
851592
215076
965309
635890
423022
907124
572004
172361
396655
355076
337047
500834
536160
541952
476505
436054
479344
853637
252843
22327
633368
833924
212486
535304
625376
194111
266228
141968
58378
255025
308748
396483
682016
345163
123464
30625
49301
404696
447877
468571
948186
725505
197782
429103
236096
225197
640004
297045
690757
5952
605926
862545
839293
758853
286745
671081
207198
543398
159581
938865
864104
411672
421004
848002
778927
479635
413560
588297
287367
681919
649631
572155
324746
86443
884749
417830
502984
952182
675983
884451
879628
299728
353999
924456
80007
642395
27601
437178
887580
631979
547529
590847
640263
267948
405782
787121
417835
38563
552095
805807
758134
572813
270345
232750
918259
748387
693074
271244
917355
15679
571341
417221
867705
898904
947130
890110
714793
890729
915841
909311
743628
235761
417803
968766
463899
824723
433662
70102
227269
129565
232851
52247
172568
609957
776597
204982
911624
600591
368119
578341
630622
7020
102930
575614
950335
993981
279739
428440
517911
819221
165246
690556
259043
869148
395577
472882
864537
141808
85782
275380
753268
858917
47974
194372
527967
244269
438359
711897
535933
461651
236626
128821
348115
824289
235891
583186
323603
658978
190566
445114
347270
10562
179290
913526
529173
190097
509413
807262
44659
411366
56948
992976
344682
457248
678701
455355
459009
293320
375331
937691
760391
360018
784757
801535
29696
409923
505028
655429
252265
844844
972366
273064
642536
772372
815340
175472
711189
9780
824100
64904
205023
664347
268652
96748
330076
674226
64828
888897
60209
778266
961550
807934
869338
453553
555701
281736
402583
181556
291479
334876
334772
996414
927497
159974
625331
658095
623301
566382
970647
492072
165834
996210
134864
524722
675985
414286
31806
85950
876519
184727
993955
309447
330092
831816
119146
617364
912422
381652
838926
675929
664194
258266
509097
485693
482281
565623
230746
799927
891771
891637
542353
375889
132523
137248
841530
949583
823
510457
457219
24169
30274
671236
200780
442355
817807
846332
863978
932318
440092
960935
78296
787927
371417
163012
57531
21517
216452
919712
322705
206928
21474
693320
483829
740181
712795
154072
641233
729622
642547
483058
859744
418198
409121
420555
149918
680386
928398
658975
81551
260083
24363
999492
635049
418896
625903
907484
515808
359185
516780
58725
738764
293406
869709
113259
830520
151509
771886
563164
125705
910059
998680
61436
591561
389481
208727
230639
822927
768088
170106
141428
982221
104376
405799
499121
181430
621993
392984
279656
515786
666349
211190
606921
938879
52357
323984
587426
90765
510903
80824
635250
622678
808433
963066
527899
662641
242504
905978
226165
786642
245657
157033
868927
436311
722256
828388
759536
164593
58695
86825
688747
917997
25350
728950
232594
32670
295657
428416
283954
658857
446815
696141
577116
564973
698126
415726
778579
205837
463060
435229
721953
933787
810281
807087
916292
66530
423520
876789
32262
752208
664908
704117
259690
73982
624511
306752
619522
508766
604718
92144
921566
920704
440048
915584
93022
320705
506981
275784
174377
131984
923572
437971
188854
247518
840620
450718
977607
158626
669196
244144
228790
593734
399326
816913
810600
280369
118590
106408
895454
277234
380600
481332
331626
375685
265871
35303
642366
997510
18138
578778
694880
43887
30346
203825
194745
331727
309894
36301
60813
622666
260023
721319
326726
459335
881247
133712
102249
297338
612772
541954
841194
799629
88235
574945
433306
549229
11488
330196
946110
609776
831249
731515
751548
667358
848954
783052
735407
514339
378460
180877
826073
936079
520262
665776
895608
563655
528885
337926
617713
673292
430295
969313
974953
277413
18348
109771
370611
659948
181765
155868
902051
318003
727791
562364
820225
181393
465897
659574
573210
3788
244176
932020
793392
973796
891612
626461
771665
381690
103491
945544
64965
617564
921851
454555
966368
280814
857949
434500
644280
306422
380325
306452
618033
900355
182294
810739
732916
745275
713914
660932
31102
880128
835783
178838
30484
950974
6109
513731
917653
84116
721260
570985
376936
64861
542259
100930
860371
305242
229475
269411
791085
392190
144290
75790
886700
943509
441195
150387
370648
22929
35474
461450
278049
943090
182309
486662
709899
252817
398063
408950
947975
530122
787414
114045
983582
418564
1636
258284
696134
578847
5794
146169
770583
874168
870752
607199
294551
232987
231250
397137
917489
93510
324373
224220
553413
943830
76431
482776
630041
213457
916979
788298
257132
814287
528868
838681
516011
485765
716529
520171
968573
568687
142911
531228
637625
10906
413252
783067
190775
248331
904751
119648
32004
169935
454566
967117
882799
320800
544679
600417
187200
396401
426703
615187
813449
403671
671097
503697
364372
476691
786495
890772
837755
770752
288540
400415
634903
754390
90098
468437
421200
988568
345126
369205
96212
121888
107241
969523
700131
508613
29842
20980
311494
471206
787303
265125
203295
312598
426171
705400
635100
777636
754289
837628
828038
264005
908382
595223
989494
190752
558925
425251
372966
320758
792988
8739
931045
159596
481347
386721
542948
594423
347509
392741
690286
330083
861535
122963
144373
351296
690381
402978
445575
304617
440556
514165
209696
515570
90154
728407
482264
673581
135801
351640
686205
724249
818099
448318
523899
485609
171544
35818
653944
318380
354802
231433
184445
866141
549337
823283
314894
26697
775059
172195
585434
81497
594835
835347
902989
917243
28834
158708
81027
424369
751643
337159
923608
558006
375312
659739
640923
558280
864203
225827
459489
970647
589487
97331
884917
155080
781500
450583
815341
804518
26865
478288
580696
366118
490251
788524
999315
605845
575212
678401
19515
341920
483991
214150
808892
625536
424664
466765
713032
806912
527872
890081
732388
697900
326926
486904
878492
135000
443242
964373
168151
736074
530314
357053
673605
648069
981687
499283
870196
80306
498346
237266
972802
893357
856912
488551
939501
811946
86381
179881
894086
442243
545693
181046
984453
640991
254581
50027
202933
206016
904135
584063
146192
864616
667076
49725
525413
580009
376828
114268
409717
906376
360386
797628
940190
50573
970987
617791
682671
633066
425461
506690
811034
816709
956739
851127
994247
31140
662470
358240
478597
909748
863480
333354
524699
898294
77634
464292
965693
231559
352446
373594
766682
930634
941782
323922
381138
340980
564939
802722
316805
660467
836562
774124
296903
749244
319193
775736
760879
51888
54951
227500
245775
914154
834721
126186
825534
826151
708648
237766
13648
374867
232608
131043
824679
549420
991436
386985
320291
139925
874645
257445
3381
22073
411306
459004
70481
465242
969856
517069
847681
692277
343866
363043
429463
241748
494373
495827
821371
735344
197274
592184
298786
609088
632262
367625
41055
323554
429127
386516
574739
750373
809324
829657
618625
229617
454943
964998
915196
533780
938207
95562
282753
914857
561125
689559
575265
123303
153640
316473
32215
22339
759420
111694
851704
418435
691670
767393
164616
746081
807466
322855
917672
436824
670389
295125
670445
950861
534487
355100
419149
805533
838552
514627
398451
749503
54539
3487
212722
643990
512783
200688
629013
354390
545778
25947
294229
650896
479985
335680
828580
2971
356955
801399
11430
344609
991251
806444
140543
337603
192564
134292
632583
27818
933071
166027
645978
185707
719439
245196
375309
178518
54526
405708
166075
574044
854624
963635
785213
381466
538749
481464
793335
174278
676093
69975
178831
497333
887083
630386
58937
683974
610972
667586
802862
296815
976745
217464
799868
121506
746263
675060
444086
873435
400088
415585
851403
706761
975915
368939
110964
712406
241694
142174
809735
460949
586355
158044
427561
588487
205409
555898
938272
542410
907249
517433
510535
703263
945737
331740
301082
914646
305798
120362
468145
49240
591682
999490
580426
526033
728629
747862
269695
474360
614583
954374
615830
466556
632227
212377
861879
171340
604888
976218
293368
849795
577177
449229
431957
462511
547668
270029
891899
121213
913920
577027
874115
166018
886687
364101
991292
770664
243875
930312
782369
864499
520429
983235
841578
439279
66224
869155
798334
512184
336820
805156
635013
962213
857719
486995
437596
41810
386414
990237
742242
836489
635881
463954
717871
643469
543700
592828
250853
788738
924889
162070
112030
952828
821091
752619
243204
503394
322366
273485
334208
619839
536602
420334
679819
52709
850351
859166
865952
935486
654074
982305
227538
223280
388325
781228
710841
826220
87556
786684
542088
350100
554683
696147
646010
92806
904254
193681
394603
465482
680305
717099
619971
291348
832366
440586
805389
130230
564836
805250
133158
822885
412060
196717
870992
544357
244375
208356
370278
156372
17172
720921
118698
16337
776814
730388
466490
847303
735841
181512
930402
544729
450605
407121
904586
752172
267347
210189
270608
290763
108924
43668
518193
406907
784889
660885
35488
964124
287397
851662
878713
687545
90471
203303
512079
64812
527572
458924
422305
204401
663345
892198
24044
161605
63254
787605
95514
927034
637549
437387
361112
589658
445658
682215
702021
700726
906613
656045
910726
370762
886066
317247
165494
675342
470370
784634
18043
904795
906706
240944
767092
275832
842705
107645
352142
265089
932048
57544
346294
370675
143138
88792
587304
276950
780258
887824
64102
380615
649139
196489
504709
934881
99874
851338
566690
992968
931497
432550
623345
760210
515917
46835
967861
350673
350694
432034
97612
5697
836671
241664
256930
633035
840659
405384
356614
457652
867448
253666
765529
717797
684952
520252
126690
721367
473241
937028
837887
237723
575134
328639
342775
713667
301287
21641
498154
948016
469908
717673
798825
175993
80647
392272
520098
382453
703334
305199
312756
213158
628224
670834
73185
380162
848071
234972
390817
906911
476411
507456
196307
48186
408680
177881
479695
402659
249030
227783
514198
192201
659262
853414
910507
898782
134284
441997
827323
94118
155135
809504
18423
729378
556254
831955
307011
590995
731301
187771
965958
279661
334957
870098
134050
210394
47785
739527
199038
822311
101516
86848
803070
637967
180744
82605
825108
951970
569842
638538
155568
751250
827393
241201
886739
787866
15478
108569
224513
445004
98069
957615
624213
631989
440657
509135
358766
876590
766661
255839
121863
649474
508383
549704
744677
32631
346263
559698
220393
635451
998045
532188
633925
242349
403665
708340
841675
198276
843692
223961
544737
581344
145020
875466
453841
49835
281804
468106
505469
605675
703778
684019
265072
91624
67105
769460
29391
979124
551567
43945
638574
529372
780465
290645
634111
869290
490899
163647
390757
208275
716516
717990
745958
112068
513789
928545
723711
95172
922178
577944
910354
97989
801249
826009
388219
936973
962168
666264
775040
437948
832147
544326
136934
794425
710546
821324
179424
773501
775081
781860
361315
436539
431810
723732
551893
423915
604477
61577
624739
819634
803223
879756
770226
170032
546792
614307
234541
547621
879238
544006
595773
228096
238920
585212
941079
625158
568613
286355
159278
800028
556026
494840
918218
5233
438122
568824
273393
137418
638303
813076
48385
220331
840175
827578
684063
390815
318555
524582
728138
955813
550641
886293
939465
465015
284945
841505
849539
918263
998348
555902
829485
567097
50280
262735
474077
457191
799936
106854
871358
455701
636424
414039
725788
10466
292335
685879
711007
507207
630621
464438
967253
550399
26780
400534
827944
801299
48403
8967
91950
773761
871724
374305
183519
457224
302103
986557
201058
741779
857896
971569
129856
736000
533468
803429
502074
315787
312825
641622
359541
596315
432339
370727
820883
866409
160618
175903
512926
604425
59185
913220
324126
662103
524458
78993
125898
10047
84588
771286
500571
501800
260422
463021
812091
901822
756286
458900
840477
267610
403314
340012
929574
392401
791968
315725
125256
801302
334465
507652
985712
198860
710928
17450
756566
456876
250984
515874
869361
524112
506955
666862
656333
559898
402879
938286
377524
77827
937426
660663
559753
423556
450111
356812
400181
373530
248617
674684
647160
65146
719940
482455
337185
750865
522067
456206
772697
166134
898891
409382
748633
191215
259159
439577
249084
411677
107317
350473
485614
614405
512061
185057
801412
633915
214274
192459
153894
604525
352273
965767
581735
122889
9175
681071
938869
381196
275167
664132
295020
882153
141112
92531
290693
374290
268340
206890
401835
212645
95309
645138
838702
753206
162211
365864
681168
186677
403105
300859
213949
176124
35645
169604
333464
174328
64733
543901
186865
338737
234199
465376
26515
560631
880273
593501
87161
966891
770568
37239
819488
673767
897580
952155
164343
198731
882791
552606
653875
463589
679294
541875
383487
47612
108688
753926
315281
273337
524412
435639
386968
951091
592928
176182
570769
469269
232700
533175
537657
830830
696308
158546
495453
352725
7668
635003
987725
494391
58478
936601
628079
358527
800511
217540
799599
2016
584943
628768
481812
484802
873815
438225
686318
152454
484893
782617
329259
531192
677275
510037
846218
864464
340382
353745
376167
500965
890634
488323
158004
493935
580635
839403
277704
690551
598534
950213
454737
324893
679614
388519
44262
566342
924754
195709
277047
723040
871667
615135
244646
755987
947476
197900
306926
698181
574570
128518
627201
241034
333907
472777
615664
415335
589523
852649
587012
379265
670585
177159
649322
726503
57696
386415
272266
785849
794129
101906
999288
138483
796486
155
968387
49242
375689
512751
6124
922433
697531
33350
791857
234296
71409
16417
430150
891922
158457
858535
76325
582162
877498
585184
895356
569329
819257
128589
444677
780175
321336
474529
346996
163508
97913
506592
743561
207809
562464
328915
199365
910263
827382
208741
165817
326115
749834
787934
529465
24229
54194
516153
261040
725084
554095
612643
685838
142769
218414
82323
534492
572
469803
137536
840431
539222
619696
169412
261051
744508
981692
493259
621311
852252
29694
215543
580638
583296
299008
199956
216398
108948
602785
46707
405865
298453
108155
244325
780577
824920
570403
189397
493649
133876
68942
957251
219694
767502
717136
242713
230940
382207
492480
708843
19421
255140
890040
375888
174372
243585
546297
187991
442120
172370
468139
33640
767060
193776
651713
37241
906875
389661
506811
408105
657512
757612
121989
655869
553972
832400
677885
995252
959985
344639
656146
265672
522467
620162
305608
628164
832654
286364
620631
850237
350059
795412
183219
972590
424244
289569
184487
471988
329438
586354
255387
280482
880039
905431
3316
389442
237253
691599
249946
937385
513470
414702
541653
738998
847317
715883
884880
729063
584226
621060
829504
912087
446331
775822
946782
385304
403982
995805
260560
887849
515025
348491
431526
724436
272272
317417
705279
792551
317989
253952
855180
253964
530310
789506
885228
854855
824184
383570
402871
518732
954338
609325
711127
887995
171260
983859
754512
199737
876582
662230
141791
292524
986453
405790
821632
785682
155176
149782
811018
401919
747929
355990
393654
570545
622543
506670
58557
486673
629327
67884
348063
598409
501523
721291
977791
133436
646515
87864
377451
497894
357248
814402
81658
337362
885808
361693
998287
516466
34035
402130
229370
193886
448548
446535
798909
311084
264539
928998
103723
171944
467039
781997
172076
940336
730489
296658
797918
659631
143459
989649
962262
438644
169759
868051
964996
618158
276069
272444
188916
461254
401652
673298
73969
690137
780298
917445
765828
101521
462831
669599
896858
439839
475435
347081
49283
40982
188375
668791
903895
322023
857937
646129
609587
90421
208841
122111
529121
559700
439352
756977
329110
687459
46769
798280
755412
955267
927567
142468
614960
732147
784846
477259
542062
11722
983414
615283
855496
941136
388082
811884
489550
673400
889919
568077
156007
733246
317888
230073
686133
723993
142510
412142
336726
423134
642220
297386
832071
515441
39288
580474
264036
969640
233662
856608
279563
812605
475079
287200
42142
756592
13070
802087
417062
772535
13235
737817
803285
521571
899977
466357
197668
218577
317578
405927
250523
305097
354666
510251
910447
266998
383368
168537
81221
58690
448961
321489
624149
469966
617887
425411
409386
624779
916527
932507
893381
657464
166512
138632
434849
936568
856807
921960
967186
430415
611472
408722
360647
103225
701359
738303
951342
691687
256772
263061
616630
753174
270364
62994
566896
41742
769348
980753
709327
743733
303897
511356
227150
257933
119739
252175
361328
409937
499296
109572
880931
925287
514052
506337
818110
185985
591998
588442
109225
94550
876718
354403
764636
709881
110611
767063
523520
231699
547449
432894
115441
598082
356943
346686
185957
5196
607319
167585
302374
475521
15030
818111
972091
221805
257323
712712
301541
462135
905052
645296
879301
795610
543884
264119
902555
58941
207466
715924
829673
866672
592195
90813
522102
989957
459414
979670
950446
750153
924168
691316
117670
223262
325614
23884
911614
567414
809352
300860
548447
383790
281870
508214
843172
631621
721313
246533
362006
402231
234532
169917
852047
279418
194660
344067
710335
224212
380594
22710
537933
607767
471954
35961
421397
699194
370060
83871
626000
301590
672031
635377
976465
170938
651477
91422
754924
960683
483442
572928
942065
439419
627270
935047
875350
600516
149858
770180
441779
935042
60455
795156
470054
913610
513658
411687
429526
673195
556051
789420
339861
508448
191797
666587
169119
450158
260600
288926
676735
656800
913538
340189
624273
440221
947796
825381
474274
825059
58880
512948
738995
844898
836345
998435
844509
106679
616643
327472
592462
869123
826569
349223
261809
936424
255949
50157
549676
631136
467065
451625
454915
345657
675029
860175
525658
442417
899474
213066
628631
853801
822147
98630
290214
870473
271275
819607
134486
436913
885809
860361
624032
497303
123312
298117
80648
109250
501931
608220
206941
730082
620190
614707
761818
277513
694767
953419
955503
296074
863939
440492
388889
309101
483822
555758
876910
840844
521858
459876
941237
886413
467016
889253
152305
733052
916429
106232
203007
704003
330451
30427
105365
381897
220905
151728
478186
23077
569237
45573
579316
368126
87917
450879
317581
194497
881797
809314
991215
595389
660674
91519
892574
948062
742477
9274
381221
628356
227
426550
284920
218559
562378
622176
414392
397353
488990
662613
608662
544864
370122
749937
980879
158559
908818
731957
382997
590713
648844
672852
57934
46705
570991
337882
625333
134200
312771
828921
792287
322436
584120
493746
537560
160841
219603
488989
58604
378198
406275
255636
635841
869519
819986
416258
102561
995203
146487
379971
661462
515433
921224
369720
199214
688700
410380
534635
266590
473520
736238
947801
922499
234511
387918
63328
745155
403573
629554
317126
616018
459044
134234
30627
276689
455749
449073
420333
567377
803644
435615
607582
557301
237734
529275
135876
636532
69682
966814
161253
96958
58137
989587
866188
182326
169915
744938
83828
573406
766488
620972
943184
306385
107175
260392
505205
259241
712278
893292
99749
75520
177759
920528
339385
282324
952516
764652
31658
249796
808743
812585
988348
679927
95240
620469
960711
135452
663131
193104
425635
106443
764037
814404
585327
876682
532787
66289
274942
985324
276823
820486
365023
519125
852416
727116
636872
303960
909589
211292
286110
192001
929966
89073
362532
173294
172432
366552
39037
14808
946754
844932
342879
772400
809488
396414
379862
994852
157148
140601
583858
697216
830619
546947
891471
204209
731507
215384
923583
634662
124783
185745
203094
562895
256285
252858
239825
655687
798725
204928
411619
20494
157382
539849
377502
366703
904654
694174
546747
638849
142133
883011
579782
530312
288439
635048
666344
339899
416268
336184
359826
89952
872742
110414
730756
850772
702919
518087
389303
20711
839100
900722
895277
919395
971193
128228
127187
463981
204242
782825
893135
961221
75796
451349
512748
135144
426046
795576
920480
569429
805279
990575
50294
256940
630925
110615
141852
786097
597759
514909
796235
17008
192008
698609
79118
8443
123633
988697
488178
476751
360177
507682
396809
116309
686603
83121
603652
915844
189431
513320
801123
580288
977027
15709
111340
739896
511857
213908
995980
352282
873088
751808
208776
262334
800961
875131
216057
940544
389740
49391
619064
511614
375693
193051
144724
681007
311259
107139
932096
381726
132137
218807
597514
25347
653814
833853
795910
129276
560927
651037
37769
773869
439924
625994
762065
742705
21607
814760
730754
589883
273888
124926
33291
505870
25262
125050
173287
60629
652377
447707
468096
698591
99603
431935
831726
339323
509389
659081
400220
661868
498149
456558
298891
597834
874300
876061
537072
739317
291622
728265
120761
828534
115131
552340
691054
993971
499914
566937
352114
693583
123821
81686
214440
474588
685752
743476
418354
125118
62411
394869
614420
608861
500615
514553
275831
693574
489501
705517
973514
689759
308034
555601
78915
633221
231615
285923
104451
626308
518564
555629
976344
332722
200540
981480
117020
679912
377756
968076
827962
274142
571638
179445
220816
775906
296714
769395
621232
72181
374043
925998
896449
978178
583615
703604
691267
810172
942641
566433
229680
57490
131393
64490
894077
273554
633450
314054
373056
941976
217732
105913
159723
896688
75472
57150
557558
145808
200689
418000
184603
986411
728570
51349
17083
22323
508770
305768
683806
743598
860820
820417
213656
600372
888675
422275
615302
73538
256667
756962
592632
85246
896499
143279
932265
294728
372190
544642
336489
721145
949312
249091
304796
381179
160638
947477
419419
57925
428974
224543
323704
900913
995822
456119
882078
852795
395216
717293
125271
394712
623539
208370
464168
304753
86637
852132
47127
431547
231716
284727
785933
465268
762364
642369
965269
854651
548394
943329
160132
715084
701607
858125
265971
378648
993281
617912
906984
744573
795979
601564
529683
874983
82485
796393
887668
2498
273014
912202
954074
25563
31717
111376
794821
345106
885096
67517
881005
67966
796739
334127
985116
971869
768338
271528
505590
688758
636242
771894
362905
73549
712729
80195
789855
639106
263398
700667
481088
290247
404371
515733
890901
912060
108903
202369
316343
472361
674632
243116
382790
116503
391309
280307
28421
350859
272306
34018
340451
585632
547173
119207
478869
658112
628221
864279
838750
838335
389386
338652
619888
286036
976967
843835
423212
290740
149100
192190
354694
411917
848224
893506
618692
349788
648716
778591
176933
427499
510987
348143
923422
133483
87101
4029
680896
298921
655995
61836
786997
346096
613540
298753
431465
397180
808470
25454
993285
110358
743481
823483
564182
39569
177333
34739
749132
701983
830019
996072
482847
163152
646433
146756
308876
879849
4383
632942
797629
422493
855831
981333
542471
933291
730106
121820
126541
11475
989188
837154
350658
822838
369105
42413
13195
83337
761802
989298
877378
372917
466808
29251
78359
517263
571321
638229
55633
138671
829647
141805
752690
501295
771286
273255
389049
148674
649038
927587
416257
560430
876374
81740
893703
888935
699130
214342
174985
246794
495139
413556
359177
85106
1453
640547
818033
916923
179542
499542
422480
542993
889553
653870
772994
672051
741818
700598
626094
678858
22949
340425
331625
637856
233167
93216
925625
940799
239222
685308
788980
368807
848261
857772
978630
207658
189031
1532
841616
874728
743548
615674
54702
60067
99433
587302
18385
195966
724426
182005
650763
347991
539331
194626
965162
941437
57780
855186
435899
474064
326346
45570
275952
943284
7858
665871
601308
939825
329769
701058
864538
660267
81775
172534
681422
308792
989210
437575
407107
502691
955271
561945
486580
211517
299755
637122
680294
655194
393799
474517
83570
484271
970106
673548
343841
413702
751472
113425
366575
812379
714105
890921
356146
538135
545396
557822
500180
986726
959146
456455
248124
141623
767991
588118
885644
191503
413410
977021
792003
818443
961550
39518
353153
698224
991050
498190
114731
827632
226243
565286
167845
314044
349209
729126
511036
445120
598926
99077
957862
370496
121691
576921
585632
316941
23069
615903
778999
806051
775724
383528
715235
553890
672461
866081
428749
782375
99645
623485
606002
76743
948013
806017
573919
835752
545294
927979
591772
881083
867330
413440
120741
56601
536689
881841
866771
297273
275645
552745
366042
22028
414157
428790
453739
249525
480838
291857
593594
48040
141400
40587
536410
653406
187764
873622
489220
158194
136220
18030
999286
206300
678866
758114
153464
808327
549042
318595
321530
474512
685212
13223
552089
169181
19081
864666
236544
697752
765823
211235
27691
329863
929823
267502
166215
90890
578396
131483
287797
322608
207046
782242
361838
185205
74436
476192
256320
512220
905248
924739
600439
715493
951165
197711
992279
363116
688995
342538
847685
90206
821819
609290
549125
132184
212822
109081
331421
534622
657895
712770
653529
77556
808721
987771
671784
805788
927131
443182
678756
404205
521473
332326
255279
911885
637412
981715
967288
669515
730017
817977
201693
551579
977214
549115
171691
14063
547072
279168
93824
349870
116507
431999
508562
192595
728769
640813
55368
378085
881116
543488
805638
209038
514134
652446
444870
790235
490133
826919
349025
711823
702405
898460
579630
947364
370637
478250
253377
922079
18403
143063
519765
507663
365819
807432
517124
700770
314522
604460
73970
