96000
350950
535268
52589
664422
678039
174513
307106
388701
203614
407553
445392
663958
686047
29080
97199
676191
248343
224165
244680
83497
501593
404895
882826
131636
63475
40763
969593
932249
796015
142151
775494
905972
508789
943078
928313
25964
828430
250217
20938
180448
427779
432006
230864
567407
599588
632951
468305
928676
33828
594801
787896
355581
978530
850047
820388
424022
894211
194875
899997
394039
3194
960489
390433
445302
146729
334896
486365
266762
762593
929718
270455
564206
9030
796567
943816
365550
189326
748737
137063
325330
961320
254958
289120
95908
577337
54527
925508
37790
800065
324594
913882
603573
422428
705216
748979
704380
477605
904662
866587
535415
923061
42285
734955
993021
73097
556936
59068
855688
351937
965066
879862
701533
564293
118001
525446
984722
907202
833523
169134
859649
740178
331123
209142
773640
47482
722720
452544
145529
663053
127211
512761
650533
18797
826082
372268
209856
809905
503854
18480
180081
218082
335205
225538
282617
567392
884173
992429
970493
159266
2670
231973
151281
631771
598227
62644
115043
239351
566429
947596
597090
336452
314627
530939
936329
890862
959657
798652
665515
472099
295900
929449
571996
666005
545448
910606
975450
634653
421526
826138
214295
146365
227654
365935
227940
664318
456484
728408
292987
693624
719114
287706
185193
332016
64434
963491
576982
390619
119510
969119
216946
342209
948838
679978
601598
890685
499429
96160
830261
423713
811489
126287
286165
709878
48781
903630
968205
904225
71229
237735
123396
243104
569341
273455
888451
532276
628877
47735
806465
587161
1789
180507
527626
508401
299425
310263
179851
581055
314930
735418
152892
884046
382657
291474
172842
359410
593432
99271
282272
709798
397871
228644
512625
714260
318472
97551
613989
183348
241448
226746
2686
340108
968178
440370
297382
223317
211297
735445
898742
767230
769313
448225
369061
508362
343819
304551
119243
181460
816316
101278
796945
854963
11856
546451
539000
266104
109120
786046
863682
419796
331798
530289
747904
463255
57800
224041
710649
907987
140857
241223
293044
726751
386376
997144
604451
828023
986962
644560
150508
144449
525707
641814
662676
397866
104116
520825
359498
684783
633209
112064
438094
100664
730603
485918
277116
155486
205077
884932
99705
189773
223229
297937
889337
946373
193849
74277
853290
763514
809642
534355
493184
90972
937498
86964
446494
905393
253038
366808
840030
193309
863368
371032
246973
789700
181051
171271
343654
924422
372651
230983
440793
781609
521985
729271
111160
339093
187721
467658
928174
284344
403560
363827
644284
577354
498877
942204
728738
840810
878290
360439
749222
249703
394751
79371
190147
850524
938395
829232
407345
391795
177696
558133
614285
846218
831642
584958
618598
418610
114380
342156
547427
923987
713440
867061
986644
47598
690760
300274
785683
790971
20213
105623
970135
180401
779379
83741
563221
431268
159775
271451
952466
558856
629510
431700
236106
5395
127580
982569
307766
630913
763350
449007
236414
87921
898596
154971
274171
691117
197966
940570
845159
889351
317418
91966
46564
645470
85367
626450
82725
982400
316698
648526
448381
953513
811442
343014
63874
95914
666842
587900
940958
388581
192314
547959
686514
700341
826442
789291
925030
216618
476389
592951
140625
594993
728198
860206
394434
95699
448673
141549
919721
565908
463200
655692
956325
270203
157752
244784
843499
439666
638248
548092
273167
579
979086
78183
91571
193026
5158
326505
86601
826122
687903
983887
440134
601887
933788
844142
847781
708659
653508
686964
869204
763076
493958
39769
960639
760674
674796
412661
665080
311374
947035
161452
940096
468286
340453
205316
425653
283838
148299
484887
377559
39728
614034
563364
726584
653300
99904
467327
706304
414754
450547
41897
44314
988084
290783
476218
297087
797377
724450
571066
791965
51364
679622
836496
744419
144315
245266
19154
665580
613708
760333
36219
696069
302273
904656
916026
98141
519252
287431
367207
281032
689670
322052
472976
157296
236680
760959
943666
272920
573309
333614
959684
129934
794135
88445
951212
252589
708510
525227
656533
373004
238671
256001
65880
927111
891681
174638
565655
721831
297187
639620
874025
941553
567616
919369
132975
357960
306085
960187
272325
433087
39865
33252
245973
555071
874699
773269
936133
306257
555786
398146
509456
868426
333229
198714
343154
363088
609203
631745
169533
392844
941188
800203
35401
563246
937335
45463
611912
142551
417261
911142
255288
550888
915738
641751
665777
267301
301668
349857
224926
746117
984803
439852
5576
732056
363209
974668
92622
474517
705947
487067
302385
892287
565341
558961
993804
476084
477133
662659
153441
303762
373829
55701
515470
683014
384771
192285
108062
264242
457158
929590
945147
730234
831183
132093
794050
765804
986311
684108
293999
393994
271167
765905
630199
172661
975633
760906
426037
944247
454438
157983
23612
49260
639697
500891
804619
932686
642841
804488
558558
193564
314389
570087
25569
584935
352495
113801
85503
994681
807690
951949
513881
815650
209664
646455
575507
538016
623172
475624
270216
49194
615335
986560
544925
546905
240758
284045
574323
407988
257600
569326
742262
260246
12917
373256
527315
799230
8745
237284
462790
449459
477688
792036
684177
444370
746372
486368
954312
619125
40666
299426
514761
70850
905907
23546
701002
671181
428694
464382
626251
306539
122523
992737
321066
159508
238986
652462
326165
617204
174497
746018
649625
505102
95540
652388
445145
122125
389231
409826
555419
277929
798327
81161
307581
370354
414383
490336
602757
692669
358167
266498
387222
613608
674766
936118
224829
999242
610680
877933
18667
806652
582970
708311
560702
163967
438882
834210
886072
209737
131812
262352
240464
856047
106559
166387
610919
221872
948863
909448
845331
619675
173275
50286
747160
122782
609214
115585
439477
149997
384547
527767
826586
796747
701785
121623
498999
763960
564646
157297
366895
325623
16136
864509
920939
319867
709142
614260
692747
47854
999366
215429
693816
130077
689160
267349
169045
357506
52558
65366
641108
797039
101615
717186
659749
704533
4193
240053
249032
533359
621284
450149
868291
889038
288062
313215
604976
266049
4961
932766
196526
832288
851816
894442
388664
991798
221248
760203
714578
11400
37348
692681
156319
256454
5824
315138
948304
730445
975735
186951
448119
283159
163200
868243
193785
824064
723563
549224
288418
889013
525634
753992
883987
773883
373770
214477
83670
557145
303977
178789
407250
609572
17825
231342
637722
26021
532666
322794
960415
828200
81790
110815
657350
364324
94750
455246
798421
715266
253234
906829
13766
743436
994526
576771
152510
568179
664656
549632
419991
942013
811877
27191
27481
819529
751147
884953
360008
632832
21185
706702
340311
841818
601371
208082
775994
697162
600098
597802
600281
91399
404856
478786
93536
337912
421529
900325
741875
60412
345053
860440
347199
82707
682714
474835
728812
950380
540518
385181
100399
666635
881722
461123
837435
786198
192882
870964
221015
98301
317104
657852
287755
677125
593249
463451
148660
817967
164759
908930
404919
43657
128726
555689
965906
608464
879466
314256
53454
3520
556277
76112
443409
675323
215943
706780
582991
758354
456933
87706
384609
261554
366252
531224
478830
674669
31952
392556
794949
316708
511677
678381
676365
747855
33694
222855
617428
944425
503419
36159
252547
107834
388093
528132
480691
697090
663693
51502
492184
443135
329243
33302
856859
454620
656315
449168
703174
177014
172073
144969
46489
747659
325229
835386
827577
637633
490521
125574
609480
910161
760560
665526
652944
342862
642401
710606
804376
138390
832944
823756
83033
635156
241654
814524
959114
320622
659519
59003
974616
512914
730257
586374
14258
75928
627660
124286
984896
868308
507885
635130
90803
934204
301100
264073
648823
495536
483526
145027
830086
353962
407509
182538
453590
518723
727706
536226
526130
526302
267229
362154
768167
658038
694764
282359
158164
286272
216639
655628
81061
17980
735356
363575
529113
731422
255701
30218
805246
655827
925711
100597
962495
572658
419614
616509
355604
349504
378092
5595
998935
482336
729593
414963
620151
225109
404317
484591
997829
443957
898920
414904
708588
994157
67114
263569
17854
759915
899534
679888
168297
909484
748705
253945
188680
878178
69425
737720
714005
926912
593488
626875
701053
779494
224760
403242
34764
938404
186824
124996
245959
485229
560109
518551
453401
183770
175580
978907
957349
944535
594811
457516
556346
222510
164255
5731
866853
215470
225776
562704
791903
17271
269033
548501
588967
344101
930300
381473
693611
170903
554514
83016
982240
871643
884656
181052
679473
326776
135029
514603
630163
343447
877504
813428
606967
873678
106158
130566
8281
419338
186433
990040
899510
18649
857948
33407
87834
792978
207850
934831
259095
31201
860831
9936
184402
333747
42774
912956
277367
182202
360666
353875
830732
917789
273473
293180
837667
242304
140401
665592
238249
686955
341574
347044
134108
511065
588812
983627
270618
958624
355367
603941
95252
964023
128210
844529
881569
151593
380420
593514
700271
270613
219438
280232
192980
891551
775137
544214
978627
78647
96973
583308
282906
588932
645861
100233
762071
695532
356318
204430
384107
97539
439893
167065
615143
351437
304912
951165
115731
237169
657949
28955
94749
958077
923606
64703
572207
698192
145670
599897
704793
580520
452582
703061
135149
106057
706304
569498
984746
169414
183925
371804
554832
785135
697946
554207
963923
791191
143676
400201
460074
171904
742788
967137
300742
296421
128758
570730
223072
386660
236563
215446
738091
952519
173407
484905
131945
655534
482493
453228
58970
943450
745526
190409
809166
624600
49112
298506
844828
695880
574843
968937
25323
947977
399839
794067
331821
394306
781873
109758
548204
261328
132716
513955
348989
385927
955932
382234
972305
77479
118974
226322
121577
56733
106180
385705
469546
413426
79157
103214
746246
183700
701296
670384
794010
442687
503184
974210
175639
773512
673835
116367
446679
464966
23477
717012
228177
906781
476867
756670
803304
225384
422697
381856
852189
688066
907396
108560
570533
254706
783507
847839
246294
740977
706112
2612
122619
269592
345533
139973
656390
223339
241994
753969
978405
115772
90514
570940
659501
128253
393973
704551
475699
484134
988961
611051
101626
479743
353241
435666
428998
707850
165784
226227
653071
627217
447438
340360
538961
591623
401673
55789
682880
574814
109871
709239
46617
132708
383272
439407
161108
34714
454104
609194
900278
310228
5130
245126
64258
488518
608296
282435
619663
655152
113062
921915
467701
731816
998783
949119
158369
212865
156952
264080
460488
973013
393280
498871
749113
582196
613145
189761
460554
473897
417552
957595
861236
281317
55687
151814
965051
989259
29141
633718
490309
887639
224291
350029
405069
977068
811127
690543
329711
115960
324365
442305
539683
618246
96417
448707
460167
451487
837130
516808
323668
262494
377024
850190
642867
200655
252222
926462
3112
749187
225922
964993
343980
406771
751922
387388
335449
754575
787737
284906
63743
441698
839246
56341
442900
70755
986933
119793
999431
237722
772767
223829
266421
548908
605517
553047
15157
63686
881106
21442
64654
573026
473814
948662
415560
830969
594806
767261
914655
907973
627977
846661
691284
652593
13630
208607
611615
795360
430177
988563
949759
898263
289980
490110
702321
207688
700698
383369
967295
759420
663527
653799
274223
671580
601715
252715
162525
648795
437013
364227
906147
232707
985708
460693
558452
302171
533633
233460
382728
531251
153352
992191
192817
518604
181382
866774
841997
72870
225484
350010
479956
503142
827553
200256
413457
464740
550974
75442
251950
446159
356146
274498
871528
71165
282214
900844
696993
988243
230971
101799
252436
738190
165071
458887
560931
374251
44063
455346
577356
588537
808646
643644
914682
585657
563620
239650
14584
626159
993114
485088
927104
78280
675697
139183
487601
843111
79002
167135
466272
395534
50320
925772
849285
867877
408601
772544
543190
291946
407148
298277
183346
396406
447277
234789
892979
788456
357460
311648
419558
111408
584875
364745
619351
750266
123382
812062
199109
736884
974316
354562
170356
489598
339876
854456
965794
907949
152267
938686
434833
855804
134354
854084
873475
856976
629028
484999
956036
599079
837269
159375
997601
395100
798614
31361
259766
656921
397028
884769
498021
335897
477762
20456
97699
316440
370459
102334
881004
456794
146249
499221
246551
298325
843379
331617
820100
860541
878224
186039
648753
255914
720331
557505
361068
691495
939071
270684
32291
883993
3745
360270
218391
307786
604861
948839
52271
986129
628761
786995
388777
750880
451126
701337
89771
981610
698420
396371
414008
800687
187157
808458
769918
364261
568218
500365
674315
835012
121033
301038
695776
934062
375824
347257
679774
159674
253507
635346
372701
680348
404546
415978
371740
739250
118
80605
99858
399917
833978
415787
537827
92378
2070
80018
144814
21708
961574
197508
444547
824104
80537
218442
929330
62925
488853
321077
460670
56094
398456
979836
893809
425709
86586
764599
760841
12421
29294
847287
442832
190676
988263
109312
595081
499699
414455
191780
694790
449364
32531
880253
536471
312455
783442
854214
246557
109801
76692
372886
700412
572201
649472
503355
363438
891000
785253
821167
975157
327501
496194
588729
637993
346706
316961
508515
971311
73582
521501
530259
251274
517936
900357
193673
21771
345300
514713
212020
802276
817910
348657
672497
187675
542352
431293
321825
383450
917489
147495
639525
714595
504061
464533
356729
833248
887835
449290
1834
381656
153919
926444
808309
797566
524948
530144
621566
834148
108485
183313
702954
898957
452648
918032
755929
239071
974791
141718
742211
256951
7757
949412
226286
814615
432586
124491
38281
429050
217379
724424
238440
36040
243289
506183
434653
134949
219636
396616
594991
291876
824523
591455
443706
901978
590003
683733
608419
266253
28994
996909
935541
745226
711102
561089
466205
872085
839207
968393
13182
269499
356254
88445
436850
723524
781553
671635
700383
133189
980868
669090
797297
778769
210461
17575
548985
305551
137163
857892
539426
198503
313844
240358
363211
541591
836666
509152
886022
31266
777482
347251
873005
920423
960065
786127
618075
263311
341114
993459
105998
117920
471672
587088
825687
939823
17325
149196
709051
142066
392549
44706
918506
495731
91858
490022
731097
876961
530420
427942
619966
926465
360100
182700
616232
259905
762878
196897
374328
809517
272105
353228
603519
424187
766917
455223
794550
486208
327599
911282
474068
607494
501555
883441
121424
566005
640719
678032
729651
842349
892448
690167
697368
817526
733996
379929
519236
541327
124107
818454
431452
38947
670130
394561
44551
276185
539357
861435
295329
998602
156313
579070
692760
95630
17131
291766
886183
322543
422752
448713
785453
522943
712818
393464
368425
12806
164564
559517
130580
834259
681947
558100
165147
225331
859337
434295
896248
676544
202486
801921
618284
372560
973661
884500
821403
866639
594432
305941
330244
498087
706041
600117
16987
267355
845855
993739
948292
772403
977745
424861
195886
290706
44514
655358
656202
647523
230753
320785
228647
941938
111747
840107
494316
229527
629359
243607
674545
575373
986534
906867
959418
811296
117390
147383
398096
219397
801113
843478
117566
80643
225686
415804
320485
501775
489428
846904
19644
916855
465134
719540
68008
150132
173496
394335
65972
937186
871493
690091
660525
564811
141522
57458
272541
243359
908562
396915
962146
501376
260182
795067
290153
545978
432280
677727
111692
65232
413669
195494
207494
220209
241894
764227
792591
44042
610441
190399
862169
726261
77777
766325
556837
953870
51574
660471
325122
650278
670713
511567
181155
692625
6409
356255
306716
941211
225803
22506
509817
629015
562954
128491
896123
704279
332539
651363
607024
585591
585771
391857
936686
318548
548615
120537
25003
908571
834248
760359
84988
583483
49529
184748
65512
475900
682342
779815
293608
1961
567779
401152
566078
956329
691254
205805
487471
618924
49378
665783
477343
999297
951056
764375
592135
69636
299996
708602
345173
420147
336826
632868
903520
897058
72068
354608
791493
546309
992801
705333
912804
865451
901651
401029
441969
139658
901724
32015
907447
921845
693198
149796
628271
531050
369198
615959
849465
851783
130756
538493
439285
4893
652738
184083
622273
46941
990671
412671
114767
106351
702958
833327
162849
702114
217808
640286
888228
967166
417778
479669
452774
93300
356212
837710
50230
212983
626552
189459
790359
738916
91571
117445
917728
107164
644691
655449
115315
176754
124109
67004
246296
852416
114754
537016
54453
20244
620173
703214
396204
568840
133676
925955
402321
124719
142216
650392
986822
794475
221986
961777
743286
497180
261020
892727
512682
907763
830818
154584
466955
993700
248499
536332
612341
802106
821968
153587
967923
679812
38079
5530
828829
469741
915388
931357
873099
423018
356477
822502
46517
162892
177824
780883
956905
910325
890676
944182
182119
122919
277537
557494
650588
751224
632629
111250
495097
194786
427275
49606
787120
128374
47258
749638
240331
86513
360855
898983
81001
117735
14728
685981
196693
479516
742183
360479
469956
943346
922671
88615
789803
52028
855429
203861
293883
152560
877766
431923
557434
363771
152425
464020
715263
731695
581393
678997
691914
114648
761458
45061
656893
767532
321885
524577
930939
288864
567913
808696
468508
642839
843584
334061
717578
838005
632643
381979
977787
877394
81755
518419
346379
485515
181469
59904
899957
326450
301849
569644
288877
777253
424768
128091
334750
305980
51631
150037
769659
277788
11868
899970
970500
391977
296348
196845
955543
74520
853326
737579
138224
931298
774888
746453
98943
365844
609692
868272
256421
482115
112678
422702
17482
611741
296629
194829
466205
99291
863027
745566
548393
171475
845363
282848
834129
483946
773750
335819
91816
691239
282522
890536
887151
683682
81952
510365
944940
168603
92888
326151
34531
501287
562731
877696
613940
438148
977221
732096
136080
530766
485277
202015
424985
148427
19554
78136
224342
468256
324675
82090
943696
538791
685147
975480
567115
212184
819576
184336
92004
697700
938823
739433
133124
383904
294941
392261
971518
447134
421988
835414
104331
860696
806816
754045
609055
810566
842013
380269
337767
880911
472759
867694
794082
317147
860742
972030
225177
819207
205284
836241
858556
908978
578907
872697
190811
307892
899056
191714
677885
51375
552902
267124
152737
129341
996081
723483
588303
417609
855384
665379
69401
649338
180486
386236
498227
367241
139341
311773
689516
887603
985495
468677
41800
204426
998410
414749
776892
491943
811543
821498
188678
274874
685408
47678
970598
590082
297668
464542
815484
996695
29128
971774
35839
495653
378531
234232
777495
511667
785958
438395
696217
457569
756998
169232
297181
956209
834311
636536
555004
960251
586247
83954
386027
840260
800293
838297
314351
512682
540044
965289
441276
232630
6175
150626
442158
465620
187715
349829
23715
405790
349827
30075
36979
946452
191012
435093
820173
67752
111559
793966
481455
303862
793972
610669
34945
441169
984072
503975
255247
804153
769598
167329
605921
298792
957011
372723
788985
906891
640793
834119
133929
68750
471322
207745
338766
302352
868967
54073
490476
91702
679676
952035
845480
827611
227409
171984
944796
98149
877824
918797
733658
548787
47181
778217
195009
370546
292439
992853
488629
671055
64154
118883
757630
179591
117278
921969
798975
751578
635328
832927
383952
606941
640603
292219
475003
242735
702291
301950
643088
732356
843582
337136
70629
398493
403695
96422
637678
242840
467423
29996
386804
183203
541114
935165
959925
651404
273988
325679
552537
849076
980390
209132
648844
316003
25945
488346
333372
548853
811054
980572
656241
371825
942967
654322
498628
816890
990869
551036
750717
434078
807135
678108
513549
251660
518764
791800
460708
552354
101310
260126
543600
286245
972811
30083
331508
917898
530857
631140
150784
690545
560149
344078
884434
477425
796896
716856
936969
304526
842038
384846
108738
8647
744204
596233
837841
294284
365605
91257
191646
272013
479042
373860
931033
518062
189412
666697
82779
505111
431935
508669
446683
337895
123389
739895
67081
32200
708459
456679
884554
797981
828100
84864
362129
918424
692632
229207
316823
755881
268953
402595
912822
354705
981698
158692
162024
369621
292837
72417
748438
964941
627151
631689
750368
343515
962585
391419
760617
619577
85134
558625
589979
631852
321588
341751
630142
932117
816569
842282
817904
942182
985020
691867
761666
839794
958132
265858
932335
789020
992001
816880
873018
290545
761677
516781
565411
388946
482463
989247
505029
330378
287676
533708
822607
289086
376058
371159
972573
698050
853986
619046
433586
593992
412417
324100
247060
203571
326987
255522
298308
481546
134061
744857
87705
445384
508462
747083
983224
372943
634624
794087
502706
625981
647529
841931
306554
34327
260745
149507
740353
362083
416967
473263
120112
296146
18332
637187
692098
95513
960636
430249
420795
559392
859036
740673
862536
522899
65508
290824
785716
440087
957683
149782
936965
128407
427273
773761
402801
917372
961494
175199
619200
318971
412316
956713
728831
175688
637187
993020
703774
937768
464825
847097
133799
236196
689731
339915
757147
623129
95333
48392
419115
104109
213610
573425
286544
719388
564049
28308
421511
659632
36948
464401
519468
453455
226198
782841
910450
467566
671016
629458
476861
737251
965047
282871
759516
471705
782422
610140
937702
926429
979236
238960
104048
338581
329434
320987
828840
664463
643443
501094
633425
361655
473720
621306
610011
678307
192615
609921
346590
336841
949759
473193
739187
211920
706859
377991
427951
628547
563785
395224
708733
484130
95509
499298
816791
435283
484214
301113
106401
78774
885285
703133
427810
224470
831414
757441
361759
798586
891333
243814
919638
535708
156798
138982
916628
646001
244680
249869
963059
111847
77647
763298
827508
239021
314348
756739
341365
477099
17716
660654
680271
188947
196378
69468
136782
961167
902977
936391
55437
672858
984355
747405
111790
317035
12503
471533
37620
92107
928194
284909
208061
569992
234332
818334
833310
762754
967646
781624
807261
160354
968005
718367
166725
812779
784198
670087
686058
705960
246670
271347
364410
380485
594420
420568
440507
797178
277758
822817
308326
818658
9933
432716
564448
980138
155366
748017
159249
706724
682653
259171
101795
551803
398048
439535
658969
824321
935645
424769
166793
260645
102545
809702
401656
38720
156655
137773
639504
444494
162665
224870
910976
489721
985053
162572
486512
909329
518879
267967
742624
388121
625119
762857
480668
293179
900279
873219
530334
934875
644180
334768
815616
740424
795006
37767
874587
76815
328581
236078
261698
533482
555210
396129
989204
753686
101351
373074
575106
529538
549436
236843
450526
351075
475479
828975
438683
224036
406527
97726
426215
492091
81885
473143
530210
459031
487176
976312
154937
290741
791531
466432
576740
790034
589717
675958
438328
433531
101469
480387
143273
873728
361392
635098
454944
768647
76153
514455
778677
33916
561451
579653
284681
562278
919918
155450
178627
958485
839587
92445
5541
805880
175830
724296
439562
485963
100671
210952
268158
707693
37237
41409
479226
362191
12080
812719
488506
852617
99321
506823
522365
652934
81200
106556
964057
579872
330362
320029
444152
81927
151493
220571
124083
820314
975481
359913
420809
659224
932668
618492
221692
827120
28770
457458
999432
635316
6640
100622
467968
398444
451211
168353
888584
351559
995714
165894
931881
149292
516341
670404
463892
223791
792032
816022
23606
223392
874056
38982
424628
365181
521280
869365
711620
339271
866776
729208
99047
976754
800099
109277
31047
10997
729572
648715
178856
931650
974357
766791
658958
61136
825427
412819
133740
688467
244841
734129
17412
27597
707255
444613
502944
988158
879102
680344
267435
913719
174091
422969
892460
108429
496382
874621
55456
14504
352246
546280
312116
757499
84252
773476
296796
911694
391304
723182
494483
677239
311699
276560
155183
224743
803962
366152
189792
133088
983531
609480
365765
125636
959472
426583
749290
255817
897397
338389
895074
272201
837047
507099
684990
329078
952075
296001
387175
420459
489545
38073
431453
383709
413267
377560
845260
291952
963973
694709
97544
93798
406203
661354
385766
775474
50745
629240
40630
323435
199995
61255
696416
428572
621914
856202
583130
80824
554776
396417
175235
318251
192712
813528
455327
717515
761437
442989
682864
318189
330573
289199
493
737876
376865
111393
300577
813701
149148
874558
844259
955062
173829
754039
981294
159396
167187
781016
81628
951556
799285
433992
405636
31441
386747
722351
181996
685572
399844
845618
742445
715170
801668
716377
598562
262511
637970
291090
10188
638208
83148
739471
794694
802286
470727
74442
178975
360742
983703
547112
529177
16414
763862
307643
434813
838690
86677
417314
24409
819852
148701
171340
912472
418002
15648
410457
833788
621626
700993
174049
508474
611240
748861
684493
343153
481560
833204
823587
71689
345766
41112
553504
292388
373578
761137
239294
597380
372834
662666
503957
34425
328104
614012
572574
210693
866435
228628
739410
435982
340345
893475
824817
658942
498049
315363
898974
293179
837686
918145
793639
91518
529512
36620
198243
247378
642061
481016
938100
19435
595285
169166
242796
891233
742043
355828
258124
658183
410423
766420
909096
923052
680624
873196
263014
739246
379791
469426
197605
582645
26639
732194
982522
596051
441648
43941
485461
80566
361450
504351
887362
653320
82879
715222
493836
137892
353897
702650
704700
650228
881843
15061
774079
444971
997988
769552
59429
110748
266133
539615
513798
988597
94116
420682
172287
864604
841665
120793
762842
205925
741094
929180
12299
759277
852643
519636
743319
48086
117719
790273
619344
885983
754043
273481
518971
402526
96600
439234
412818
205917
534937
659804
346212
980367
184123
733678
129306
753069
809184
616731
11222
7794
376643
302305
339700
575855
433606
392830
470898
675595
240936
214079
812844
794971
885778
824614
828224
73242
95568
898167
89488
124421
104349
713951
514725
44566
563414
9090
782576
938522
675089
603039
68397
314609
512263
245218
201953
51682
476524
870855
599042
83033
404192
389414
569333
973310
820285
319583
795633
561138
6161
122466
65603
63400
464678
967451
222380
609310
308668
669369
540197
404215
25880
453914
372355
583735
41269
770901
334836
86106
192409
874211
217449
269649
638723
460010
959566
116762
283200
282216
289588
8379
238493
770936
712144
774682
828215
832580
459485
538428
940334
235272
34908
481624
196024
638
834940
382615
183250
876716
36052
994731
198160
469766
487820
245705
217558
528960
872412
94340
621151
573813
770604
326983
622906
211181
682587
921583
302358
385934
197340
159491
908530
918626
589562
34769
88246
386113
489660
999270
317856
344539
250211
418409
321815
190180
758224
805908
786012
437724
800706
904272
504606
880122
401086
127021
269612
369140
343239
11707
533509
569006
473165
731016
385355
764861
980834
914165
612630
459670
498855
930871
11429
751575
714565
842664
749488
391026
341463
965767
22361
253234
149093
705106
538688
674923
91020
713919
583285
464003
324537
614866
988745
75350
781012
254173
196669
727370
504633
905882
486364
486705
255137
18014
814757
721108
933087
887611
582880
230818
568455
97013
54161
884789
394345
409054
589194
271229
868603
282257
730395
599243
164052
222407
675557
437244
674005
462041
609357
455168
888802
884818
586892
169670
423950
875312
573794
383942
342101
332216
869290
721450
891138
725939
757577
925402
702257
219656
212800
701923
317615
531511
843234
206339
103165
875312
335839
733523
934196
702414
258046
463313
860354
175667
214761
212809
145810
967680
642338
596128
271562
72561
944084
688957
456622
965396
524932
73876
462434
764388
89894
367888
659852
158150
545868
762845
910040
499103
437689
176783
306581
579920
894612
336754
690812
470927
295416
100143
983441
564707
542248
818327
999778
879867
762016
99023
567341
740524
751750
781337
214239
720646
77952
450171
387958
187921
831263
461261
405319
909417
830776
158244
251676
491699
891604
160343
912437
407547
621501
835434
773871
373420
525625
333215
767299
27115
24659
645653
96101
582736
341076
27546
523340
873153
914705
991509
255889
217197
678558
184969
46833
8034
683168
171975
393069
758860
404928
753331
849041
380491
66812
124336
29201
303855
715351
26411
204366
199059
845745
155521
917944
635667
541745
772622
282126
410027
960094
807315
656258
978157
21517
820483
118904
813087
408757
811242
950828
331375
937630
97338
481202
367763
128184
740532
307737
207361
402312
538160
881065
238152
212605
837257
166092
843850
542305
54887
378953
486742
522603
680490
322603
780326
71601
425839
13376
999858
58
62467
739069
56046
981170
699618
577023
25063
667959
46634
715564
67829
568144
560289
689272
755614
887421
830047
184580
869704
144169
796826
405728
512408
322492
705804
33009
308651
377741
284355
180654
373871
64181
704005
829252
419808
508734
84381
575514
308251
853563
600966
214959
263776
211825
889459
314590
94761
268083
80825
43332
29729
608651
224474
21752
351107
23060
16239
605945
814288
175333
749105
590694
854572
296872
420772
712230
986902
193224
252128
899047
881794
330376
951805
194052
217941
58417
174746
154560
577724
41700
4426
462511
638890
66893
445852
715636
565676
284344
175238
348389
661930
668157
972781
445771
293180
914455
154516
27909
696934
928211
717982
887628
538674
591716
517505
359696
634089
333267
454218
196034
71725
346771
86790
782955
825142
587315
224596
347385
674663
597420
820101
861594
688076
501402
977325
305089
448307
785480
620873
506246
922212
910052
34380
162218
340861
582097
523272
244408
637679
852955
320438
855174
2255
277062
591266
633307
137689
805951
912630
252075
776
928564
683872
750077
46667
651263
125283
559277
181284
938493
480311
730574
869602
251901
474526
224359
902073
595733
350853
650974
438331
116302
874962
489203
522293
796031
822416
486627
756200
377847
996277
254509
401699
307540
639436
139184
734842
440240
800131
185907
874661
736827
257619
275775
290743
60772
36679
354023
809336
179377
101484
711144
543330
391983
893524
511019
259253
607427
460230
135719
559159
180638
415877
983843
690507
611279
318331
775769
220525
648882
102787
51126
521352
364102
947984
152446
922292
13789
223677
292813
154127
461228
669873
849272
394807
511874
296558
469906
538081
854678
887
123339
15193
600825
368028
746354
422102
840746
653667
773914
717433
138760
789781
328795
586018
656610
789858
44144
816303
462890
692337
807166
300434
614985
194952
327348
943502
922636
85141
153357
411022
776443
202519
705586
195170
990474
979436
214525
820183
109545
965047
976473
463793
990134
645869
949381
504391
664658
724413
465079
916988
456977
547290
873373
664277
70091
341798
309438
875132
893968
392956
7808
16
772728
153882
606658
574567
173911
463401
674281
135649
543952
516651
994361
230250
896129
32896
878937
405771
913628
152597
96441
462189
390613
537386
357071
828268
824439
443965
925756
191572
821586
356504
325774
194811
296335
864372
437598
276731
673892
566153
474074
112842
90914
682739
828957
445943
326315
69314
649850
636994
139266
666206
624920
180313
504763
478293
798199
536811
666769
124163
758033
797483
915798
68637
104731
696419
252997
960602
808298
302642
406003
77566
613875
919908
426788
971844
237675
357548
12218
371495
434253
829696
591880
723725
210810
828305
46789
544977
206778
673510
952477
742635
37088
154324
821281
448446
672396
285468
292253
453374
201611
136161
707018
82684
117785
572548
35674
658384
551814
806494
300337
360290
754741
867161
265716
849237
491009
426987
249785
659536
898747
53809
674654
160361
163599
808996
655157
129072
16453
664826
345373
513110
958947
335771
766060
310329
899375
952702
872136
403789
368401
784416
761685
743848
770455
845409
828040
128937
727955
451899
487515
461510
858975
618079
252057
9842
875649
87982
558041
745511
880681
298192
348359
897429
511639
920053
422429
222503
959705
836966
997298
837870
727026
828807
636137
49324
716823
482923
408010
747071
395347
688788
248685
759081
758794
603462
965138
215288
772186
986246
81614
822102
565533
986484
564832
387183
370955
903170
784482
684538
143485
389136
479195
227815
382668
811366
49649
781796
404312
491917
536188
982987
556964
946506
286837
980971
304479
436280
207117
569457
97726
966913
121882
478258
495108
309368
610348
325592
684003
9622
796926
343336
162492
211536
717448
558380
923267
115601
582641
599361
870846
398233
9250
535039
35116
114418
622262
821824
920130
315786
899469
945423
268496
275826
590848
217519
972227
935410
76591
682181
130051
506310
112821
135395
144445
925882
32189
732401
303419
625373
160302
762618
93230
388197
388994
920080
502990
979103
686836
724765
114328
805904
75288
146760
110774
199597
346436
247424
183549
182900
340652
736168
899088
861030
430348
502943
63585
312929
160958
84395
124696
135389
195947
502209
401292
924227
975582
814259
784878
771109
255476
73782
344709
216414
855984
909007
487827
420295
664619
39322
425495
998355
72296
833719
43500
420168
585222
223506
598607
818139
987150
177996
593725
572646
605356
78987
271163
583624
800635
658715
531247
699929
618617
772351
402796
606600
850586
506840
57291
666452
551544
131569
194676
251107
795495
