570096
35409
5007
220227
232448
508325
966588
869723
622048
118666
846719
546034
127037
882014
66890
245223
524280
434674
111407
751153
950153
772481
401492
939440
606720
94798
205443
864398
674663
957209
429726
657106
820100
784445
647984
464385
73595
848681
25310
893873
475023
606137
465916
498155
641737
320816
567611
360636
583089
228372
399297
679704
695481
246503
439825
859116
535098
762621
759593
682175
85
104831
724267
784196
71164
704314
216819
127230
369609
444196
463559
572176
184203
843501
862636
998368
54946
792382
82581
427431
6528
681298
384503
954073
118031
564973
296952
757995
310065
336636
925573
888645
705571
449739
604674
659782
905979
882781
492573
866286
732560
349483
530108
234029
711288
237244
763924
289093
618540
875741
941531
40158
152328
372990
622933
957158
47087
210025
602891
287394
623820
938143
981339
251414
680435
540305
908392
429133
336293
64696
789041
454470
760818
317265
289280
609723
664185
489273
852601
823823
614603
890976
984210
930899
542702
283373
44641
516085
642045
900910
812304
43845
730861
980218
267310
988581
550378
91942
171296
619661
917600
57120
978741
401144
957653
129899
779415
201967
687411
630775
821660
317360
654948
614428
768124
411323
128150
188979
916574
633336
568990
815505
893963
336840
659640
954273
944324
46950
227244
1053
682286
515322
81165
293929
475051
708986
84892
986252
668805
979965
28553
395
173124
363870
916569
415844
774623
765513
835747
926052
861327
577445
614068
992805
872254
404766
725906
489704
563167
113293
847390
946187
276311
294215
334034
458343
108568
188351
922410
129800
281743
39769
303136
366410
961011
469580
734735
271884
355134
917170
627385
680596
444793
402095
24548
141887
707823
246012
278879
905187
703875
584143
258722
311299
803870
820905
61907
134125
377856
358395
109861
630196
925816
38134
788379
862406
925935
784110
66603
554409
512222
465833
195325
661654
656288
602762
737618
795378
186849
447317
265474
98469
8374
399454
641630
212569
240839
718291
134580
678225
659815
840290
747056
340643
654724
272520
209695
197780
279482
599288
861519
825934
486210
546532
200403
317888
604743
842026
820515
156818
312985
12830
739935
444164
799226
736688
449652
559906
56534
192314
245079
56678
794448
951657
658351
492394
430456
403781
729039
165384
11032
30238
883617
860816
627566
123861
278366
937381
591027
590404
478265
743476
256986
321227
831772
350162
509972
85112
393
927665
705744
907282
855139
771135
563841
694978
382982
144924
492055
857695
556816
842229
942479
111124
793923
608194
74854
495024
941699
790744
814569
254090
560185
533739
161832
50831
888026
534628
185224
794986
66050
656283
346296
392014
168698
428530
578236
496291
862105
495245
901733
901899
412806
701809
690913
458703
201115
27832
881966
325419
314981
108398
488810
571058
150344
582924
636359
683743
139263
379855
923162
843450
368898
665011
713298
816740
417408
401361
605381
886911
335435
239122
101350
819900
865364
739599
411923
350530
135307
220551
172939
344120
733032
633852
656381
337455
434760
790826
588027
494319
794607
457637
289678
107996
272620
44622
186211
849861
337690
451249
241570
320970
418242
726014
678943
825895
166814
255458
901801
952737
810617
529666
393216
22859
656242
592916
380389
9909
776479
719449
646089
633010
373069
164219
158567
471109
313190
426623
77997
336424
959788
90278
509589
452344
871585
198630
727379
109376
450761
518400
545767
380704
359815
904318
752018
13017
95844
657163
537317
350712
714543
333550
505652
178205
365822
173925
621482
334376
860178
936218
18998
187263
424857
938308
961892
194557
101964
277149
282246
38778
392889
957435
657808
942003
439515
717454
434116
82454
160165
225205
600514
14317
367070
503933
378497
348836
167461
675318
160411
447416
715734
118004
693698
475390
924741
203615
932688
76558
419623
560759
999037
11274
717329
12777
19370
179534
160280
812998
133530
679542
659863
894438
508928
980486
882126
302744
815730
70522
305511
720388
635197
760747
811285
863648
992339
743067
310037
126795
40544
414173
797334
990217
811451
527012
231925
349596
973175
195046
534433
622139
36504
513388
481310
668850
526434
575929
136101
192341
153549
284244
520680
774498
755606
913588
292850
279602
678959
97864
82477
809628
258135
875552
584062
262311
345348
811387
192715
117673
617788
125678
699740
992448
413826
957485
822751
808236
637358
244473
767301
875336
814486
575846
14539
797603
564648
425480
285843
622207
474266
388602
22896
196517
650744
731466
719105
587107
346524
759876
131892
384292
106364
64409
13612
373546
695133
756972
296701
446186
965286
520186
522452
521860
813519
64419
97012
624349
890104
424729
983067
656475
458710
882852
7299
539004
329096
48655
286660
431699
315080
881843
596758
384097
497084
970013
217525
977228
668908
592031
895133
398526
695375
167280
3829
854237
439806
644224
197512
326370
611082
597021
444910
82264
86633
762683
654729
209075
972811
633443
668971
155787
637259
501499
803093
909491
224129
602670
726682
228730
713524
75703
304547
191486
634412
973903
82123
929000
888550
903729
883434
906183
703457
703558
206384
802380
553302
285491
679591
184864
84548
303931
458138
568350
603753
605009
715860
165168
218445
547198
22593
61641
153975
927979
83826
247612
659907
359884
389820
776312
839564
947241
569343
391521
387779
221258
112708
388875
60449
312127
461312
48661
265721
526921
580982
957920
180198
362985
11640
279531
420132
549378
399821
667468
35195
715117
159278
873165
290582
540249
800427
351201
149490
344605
651755
908418
572402
683292
510800
842216
532815
787540
285753
722727
902764
768963
51745
43942
213191
233718
566500
84023
202252
37999
906850
507096
668228
765234
313276
821509
727658
986348
119036
727736
908958
630657
752849
507583
948147
76273
473079
999607
880355
817637
483829
37546
711458
793884
486912
238211
617423
388973
243837
163818
539079
90808
484516
293248
978516
1965
277504
272440
984835
508152
726035
219472
547987
801928
971542
518571
410889
937787
638813
785229
31585
567848
627417
717746
110047
707144
862328
89035
736707
106049
658599
758166
569434
389969
265847
718489
176113
117907
16029
256698
38117
601457
399443
128382
84310
781351
178077
239004
37562
510575
924262
142333
996237
725199
40713
69651
228390
266811
319851
806547
202469
449704
339589
350352
2569
686830
844543
637878
744350
182488
998520
12767
900819
899916
57698
969109
27498
592785
897739
53477
939144
48002
883062
676444
346220
461966
48743
119201
549692
137577
863486
68846
678715
632915
868155
590957
821016
321603
868384
611627
234079
877040
212340
952379
430994
375611
360931
387114
171283
921788
721731
371162
699768
339687
968113
627581
176833
315675
959578
33264
639205
411399
588694
974705
391880
438585
349550
845311
407754
637892
215742
255245
892729
360526
132086
813026
416870
258932
3770
388624
623445
804442
692713
542158
725518
741266
861947
520884
871824
988903
234628
376851
218085
358600
284821
629935
96209
869132
893378
786843
904932
66598
751741
531439
484463
246118
977057
582695
460115
608873
997451
427995
913205
218783
864675
174295
950413
842551
388473
48150
963166
843433
909001
719136
644352
125471
21665
11133
438489
955137
910362
451092
62314
522908
249281
849509
625029
593966
377114
644320
620765
53584
127098
225120
597814
967808
321107
265159
746427
450506
715213
242230
794670
536211
781711
526313
771705
727746
174556
815918
111140
242828
967258
335616
702816
538074
569583
975684
275008
629272
326468
496223
343623
795804
332907
22002
430300
785201
171293
283635
59866
916288
882204
816937
796676
996826
823223
952324
280854
728932
917228
270422
921014
342496
392679
25970
841289
606164
745961
45280
551522
960217
643972
372153
179030
723137
430018
405861
346539
732646
331942
230191
686383
842507
39626
865218
884708
546802
254759
981827
806937
992506
185907
374218
777364
286577
990117
318525
322283
880062
425236
124171
927282
906724
976061
888259
236046
848628
523364
669518
177000
499730
58001
868687
935869
265377
463035
141078
181779
229582
492099
758459
153926
406390
529431
938973
981057
497717
469175
418423
12936
17036
343188
355739
166321
525294
149588
73295
560819
758055
473779
836417
661462
799210
742467
133159
723402
537205
859092
216119
381012
511267
597614
428864
625251
844814
946939
711716
400257
272158
500354
601650
776485
857203
928718
853348
614373
548459
354733
942130
18440
903888
895572
92112
606649
246625
596192
640715
246296
363643
867127
285244
170283
963108
309389
721062
604914
520692
742402
357234
594520
716513
37097
403204
771973
349669
105572
629241
807696
634766
96043
936128
230802
553122
270763
364050
444950
818924
47627
412111
21804
861415
400265
814262
526109
929222
865987
391425
254840
477278
621458
910619
661835
552689
130577
883839
599982
180760
190075
105454
822073
82444
686130
390476
181461
352849
176540
405912
837936
862847
22568
731142
478218
385262
182383
803963
102253
208765
506421
955045
266489
248319
99406
23540
132189
794435
109853
357496
839970
198975
921016
275608
38369
624665
442087
417452
549461
713233
531276
932152
746379
67853
878428
531846
357558
891714
157323
379743
291359
76157
831174
801061
990329
363148
438938
876880
616786
455563
287474
197315
302822
607438
683645
63178
99214
982824
326446
783923
422741
775510
371997
871558
577771
603275
800267
604386
351539
941273
995842
95797
479415
511993
707611
173143
423355
667447
349978
756292
340271
31677
899635
36916
322174
404026
800432
69017
282243
821550
323562
237492
707803
164693
362996
121940
185877
121901
818648
812397
869254
400934
23865
983121
38650
124838
101847
887757
672581
38005
546289
261411
108471
497228
735301
181087
146477
523573
15923
744280
613508
461726
424064
794181
886249
360000
737782
776697
45900
960487
354664
579964
103539
170653
313874
828424
931499
316407
422303
917597
792921
716923
671749
308801
610094
141484
418124
928088
435256
358581
81068
403547
364758
544302
148499
925688
467588
751885
324997
146822
248980
272108
772318
873699
810814
675570
615859
229549
53006
170337
887831
425369
970235
236028
828665
186803
539480
403475
246506
356082
856100
367532
15293
16183
741820
517520
679048
839010
305264
996655
302022
509521
672306
773680
425374
487159
709738
316761
451391
783700
249703
617048
309410
917462
209585
411692
410353
371404
733178
996787
948102
250115
720434
94416
468044
550463
22266
395064
177602
524823
707056
992282
803614
201326
484905
941673
489550
336714
207805
720455
596313
732050
978811
707727
380068
429736
368637
831743
986705
492129
996759
615105
312578
42269
752745
373972
241723
416072
884180
468443
130150
512684
663433
988290
774575
84976
247293
822985
511183
27056
812153
527535
177511
24570
742029
164411
960130
447651
630884
576297
624829
444485
494515
796784
804227
663446
480332
235564
463152
106533
667855
872045
910231
813235
66495
996700
324639
131883
510322
359428
257608
911807
253858
334340
740043
488417
94242
784464
321632
145947
258602
267167
66457
750540
313043
50037
503788
990080
625694
738061
851022
358250
279534
357154
721530
50880
530518
369754
680208
58227
877069
229264
963867
521866
263742
206460
346603
416538
426812
310465
904417
75236
14547
932948
53001
33355
104058
522692
546465
366000
184868
856169
180920
960428
609845
565805
439410
365225
170386
31538
187368
11230
14865
235039
684908
874405
225168
474634
581930
645370
940257
801667
515050
971922
150819
719035
343857
706837
384748
383504
19975
555706
57442
716022
330004
245118
77929
611715
864292
986625
916214
392727
977162
276349
842946
757541
724000
182307
347547
521891
818476
667220
162580
438154
586462
211257
131869
413322
431413
812159
499117
395214
64450
223730
264411
176551
2885
31925
592141
997527
95987
482395
433031
50045
551321
100070
474021
690648
35802
993306
200484
721977
674452
133628
885914
408330
782305
220204
990086
267764
47418
553244
40642
551986
243061
492588
717717
949424
586223
416356
832677
290079
130564
291597
445833
103448
612027
17260
880509
958634
156607
598748
932142
48898
831240
40583
550710
130998
211097
598849
252002
602926
202530
527873
615790
72111
950981
994108
708434
711941
135477
431071
754549
909965
447355
963177
702400
127196
328467
228708
380110
96143
854515
617342
652031
321392
10475
141192
48236
528066
632231
750666
176948
355562
82642
108800
585205
775226
95061
450294
332183
307546
6717
34427
477890
450197
236731
937413
406895
987582
298372
32289
747932
247101
45145
103252
79769
20409
728737
621972
905216
279011
461106
639580
49986
794717
27438
487792
949531
880198
877258
747565
600487
743076
104234
37324
464015
76460
781544
841395
709468
183728
946356
402423
246060
873446
41749
410931
423681
323280
506254
6590
533943
511501
995035
55883
591054
180860
882075
418722
409125
285641
783367
24183
169224
535253
773216
291940
464352
619974
381223
164296
215689
453288
715334
910587
730625
301054
103564
649709
910907
678186
977110
806874
831827
539188
987337
590699
614621
626234
300283
656301
470294
689333
740913
865510
491388
624995
922691
851481
435001
686550
913180
413976
2939
130137
531230
957633
610911
557242
220450
280662
612747
78969
166045
466685
166555
904843
696926
86608
354610
414603
969651
61154
274483
641214
416940
930704
848584
771777
113655
457215
962527
458258
485930
784183
689333
87095
191584
347163
500426
398286
810234
917700
405172
880242
183111
340474
423248
666887
965950
698702
229139
973155
402792
367831
990334
951641
234010
138183
159664
32163
426528
316649
884309
445867
762230
655929
591357
430646
478384
523551
720007
275694
37881
205514
257276
410954
437752
775398
920888
893148
805646
78969
630274
820151
68924
102815
248829
680378
9762
347936
119032
522174
424610
405227
838368
999320
308515
256626
254165
911499
645745
314529
878425
492493
629122
901755
589477
546484
401556
31892
710870
299901
846705
589349
957380
713785
993236
263567
370227
833685
314662
602607
759267
558148
733345
961050
942338
285323
32598
55285
168706
472680
795337
273012
854085
134752
789562
3373
508723
981092
406783
242392
941038
261663
977740
154469
159133
744095
827477
114874
150437
609437
904266
381768
794358
852522
264641
954057
16385
22969
392946
766424
959623
513475
914075
523500
403277
872986
101892
757042
564396
622414
862749
986503
503749
933558
652035
659407
166289
11612
453729
680821
112150
448455
967795
316863
321845
186213
155110
911756
902560
588373
16348
286253
563754
356303
963083
207710
202231
924337
495877
419424
512018
686310
57042
60916
749405
646325
545913
438069
218659
477988
797790
837715
707850
182918
902149
566504
821924
619560
702197
39544
779044
491796
505399
8650
493869
913088
14462
885725
868550
982742
810912
163145
917802
782945
21762
160116
582141
479313
401747
306605
533784
756203
921007
331560
791365
827472
418595
521622
129926
147175
79632
828385
54480
707434
948712
720577
609365
489162
537430
183550
965503
728128
300538
601794
869112
768625
755666
588314
457446
171517
59060
334601
516980
523685
772663
553097
943180
532822
44082
687327
542241
989462
83484
375321
355304
793930
293906
426343
906790
917473
699576
716308
116516
787233
245879
944287
525760
105228
609444
849466
860062
79790
252032
448734
214971
38534
90012
982665
358626
796495
700501
574485
510071
164522
108477
224054
576816
449321
652250
973328
366372
666810
752072
905011
4411
887918
190905
931764
777222
985381
608669
948393
232872
56856
144157
905024
827249
664195
122368
876284
844555
156205
482353
473678
917581
343893
154904
885644
445485
856699
917028
417232
818386
894792
11754
938160
382728
883354
992295
142229
224333
481584
841761
406458
287944
827439
145644
44483
526425
464527
921097
941687
444299
271205
577769
435100
947878
472333
582159
493742
628642
882547
150035
57979
800118
442174
378114
241374
618957
936987
236387
306646
201498
912033
785621
53762
284930
382310
304468
950075
656440
970846
904602
968142
138407
937194
904290
614484
598792
56965
990983
41840
67987
647558
543435
731493
530770
288274
28916
542802
766224
126434
339921
378314
319601
164973
728987
19540
273371
321394
143670
387068
501394
823140
636375
831764
820834
907441
855295
824970
622965
383985
590693
624231
82500
466472
986225
706722
262506
915000
36261
413855
552404
724518
566934
195463
820501
435974
133464
499076
622486
534918
39609
579289
170603
197717
296291
520029
220096
360046
310245
807826
346674
208517
956747
586022
858682
545932
206057
420293
880260
615650
677623
987481
381342
931929
245782
733599
583052
825634
608625
235175
809208
677015
464703
366888
250502
625381
266852
433661
481414
524244
108407
938048
233091
84597
691551
447938
710200
182183
581078
332772
295906
326789
830863
86357
415025
123504
804212
147304
391640
735732
759368
259792
199363
232089
352876
101884
507368
465225
576189
256777
537207
371097
564378
1640
389675
553845
377475
191118
659458
618669
10781
8081
91209
757718
318930
528614
53393
193310
168085
820020
921662
838384
647363
382932
668861
857280
878565
23336
775125
514227
390610
202517
844247
110382
669105
407774
336368
392506
112989
996574
821277
919825
424161
478050
471485
141128
952994
359841
495106
929688
814620
621528
438465
131082
804612
876294
414250
62975
678541
272193
541137
945433
847559
663412
458218
300938
463521
603446
136148
462455
177487
795591
75788
151944
314183
666601
951682
215951
656101
778969
212296
358290
320110
853288
180519
211894
632177
420539
308940
391434
618121
483867
102624
643566
905408
335354
573045
21919
130382
210435
433564
326240
344639
176668
125203
318597
40370
164475
451291
413151
539965
506786
473576
762239
914990
721592
972402
673257
383725
894470
128681
515223
581949
471435
970117
287462
631777
229948
332219
402785
611547
593691
692107
695017
873487
619762
258038
766654
92295
161708
892750
175596
193104
782929
879141
23124
213249
596700
587431
486998
697755
649851
257284
448216
63884
388451
325189
280886
508686
95053
588544
116102
106988
439440
986727
575110
49957
734236
78970
412260
23081
50768
986653
62634
471168
772793
362372
286277
851082
316136
823754
802288
583841
308015
843361
578306
977690
211319
725220
495568
463659
403585
1289
163648
66534
411895
864370
116651
955172
209646
782626
724846
925565
769211
356940
956046
367795
348207
719879
848773
685422
143152
715615
22253
441186
656565
306501
812680
266828
505053
927846
862634
695644
521581
532697
788867
965229
852389
825073
389773
816879
737533
589234
727310
192934
943809
820193
17994
34827
918278
58996
339017
196048
481928
588905
293504
80257
773537
908915
28447
604230
57640
864334
710839
645125
608036
765556
486405
120484
360876
936488
666655
587692
678748
658799
172473
142153
996214
168414
848468
719534
895634
904527
798917
669589
51715
735533
535966
325796
415176
643823
217595
472939
379564
216290
985898
111882
595899
136478
850552
874608
34337
905434
245588
942910
799904
552668
703011
921865
795373
426057
747551
982014
147432
575770
377772
201569
883127
866671
9529
492078
729278
574846
388239
885792
908412
272100
282042
647759
486597
55644
808208
688308
685656
413709
780898
766793
108188
402557
285759
962955
689724
224996
824351
829601
49051
320923
928755
996695
387830
668467
198983
54019
3221
753762
94800
387848
758510
804953
623832
646136
176662
876849
305219
214037
104932
910915
24061
894896
304356
848982
531394
550067
988021
588339
629001
451578
489856
205397
347918
905435
505109
300157
654010
157830
901092
360353
371634
763272
77524
230596
740089
124650
81539
204961
442627
698550
268571
57089
717847
795801
883149
399724
288479
484836
532525
963004
147663
648877
128810
208461
783088
389650
667112
314768
16648
294813
768188
387903
648424
443203
948099
270315
375506
622855
389599
119088
451844
914364
139856
302219
385317
254183
335531
557698
253707
386434
8249
948545
287911
184221
471342
139205
938126
142752
742851
103985
298148
331051
712051
812414
134439
265246
929168
926352
741525
473012
433471
314915
570683
904074
482710
886628
690076
666238
449296
172636
242042
534771
926315
405575
792516
794544
614303
662723
926939
40808
186426
765604
16259
732948
979804
143972
766307
319484
560525
478904
488568
636758
371446
515581
954524
671813
201539
690833
724079
565378
195154
758399
440351
449112
957848
325842
127258
771017
655569
309130
157453
977102
360225
429741
327191
115964
497548
298292
944783
597058
154255
246502
235758
751375
404441
285379
808475
400144
596137
440854
415762
243927
874693
485038
902704
911255
745748
918374
764445
586892
862937
429279
699926
380472
545996
138447
919893
21895
706070
177459
449504
921492
362
884320
752811
938180
335739
340919
652779
417872
855261
115831
316665
990625
624892
38381
545502
724116
616051
39046
956801
642013
220234
231429
816042
35335
901967
536911
806898
953945
140367
374627
691786
453653
179377
478568
601316
336858
568176
3487
325569
242345
367155
489080
508376
489540
831691
834240
769824
980274
414344
868919
390714
571488
249080
215552
874238
298081
853117
248881
139105
673046
141962
104266
498240
192041
534458
178819
879115
140275
607629
246974
438993
372670
621567
126172
920675
351140
449159
936620
714408
65942
594601
935997
362557
540217
658808
688596
909446
517034
845740
965561
139158
817378
60315
289068
814199
850485
701400
495605
620310
133237
356773
501465
317966
222835
706709
647272
769999
837477
482435
363252
586795
142179
433065
738588
801661
814156
206622
775494
216246
783365
535150
218731
189573
201377
809047
388747
552418
345629
585566
332162
618488
699010
464204
823475
745133
740333
168777
381088
827343
72363
670611
258652
527004
296126
592667
424663
914478
702973
33084
282201
357505
401943
788633
965450
588514
437944
623825
287405
583606
210884
740130
99693
905573
617216
561943
501712
770209
681040
80879
799432
871895
641883
137164
127464
745584
267594
747092
491060
479172
714032
593384
865169
402652
340292
670591
791579
878562
272841
593310
537237
617511
940302
929590
985019
301073
493009
362074
29492
711071
20543
474523
441508
588571
23
822082
778717
514331
845676
489961
407861
408563
143177
63926
823922
548730
717614
824693
377826
326775
758649
875409
177160
709481
938784
627311
432560
35184
75739
837992
316452
768283
603487
849696
422583
389647
362756
881543
166846
13136
324360
467180
458847
996207
974956
991865
683713
323920
370044
641999
199075
10455
591852
719295
711560
912303
787742
312801
713296
344183
496320
584917
12195
445833
445715
309140
79558
360167
505350
771185
329167
578564
46400
179954
925365
816365
88829
609285
146561
886418
906896
989601
388129
635957
354886
656378
441947
913262
215211
121248
191711
786840
8550
944885
520181
454492
627263
476873
749973
676504
753794
9492
30805
677739
71611
494607
937213
339807
742112
299119
54390
225908
359502
176191
316385
832389
339564
529753
729797
38489
316012
874560
712416
467721
616432
180189
410974
388681
1673
171733
942631
952468
657434
879491
695379
865720
547867
953879
314105
719867
489721
431370
818661
107561
419163
445437
535143
211067
275456
627181
161352
340646
410948
235733
684760
14205
689090
927649
238307
533123
914386
28682
419650
705745
273971
457746
690317
500896
10308
82462
845230
876084
315245
834731
992913
787814
522395
771694
172215
965260
254120
201612
323498
602950
286872
22707
770763
911336
625215
832147
303559
861247
221121
515389
506600
751874
70258
32598
930632
894807
899611
173879
239264
551870
715166
416485
631934
54430
786929
118120
819989
137578
41926
611594
219950
295728
43083
580142
303741
590398
210765
715722
77774
614321
897080
707266
863134
169499
500857
915106
739206
154576
204676
71608
61522
382350
445361
123468
826544
521990
180545
997117
395140
74827
359807
300154
945689
645526
318594
663513
728497
489779
222415
122135
284669
654092
364379
359661
998056
160464
718765
57483
607309
106944
193570
784372
47242
289046
286155
182133
90412
218962
24305
591299
973449
386978
813240
393584
518061
427821
478561
446538
386668
640636
789673
429712
26711
879813
926671
640402
663113
579286
865779
515172
80801
882203
621722
226494
761738
884748
920590
228723
438837
44661
212258
78668
14504
642659
789139
204097
835312
35816
410506
204435
741874
486476
290175
627081
186656
869712
471031
839364
122055
775711
625837
945345
291844
383508
322703
276075
956823
885090
863967
555035
672399
805220
380026
551021
208677
117826
225014
286976
504357
756476
665252
924297
917319
96726
134453
820692
257692
168609
727992
574873
200292
139361
776257
720119
387388
194080
629094
376464
175988
817742
22947
891456
548799
315667
691741
587514
99524
797299
704771
950657
18001
191837
691281
107649
869423
32464
116590
405256
899984
701867
315190
75236
242533
990159
452882
625241
603148
755314
528770
520959
768423
803715
724156
305590
996040
531957
26798
486855
844808
364075
165152
706841
579383
51070
995573
147277
612269
253294
7184
867830
703807
933602
822804
440760
818317
556381
576643
238908
979641
884672
11016
813517
20978
668982
437776
23698
828270
134655
497554
187368
302006
376093
994224
369756
595995
571477
718005
700034
208902
676386
908414
352948
352045
85820
715318
431850
884578
945663
346874
379699
913029
662588
788315
863630
764378
644569
486977
465831
921205
338789
588844
263921
736082
110652
904022
480988
369985
663059
393845
281076
878846
613153
720605
795990
669151
585451
726017
302991
696102
138218
961433
685586
576950
273626
371488
240854
31971
847906
903285
138378
890210
24539
824673
580022
819039
14526
868216
252655
523438
780143
966296
821366
225305
21600
821839
915695
36760
186787
682265
162809
591262
423952
338182
327470
597392
471375
102266
796216
676368
868995
784142
805710
391480
61396
24021
147594
219043
239958
644601
614121
940069
614683
889027
930270
676698
603602
55289
95059
663068
158298
627297
732861
656462
443559
161380
755674
500437
612047
310286
10570
202151
621490
