577618
743989
809342
570073
307775
668652
165757
722714
194249
119199
841546
158730
884495
858452
61204
456196
756441
170035
273611
658279
681263
373586
279432
756982
633496
383340
369817
45023
952110
484465
378989
97625
475098
623607
472984
399910
17138
834574
945860
707960
697772
181361
317109
700784
559869
852631
458167
396353
77906
729769
913382
840947
13482
170063
354394
484676
932366
705636
638253
810281
173870
850248
16362
659570
414426
725395
417683
757771
645273
767846
152463
939806
806378
944734
768302
845270
970388
411554
994523
62975
178348
360604
675997
28105
533219
558341
653449
820715
316297
275800
218440
466917
174050
870952
318913
876189
824163
134029
339298
911403
35658
437754
423504
939632
58007
725354
840169
572129
877610
684089
356722
331170
182778
196303
315042
304973
763887
909623
965322
275601
229149
177806
848415
28215
57438
948438
535462
372928
880075
250986
49018
887275
222999
458956
270205
904979
614216
205146
630489
449652
409362
745376
81650
246158
584913
496454
95786
505570
987682
501994
829072
404249
370591
480457
500390
580676
395382
640726
705229
408318
88998
39533
20111
141038
922325
782113
131913
272553
860688
118193
454643
921460
835039
976794
312589
111783
150468
559302
616
386860
14928
698594
922767
465191
57507
456397
830992
746800
820926
132780
545386
632699
943558
688026
978388
899737
206808
213309
726824
7191
92355
659956
27691
249732
837734
95724
642809
322193
820711
374738
176145
927312
947661
661986
749755
356511
828347
231454
403282
897054
638858
293403
427954
559131
95234
753461
768766
205007
632500
307875
767438
973058
443190
557477
583476
143945
828796
191386
755882
809328
848655
308334
331097
262770
875501
59120
331656
890469
457406
900481
134943
696243
603822
576424
540695
775746
885675
625219
43521
177077
68157
740184
455535
259724
900604
699018
312835
13159
791923
475879
415250
586408
33616
845662
310452
583221
16708
335182
395178
926621
179325
818809
714477
497170
295101
573399
137359
484756
43543
599879
997712
110575
553734
498785
760128
845210
662634
810214
836939
452865
71584
910489
119718
70749
992188
334951
783893
895806
922342
912641
369430
810922
807182
196682
596397
356128
855693
247084
939213
717493
223258
178117
540768
176672
216805
41151
122099
893777
514323
16702
516097
839035
305431
227058
944667
822707
142057
888140
12401
134256
478438
639053
942463
607922
511748
287545
931734
608256
968304
12651
109573
359754
160198
70786
966181
957036
832108
855545
360062
808915
899724
675285
146521
156730
784684
759223
376227
129358
689515
698513
696443
3760
487642
480181
42777
769752
559732
526473
175642
966615
6332
852503
543148
983989
700530
845313
541010
133176
988081
368017
486548
372038
307432
640623
688775
452258
860402
505196
134964
135122
911573
680250
935016
982945
179668
10942
667480
951041
778609
778814
597614
115720
258243
827893
499444
393691
865711
699526
207964
7592
151238
354637
758121
799885
155515
963984
220670
938134
392191
327444
927105
71843
827323
328332
782636
283304
621353
217069
815280
293327
300560
924509
985157
475960
875994
689545
132755
392864
438803
104725
11062
82207
599168
600751
635826
240459
473626
314941
569011
819707
661030
573236
865151
264742
680242
384010
466234
31145
735406
480131
749781
502567
196516
552616
184661
848010
413205
754263
980667
398504
552754
478067
346453
632130
702323
163579
463201
704038
248024
416888
518617
290932
939002
962896
717920
557949
875149
531321
585543
86855
55221
4103
720444
298029
742145
122341
352079
293539
54664
429602
185634
794520
153311
44323
838701
205876
910900
365495
87340
949056
334858
270920
216549
637349
875985
480684
862681
646733
693409
539419
489735
792358
702867
843515
595607
974405
770172
619800
171626
830503
951943
135343
256827
997842
78382
988585
911410
153626
770389
325221
132101
933887
265283
811758
898891
89972
608637
853516
968607
796602
11841
50422
768365
552107
37724
824101
116700
629651
7464
197635
104408
946489
184934
160450
81403
429499
561075
183882
728599
147351
544106
252426
796130
445510
488023
352048
420287
237314
202707
195827
513125
920041
120001
460237
787758
825914
44643
744903
802878
924284
916698
375788
670478
861245
476664
47647
410644
968952
800131
144329
765009
81808
446153
796586
753974
39353
954715
556817
884020
286454
850343
111463
513247
72828
221046
765029
825342
922614
458174
760293
91313
826530
300773
643350
826239
123608
952275
913482
177276
58667
339570
265770
34579
614568
932293
675593
549302
123323
338914
75477
525791
784114
302605
27114
991681
791641
580019
566080
929296
656515
11840
625221
676970
601514
731933
137926
277152
990318
553161
681542
222245
710201
228307
481265
725842
86916
986801
325930
189332
705842
401665
220353
83571
186778
122393
531840
756031
949346
126796
491236
147225
902790
972540
767529
22619
720888
129175
275135
467557
557474
142448
963736
303621
513351
825466
982051
848322
920263
696163
799891
133253
353473
572491
466264
617381
439891
139871
915439
331022
288061
386326
905557
578253
466595
349064
478231
584698
983793
389286
939269
440385
837401
781978
625796
194831
775735
934716
706179
318551
556950
233414
63614
976076
709652
284062
135273
438784
793715
33017
334624
51660
830821
424085
408607
818429
353014
59664
660345
558263
100767
42332
373994
359222
988060
131662
450551
534639
166060
925333
573444
360213
503525
142727
986290
108983
461361
893335
185586
851526
642153
662755
843691
845109
461132
230186
58052
724985
468443
91611
81102
266672
696917
291400
54289
362014
420362
55738
196530
182930
914078
664734
41533
411367
764061
95388
629781
539046
937077
381768
418933
503369
629012
608113
268898
527834
522655
195991
440623
164474
872011
622587
429676
340670
338972
193550
507629
577076
386040
341323
136114
581699
792551
574048
305080
462384
571178
308231
205787
623933
947061
161908
952934
25004
297546
547943
317305
850273
188786
841121
336214
170149
912795
544499
70664
740295
140297
818161
536304
922909
777018
759622
711533
139816
652827
762209
923815
720277
537376
201485
920056
726368
486596
376351
739384
480659
497629
474440
366116
59052
58778
93515
843754
474653
426269
278024
318804
655149
153327
829494
865742
854716
469668
598575
318358
478307
862348
17829
596735
172410
332051
298034
909921
439731
304822
58574
283232
554339
138850
682778
825944
925217
623147
339481
945250
631623
206053
706750
774022
471638
762979
727583
292413
724726
994122
552265
191073
94362
363152
575278
469171
874434
739863
529786
317640
994010
816352
823939
814930
807104
502381
381279
627847
93923
347256
824911
635056
741894
629961
487448
924816
340516
162936
359410
927087
698926
665983
356506
439938
446640
441467
651906
679800
811857
260671
470953
921251
805945
483029
250949
847297
303181
500626
885979
118119
791766
565845
796657
709065
336831
640028
478300
951144
439421
950978
671091
406104
200969
667545
108644
628141
752777
244576
563620
85634
528013
836257
978434
901221
758580
571178
792661
185762
241711
12005
919380
462379
568157
635991
544132
602785
931670
229681
641356
566721
25027
192726
730340
714350
396138
460586
784492
663766
495624
623251
193369
390468
5527
151312
210058
484738
821231
928050
992825
741353
342857
712570
428172
620935
747166
97233
697419
856619
990702
866654
546605
773391
990876
88072
473611
427171
718838
501512
570294
68530
354259
459817
456228
222387
346901
995807
49925
372974
555471
68353
585012
927881
886720
15461
119625
768047
946108
639191
811147
662748
176939
906677
219458
105863
18603
138730
690795
629419
538257
647813
777349
659444
680205
99765
117385
680131
963307
267043
493366
627742
190454
763628
896458
861879
375799
278266
588
217047
271899
880126
852038
39207
177138
393868
851473
755803
718484
500242
283656
802491
671326
605238
120735
541840
914778
203596
639436
959335
307773
484017
857251
628548
100617
105223
782079
885095
464723
412557
504348
920180
649567
632857
906818
536513
582375
950005
174620
219009
592314
671572
278183
708615
681025
517231
547974
580730
231518
22337
382578
800468
567533
941467
400846
136214
172844
357540
797784
282188
931767
179569
750908
376184
828524
883517
179331
185950
860333
952389
633384
789227
658563
950915
528907
406659
956576
340356
915455
216230
825405
322216
834110
532990
737250
859894
956
394183
772228
317593
289496
575707
983048
659131
395119
112601
390182
806717
985995
300529
579368
866000
416633
91407
194194
810867
758904
199778
128028
198473
378317
77448
656091
667606
158132
522968
913022
822422
426929
754635
982835
177402
786884
983559
49449
764480
575546
673930
113201
460845
778848
230192
11710
766122
640147
494304
426187
843577
259059
230937
262747
6546
850102
653013
772508
255006
290904
635159
738341
527759
898864
54870
447070
147418
25374
649990
367167
217746
804001
86399
791025
68834
715973
838860
602896
727847
970681
948051
437842
854184
923007
526620
814529
622259
921148
596543
58788
170709
840047
647598
201660
830005
180286
289565
545450
680909
396780
359178
214510
505926
799207
795884
727178
880944
423038
321276
271300
144411
851632
864602
606539
360724
424992
139358
903665
299967
232292
703228
110615
297614
143868
647955
69542
741723
404959
582354
625913
426664
257137
604103
801496
493744
450450
729606
977184
204777
622352
101426
606590
43225
686588
357739
543706
758674
282458
738452
898704
672460
790962
4991
467481
482205
454659
898744
540616
142103
19927
100459
89905
397118
244914
687090
815716
918884
790756
732863
588375
82723
18430
711011
414625
428855
75425
427832
729763
506422
996146
848561
780097
355180
840681
955004
40782
383383
347529
200657
280390
415676
364586
105115
44340
701284
162098
12095
137332
60470
296290
64141
520915
940402
18380
363970
30482
911111
622755
604279
102218
328210
107626
601898
805545
856245
542159
279848
414170
228623
384017
692051
480643
828829
980443
977749
744936
558509
610933
23138
792109
191802
900944
945123
828344
497001
290559
674564
690485
490911
766213
598107
404147
987069
399753
909363
440875
429049
822246
470069
725281
572122
321375
662898
365092
869583
458800
480080
638127
975149
677183
399886
491826
853508
500657
38261
225002
744732
608985
260829
508844
598545
529932
281433
289602
722376
367376
341504
141676
714317
485427
356633
34184
992971
158391
321250
170572
227047
117227
375485
808815
473145
270933
768568
863655
845543
721995
979255
76494
26656
437920
785920
578718
838770
977724
644387
451035
995785
929093
428420
884112
553669
976825
391174
240497
958838
661470
25110
672607
864951
50448
800657
314123
292196
481209
735443
397746
72313
598688
353437
777030
249032
63832
204962
161517
922902
42392
307822
340130
548947
474667
538676
997434
265589
473150
495794
421825
917104
858071
983171
121091
669460
722597
547585
602854
349506
300722
402900
952948
41228
414324
792476
759
642985
140483
482487
451581
307729
956646
784559
394299
835003
473606
791619
294734
223729
977988
518544
884380
616908
461350
519068
236697
125650
803052
579456
690150
287592
102785
208111
627923
698037
681933
449575
339973
307862
493991
162546
43571
119543
256360
361817
503754
565652
33883
32358
538097
93837
457616
938325
922343
240415
614992
640983
68360
699077
961898
973250
32302
410474
200940
309720
575923
595465
642542
78641
366357
140387
890056
631432
909811
588764
705571
313952
271668
893619
87213
225681
620231
627740
850342
561011
420228
183228
798167
789221
976881
631552
170595
514491
640417
962651
29942
748034
152248
653338
900634
557360
497353
578213
283176
945645
596704
482260
826523
121912
292891
449067
360960
592504
596851
115956
534602
497696
229400
127671
854466
856445
512315
540121
733339
816799
181669
525391
442147
636897
136196
931901
127638
948823
867335
860079
322381
319764
832990
980850
449555
572053
415076
142224
42008
616206
50009
77223
415871
36046
675016
896037
344466
836817
286663
848483
372693
511842
228189
526874
174328
645419
187582
447558
353254
523419
3889
904149
208122
663218
971538
940044
737233
410732
214580
369015
874426
111623
589598
443147
243402
506355
630
949530
440525
878614
838460
54321
111318
578553
101101
98577
815416
544082
475848
936393
906573
901038
378092
350124
772979
678843
424736
243124
391831
780143
971117
819379
171113
425561
365670
77874
94831
328130
943240
667176
563446
351295
976316
829080
626210
611926
58425
914696
657255
942603
863878
241881
330576
22726
988829
121416
44349
206562
671787
472064
140842
242644
726388
917529
455465
536438
686228
760177
770482
116783
664224
917605
757585
283329
630699
953645
497149
263791
594469
345106
268297
706633
427933
617676
560884
824405
75815
765564
834715
965340
972184
154434
987597
684430
972270
603260
49727
285459
129485
951516
61206
650735
359780
247269
611618
428944
119278
119170
829547
753975
468629
271235
113827
598913
564976
170932
979770
190993
513837
700252
10129
572956
102026
909903
870726
193233
743101
457776
97134
186787
630772
575559
638497
538868
743607
525051
81262
221983
502249
498412
255151
357218
394733
986543
964536
853991
207204
704359
799849
194349
884757
270268
204515
62168
247462
558267
892503
266321
115527
588810
210618
591259
809198
165446
785429
526388
627324
39803
726840
678820
253119
182207
19726
58597
557905
407083
188108
722670
336541
149751
290308
546206
34497
259121
114070
27522
986383
159770
537797
672387
334446
827549
457191
592623
138142
826285
135414
501026
987609
54266
885509
351888
633940
484559
637900
184690
628453
817611
378212
982731
89982
563770
365518
818582
438615
178895
433709
366670
878186
147776
978260
61977
26392
750270
34298
352722
257385
212560
448010
974130
65649
40843
872791
683226
385997
531120
863917
235967
185037
444130
480962
92338
517740
486274
983500
395531
634618
14761
759148
135985
690842
197505
850760
101001
457255
946368
732790
489337
841650
320770
679955
843864
920615
144835
471604
375924
412366
199926
131444
145854
183917
78340
611629
636758
579402
540772
390402
774127
750285
165971
98328
671
137924
317937
604708
581702
844737
660152
157279
530136
996318
198873
256791
149640
597217
394932
483295
296402
553914
378228
858343
675621
739369
463110
466918
417772
792892
881076
789299
15032
745910
37730
897523
766476
867404
65315
356333
893188
911369
195385
85946
880226
627793
118119
541592
690422
681858
108469
82525
165674
742710
604288
187784
366759
531941
795259
780339
509352
441576
683846
142437
444185
301592
149673
225860
505899
444053
176045
311847
502135
714274
628183
718537
757708
988206
949122
569690
888983
538286
142040
783216
944942
118053
541612
45276
596473
913413
989367
118423
766717
663087
814382
77658
765702
222231
411580
409100
831409
1859
124961
599446
858451
879026
315366
161939
355402
678425
745596
464163
748958
866440
787825
659295
559250
814252
609230
795558
125261
286765
960783
40150
268960
998200
760319
960983
196980
134743
111920
272785
246801
439099
619348
350077
729357
110236
743868
476889
290703
210935
368810
502837
25151
391734
933524
209195
151948
416686
320504
19180
813017
150146
316822
531828
600581
756004
320335
360799
80405
219324
295640
965462
547456
348833
247259
572578
507479
589892
593834
256609
314320
129132
319712
94997
839470
106459
998806
827993
258958
769488
483647
470704
761807
768678
518113
132214
550239
937242
207920
358072
582687
134826
952905
293151
880498
328536
185480
695815
398311
587021
757254
733870
954304
653787
258930
246087
189983
863643
553611
635886
30220
902453
692535
771063
757989
190142
317315
391583
295587
973948
148536
182756
289028
527236
244246
666608
402907
221380
388848
101424
647088
569565
439459
223748
124629
885928
21876
932111
807494
653850
262021
365229
370940
727810
810036
568964
944782
855791
864209
831732
488964
445486
539001
245288
884922
797680
922195
108878
17774
89483
224743
225443
645030
880407
830614
291047
963392
569593
485242
994736
421592
332540
926235
956763
613647
536091
447306
50909
924990
875163
473694
239927
600248
127253
182024
396168
347252
290001
142165
679420
675807
667854
7169
617826
460541
595487
311026
220700
537464
410991
412248
978800
890567
768741
954206
377915
528316
614690
246285
502020
675946
223079
92862
685806
938544
630228
419450
162376
543143
868684
215088
285567
402148
99380
623185
54515
864234
847961
710092
114726
129583
343089
18465
974161
708105
705913
378340
52177
59509
698238
27345
986558
665668
306296
430982
231964
316579
275088
922401
244587
468933
432707
683894
616217
208559
503326
411757
221848
327967
236329
99063
906633
104474
961056
196267
850903
890193
946012
781505
125025
238063
25297
674729
824527
428418
34096
723145
138566
328515
491757
331090
860406
896900
270683
243645
560976
378101
570163
233064
937173
288786
378483
219207
969674
775661
935843
329032
80648
304211
631282
839495
661040
787102
292287
17963
573499
857815
422069
803995
245295
950341
617038
165985
479213
47638
770168
567257
849639
86121
760980
339285
778288
164854
484315
312977
544428
334939
500507
829389
820390
731076
594528
672717
324736
647861
730094
771177
741125
410295
921833
167953
559899
524765
119575
974177
755860
350065
582718
909469
529955
295616
533224
272329
863531
440063
557893
655976
440115
782553
431023
718159
745974
533078
61832
912420
541656
421865
914367
730040
650034
477078
480178
921279
278798
264894
673838
230760
601262
547208
143121
779933
763847
701486
432656
144793
655179
533345
552789
106400
875364
403674
681601
476384
599036
440319
70927
27106
365177
798317
345688
830381
902598
797288
807795
720631
145101
44317
308596
89865
222913
471375
128021
165614
363799
720230
433651
529623
717268
416529
320495
93646
723521
827347
383669
421717
803708
426481
725657
814427
634281
577719
247069
915354
612549
457826
828367
505360
787739
673261
789967
858007
269583
197819
203311
953123
262167
692061
694771
118552
562122
689857
348471
820614
897424
49976
113840
357890
91129
899426
67978
800418
255275
517176
98609
76884
622003
418038
304556
347099
718140
108323
78947
186279
272989
318718
743617
449425
687948
579399
275252
505584
549424
700391
389393
937882
458837
557629
9173
232187
30201
203141
949575
673419
545539
190183
905849
574831
67091
137498
160685
60398
438836
952051
121619
181070
350254
112014
938672
971659
727417
779671
972443
837363
161419
954550
880034
268065
612626
961941
536969
516947
17086
598031
873842
108970
577333
897014
656216
330431
961706
212225
662197
832541
275016
565968
66692
586462
752392
797854
191905
633445
592226
630722
701900
941429
108639
638946
669580
551084
262093
153076
791728
828000
301773
617970
419249
243861
321990
491482
123635
448407
933628
761183
513834
261562
154491
375343
430169
950572
902509
755298
69430
102196
853131
383356
743722
386761
550128
468063
86644
403153
514441
31696
799469
907381
375273
676772
567654
992093
794169
611142
246765
993229
240397
75944
945391
831707
143313
787396
203703
379916
116514
793934
992213
651019
799417
899192
720857
120325
275010
993057
897470
67748
231051
208923
414629
620965
975640
280343
195766
460952
709075
52784
371755
114164
741344
667792
265256
248020
60623
817603
295618
663250
682731
320342
413216
730686
796655
782955
992703
356028
580312
400924
472015
478391
527894
899786
773371
804038
323804
390145
955206
241689
361750
453257
166736
489887
796538
94348
303417
339192
751032
329439
464668
212370
369291
173935
770428
639970
802865
338185
9597
654145
881207
709381
324873
178849
320750
588432
692307
925546
141754
294229
217592
349365
248264
82888
270017
638244
991071
634575
904005
688732
370832
531276
651884
594400
257736
357643
22990
330507
784900
924677
271929
769513
213731
419407
609362
940659
336919
17634
721746
763814
351477
858503
539058
971903
294509
493279
675426
29205
302611
226956
274610
416146
462555
988608
739732
77263
775460
790816
283320
375436
907691
41236
995415
592073
371808
112558
175756
787139
622677
499124
177052
933646
876371
154764
124374
384651
794183
212291
916758
30279
741466
739705
319715
719153
10654
475181
225720
668533
283300
22369
228576
974457
41962
359210
282874
437939
34865
571350
680796
263781
549933
933753
824532
810422
934102
370838
294154
674158
85212
875175
309505
720526
754039
184010
929020
435082
220124
306760
774269
265572
829259
646018
444585
155366
77509
644858
387719
916476
882588
582779
424871
533356
384034
668838
865567
756530
203011
777371
984369
143804
771823
951936
638856
537022
680559
514033
249889
912371
276249
964740
330183
200946
391967
414135
614518
979305
587649
854521
778273
115192
831075
108305
593295
717420
219961
98031
287840
973718
512670
362254
765294
561351
913988
681922
937679
659115
492550
919011
332918
548416
507162
333206
430521
899121
290274
151797
189101
491539
717473
282138
999469
393339
674378
424397
159866
160633
577780
647431
547516
526966
22443
619811
343719
924838
984544
317216
30905
905001
519168
931029
310687
441284
265890
611378
110775
542902
147993
983918
287089
225018
455977
944978
433487
42393
396503
596834
292619
843368
301081
373411
775127
896165
309741
876814
617279
299306
924486
24207
817067
267980
35040
763258
465984
707795
829685
872203
722023
236693
992072
650008
724453
253233
230110
309141
955881
391717
405132
703556
519973
266189
180076
626551
737556
281081
978985
387715
212057
590121
613114
61251
348936
965031
255212
980230
800510
177089
666007
779990
564394
146786
840498
295526
77615
475725
235523
416791
392546
911925
821359
482471
202862
482619
910383
131062
611159
48580
631203
417654
539611
223606
658368
614511
4148
125072
773350
594797
976699
390820
937805
535943
980582
818353
38109
285452
620658
518305
121948
869515
355804
345179
854657
22143
316297
538374
547560
679381
896517
318684
1503
545628
919016
476838
314589
909896
3989
54937
858002
333603
858140
724109
55322
851921
945535
854998
16715
527166
67666
87937
29741
598950
914043
636973
103049
393792
184089
607939
75290
471176
471361
594771
359073
602600
538468
198412
556948
113986
87564
563288
610358
329244
292293
780434
434498
701161
534424
644197
319489
299184
319859
105858
301179
9883
705892
443901
971210
64542
810436
635717
371209
224130
458097
212478
493292
149901
743539
531197
446826
216720
566848
894943
208980
562701
73562
260102
367305
777090
690582
706929
566018
556503
534201
909815
255497
41439
273467
541024
111879
513614
811821
994656
220986
609016
425718
832753
576837
239746
1465
640524
621153
481063
857234
723139
819826
732457
148672
847934
386100
369362
616989
478736
583508
258149
33287
587381
893403
920870
872867
321578
821701
15299
429432
198505
279088
972894
340918
590080
614896
617912
126682
895309
909183
325371
3433
268568
625938
226723
936985
796557
936134
209611
951375
100500
609465
204048
249283
829327
861558
31652
536449
450991
9416
141233
560136
278708
594159
353895
337237
350271
771377
790308
345914
152725
720391
92863
262631
959986
522424
718577
958538
241479
91140
283489
401363
804179
627830
959499
411024
561241
797468
277964
161400
907587
314707
462156
417027
535059
113788
235080
782454
270594
666763
917243
10045
848631
108862
482728
35824
156197
545578
766087
93368
695425
831792
834441
777675
242847
711183
60042
683410
480744
352596
628883
235628
79482
472364
321800
790284
983708
623066
655284
131326
240540
683779
669679
276359
224264
994342
253866
889129
89477
803754
486295
83141
110927
498064
79031
520091
932045
78152
983809
213485
503760
243039
806124
73603
51944
23317
555546
774087
309731
277005
575393
76560
821155
728349
978614
757692
554907
543429
73912
505014
674150
724157
815959
147735
285699
967975
81311
7016
86385
91492
469669
14342
436515
298563
406220
402078
343393
303699
117684
708312
320827
534041
470784
485137
901482
867549
968451
691008
220484
838239
157255
658106
85659
834087
878841
942224
770868
232250
207924
972246
116511
971368
406632
788415
171064
670018
846119
226852
955768
133610
620748
102627
552760
716099
342728
632868
984388
135431
110538
785463
392600
90742
113738
571865
851962
727276
358003
112470
638323
309836
873067
90888
554027
547416
650816
104957
688288
551459
645104
565750
553411
431069
946965
160908
343215
904333
923243
289710
124102
117726
946240
746501
210666
177296
70007
463352
35541
309967
425592
543947
234582
657441
282423
803298
989609
627896
962720
451492
322801
962535
628252
691579
538068
911218
608259
386167
24691
494142
651742
972498
944069
57255
317591
224718
378255
751536
838016
788987
960450
905045
324796
438101
310128
240061
532366
242761
184364
891275
388412
770264
613310
529236
884447
946965
507136
292459
243786
753096
618521
634903
492309
630197
19091
450790
43589
891702
281242
612059
68761
743813
95379
348482
927539
369366
167958
259045
224481
819425
900042
42071
597512
705149
284060
37485
129580
265384
771548
522445
898718
510179
549812
165470
71811
45626
527109
133919
842428
842530
173343
230227
936823
527162
998109
525594
460690
300532
24091
410332
271847
71501
131414
743838
861304
464376
746334
239798
406072
682329
322298
60059
924212
418604
576088
696022
462428
538886
977839
210197
215730
288756
138163
951006
581198
312768
285172
154337
175307
95122
648916
931046
900498
9202
57507
561701
373185
844651
410905
467508
122167
69003
693103
177243
76863
300616
540634
956739
415830
485373
178341
180877
709530
898193
380265
419328
854930
887160
728300
622874
217108
824595
540628
12743
842647
922163
617030
100271
209237
354747
389728
692266
976604
372515
853455
284111
337458
344793
921293
841898
274467
135490
791802
239051
39145
72350
96534
646779
700214
672393
23257
623242
890912
768797
379503
617476
45225
483381
646035
987586
245610
16845
492231
713244
674012
13189
481453
273916
929219
335236
654918
367950
203704
667193
969732
313427
107153
321597
741965
271125
799599
802580
456527
322933
289827
596755
628730
242272
282749
316635
541663
348768
36147
234627
225315
793614
558379
468244
299743
374950
989925
703085
822680
130803
748232
154695
322646
341929
368904
512595
973859
554257
16176
101120
826145
299871
605841
273433
219848
824799
605639
122058
291900
929486
261284
469954
924423
4485
553596
718260
758520
185808
992589
240313
94679
258845
94856
704592
316995
745872
640192
311557
728810
474867
815534
177135
293093
917195
321503
663186
195438
859078
340027
3557
776703
225488
686258
822767
117256
469060
923972
625291
781643
988672
754605
897482
970008
381521
208620
410039
461536
133965
219759
499765
305145
592256
803741
742725
35885
206718
860991
277412
109375
5208
890316
354385
337019
778281
43407
452268
305977
863312
472631
141050
376174
762296
809915
178373
390574
610002
191656
250337
632514
174180
453960
837769
898273
37563
534512
794727
188559
28668
246183
817010
998799
458201
446062
108082
98822
509599
38257
966751
531118
751467
10824
832295
272307
218301
304234
36815
19566
951652
482671
997873
475707
277209
99903
481699
559737
759784
465116
886456
196317
125641
924682
375392
826227
843533
204183
998507
565043
254708
246986
654698
935740
178011
199724
301686
524847
824594
704237
435786
540843
318348
246453
266699
463648
898736
228873
399209
289042
350156
377685
714909
938220
779881
602844
821842
100926
740985
881017
54432
544277
687341
588624
651827
45878
708963
761239
958538
432502
819389
578875
376028
975801
935885
702128
503061
225925
620588
248344
723069
516482
637674
556815
863354
202128
586783
669009
878124
748421
382368
772424
750390
765634
90637
819446
367645
600305
82504
512252
652360
713053
343168
776389
685031
86573
798187
125074
84849
305726
883410
111458
784261
587932
444742
759613
408434
508445
864432
203485
957202
159259
977542
521978
359377
248588
454298
922225
978763
998464
825228
316944
688979
734710
77600
26304
595665
345754
137066
107727
493827
803935
79974
645082
951908
255093
48548
909331
68201
253415
891936
480629
662504
322388
567152
568001
380052
653320
417750
164851
698083
879479
124917
699014
62288
650517
838881
486177
765052
410709
904079
788381
400560
449468
652843
418163
669053
684064
253513
450631
345476
233922
940403
704843
983890
268613
601761
749649
812963
26315
88582
537458
947208
835691
570823
568212
813859
72592
292486
262362
984974
229809
137117
593582
985627
975400
618087
957604
393398
854898
783928
944779
564967
361026
459756
526101
670516
533250
596765
526432
864099
755367
125230
211744
919197
191855
19652
123115
444654
518586
655061
359201
783465
71490
953560
562998
591785
117561
126044
275486
54002
93950
189557
940948
3829
434875
861968
534662
431218
994269
448296
422176
79224
887153
760337
575027
626312
918872
74354
122946
421912
626918
935952
569513
430515
283357
460869
704235
645117
591873
382735
390998
125525
480856
136836
571093
432339
10240
9188
339090
115568
180588
275847
598789
905541
556093
539317
253790
76460
743993
557780
15499
901635
13418
714940
793510
56975
425045
261031
831999
907132
504854
222788
131009
571266
806549
663978
224707
617188
839783
363689
688877
820563
923139
23997
589061
102383
422942
97692
999381
712621
682982
533742
532219
899091
282264
361501
331725
890144
65727
807042
535334
995850
193802
363134
859922
403743
471304
821674
176082
496525
891586
679206
278476
592445
57845
558158
191954
742745
61162
6475
824845
399215
415924
519173
394117
740333
907270
986486
573648
988108
118894
902298
47446
656074
754866
955395
135356
761231
450181
343112
258741
957873
460774
66653
399713
243475
955030
3070
625056
416680
549236
270790
938488
507925
117686
14748
582943
896309
169350
704524
725797
156150
710967
601076
890752
945824
262434
335381
96886
823862
649441
183241
845217
549429
888103
954068
471842
639929
2619
124370
61541
509183
814543
347472
797772
263045
968513
422839
886714
261518
898925
530723
870079
296514
554477
670163
195611
590193
160046
875064
427761
89080
879408
989232
553865
310588
790873
937292
223746
294356
562935
789389
267666
843459
215889
299566
123451
120866
250088
153115
781581
102685
856271
300671
512530
5652
534948
451579
441433
185953
113706
744242
500642
257721
636548
989249
97507
823275
482576
557580
466357
592582
301534
765364
944926
267864
106508
633316
935931
859536
638080
148171
620746
582789
851392
675684
76818
88463
573425
384560
2287
253459
363754
741958
678078
963101
83764
943232
957217
546022
872160
2647
902767
841332
440581
786185
41915
575521
308693
428662
100927
735667
916635
211275
806886
922410
149012
975125
371763
254617
931623
863223
238801
975788
277505
906807
568055
823304
872593
832114
779703
368848
35677
120176
430436
336131
31424
636434
130590
531138
281472
962920
831932
867759
85584
976159
173524
652786
900511
806551
454569
346325
629210
688083
721586
785167
433157
327818
179587
558494
32817
158106
370907
869133
300251
1948
226377
315221
471841
569362
425211
66976
618146
595261
800100
137320
340528
522316
833545
506174
508148
555630
468073
166439
787359
467720
968263
767457
166089
152451
661
144003
253032
597884
125758
337346
451373
782303
95504
933776
689662
447822
963781
167774
753228
980858
651885
898563
798482
403413
236665
332533
983529
412254
324646
838003
313353
97947
599427
364869
253984
376933
230945
479387
326728
586973
890647
20115
517929
974525
183727
705878
21995
546185
562993
892130
548309
127587
552329
140386
776263
353918
726743
718904
689296
969003
593044
764125
668077
609359
753500
798624
293279
768310
812956
478794
891240
806080
909208
616803
164193
152377
85017
705165
244475
911687
674034
599181
956496
847804
815982
424234
749029
957899
340760
667822
173183
421208
937575
733769
752542
608744
306051
338901
763482
568824
807288
389877
815833
278505
168118
928022
561451
71448
535234
527575
296130
386764
240829
860805
245649
503625
883599
372351
828863
996033
42224
880313
770824
561386
407379
431643
811889
186987
798959
425545
135654
881072
762539
788734
948081
140572
179045
339409
62809
168350
728863
947354
121557
707165
975494
964654
169387
565517
33632
931909
505258
754787
712594
679677
915392
636901
827084
773880
843961
388122
755794
956192
217813
286433
782119
966922
476676
88542
356824
39096
128704
950671
189794
171641
339527
326461
341889
684459
180532
627917
825046
509665
291193
432054
60787
474463
117883
871181
906759
33346
188874
14075
256097
457853
577212
660625
167522
59901
168869
596658
735684
808814
251828
797486
650561
402775
898093
701872
767073
124833
723134
140045
758563
111413
729217
86716
839751
927618
686925
848165
551350
790750
459641
670418
732367
105796
683182
255234
856591
273212
257064
131804
798044
777624
550985
781441
583726
548250
588826
888250
495451
833331
952479
528337
381821
253862
786773
201019
981121
148491
184650
691122
824015
773488
268249
500641
189457
815194
577793
943673
143907
144425
520162
335521
92309
716569
266259
639754
225375
689317
63906
593376
23650
503366
566377
197596
867671
332249
513417
754166
487894
41950
974918
908472
207045
938524
358207
259566
999515
958051
397896
667706
6864
353769
275686
71812
61347
165142
119334
930318
283463
664539
712346
476005
825259
878973
97137
825651
134501
342128
767154
810610
728826
713054
187477
164795
902220
959367
787262
624316
250145
22082
294166
211912
66700
890657
435848
991369
659962
778546
960661
853072
7450
961058
522709
486989
107242
348541
216715
954970
956059
991504
555491
299441
72608
61552
127306
169791
977816
506131
712810
615504
151766
894875
168833
531561
187913
448755
892637
412532
19533
892306
281782
707414
589965
139037
837672
355037
888914
674985
666059
590357
547885
265246
478321
275770
407421
366519
165307
41479
71390
282533
260184
484909
834670
122707
39323
441119
647229
144261
130360
816778
516113
307674
47196
531234
897042
210992
62374
213656
14488
382182
550469
446439
757712
765372
334575
693326
385797
642583
106874
238296
422865
19490
764699
615255
950559
827342
958970
954287
522715
880953
585454
562830
532857
327084
809626
794233
432287
423487
199203
372738
102640
408663
808205
684886
634358
536336
216241
338930
267435
404533
427357
998134
430692
709292
423624
951890
983899
983023
694448
337501
652439
652917
717394
731652
364282
43119
792005
403679
793127
26414
48948
649567
396942
770401
561462
334116
116949
215228
478732
761835
774756
719861
599862
280869
152781
665576
511218
348450
465879
965915
960274
396716
231526
912283
343225
288177
847560
328453
671089
248088
197470
542753
558508
328116
4261
72616
607894
296854
135328
183334
969683
815868
95460
251450
289946
766888
650623
987387
650861
477132
316422
947381
377332
444961
109562
390993
715893
210391
397270
981202
713331
922535
600568
796988
769568
324932
583081
514319
859903
909359
798091
846385
232219
163754
61342
941033
544541
940868
958063
201863
232014
234707
154205
912546
988458
84928
562889
471226
800797
98684
21913
381947
874013
639057
398633
672931
626403
401555
870736
225530
342727
572149
475466
177792
482999
459640
761543
362661
880467
584381
278799
925490
622632
582332
218384
300677
47112
606925
414406
107961
910594
105380
711173
946404
536068
253274
591846
113850
802889
518118
307724
162638
689344
63210
67921
841529
48379
526506
462866
553427
465296
386455
775828
638558
337104
495561
258322
558275
814049
587404
562852
685748
858363
958993
517517
769648
244859
927046
697633
106725
774183
749824
755665
721967
161471
857299
555157
316351
124412
113668
899125
95959
583336
577430
302195
510897
836121
766400
485976
313983
45323
848128
277850
943950
116185
243273
328678
131396
664408
70872
57936
719496
554768
508133
508565
493248
200088
95028
796233
926709
798733
198218
867553
645460
710319
33597
462047
857166
216664
980965
594390
531614
749913
936047
133337
417962
524786
352720
948932
480259
464174
209749
380390
991623
132121
194009
848650
764006
18399
590737
61025
776897
206979
317505
259661
257582
487672
503249
776524
512600
148383
832826
773439
866756
377054
61915
477846
301742
296025
55720
773146
991634
427280
775937
91735
779526
17685
25057
346468
324
658920
973805
845521
944710
173105
125420
850091
193546
625625
787158
598190
583605
765509
513861
242632
321620
305903
945160
608582
506173
828067
315927
351389
22804
38356
857888
121367
102505
107929
40000
770969
307455
642055
385101
483853
258216
631403
718096
552624
813515
771300
426000
163001
857160
92571
571593
944677
201586
444769
182908
96796
556987
100835
368416
513601
43566
227404
163510
399003
443541
982839
211642
678427
219642
529744
823221
397001
299339
532422
346927
819727
143446
469166
54786
456226
232244
40119
360394
76233
919043
485510
623353
620747
590412
465902
243399
286713
660291
142349
135814
684373
903404
710726
606355
676766
437082
211414
13161
687289
408786
916117
901007
156414
111951
308492
100722
601436
391839
32365
795661
844841
968107
718451
99780
113481
319188
147479
290001
149818
951992
561260
282901
790907
924115
508695
299216
852375
22914
908783
924780
500370
434147
148781
678772
744942
199001
326672
213474
63450
686252
524944
832661
161144
812045
149628
717985
836426
579958
359858
598529
754744
448880
333243
13159
494272
931118
811329
721204
806906
481943
66477
330051
634887
93793
614625
59872
634774
885465
697679
973463
537874
100415
285428
764710
393772
523341
629493
53396
800512
334680
881236
324699
664550
37392
426319
815616
383960
348578
907605
376516
954683
266684
863397
526451
272460
953136
283718
851801
527016
579890
898397
914324
974711
301692
982190
115205
124919
722001
185842
901600
596769
220701
629520
43171
73785
762427
102076
945508
465143
696913
273449
959234
848333
648790
158956
550077
733333
82100
603758
602146
705881
764361
323598
339743
804926
124487
52369
996149
517645
815546
499014
840458
58079
522153
178171
904926
415845
752278
599189
324182
670865
514401
54288
258356
346789
697673
609108
554920
672470
808593
202800
36543
531932
101249
476917
774586
980953
429699
9009
478778
200227
471854
999559
476438
912176
337185
855784
889359
566557
8069
427376
75035
444635
328308
857695
11229
713399
879224
504690
296310
334020
120491
661085
527669
16934
889854
996008
955690
958526
172054
282019
430680
115053
8145
689927
437128
134983
584743
753003
311162
483926
832235
784672
790135
560392
515503
499817
61698
138166
925255
73882
166061
827985
778087
930316
173575
607659
738662
122874
358835
721375
325923
178171
914068
433631
463750
974172
982564
876952
109088
280473
454628
215172
957996
3384
269357
300299
147191
676355
564774
673751
741275
827104
750031
301747
878823
174862
325305
371422
332763
270014
618200
100082
280654
342220
985137
148716
7282
277080
977197
122455
271024
666821
462736
52506
514093
119374
121027
771802
272174
587328
267085
497485
617688
882392
199008
264605
812368
554745
305616
488692
867841
900937
227294
650154
283708
820714
119987
438217
674745
220368
964328
856761
120507
942276
804610
539853
690514
502708
416827
458600
151546
388276
448315
332429
544737
333205
409446
774467
667974
332448
609678
245537
415805
441072
968841
955067
33167
110569
976222
353385
343934
490201
568473
482417
408805
993129
63166
497488
559614
611647
462938
485738
899198
791476
69237
867403
667355
145773
533859
810265
319597
790680
649722
555161
120498
150213
658845
808666
285356
843038
362871
311489
39781
294469
934788
226866
861907
520072
784777
995736
696342
226243
821668
896594
753629
813715
835454
597691
490921
98866
399196
441107
708586
604788
661525
240911
292357
443613
234078
953337
62775
419741
447873
232901
992339
60457
594540
832178
711719
1974
132774
895641
51965
387028
416604
29526
977597
641382
180314
533904
645168
671354
222165
148454
222367
960713
89444
848375
365849
658252
892111
599438
458900
349496
722944
227945
607467
689560
916695
752356
488518
694342
86617
207879
45144
911430
790152
906409
68929
871039
516365
880574
980755
553943
650770
624900
172593
742058
969772
957319
108691
235046
385462
114956
461543
922758
271417
797344
26642
470632
789319
600061
103892
84173
961255
18645
775690
353645
124458
335294
631884
736501
471388
582907
674934
43294
651862
13411
16453
815531
86961
735281
341015
58815
139349
849255
438484
684952
178991
33375
213932
262956
50624
68207
613174
830430
504850
979064
200952
705757
702151
796043
912516
64218
458378
261497
571775
158435
823014
237622
579325
418209
448309
540073
840904
436202
105328
290579
92608
247428
796518
432729
115740
76215
149832
166383
882830
193614
800353
518179
787717
189482
261282
301700
125388
960450
1179
178733
727696
25082
903238
354353
569662
773983
949758
116772
857995
329469
20301
259524
112013
799197
145698
161027
347718
83615
459553
383090
355586
16368
712725
848395
94038
364007
339137
395675
313480
95937
721108
462346
577101
80375
257082
219209
611565
99258
138127
359958
649923
359051
688814
854511
256928
603448
209512
929041
438096
31990
399761
228203
236852
578712
140020
112740
441038
298666
346726
91974
162972
238700
850296
360645
237915
447406
622982
436016
438764
1349
902828
768563
175892
898471
899672
211206
690654
31336
300155
869622
81819
986962
631514
119502
811594
69722
359169
873634
998290
767365
246614
532983
769451
998807
889675
303954
117085
711923
736877
103004
286177
782484
845786
400558
976612
487078
235023
686911
681897
227714
344415
960935
500173
638597
676736
165775
117094
417484
142912
161720
312005
540557
961429
623012
228187
10581
473553
30436
41528
352474
736436
679295
893806
423932
646236
487548
498772
851485
62807
55117
165607
732377
795609
966744
262154
229540
993289
908451
844270
284543
4149
382554
926668
411543
836646
797632
953807
170170
698959
420016
623632
23670
571359
746255
544697
737360
5622
98257
187658
761182
839923
575972
995322
249602
364844
472060
760373
174467
574199
763580
13124
807177
113317
463230
900427
444213
866767
219711
111467
728795
792392
941738
315720
591005
998066
987263
976869
516453
685484
494624
24298
911102
245929
109624
217544
824143
927900
854088
83315
818358
969487
36816
360398
630973
990355
46166
799461
798524
943058
758422
810131
728779
626880
874630
600964
855265
162224
800708
165781
470222
27331
955038
896152
252817
45691
7358
488563
329047
316845
413936
640231
853393
734037
187793
632175
624816
771588
635415
815039
130240
413748
329527
21803
40542
707260
11191
324201
741079
412830
393040
399023
574815
630910
355583
797878
287275
135406
660072
415201
647339
123748
927271
84278
841959
461581
569397
392458
342133
702138
822836
581564
568405
149432
469592
33943
676969
874943
748849
806363
527891
377088
955992
515862
690669
998113
185718
381995
740768
677317
791852
750580
780001
552644
839394
988292
430990
630266
998192
900229
807713
883131
270562
797184
299790
920932
853227
889468
159679
29965
565930
484349
512362
593882
611281
177389
245323
818929
289272
921369
398659
90758
796413
801234
229581
734545
879253
465972
156057
67041
636212
469763
371911
80906
871445
127152
665665
700602
462502
745468
129973
670634
467347
367220
360366
277232
250158
817882
18062
739376
621624
588900
609770
680947
80271
271005
564802
25296
350579
833130
453147
289030
449206
350376
988539
823724
829312
99056
963648
406911
248444
670460
142494
737883
814819
468771
308659
507525
427875
822976
571977
771493
666795
149041
562983
353041
121750
381691
973396
348228
325617
828811
358313
300205
329067
573079
625554
142244
171928
91491
212833
23415
477410
393056
154510
989795
577740
154543
23439
298014
702052
160131
722448
218001
968837
352036
718160
185955
798342
816015
995928
