378468
415631
856076
621396
18349
894524
915210
211028
244270
503171
554758
758073
649189
901746
169340
615186
77080
807508
359625
66837
467182
527751
28949
132733
158570
982188
294237
369228
566789
117815
123483
992942
174310
233509
51029
369214
577664
97998
457023
304481
399240
937616
526606
27856
116690
501867
750619
353332
583047
545899
288239
654058
339141
977024
772785
684262
214291
875241
879849
526643
718207
284751
141232
561304
214166
750318
478518
519959
255744
490286
975344
524623
717365
843216
134620
583745
552672
261955
947826
201839
705358
676759
712809
289824
970003
968521
102050
293249
265850
239228
327541
447206
589158
774857
121111
665069
913417
324077
435493
297859
571456
934369
37263
107648
718538
785863
436516
560942
664740
557888
251829
969703
134530
375962
135209
769116
774251
590631
973789
971442
845490
215081
156917
506630
176780
308393
668228
250833
764115
86758
899476
72231
51350
26283
690770
552410
615386
851642
861017
470267
521330
804964
630233
400960
618934
613370
11556
702529
461859
48670
362581
146077
87439
632946
449181
575098
224135
107442
479467
401321
22023
707678
246455
714151
706581
577807
869740
12479
596986
562347
436464
816781
542046
628212
344337
868511
418751
195066
968717
732916
53645
795185
839294
700646
965286
555101
84704
422691
804905
127786
131968
88407
850041
928024
986691
10406
345744
797139
872785
773909
582717
252320
116508
825608
919419
264244
435472
458278
636272
676575
975065
745624
505343
229157
414732
645233
321354
667437
301427
684712
210439
647955
444600
893056
914558
608344
416876
589128
171100
40185
847093
37246
867959
655325
264850
984079
148511
518247
459021
440250
484509
143596
396604
265106
198539
836734
69875
641890
207887
817319
897673
383403
397301
800690
925317
211976
52649
194338
224806
804595
341518
776198
927884
817952
690877
148964
851526
527559
536989
756307
51321
613503
850395
667493
229353
361478
942214
548032
518311
937565
987530
498126
370263
395088
639048
239562
340573
660115
875854
662907
173924
35592
171640
124030
415562
667422
240098
980219
742828
356051
241288
583674
129801
521753
279933
242766
962389
743447
873860
404655
589853
86662
360079
283942
795153
669948
738513
2721
115891
181894
313986
788390
609563
590125
846831
733540
961316
348891
165243
312037
702775
410840
832310
525664
507762
157357
708887
301164
486324
492009
936601
410574
395399
884929
501360
825395
996203
717330
509735
158969
982395
5443
840792
987175
175870
23686
388807
41406
437581
595581
783067
669287
69980
802041
870841
329099
593318
888669
295294
805890
534329
267937
674137
824547
531227
354611
710148
279290
940120
425463
787677
134615
716137
305583
927077
966147
641859
416694
424468
937486
267897
594791
80790
754820
466190
141467
979814
946238
503003
424910
801286
438804
495641
225443
52632
570480
228044
326462
199900
332093
550349
663055
674887
691839
90674
160751
208380
465853
650715
196322
852585
420057
376220
717756
251521
181248
892802
495585
540753
910332
292228
651557
625794
720550
401864
530450
280298
56633
408654
523975
751374
624515
649021
182589
832312
300405
758920
767717
461873
676697
545533
884781
313692
498082
210090
393698
961455
376607
309996
994736
788942
557194
51349
208900
550086
419901
965625
486930
39458
629124
174038
858930
222638
769933
801501
272806
556102
997372
60833
368503
265113
978779
889371
359292
74176
729519
801495
680572
861749
732774
407615
160555
500081
56620
216706
653713
356198
699804
857441
686088
101846
16019
812502
614692
756430
708513
936161
261933
898563
189209
662256
114951
947655
674888
421482
136627
1000
326786
417944
594478
635942
731543
603952
922359
108366
322533
34688
913134
354423
683463
806004
894424
618008
274923
171844
938943
844933
302338
703228
835510
411588
974608
603241
867515
708176
47139
995293
522165
212266
578144
316640
586716
873814
699001
170867
671863
579577
282042
567809
92737
816397
789827
649253
448293
110078
345616
489170
126057
706340
684468
608867
41447
163166
795237
144832
709685
573511
53936
854441
848934
818392
770829
958050
263146
29850
348237
455995
621328
937606
892400
559483
256684
571962
776531
176169
805588
622298
524422
681846
823364
2497
267260
51850
724129
794595
319771
188841
716763
457793
703412
668546
646571
528455
331980
420692
767548
110021
721433
394814
363558
193160
98632
455265
562069
805973
330235
304883
185672
705729
59984
612451
445301
704816
668124
520996
613066
687272
492344
816217
989327
128913
681649
710811
834856
706891
700259
275306
890934
926828
403936
570733
375580
507669
88137
831847
718174
822639
684543
600569
333734
946247
252532
200398
478753
464772
712795
597094
905990
980865
232510
980162
6455
791435
977517
311721
879872
164536
153620
627542
328508
246178
817574
565055
469462
79487
420534
819009
996141
75230
785316
260461
340689
875776
511028
638377
643434
583633
806970
344516
859321
439426
44913
834202
596469
929668
474860
3616
843927
236514
531300
620045
793394
404411
687855
240486
252217
814363
938130
707300
916389
712374
614381
242435
169262
426816
110037
808297
263606
35819
450879
376497
971205
783358
149655
116884
423663
447055
992240
425012
143378
888797
879254
70340
598140
686348
426880
510742
787561
365373
68002
770690
519145
258890
929822
475184
202912
737499
257306
449219
625640
26088
187629
728354
270033
869323
456946
302244
412680
516672
577471
464856
487637
431741
506160
698926
125694
853352
533532
912901
364873
826297
937386
856721
861791
944046
681020
695592
370124
598053
377416
943018
997859
18585
949192
567883
450239
237883
160584
257855
270628
597228
609437
519360
75139
713237
864756
362367
415324
981476
615048
698533
149886
696355
913389
322436
550250
615286
422026
335007
69526
51569
320612
852050
668941
528660
130516
164639
826163
188964
692059
86871
946854
323687
860364
668642
617665
115067
458215
876587
23546
704339
556678
793002
713643
243663
308849
574287
529902
299383
817932
98120
408737
316053
624176
623599
550473
706668
479510
630995
518738
577880
679023
641186
706804
563395
430802
318768
359986
832641
55501
943270
901884
478666
861788
110025
475893
976529
643320
19238
877839
283653
182278
492632
342161
377123
313456
464565
379834
233590
937169
954779
558336
171885
813450
538706
110833
183319
808562
861726
640443
56061
349994
601060
294919
672795
878414
865206
157567
62525
521159
103485
403696
459059
172861
149634
187915
222128
239082
30105
552646
492293
751434
869098
605984
727285
371310
982557
90753
597236
604144
284450
414143
434561
57921
263514
458941
612445
72350
277541
16878
273639
613793
344137
153719
667029
322356
29371
912883
392081
404768
537230
908368
83309
795907
399285
656150
659781
413024
535350
414984
638512
926481
246702
669923
442274
296535
798203
433603
194721
990482
622729
643557
526370
742732
317692
821511
726400
923567
450423
895020
658648
413079
953991
243580
681667
998786
828784
874247
984433
217188
662673
898602
434846
565976
173430
6154
961972
532912
290682
732285
648702
656173
837975
53065
849795
419594
157836
94724
980423
233139
4266
453786
404506
254611
515514
196653
492955
336395
374862
833943
652621
976830
395171
387531
288467
752457
717872
485849
319179
328848
137037
954640
511429
334771
347779
822589
432223
715808
689900
744914
138366
350018
260551
759715
841323
895000
184794
474569
828423
224352
119748
20009
322156
179889
465502
873167
656418
138664
337229
134259
632379
492858
501160
932318
299532
214825
957568
494310
193928
974866
845712
751445
473658
190371
906818
126568
251231
656297
152924
418419
697565
407943
364165
600162
73444
670467
792824
577370
358304
489466
755460
911997
901016
675444
67901
698765
298150
910354
99139
569512
824019
886948
296876
783025
931086
359255
129873
617231
65929
749003
153266
780239
872561
962691
72775
560549
329864
459702
442148
167888
596704
982146
924167
970907
507702
887808
611905
57599
659944
362482
13119
253606
441492
791641
950197
714
557839
314980
980646
64892
616447
761986
847762
2049
682774
663320
291068
979415
502187
348238
349462
264277
688694
859588
452363
196144
105384
333027
411369
942362
974245
529422
283242
792004
105951
22902
47069
800324
359952
848460
915318
924306
622420
819410
27182
640813
117600
946571
268632
344283
157347
520337
939970
205069
479223
981957
501636
449248
206148
226080
346664
407552
178994
704744
823989
589607
83336
416703
674074
490755
417190
855254
385332
891190
286619
532030
916220
811959
790180
758751
775888
941910
878530
629441
224668
621788
145462
411144
699237
515664
704028
508093
105522
894679
139042
296966
350871
790323
928611
697400
844831
715500
456036
971651
603669
96972
710761
746316
194415
746115
627701
546200
454232
611883
813149
437155
208281
208806
519496
893713
227
367716
713926
418620
876859
580545
305609
400940
75138
803723
159940
804772
123872
973601
328286
405337
261901
908150
563731
87934
769084
397109
389864
614138
679780
383679
330376
714747
128363
783696
867392
696740
436721
550271
181012
478498
85751
615012
623868
961372
77355
775380
44158
485321
141905
785671
620713
760923
70671
268315
194987
721305
100565
130481
528400
628426
911463
764789
333847
796173
685640
125180
284723
54726
561477
914566
420699
526963
845979
793826
619790
917468
290949
840817
712103
660713
685799
475714
497368
445581
669200
324637
843782
968928
410287
495963
260289
387595
683542
912306
651230
557148
556451
134287
384947
289530
582352
925660
429103
325938
773849
735393
153363
750383
648262
453958
999697
289417
327124
663415
542143
134964
776452
400800
162744
179481
924799
80472
112848
352258
17060
586394
275185
784110
863728
60525
120599
737604
256521
416166
575012
996581
101351
8964
318368
299226
516447
80953
684305
489132
494606
306824
735859
786515
391198
319817
320917
808518
355448
928714
2640
477489
24774
921808
968612
583685
995491
214779
93552
186729
991906
364551
545998
957582
634232
119598
590281
12576
550599
321323
734268
407128
52423
939162
597128
778478
651987
204092
970225
878764
159310
44310
400726
704478
836912
915896
721291
763814
767409
845339
769172
603691
192016
570660
192385
113970
944000
575365
88033
148421
516592
845443
698980
645711
969589
521426
425041
949130
131543
912796
725984
718415
355893
425824
613493
722444
334869
250999
316089
91860
30988
271731
212247
567697
258950
904864
723472
645780
535667
327660
18492
180685
433039
471907
464990
853846
880716
489106
574818
892521
536349
603661
92597
333746
641441
314125
469953
36992
591274
996849
484932
171541
658538
763429
406668
831196
421562
3488
670801
949114
118598
679303
849262
703229
748375
930415
185342
226737
188798
767552
998799
703505
579034
833972
354246
772315
608071
778431
222735
210620
216099
451145
723390
615083
777534
807190
417031
553746
770845
923399
236374
824230
951211
82106
82444
187607
320701
215500
58584
335075
771968
210366
722285
815750
935810
367733
394405
87756
776857
160859
306482
409670
376436
925540
825852
317851
159740
439403
650333
794102
375206
791930
956981
619805
739736
565737
822122
591138
818293
756573
379135
829554
519687
875634
650128
838090
827656
71091
996711
197066
703053
343302
408063
156130
173264
669797
948499
159016
663512
516102
574049
126284
864583
965021
171712
820451
610816
408887
844699
302367
635442
48007
241097
893280
54662
659774
759114
65635
588449
801363
172769
921240
346198
291042
845129
353170
339051
290417
458261
92120
314502
662477
370791
964824
996341
664339
936396
943227
670871
859978
44723
67668
130857
742702
193288
667570
316913
481800
555698
923796
634816
64184
775077
951100
577768
516821
642020
548252
63419
758379
276887
341549
635771
996515
180164
79391
140963
573568
94061
942827
508497
361797
416263
673476
734222
558517
580434
909291
719100
47218
181145
119778
546843
180615
751368
414712
19127
723521
77541
953603
303154
845944
494637
439852
420073
146603
793548
302244
363974
848265
341367
442101
577954
80396
278954
576947
120596
680896
541241
588881
843867
423970
905941
210639
263076
542499
265822
337297
304440
981772
381023
187916
220292
316091
93546
305561
300614
461515
772561
359660
296850
862866
65534
922206
715007
3331
588656
874021
638512
141876
52371
687206
32578
550843
533242
813409
451791
606705
781819
866251
870109
988056
383911
324473
71847
410201
744100
809016
796677
63398
667625
477945
669562
44222
948310
287145
115610
538382
623598
699551
256854
400949
400370
998511
614182
557920
224283
846236
349393
814100
626035
257834
136476
374091
254224
627792
162189
88373
358638
666124
223130
674911
143848
113425
213875
89457
53011
289820
126825
289170
140663
866724
314489
163942
764907
648560
574521
633975
971212
346178
840478
763761
514073
628977
150632
194823
833710
531284
828842
215156
299931
983642
911290
60444
657953
424311
548401
884817
613192
528697
755295
723697
776352
553017
370446
789292
811730
553452
185905
960611
753505
350745
488682
959084
975683
19813
137845
820530
959766
466954
7284
268985
19457
616038
875415
954048
526184
350192
48871
547199
206283
77061
635120
307216
695868
192736
209673
932330
233403
626345
724289
69448
727344
323364
776488
547496
872323
221322
546807
589295
840987
288949
731037
160553
194226
657524
888679
52399
641362
400703
765578
846561
276014
297348
647888
495315
872415
416095
982045
293317
365178
375785
146717
939017
582218
642599
426637
893705
716207
430052
36194
379937
64658
65497
825241
607592
162499
163912
292188
880012
999154
731688
646158
267355
974407
869818
34804
420254
451102
645818
176831
87136
879458
866417
340026
547404
479557
184359
318028
499380
48985
20790
275179
879918
592462
562810
986462
422361
243593
75045
893356
915709
422557
734319
387302
869073
319848
810090
710030
626838
971981
322035
919715
198496
359177
973188
715338
458932
158580
837031
385114
272717
720022
826181
463236
806393
806372
515613
957854
519072
618198
981520
80970
427813
481126
460760
722631
236773
707430
348185
968020
763165
612286
268368
366908
862568
15169
30632
504643
957797
558764
854891
889771
177143
740666
17942
951331
404006
91815
73285
770445
834019
347519
895757
382442
636008
288289
595496
659621
426942
735381
247371
843001
739160
706055
588180
807359
776413
445984
742943
952216
993731
191296
399160
964083
262614
390938
396906
647803
215961
569131
130742
498016
900227
534680
416416
433985
65578
395299
328611
152691
839806
932809
17220
91377
192811
897404
316483
378400
637730
698296
5486
44605
125554
510788
982737
41957
945232
516679
284680
525632
295349
747845
187765
12683
334822
657652
478924
262145
228303
465151
611211
888870
570633
221782
50119
662768
136763
956720
52962
5842
467228
696798
85209
135462
178646
970573
717050
176118
251206
562776
471282
430758
624352
394632
707524
384898
980912
77161
532054
461920
561147
304778
378214
378802
301956
280720
553882
761258
912618
295927
416052
375754
554543
360231
65316
370567
998419
660015
364471
596761
472670
313184
84526
959074
940989
193288
68969
604280
92996
617994
104386
817041
77138
415575
284087
160330
158418
191179
571327
460692
547614
244774
347325
810555
671422
472421
197906
229716
368653
527292
611085
253699
911740
334323
613502
634470
355504
298266
273128
173794
947975
325290
411284
267784
823096
483962
726082
889187
455384
985946
763259
459232
746041
797264
818690
496922
777645
402989
520872
901506
574888
831370
341247
600168
330755
576228
402854
253672
308893
647506
923139
861235
663196
908703
933520
190137
631313
488392
413132
444144
606394
513235
147601
806212
119521
733577
938949
134363
157729
583059
448170
938500
550920
81325
550737
294715
523480
258825
137644
852251
870120
5314
507264
840417
440104
747067
454649
669656
30914
680980
836695
468327
342619
38664
667335
219187
535672
342950
848716
164530
854142
183466
75292
98125
284818
172152
614535
210161
814495
465012
446162
484595
244661
928064
341154
538717
433166
162707
520980
570330
34925
87475
221866
990393
476704
326863
878111
569505
869156
325819
112795
545106
211175
97032
876354
13011
677224
556991
422118
844286
392122
371706
944285
592356
850664
943584
296750
841630
560755
223547
392997
532721
636087
496312
282310
867421
723884
493562
235742
278211
609479
845979
835508
366064
715328
286848
730847
47050
757295
197591
252913
972181
118608
736752
914129
121443
959269
137013
772199
36374
490363
233095
517488
832531
47556
998711
69937
791301
387619
108382
52424
945867
100103
860122
306205
43199
717423
209701
342008
980900
318219
838611
35629
831147
944899
638248
842482
292898
837137
819539
448401
596154
49417
911755
393016
619379
783161
403397
144750
796710
553451
780687
183648
827311
987143
950220
851353
157812
261909
736332
435793
883223
910369
256392
315036
416436
515255
789879
691651
671383
100302
832527
221168
154429
294081
651547
407042
48709
384440
267765
290369
169076
376293
545185
703979
671137
946538
47750
249517
971779
85336
146826
286061
294997
737683
347912
635332
858595
311057
755825
546441
240373
537537
836412
436361
385237
487304
462155
713554
793917
568998
803676
517038
886818
647032
403560
993390
338711
6358
177116
352924
137824
754716
73777
667538
599572
944390
932586
147304
526125
853621
159913
379080
873072
79630
587823
849694
73523
800258
572143
500588
418896
443880
883341
159354
463589
583365
992888
648938
238852
82158
894688
173802
536126
556805
4246
102274
738503
288607
688576
148429
948102
191494
827061
288388
810044
721818
463099
373174
26126
824914
107034
232852
614448
205664
403484
777832
906544
867251
344676
421478
574748
336406
8681
759067
789778
978229
311245
403074
113122
722624
187486
199606
174689
315944
918952
791489
532557
272007
806516
480786
787224
908124
553378
898701
909587
389235
298654
573437
460152
841187
123522
428645
439252
71089
863816
627892
906575
903827
294954
157590
315545
778319
481816
887399
990323
762816
452949
138818
609943
306874
8559
982584
30918
780485
685209
199516
181292
537862
912807
704059
466033
114620
87204
843818
722398
928037
841427
285047
148714
438529
237121
443969
430945
990062
987011
64804
335856
273394
397010
681676
942671
633624
23359
458027
921803
359537
276500
227077
508335
69115
438281
597608
688206
132960
510048
541242
285552
753237
38814
427947
28823
480163
497894
970825
430892
90051
203699
672113
779595
190689
115121
746723
44840
410563
34425
926895
54556
625731
923176
566988
52496
431288
262106
68936
525444
771187
795016
955481
562237
670757
680379
745809
403081
817694
625836
546864
458096
44912
316283
618067
197305
300274
323335
497611
591574
191584
559536
859337
877869
378400
487591
373749
669379
939295
445102
15133
754439
406426
598129
609610
843833
369721
93569
798063
919605
143893
961321
360379
587744
740827
246191
208397
821230
857480
494441
950727
169357
276628
736632
390779
246449
326123
717990
2691
932157
31894
526552
980077
774539
916985
559855
308690
991960
84533
932929
132040
851343
397229
802159
588397
807280
666534
934307
732772
694301
222664
773225
396316
193153
371585
532518
679756
875613
828169
6777
966395
662896
175680
945324
650171
285187
742131
97878
936566
868430
206397
616145
930848
833290
632650
95316
462860
727508
859319
78060
435611
427963
617429
693212
359246
477414
103245
616205
732221
22053
101149
742003
447969
131538
994176
851967
252043
948579
933740
839546
401592
773648
784309
361029
253371
664091
254287
76394
986586
512129
979697
195806
194358
332475
423508
83861
194081
653745
261914
736834
237972
420028
109452
961194
818680
893270
821692
504548
44962
34081
39753
566639
349212
890000
977473
434480
517022
750326
678945
566022
655324
185769
936503
564108
196089
367186
700712
713834
572633
529877
611662
602712
357204
639959
306425
885809
450822
679088
384151
637231
486275
498799
143022
865225
376296
897220
946245
67814
23564
196942
426915
599548
476758
513282
771503
64074
190760
979636
633078
575662
154873
458821
166604
912100
584577
538922
124745
954267
247501
506517
257525
700021
106034
115330
830078
157020
528670
109087
694501
133116
47818
220248
94521
295392
766667
871999
545340
769772
291848
280981
841250
971893
570566
34871
165623
917816
14367
682600
735776
637502
853202
457975
165817
751114
636404
35661
86366
17595
849475
618581
932294
289733
747418
978120
368457
540358
856513
80788
32066
609224
902684
495784
8591
693586
198724
348831
578549
431019
715827
957254
819745
654956
163033
901324
958537
802176
588619
787781
219505
941500
145307
709658
308170
88021
471938
239121
241972
331842
192634
352885
349604
636655
510313
944354
857185
65690
741431
635503
147241
38670
476928
440568
761520
267450
447333
57926
427720
489198
411773
322910
323484
812465
417641
499491
80022
510529
344006
148712
887329
616872
85243
107414
464200
377335
866673
652278
601085
470306
981027
865948
605302
727479
207371
175089
471666
676157
742268
561947
288090
556005
386574
495435
541954
336879
864883
559906
351822
339612
854248
736257
279153
624523
12552
388332
81745
463539
324730
8857
520519
416700
946123
797403
785538
754234
128214
102438
829323
531143
953888
236350
62179
434427
100928
11713
68680
84234
164155
220237
585367
93307
244590
388303
343243
146113
640100
756521
896739
81464
692744
601791
209570
409341
744628
902559
102256
275434
202535
383754
5086
324013
679126
409187
63175
218884
791321
393331
398033
752471
774662
751255
776019
271281
774555
742535
405329
603100
748052
207555
326242
389145
661725
551708
879411
911737
805602
370972
757796
354139
836354
397267
954767
46722
805665
930239
282730
737618
167900
827479
730882
295016
4440
877684
903463
136339
874035
515292
779751
768434
422748
529901
470642
712618
234687
572003
204189
722756
206360
924422
356610
791522
755177
703859
407620
348956
632519
309700
474608
469308
105358
129887
212287
272721
647732
8280
399288
773300
179067
168004
429170
791957
221632
270555
657527
131328
892593
979465
451396
768882
22876
671697
276270
74002
765282
42590
927326
157902
482058
975464
496125
203475
333873
45823
291882
296424
869408
23415
85800
297896
905014
88945
444053
657242
955268
624769
245077
488943
565879
979265
507726
956119
216368
777330
478731
406720
592496
425033
951108
953196
283695
685150
459893
801005
61259
598253
948778
981824
110942
518598
517212
728580
619112
581207
109557
99093
638955
867796
295984
146249
408086
351680
222108
856070
477785
300571
496767
829886
605719
161448
966999
733193
550906
958618
110652
861982
464352
421210
522785
60397
825202
736312
824761
8347
383126
882347
145014
148698
897914
292486
772524
708516
891409
962234
160597
484373
771995
201154
827949
708899
683356
534831
218302
152763
944366
345104
946998
75384
209714
525885
377459
453570
167394
568256
480545
820289
262658
441185
112571
623101
123829
107149
438637
625748
769772
124514
129370
396950
709049
515290
249081
52609
513538
439505
833626
705236
163025
129076
666311
279890
359943
502856
202182
633749
514800
467924
499898
422347
239282
226285
514792
144210
52256
421020
864920
22124
749356
753709
174994
394975
549752
829271
211143
107244
808333
85827
163986
657641
453989
256251
321875
755581
662114
902320
146043
334136
557154
146151
660583
824845
423914
938754
577763
749292
91391
189991
107919
529152
542995
85391
803743
998594
783581
308845
801852
196728
147969
767544
610888
62798
417647
927255
319550
357583
418056
239785
590776
61760
19578
209710
62411
438169
705708
125909
625037
416545
137109
151842
910583
929765
181096
407035
710885
660180
628329
509840
435898
34874
804451
80805
399840
975639
947954
666174
28525
200732
122299
892326
722785
992001
86972
353947
769100
194053
316670
584793
235212
731203
524903
270785
289588
191662
255468
420198
245385
99177
585763
908085
851174
669510
933558
754878
590143
230040
533364
252963
329730
382390
165505
522204
325977
666319
526382
694692
757836
973477
602851
411843
957636
368616
533497
236921
447595
311600
739812
877060
770094
376469
664270
14350
898084
251310
426111
32631
931976
452581
562103
581690
294690
60084
920030
972798
726533
6078
798226
654203
16497
573580
358432
276999
328088
463138
574415
409597
588734
130686
906645
455176
404537
253868
879533
757649
863768
212553
676672
531907
410720
218578
53504
251831
252978
632679
694740
110145
154696
194978
996333
855574
334110
79310
915448
696793
377197
48710
351468
815680
673490
313452
820867
619175
114126
129602
36677
100721
327782
688808
880703
623959
736683
248818
459091
216207
957396
923557
300905
587737
127687
426639
391299
669288
271671
94208
181935
113644
955174
385257
640789
624440
44108
494159
766256
818773
600208
840683
339482
211298
519987
637985
732799
488998
5708
363035
758899
227380
654125
689346
872864
334906
667877
840921
57368
702822
440671
539445
403017
104948
229160
102045
818766
644633
825870
456058
444834
412101
151011
975866
699311
996377
536929
947592
816901
525285
756136
539488
725670
177180
381410
908625
718013
92375
803719
37971
749807
73218
863868
697538
66635
267559
218903
965239
199835
265493
976893
994241
43740
88876
744365
604549
420169
708616
733397
272047
815827
435336
647586
633172
622
267386
42389
199974
68741
383973
193360
650195
382158
491890
611057
824314
401399
133943
603157
109578
703935
550753
884862
327801
427810
51582
144015
98014
518061
752229
586932
563885
765615
763778
699614
749196
722640
655298
124716
85398
347323
568215
63717
975595
139511
165096
549794
652721
888276
476313
760649
312492
530048
645746
677683
195574
461305
114734
149615
621339
63644
789922
770208
563923
358109
14216
86785
660316
34448
897768
357833
481204
201955
711586
788586
283504
871534
990298
952883
817724
142371
544320
271061
797744
930464
402939
695554
17547
808164
45809
389361
462926
962973
402165
663679
50743
739295
832206
330095
75865
691249
353760
566098
838036
90746
880322
599927
892601
600891
122696
140334
161386
723425
297757
532457
991140
738800
480718
674444
246951
922363
913464
518348
375987
14801
108787
820205
192379
120071
306443
824021
997304
869023
714282
606475
80923
82
940689
681618
774234
772223
839557
28956
911468
479664
44998
86381
192655
372613
26746
967437
758662
116351
617705
350185
638497
575211
19681
71431
996468
799592
974586
401828
812266
451991
796084
933549
665266
253599
156092
920726
930199
545178
990478
543641
796077
437664
351604
468174
362791
616750
127276
532515
867590
360050
984167
729209
109356
718837
300910
457436
71887
55589
500896
438556
467208
715454
13142
135756
259083
410389
719271
52631
644849
260097
858439
643066
44017
163302
71690
523937
893358
614303
337095
147554
853162
504583
364631
620752
750040
429541
139965
673021
899214
161970
68895
43152
168665
825799
84466
755838
198059
210791
795381
245288
123055
308263
141076
676177
915069
981494
461036
345467
865001
242637
130798
814173
763894
163828
352221
554306
498600
608557
573105
543808
126839
239617
539550
163156
312351
668966
9902
43223
114837
768842
349131
860959
689044
859135
211673
442101
308436
178499
899584
658990
468956
268074
608391
748648
687855
279850
761115
85475
376034
39171
876976
685241
903181
694857
442495
533371
448416
138448
382253
83626
20173
459058
614412
312015
653987
207039
462394
978359
737851
43138
717671
321743
336779
297324
431157
278424
923351
893856
276280
59398
517832
874458
364316
760827
610005
106108
170854
930331
894750
992823
702483
188811
482263
75858
490396
491019
430625
609946
504283
80877
193140
5095
580423
700914
585273
914630
886236
549568
373429
420424
613142
515585
709023
37094
391003
761306
156882
594895
572408
500166
198045
417105
178180
484559
220920
589215
253089
229481
87698
362181
900448
388779
819397
899557
753860
774890
900203
681068
468895
107124
807882
709015
347289
877862
40618
44124
799888
784939
644040
455734
711641
130641
693859
669968
74147
889609
989235
885517
102140
461691
863993
162994
821422
782724
31666
492465
896449
567821
720741
803219
822436
351817
414492
863488
352230
203978
36847
260142
543263
969537
233531
8740
126252
223632
332658
885738
128022
547534
648076
875727
277844
319126
958684
398935
102887
315340
545341
550335
536163
692014
495403
82221
64974
869650
668718
626873
325409
400194
805680
222610
389291
925616
741616
776526
123733
250136
768399
478610
805440
329457
397256
137818
46090
962639
895741
656678
807344
906136
580460
170690
752846
387168
587776
113968
506561
605156
492612
327923
922285
815648
241906
650299
610842
157773
537578
498280
539705
836539
33214
734332
783749
822406
617770
671778
318917
345208
615585
51541
286254
764731
210626
722479
513380
151097
221033
253327
785889
456594
248546
7397
527727
350777
253497
752797
307343
216107
680109
271909
314300
247885
121795
938717
726217
741346
165046
796442
77607
712486
657164
949975
484483
316937
820419
948985
695820
285515
523179
345853
266514
100336
538509
73409
53706
592673
40521
125036
356206
188703
229310
762298
235969
559012
63777
242663
382896
375896
946224
387831
13140
550253
550913
958688
72276
539031
223796
778838
249960
619
643783
739889
81592
884371
321864
554748
956066
202860
848293
328412
801051
407804
894367
857755
52397
549715
454877
613072
269406
558845
595613
324717
322033
236960
269445
725989
41542
729465
792856
717751
497820
598253
585924
902620
209207
369231
289624
530441
277597
44589
773074
769505
516666
627863
405910
908923
912355
189678
959675
324043
803191
538532
983232
79471
333986
175893
503580
591512
227771
688769
894771
981075
766797
83046
880676
29107
843379
938038
655295
575517
844764
497146
623764
716336
212655
286467
93223
546703
494792
200264
240447
311948
664863
438433
690718
163314
393034
567007
381642
15471
943449
369605
240970
756124
450143
917543
205741
706219
762960
570334
653187
317612
7110
411558
836143
448700
713822
753492
767892
402762
599679
500406
988461
841863
773626
136969
451129
618730
792525
756497
46803
372637
210050
869593
511775
107207
949173
623559
166753
471415
381746
685019
355175
656937
595708
965892
246887
676856
710059
310303
812323
121633
811629
951373
217800
135984
233069
120047
941655
948042
676176
193345
677690
525846
461276
992400
573176
592200
657267
76569
120836
491850
25405
147072
907504
548041
326181
482089
698111
708762
103098
920951
58327
46472
690677
600095
178005
378812
374682
499112
638331
605511
992951
381825
916101
247886
583241
569854
256473
972754
694782
260785
195548
654682
660694
892449
471585
314112
551587
175082
338172
558614
437231
798833
354229
810867
35836
770433
209112
488093
222694
191239
474601
245716
770853
539110
672566
906553
40367
868664
344516
185114
202106
455650
702891
777691
982303
36883
454014
170241
779994
928857
203938
163678
475950
347104
954752
218773
675813
554887
19285
942409
56629
944608
45542
248038
608063
732484
855377
579851
370928
758161
571775
855507
965386
628290
912246
649343
501053
831785
669515
311937
672751
906699
211892
797160
633627
796440
599420
252515
365205
703301
937551
309107
362475
140488
132277
964721
384872
688943
961116
852601
88434
511710
412749
43442
534995
159267
603905
803643
728084
522296
178637
532724
389189
835540
718136
687462
298394
765614
315629
114192
11632
428367
687244
345231
979693
629906
804762
565161
709316
568059
719449
494134
730648
820082
335155
176747
709368
225243
112336
575364
654729
921619
58375
537806
150401
960968
552624
349838
944655
486709
622808
813393
302681
575417
36430
798801
55069
510355
328410
349057
616313
505340
337805
562678
569158
922145
226996
83697
962526
613052
921126
308301
779326
149134
396605
335873
796615
258107
204065
993619
522335
436801
748671
722906
49332
192662
34457
717678
708768
100702
67320
492270
484136
53446
29244
547437
564703
463872
980
216890
236968
125275
492936
40138
233497
274110
637683
679812
694458
862209
348239
903465
282924
281447
828329
844254
249318
80188
576435
40536
539931
110855
838520
261539
106296
779437
140202
166287
15753
56418
725655
39607
811067
482636
69370
660463
618876
901174
668206
650953
441599
591597
657789
601860
300507
28411
664535
328659
128595
59517
70174
662725
811760
525987
681054
792725
242379
472452
365210
233872
903783
431708
966594
603935
851962
687075
542336
94448
976012
530570
352049
808581
953977
402901
824625
116441
462289
525904
339983
322282
804638
836399
431072
333288
443461
365382
10671
756152
513605
958369
725010
956389
415453
329793
236055
676900
624714
528820
106014
476034
332910
343823
772864
999340
932172
258763
929197
126682
637744
367290
554260
681370
862444
100516
695803
412405
296124
25026
836526
3712
457227
361366
631636
976640
259599
114533
489181
189178
419663
521427
235031
346775
967492
280537
762336
731889
128605
58660
604150
568253
768221
362317
231082
266389
134112
636657
480307
590816
134651
429421
749023
201184
925632
103288
618788
911191
997601
375773
859477
748183
103340
817299
508656
909605
766068
56955
364820
113353
575632
367733
864976
600373
265981
611038
817494
785935
358431
770922
925774
887901
949028
996059
518727
507724
29833
382620
740936
408861
332086
521468
375429
826541
322181
845514
277549
144735
681249
57417
940576
900072
516360
306832
414910
678006
784626
111553
853339
154238
76748
762979
717838
546337
500701
180191
950056
109754
623882
358548
604994
315782
827252
192791
465456
596721
493311
701194
660178
594937
482094
4055
754440
306369
394474
207882
936965
405300
135458
806921
814461
882068
343436
435248
881208
467038
97481
864973
862408
285660
72038
232885
103447
492615
554814
185537
476698
506454
768254
806249
479906
496615
891137
532090
784849
51529
965017
848695
540073
461156
287791
427530
709824
595718
221698
9765
745616
762698
658955
44474
777003
972071
236737
618835
714635
542098
818744
743566
334983
369489
365477
387065
851874
129310
660796
223238
756670
459123
496890
616619
94254
338744
515199
641817
370601
393159
610323
502102
719898
884312
592201
57721
829267
246478
331073
323970
537186
188765
576711
358547
284028
327958
457624
92751
292310
929232
487621
799438
205075
245493
129009
88122
687192
189862
880436
453385
42235
8140
274018
257559
622937
578876
892582
344543
805190
860486
246791
354645
989727
281563
652877
359971
445692
748312
231356
659263
575746
788531
349567
938214
665109
713409
285473
184375
617002
417825
160628
906478
668474
197001
335508
207931
469906
223851
891333
556222
370504
656707
844921
883682
564872
768768
516591
625939
165132
472524
665397
936093
951146
249402
681102
215651
728775
347467
178990
611960
277481
924253
980322
685021
511082
31537
840396
721496
619145
992791
587980
351469
587355
519928
852731
923132
346591
263104
950545
535158
824174
584614
481190
638717
720401
302169
520405
56536
424045
102088
53181
944975
292121
588046
803041
438249
428816
316473
332847
108160
603266
12214
818846
63550
394885
310042
76144
927606
65513
193615
703063
425249
570408
917977
680948
463603
659388
594564
10746
41049
912331
287468
316913
992274
475198
398248
777879
869095
943023
429332
569441
266888
222784
767866
43103
823813
540809
714781
767549
684453
499369
580449
29861
70247
187454
241562
356418
314515
703279
695919
161376
473339
409766
17323
515631
806099
976219
786400
411879
778090
544268
415736
145733
504644
709513
567641
742899
818006
509611
633268
276357
69086
280549
749227
768992
370076
658930
539676
601397
22192
605230
903375
289643
986513
623169
803640
711067
975847
284150
743592
515701
706503
818281
310871
260991
464904
283295
606726
48574
868166
738224
512084
371309
54451
48799
701023
788906
706389
873610
519701
629552
44512
826620
455830
526399
795056
697248
164167
116184
465122
513105
940790
40484
534992
616716
814501
10101
744040
294855
252917
755940
630953
410075
146737
427288
716473
690908
101811
518760
510373
762633
213431
545048
790837
335263
838970
453568
81771
290952
442318
785675
479193
867953
731965
671642
845020
759801
741207
682824
584568
212932
450523
470537
703313
85680
468350
669419
879172
245663
665882
204671
947872
839539
289974
253073
312388
184217
563438
968530
450390
714107
188863
332759
614109
554905
258609
830202
588604
234738
209697
171998
838028
648476
148202
594897
279189
846195
828464
798026
755752
895790
773193
346321
398235
139661
593095
670334
714914
31279
935974
182553
29062
480640
559823
930464
617989
806607
240839
947432
971783
311549
189111
872731
422968
804881
459864
89952
746246
822569
170938
736280
262073
755979
611506
957635
919657
398810
128478
362883
421025
824612
885462
513337
672207
700056
923313
208396
564772
254101
484337
48904
326286
285469
817100
657826
85263
448936
463960
432282
833658
655893
316434
209657
875146
133435
356234
327930
639071
278494
988015
163781
540374
592574
232883
942422
296899
238345
547994
466684
927566
674928
590245
226302
31399
104086
944085
344216
588135
307813
55966
410915
667205
925115
68586
964434
614961
682626
907782
188888
546768
830430
207661
636328
187605
301567
499823
852244
317624
651734
304254
334487
744342
310115
897237
385966
554853
39277
514694
301024
884370
888651
504670
636319
408121
55008
949110
785287
22272
901732
281049
382019
215569
909468
431501
517135
424498
752684
709952
995351
182850
20675
94160
647550
101458
139060
463031
368828
962141
374693
273490
32287
554726
404064
610700
339890
766573
478919
303659
700987
808781
621412
937975
931933
55541
923934
156546
553822
698945
677192
278105
723139
591732
7636
777798
319384
127764
854117
408894
765324
512162
105346
177070
286840
646773
22118
921693
369280
647922
478004
356733
472850
52330
835271
321300
652812
747984
985320
685634
224442
679189
838105
212462
634173
714530
815118
213905
431495
502769
694971
401694
814274
819401
489224
130445
790032
623316
91426
294979
121389
640926
726187
866272
754929
482732
424529
331364
29874
927543
879036
242814
498695
297476
297889
51507
645543
642209
334772
509480
382639
860926
884602
270028
316866
520677
356284
11556
920843
351511
50456
287988
991326
187781
511601
661895
53308
828968
936966
4124
346613
527229
499936
182381
866408
188960
143205
114076
385702
905156
229450
187453
126325
128205
55846
405050
183664
639242
138657
20071
76236
848722
886795
961571
340789
948922
147401
619303
808086
838768
482090
615854
890808
724407
559831
974849
342402
692863
506601
902430
43038
573920
755413
596036
532732
467379
795906
811742
996720
224525
625532
216201
915511
134489
58624
641860
949719
496849
510007
779955
888932
196057
811392
956368
955358
647800
243430
253871
483896
379699
979825
916524
568628
978120
419352
334259
937001
926660
632404
330411
172007
369089
570063
449216
226481
708416
933435
833419
85481
753758
381184
194337
147913
306998
194701
159733
48717
201812
168976
541994
188079
558993
258688
6841
236618
687248
924631
919164
99360
827859
71966
574037
300471
501243
341088
508669
416926
199578
525440
868909
957197
45623
852135
492258
771434
304029
154581
572689
769320
684576
813657
233575
469514
411181
761307
752891
689606
848013
435991
789331
966084
406966
145764
617616
344133
989454
590386
599927
366241
707261
979155
30172
205864
547245
15088
758509
852970
49313
611292
631512
340563
392495
211013
609370
213934
485531
477894
798501
276234
848978
198874
680878
456762
30720
105708
239824
141621
506062
448394
75104
516830
633339
188151
922190
557599
376470
233247
422964
313966
807125
598373
5502
391538
600278
629465
75575
715646
854959
793925
729132
808379
21619
895462
437886
888869
763716
915000
982090
768748
186448
88298
971949
391098
885866
741745
514678
251028
915845
214585
684972
783898
882959
610805
101752
561832
43816
457431
565361
773087
251325
479452
971394
741374
439749
322623
515450
912297
93272
85581
407152
273932
743719
400344
840849
119257
25244
425093
44104
176877
12367
696705
854088
541072
513313
589200
222073
508699
745849
200390
132156
633396
694105
168142
620125
159349
402524
2791
466196
212012
324942
179119
913400
588795
666280
198040
347073
203422
167142
145335
459448
406156
692103
288379
610621
445303
75041
