900168
371770
607684
861794
514429
722779
363713
240303
45076
28416
513776
14282
380592
939471
996828
724011
242502
670179
37294
421078
763869
176766
709367
216793
286820
220958
817372
458226
145071
181096
450398
362637
451472
663937
143556
325482
168078
210812
46888
225373
195653
755821
136860
78127
7897
946012
879479
522850
157528
529622
280639
249298
209708
833885
198708
426551
443961
659903
700535
261575
929881
766788
950613
448120
235441
460160
647924
31523
950064
848073
746073
843396
453412
819907
60244
302238
64120
938071
54025
849980
432654
374850
473563
69522
326197
173322
131062
943041
430855
17675
674425
794041
703906
865775
796287
884345
496001
962364
462665
169394
75958
939782
109897
422409
687814
352134
93709
534971
795681
372163
754055
953436
583228
887725
136885
798008
61069
742409
825457
822170
265762
587909
356887
818410
422239
557997
391886
451249
60690
982134
766197
657593
734196
330232
219564
613520
342079
280505
220604
454507
976295
27748
329444
382950
306678
726809
588481
818729
229191
121502
670873
221735
991390
156147
866756
10496
112931
369922
923063
161990
370489
918581
79662
492701
13247
591650
640885
405628
871843
880162
125716
263120
615838
113279
899477
937023
685008
726859
679155
518985
321976
765197
308577
937035
54735
957079
895539
701406
7682
767027
421485
239516
228491
549499
56935
357955
672427
985928
495961
715505
472390
409219
955337
560079
141082
31511
908558
588107
304093
586311
617856
439101
351475
36379
992446
448171
362761
555254
947611
316520
884497
176451
505061
974871
172762
116046
522324
265869
367371
424687
322124
746004
509243
669792
247567
134988
241072
62256
326338
545965
188211
915408
111706
712615
150860
396939
287331
926506
363296
423763
523437
56769
560355
732598
215251
980121
960507
286128
341161
813216
621043
456921
688897
756105
557464
817791
94810
37868
602612
122638
266790
299145
716772
1260
399159
833133
225944
791330
781893
752813
220007
838836
53086
178511
177613
454801
660587
323017
382082
509413
858202
248033
765751
836748
863853
82739
307824
901666
476511
536977
441208
928438
284398
729220
839942
220957
81610
129905
964971
284898
270296
59991
110708
178075
191011
130165
476898
344151
77408
187081
735363
603891
783388
920050
663404
249548
72964
156215
983574
649934
275024
771616
242259
265643
540238
752194
825515
655272
44359
504665
13911
215185
497423
74893
37977
600013
861102
672983
929142
781580
860326
831677
309841
250396
808929
641273
331366
905627
875257
218360
722207
765639
461731
939838
461206
597681
226937
65382
239272
62993
430754
458951
493682
277874
176736
713651
828523
225422
212085
989401
468574
812404
493555
626570
367554
365861
314015
462680
993719
390399
164673
132379
402400
658897
64395
566669
368535
397325
216355
806997
456593
859611
418255
349985
801104
543946
702460
394348
95807
536417
839531
677407
855917
379284
255737
804691
101033
253714
513417
681205
841910
382075
704464
699203
403243
719087
239356
823603
304682
232514
646018
968370
22010
587467
400515
486089
833540
862428
683482
70492
875047
957196
303748
699789
806072
310831
87276
805757
702553
51239
308179
73523
318900
658580
288793
261781
841365
286759
92266
477650
243298
60500
630152
71714
892855
226726
36784
385253
280930
292460
73452
998184
319608
489041
12405
415623
262354
774985
165762
468908
894055
732071
867633
33077
727175
455628
84049
717748
289394
354491
636362
891664
502803
857671
844073
698632
563548
677677
740044
873240
792447
371902
606246
240436
938950
625077
399024
305009
304399
4391
480365
619971
470248
627672
397144
130145
582275
466857
401131
303685
423254
647343
15630
72463
511570
908640
429403
800521
172093
18471
868938
861189
792302
447959
925758
486947
479716
835643
917163
455919
817092
101004
761506
671271
465902
118396
898810
91482
551803
940399
745565
918571
667156
366857
832812
319285
623282
332898
27344
761608
872749
319702
103710
544530
137475
746234
955622
865754
897448
202601
395864
195237
276804
916476
442196
517947
656462
392600
888973
6787
9155
352096
331288
473547
734722
281931
291351
985444
436871
16017
329020
825642
223618
947008
362428
666914
326483
599915
479635
815612
807909
271425
596333
481911
200548
77179
327480
479523
297308
793583
559620
183682
721775
429890
806867
558856
167795
195835
409475
742210
748390
65842
721173
209811
454862
773351
384857
721817
746290
933742
994808
917549
159854
19528
777053
411593
843255
215822
459073
537989
196332
718214
707283
131386
121428
598232
961728
973575
353146
400346
466468
955890
523810
673224
834445
196774
973863
395663
503783
735514
790386
875400
677002
74579
387417
460610
878365
999744
492562
151480
589989
72066
927058
201506
262446
611151
708998
610151
128468
88876
471469
767663
233646
181591
856592
210327
768792
783111
45343
744830
436828
569483
113130
974524
684605
977615
234872
946995
650079
207038
44423
374333
788950
84225
505889
536517
233609
11621
74008
50289
663298
74074
407902
345789
724950
155735
593347
988195
737836
338587
159371
863542
265707
673359
206187
810767
672900
174280
577376
558942
45721
948904
627181
60578
818312
113187
660847
416691
349977
594719
15966
672764
959040
537973
78498
395463
764942
872533
944271
800945
423034
436294
279999
332220
83144
939082
660299
627715
417556
940255
365030
290056
10749
125346
473749
679465
125425
319055
982671
375154
406224
131875
345837
413772
699775
418530
881741
610450
789004
355445
114505
325444
66937
981035
206927
477268
212775
940192
265501
610590
361377
433403
661020
639797
922945
569489
38486
810392
894914
835687
281876
1156
469412
25236
142168
467939
886
320517
337075
197602
166595
832731
149189
562336
21531
737519
72527
358210
96701
337717
600438
582243
172062
970558
286743
681961
73944
852887
133249
68467
943346
132175
795475
617006
755272
655702
883571
843207
437911
715969
946600
140283
371175
607978
537813
230665
355797
509621
886483
759177
272380
703917
787177
630359
706880
587084
462891
442151
737526
271193
373548
43900
125747
190636
50593
732148
817584
248653
355987
561211
862679
396411
825536
837920
804012
981896
712143
785604
467419
686753
477423
155502
533530
349100
957131
54844
570106
882634
639275
751221
311760
490364
258346
29753
970042
242145
610448
761497
890576
548253
50764
917955
559209
951382
974095
445270
301127
221912
336135
160852
335456
670233
285942
717365
664010
762518
13295
475352
462914
535195
320621
505813
498840
856866
912784
698094
535931
769939
26293
782563
191581
493098
304816
710116
350402
367927
252713
104161
228714
66686
293200
428478
97305
856062
38270
125026
388416
409167
619945
128175
256841
486884
48388
241356
526084
113713
13617
597213
240041
70758
606308
426004
180489
85977
931605
619745
946390
787201
129505
260485
588747
23710
145342
19908
946489
693943
336729
519225
313904
206075
841486
290563
728902
576009
894915
759325
600839
518859
926626
80908
585401
599805
390449
255921
459338
879436
110543
630014
178264
832985
65677
971781
353309
874780
675174
798956
322038
851749
712605
746813
670478
419902
721330
25242
183787
611949
146304
485198
661269
918486
477686
477054
824478
422908
974959
865342
14227
688168
636401
501248
120637
482850
156799
365479
972628
170780
546971
277753
320577
743663
464988
290611
75214
564157
830055
954231
992429
994421
399501
397025
459170
837108
452161
851767
10189
837833
542836
494142
999256
237329
721487
245289
517817
707457
993804
924205
144548
450690
854386
815536
400017
843639
994731
429087
898725
332186
851715
836511
762944
226500
978943
684699
36770
457163
662552
882044
45882
684549
227603
747703
222541
201195
830782
823679
703
554393
681736
503516
659586
253682
918014
215060
502168
780769
408030
14853
400838
627898
139418
240404
362519
521086
669290
77952
855689
582718
358926
873040
894361
824662
166687
903403
814502
694107
749713
196998
385284
934735
78216
725751
638240
117073
969619
432681
754379
252690
713225
195560
337701
468737
727294
503452
408167
268425
800418
708819
483404
492656
691255
851127
112925
760736
404462
350559
147288
988227
201245
598016
983868
952263
804126
491844
614964
203841
20806
235123
655517
720877
156416
73742
305398
986388
409862
237947
870051
629766
164859
224601
284702
908807
383720
866997
318523
6534
517586
552790
165397
814408
597492
803187
546970
451748
375903
69
825073
916007
167402
773687
906371
923991
215703
858105
718509
881493
696003
222067
947456
443036
222089
598807
317811
108262
591733
341839
527974
15405
573664
176534
254867
922574
373357
948066
930515
11786
593694
300991
76683
202983
45588
399479
109937
624052
348705
437421
779902
41513
895755
738570
57330
254636
749728
930958
137407
412272
938225
558152
526419
826872
263148
225633
589061
28986
971034
922834
615707
189406
665585
810294
440054
339429
272791
167162
730587
203367
588020
962224
830750
932725
565362
782723
324397
794077
199828
107909
769590
688523
249008
775396
430966
951244
397258
858428
463967
768302
21007
344454
601381
307332
973227
4973
554662
881734
974919
30657
792308
76053
151586
430852
44608
737115
52427
397666
405860
378513
469368
904959
724556
131866
885638
39336
446082
808909
611854
243627
691862
385360
363232
559874
665382
845855
57183
430250
622863
577644
396473
54418
999344
786785
482753
636143
501720
328833
399338
166444
883084
341868
473954
981183
599478
320065
875464
936343
748780
891293
371916
33265
17180
915394
559138
742218
383954
926420
407203
537007
668454
454524
917120
473264
981445
571311
396451
149171
156442
930121
928548
929572
667736
975635
70308
249162
719079
802724
639178
688565
81896
156387
763736
325395
910887
234794
727465
985315
650972
14278
857737
666433
867358
442523
863729
382239
928805
22437
596573
310804
766650
57753
88012
626574
778685
363433
814676
204324
333714
63335
352031
710406
379050
466049
38661
956438
34217
469482
92936
589327
373433
516634
141222
930595
274027
627307
630751
889508
998789
734116
70531
580440
36396
279763
43894
461167
649711
825363
37316
112336
953261
47214
131483
858703
744869
257883
879145
603387
80920
339240
218515
697557
183133
279731
373646
403739
489153
423250
563358
186689
465176
567378
338665
892545
753253
131869
468023
575946
938785
707061
720201
607060
173100
546205
276755
791379
983245
938774
547158
699337
223463
310598
721566
738806
390011
334262
18005
882475
723092
23346
181635
794813
737299
894355
777059
599316
818775
909593
588963
985315
737352
262194
337975
211954
119553
534808
203994
921686
768280
865814
238562
740611
454091
267434
706302
671864
788168
637830
681935
701976
382360
318641
651169
145945
572650
431435
643157
77432
685485
535948
344958
830232
428718
854946
755695
903777
526595
629572
611741
494072
532542
156319
439916
562550
892023
778247
100958
383415
549384
40400
604710
600898
898161
209165
176923
159376
566876
931
962440
136763
554876
364680
38048
388228
665870
234398
227598
276865
332994
834534
765419
898017
407987
469538
722057
492318
178256
160524
611564
391742
751647
592556
567064
130885
67416
640730
69446
843194
342957
537104
610736
436948
139433
343275
392331
613249
266678
71230
396437
129876
227897
660819
307716
650377
497368
475007
467550
817141
8155
457569
911783
642959
3632
478263
227572
243732
659977
808796
256990
953116
801760
827042
76626
278903
966426
403720
246662
979651
534985
285976
581638
809550
227212
719456
579820
299106
490193
513738
229614
628785
507707
971610
455697
320670
177630
612420
756668
572390
638695
299624
127143
944553
599961
720619
833330
781657
458610
533363
354066
199166
634220
40255
573414
344355
610719
167008
489832
697312
630020
220823
699071
479685
400596
731981
610672
460256
322510
493417
426165
865708
973656
56529
703334
321110
405501
882369
637972
118380
767125
619329
912245
494629
202562
902918
123513
257287
9814
792103
644603
753273
302418
981242
142611
351269
75850
560843
888392
528457
364324
747640
907683
684123
505983
63788
113182
455511
628656
616182
446203
165350
960295
363781
865202
564588
737968
15618
264770
1582
999189
670218
818985
761183
148385
751687
425455
62726
300544
753642
785244
564749
898627
249991
983369
105511
990271
116876
879636
476639
967701
377887
690925
560378
695692
103060
750541
660489
102425
58120
103175
434125
960065
95837
308087
341894
26773
506577
687254
705434
966556
959485
104688
887967
103759
693032
952876
306949
992062
159238
900618
186531
609104
848336
143660
141468
509735
632257
416011
132717
345122
853290
856970
297303
610876
17458
584231
193315
953106
82798
602382
197719
194945
29081
921672
528243
745837
117680
256400
91240
160159
607277
186054
43478
438534
792477
558269
762240
106910
129888
183599
893007
808366
615229
80848
967487
325867
946207
447
385386
436474
746736
195353
119983
310867
677073
29032
158783
304705
376179
571961
387460
321286
758229
381515
691438
840987
929882
60835
873115
521236
859078
980989
411105
258082
804373
973661
983035
924915
720120
602435
817551
727412
578285
789692
768280
176118
46521
25941
73077
707950
72965
448875
663565
302423
833427
983838
424733
413618
74907
642020
257247
22637
616006
404217
627800
525986
396806
289460
355263
94646
160272
601525
417029
980194
28087
479227
586373
6670
22374
855634
956298
185881
921466
448169
378423
738997
391866
859714
329879
980272
255604
493698
819650
830157
438517
100520
918568
659985
924068
142747
887869
921049
327867
439771
434177
424232
808099
314586
718123
482431
192364
83300
571313
636453
676902
819192
666039
545350
993630
390843
362705
322488
200376
29826
498359
922904
963878
344013
6276
906387
57986
639060
83114
282305
927886
548729
896887
770027
602565
397660
872956
309293
229853
8781
108063
307383
386908
781276
255423
887405
782676
601933
553535
277615
254333
522664
490418
952179
661165
218988
244641
429261
638966
465187
507387
254992
26268
602257
776538
722319
981489
789382
926126
557052
669391
35795
160136
308338
701810
210777
491845
268558
639600
268093
82261
586104
81621
619447
240167
473344
680095
545098
563315
247139
27282
886478
456099
413228
750137
12073
829343
309559
36411
358172
864755
129489
6102
457721
750239
505723
51770
933171
691836
634125
515396
488718
161350
556856
477333
441717
520330
827940
58127
508266
718317
808760
799724
56600
332694
206583
785210
499076
436665
157063
963959
180066
821505
330446
671429
434500
15577
312949
399946
518637
534168
203470
589926
822532
657927
30802
834578
466980
726351
58115
511314
386320
105988
531440
671126
930628
555912
34711
601523
292966
866013
223652
724537
239259
35787
13016
430832
425770
183429
346164
133644
751885
189878
709482
372771
974731
129835
172062
156553
583659
726017
681531
45760
562155
814960
539237
327063
50349
629679
182007
923988
432895
351154
99732
516813
935301
20947
10668
126166
177030
744335
773901
445076
23823
182695
198115
400816
833671
787622
980366
653160
362513
830914
352990
115007
561303
952668
911086
142228
232570
487842
610202
192017
566995
342804
472030
699898
79716
147747
761484
314085
569824
469557
364137
900489
938259
646150
882661
889966
187439
98472
14262
420932
244149
213035
706896
314320
499068
230679
648899
262657
711329
158486
742576
244129
360972
436271
388777
122599
290074
257197
34149
229033
144556
411678
717916
773486
286860
465975
7877
735777
131831
448085
936426
373410
776267
989726
29028
429495
276622
695366
130233
531744
352536
581998
60110
698696
311007
109350
881162
163735
58589
52371
559690
927845
251680
767468
182266
3464
496173
965534
848918
690318
848018
462352
390845
394886
94279
412928
939119
122105
582848
305164
629539
996150
672786
833869
669896
557835
317951
476510
83798
745424
209568
522426
25615
44957
863470
208067
481047
800475
742252
715039
246637
612856
29173
705341
476677
996916
101085
471542
556804
219993
478407
652558
81239
722823
15875
271065
133168
551917
265761
403642
60255
484884
840727
423431
721353
41621
369290
206216
983751
560811
784572
163103
840221
409059
500563
711681
553685
688304
896258
653474
705719
393371
514070
972271
227752
281303
541535
182325
763485
756082
762425
213663
60026
430632
966582
567772
863819
260690
96170
546399
99357
416892
934034
126784
706298
276627
193185
284480
29888
62013
778217
99754
635933
860227
347170
981268
18217
378409
62555
455301
784032
736927
72634
208432
785211
772048
507633
500447
443049
685399
747455
897451
635183
359505
838368
38567
179033
639437
343571
160349
997148
144608
946758
467376
104650
346518
761503
259681
392176
772675
275881
518700
471439
389431
180249
650706
252149
362255
367165
114738
231608
634536
181248
51729
535503
281775
819868
84537
76685
871764
981724
841853
783547
946269
713165
504346
138768
755543
316161
594360
862991
14119
580479
432080
740478
304062
591562
176873
48318
116267
17356
171131
928524
194314
41503
644980
134227
144538
481465
681240
658219
743724
710641
313411
870066
142520
959730
529674
606661
961290
168891
765248
2588
823513
485392
734292
100799
405880
170240
604312
765929
124326
74900
43036
917944
455808
179857
189945
369101
96150
512298
163882
986374
624090
904774
604500
273109
120052
204969
462054
922749
343667
790017
941531
144169
100767
120912
988636
87273
58410
262128
620483
863497
804037
836872
111035
580560
652622
60938
943491
411858
680998
147174
944017
922674
469729
905742
458323
225912
637911
238375
884304
593995
480407
236425
873453
535307
23739
241843
955852
62349
374103
884430
546511
507892
702283
453276
769466
317864
940600
827581
734647
292598
584207
341854
878578
627012
957957
349566
527653
325807
689251
426270
591086
448259
482745
734341
759323
774422
70515
399277
45576
524737
636739
688398
753568
73276
270526
412676
114239
580117
724931
414943
946296
489165
301525
151303
624754
656463
52682
942090
192493
562126
691037
718020
139683
671866
618590
985706
424521
83166
706952
571763
977396
822809
897715
888291
349977
555127
420704
729908
210285
90795
498482
906276
653995
445355
508924
791062
526324
568680
549941
365925
257744
260905
259848
94412
465810
947267
63112
652523
626650
378551
808385
415927
40500
210792
520746
160065
906654
510327
472758
995937
523879
172861
325641
675967
238579
570468
259272
385213
231131
640866
638985
151940
887153
361171
799274
428970
469793
14386
289661
113853
221747
246389
713889
107311
726444
440514
96684
826462
936916
559505
850052
31678
19
206111
837389
35877
319413
684043
911420
397490
225549
60626
573578
67803
933621
124386
255173
144274
602355
299356
202560
917140
391223
230827
851179
251598
829697
761340
790397
77228
578143
931801
715469
920319
271956
88230
708353
668937
30612
425590
951773
298024
485612
232394
580861
667293
407679
855336
617118
830265
2539
417877
41046
985827
893387
927087
190308
771592
503061
292137
861538
508447
798882
408355
420823
258072
548494
506789
939433
304416
134261
174904
868399
913235
855838
137505
560293
709503
440436
245499
104057
722961
184303
844080
698050
488607
565010
390291
588112
511761
780877
350493
879006
147948
422274
955395
766116
136253
535333
116848
877129
409374
123772
290212
597494
847848
217670
195368
52870
771509
802936
891373
96153
498000
595362
839553
588104
46716
690864
478317
608626
236766
540749
768429
462133
348871
773026
272396
588473
923554
132284
496796
554790
154487
484364
438671
956981
368025
516424
210998
418660
763634
985390
49747
750851
55401
888232
96924
831980
504749
943435
896271
717904
896609
416697
485484
166508
587556
977191
349972
291738
746939
131833
140604
417731
716190
976393
375502
652466
160412
159623
889052
219204
638187
832826
404417
914172
135504
514469
225366
506803
104935
157893
691342
307628
769424
118134
291823
576389
227702
918196
106349
640330
772733
209919
581157
788516
918600
141209
651955
270319
584996
143017
368816
488105
902676
609794
4427
618117
246265
449341
303491
147488
257630
259010
31038
740299
805470
831078
750601
861894
123442
911086
549933
879310
768091
336306
582698
683406
793512
862557
641107
261361
803877
129745
358405
559319
457312
334055
442693
906021
101593
403220
339573
411767
35397
539687
268275
739569
495935
861678
786703
189939
672332
33017
405990
184106
848201
607990
627871
368963
414771
987003
917634
140603
469267
708131
740848
849042
204292
441231
624387
825759
854690
65294
864579
512892
8593
575063
453377
671329
779431
9139
971092
952782
321719
590200
818477
149026
987515
985839
695897
884297
167069
130711
562964
932307
738338
86275
295748
711647
883251
587614
63129
685494
195274
252239
818046
554292
706422
324727
518460
268064
538698
566487
471532
915741
394216
241103
483287
245690
363877
258049
498860
107236
707353
545236
922524
929211
265542
579733
23638
118401
325667
496503
610330
444591
921668
252731
664892
573410
255975
132139
555895
727602
233117
50752
666220
280612
431954
452323
503798
516469
917628
168464
623594
982358
491484
169687
968240
729784
201652
954237
356984
639165
386374
877311
999772
883406
795012
560566
223313
127754
941081
330390
572936
706075
441554
757200
972839
537445
827243
316376
481631
335960
580082
608192
353705
227557
960794
611075
367842
7886
39455
496095
104705
501589
646864
257369
276273
457302
868350
123748
756303
171889
259263
98012
405826
299743
188191
715949
373233
232038
488356
898385
878757
145831
396861
37494
77053
587989
228487
958205
806600
691264
15227
552095
348739
149519
24630
82730
268526
478604
32422
629353
356045
123802
349454
535586
822648
790209
596919
734265
473631
103530
340788
428338
294686
453926
836944
487316
373369
699368
458646
491048
401396
708947
291452
215329
394258
297134
572524
117205
749800
753845
716208
369769
428380
509641
564986
57804
425919
443911
845070
324890
973061
621365
798221
407776
753373
806745
833055
176639
621937
15012
228731
707305
79804
245579
244374
94985
868162
416887
536998
77695
191857
294226
157009
464841
600978
961346
351927
424573
940140
558643
962073
7474
52853
794252
552612
274623
486966
895363
171294
872987
838458
276812
715500
760804
789874
113708
630909
101243
642280
821293
867991
214924
239454
866922
276220
279851
149827
243594
789048
538522
913553
564361
927434
692263
690694
58354
883052
688114
925500
216489
513985
254284
515623
500900
635483
635324
354795
985850
180518
863195
682840
662164
791476
483295
228995
619584
837221
232116
947522
51876
851378
979654
59587
469135
646359
920540
993865
724907
832795
600798
405444
932367
255421
13879
143821
605361
205116
893781
609211
326264
615491
194573
12068
523696
866352
688860
493172
643799
561792
597192
348131
487060
917144
790054
143318
163143
577522
187316
195412
154235
225186
983334
698659
122296
141636
65022
866367
36278
240965
999316
565942
215212
710666
94389
112419
900294
685760
324520
160708
899188
946881
998028
593850
202975
31008
930333
474910
133238
951057
440917
996538
521895
260344
591087
292907
880170
75916
906758
134993
519479
795944
277148
158704
872920
716142
958904
639142
235544
480984
768871
258441
821723
752476
181154
674588
681415
796219
51536
529838
748128
475175
926434
375696
114994
852623
547036
976433
770919
819144
23860
663384
745208
582809
481043
171836
494272
688611
681336
732099
976749
369771
139580
275798
645519
542662
443120
225693
343699
153888
873378
110684
659785
214760
558911
711209
416864
483420
515538
690441
583924
228716
128042
282855
825662
672014
484186
425904
299562
898269
544666
512014
59782
605358
190283
580670
408854
414130
572888
944016
691524
176705
525112
504891
357236
409545
124047
599514
140150
925586
659700
554823
928981
974061
851470
645138
38284
140345
25623
215711
994072
497169
453123
430681
474921
339093
247545
264982
320818
359636
280960
845897
251680
782483
296501
478430
103
13308
172152
659894
564599
385062
509735
325311
710989
339773
667074
827310
923686
510286
581102
258908
378319
844914
440405
772923
779353
932820
609578
423411
34216
655392
562698
723357
582762
527561
933182
520155
724644
689015
477981
812817
306919
579532
327502
991173
963554
956306
391980
169359
185681
623810
452994
224060
785363
579443
614709
339525
559834
399326
148545
665575
573436
79626
744604
376799
602086
221912
440246
954756
745903
361453
906402
995712
878986
201591
414734
255276
463190
552862
950446
726472
331472
692425
723000
507668
315944
247050
347784
824077
554609
647271
276515
741255
37745
56966
915736
529571
974616
722228
783042
986286
30478
454738
811243
607063
259877
737180
655819
605642
669742
735959
589102
274093
277479
396119
587443
106998
351634
357354
769968
730535
594656
566757
631347
464487
345100
84937
362212
617150
789381
481296
645254
381357
667267
105562
709148
747688
158139
381103
265896
949233
643629
273840
900750
993106
531803
191263
588056
3511
316756
317639
640083
337509
622446
403018
642582
939995
529361
668037
615778
578308
879664
209954
600549
664661
357907
414137
682841
961417
320592
660643
675401
673719
125785
341150
398580
740492
505838
85654
610890
765995
718323
988374
586707
170590
726236
807242
300911
350135
332740
501232
989112
684423
299869
7899
890564
601338
637890
350756
863174
805646
80425
58157
521812
271470
110772
851219
735427
451055
755366
589808
813422
442278
16499
856457
11734
652195
670128
306331
324003
44175
900713
161021
496265
821725
511569
894514
1990
897328
635604
249101
804103
535753
886409
54337
490410
555051
164355
199556
120606
575566
899847
717152
385191
121595
224023
25878
45182
612298
825197
547887
493205
57270
870275
594976
972408
746266
307983
390297
399055
899147
562061
209898
871040
390481
620468
105042
131441
755074
103434
611302
283691
780797
569299
676827
687578
138368
787109
407856
613233
591143
276247
702522
452010
480834
978903
20749
127787
889937
316827
14660
120516
93406
869360
222126
391317
285495
830958
424341
428173
758599
100301
383532
635853
653265
865872
33620
645355
142856
809759
434059
975762
388365
747890
288562
60934
295301
99561
172601
990277
106518
274298
834345
433929
762367
525378
325389
661418
846289
303356
799230
86625
295310
436687
764234
559912
50397
434753
658624
713596
133350
428746
681883
507908
534928
124483
768521
377676
570645
280061
22806
190954
936062
459182
379130
936193
798976
375431
326331
840228
947379
128417
275968
896338
747883
362005
209780
832543
520821
598826
467155
481908
551472
630121
990100
885741
429701
501965
371763
30176
482116
175767
719770
311230
776604
799997
124523
162321
481719
881794
7149
346213
238000
878817
230928
812803
295666
52323
213662
724248
986542
37264
659969
723189
691832
700034
453867
32304
464255
637333
205286
280359
922663
552058
615480
203812
254085
658603
923506
575068
474358
204921
568021
755090
396124
512193
378466
725401
780662
59069
160893
133366
814363
462454
169981
824996
109395
51671
491859
886000
132434
897309
237844
95237
799762
147435
476964
440642
303372
417658
358081
709959
752786
760622
463529
70607
532492
800899
163305
848887
4941
538342
655556
528669
247313
553440
546876
567332
119189
784621
629247
60179
357075
898987
990449
647069
798105
122734
205330
571131
447493
966576
687052
701173
240415
635302
956636
495809
872019
906413
155354
833090
521417
806435
808614
795185
225315
658771
661681
217625
548434
38600
999973
743292
768790
838978
34802
566163
670096
870983
869623
670899
984197
285648
615497
766603
501489
379044
99362
61066
421701
127619
214569
528861
954176
839480
195097
503062
16805
821266
718417
4840
613726
79596
48504
6607
489325
96295
296203
557325
181515
798905
215557
86350
239903
281503
176810
171885
430364
369326
947375
883407
563063
728327
658249
857773
459332
484841
26256
46960
305004
735713
732880
492533
116045
343900
336429
934256
95918
687261
615344
154476
683101
697993
390962
986096
632872
688032
469155
349822
711284
258246
135863
700853
631101
840575
394607
468886
35562
583930
703680
110371
470668
283204
704033
716579
277171
403869
195702
931907
992109
732520
114580
969751
402716
923707
211505
689981
934579
865815
537193
204450
594253
735665
754735
972638
705193
127023
280782
982907
458822
421230
522971
647635
525719
612864
768890
287255
312164
185907
421321
603052
541309
455948
855788
597103
265307
647891
708534
772249
405716
987144
944688
701310
55866
310451
585098
836208
131794
421017
643355
925312
197548
52042
628567
158180
563491
865624
148108
805044
675955
12066
777944
771215
959666
712014
786347
814171
498861
17429
635445
811497
966880
734007
172268
191414
276241
244112
53307
113741
775433
576707
925194
344970
886640
374674
863398
347642
925252
830928
944270
44575
595062
246701
95001
357200
37089
848817
944007
183932
768167
320708
772514
561935
309290
348969
706064
374253
435492
313227
128056
659099
190820
911280
76559
572669
781926
179466
157118
761082
366989
794540
