525993
948775
43630
17688
926211
54759
782558
479360
594204
201618
251382
641626
145633
343142
295332
635553
578238
922675
448370
900329
167236
631866
417668
607641
505590
627696
234222
423606
590448
892195
784624
204378
764405
635828
659663
584643
663507
319938
890193
177351
833205
256551
213076
931109
317509
313564
692171
259384
449212
402168
589142
336709
528391
247701
110397
904883
223639
96083
745482
315994
686214
993718
510144
243059
970529
12331
721467
180592
159894
193384
746341
591269
122747
921329
192146
439651
228088
907510
219385
77286
886739
501977
492752
823652
75478
791694
979651
973381
306911
261084
214672
729842
654148
657536
318658
189511
133408
303600
710471
794210
673791
375037
999472
278045
998434
218129
946758
284568
170095
613784
62723
443887
207416
670844
821876
428043
453670
173640
293801
810004
129026
963886
91733
411908
10143
855844
505481
358231
250600
76776
304456
393502
294850
437477
100358
102643
466781
528046
579650
130439
251676
661287
233533
211415
638174
831426
276373
970046
399593
266599
170883
860835
75955
178413
360366
44626
628748
795013
709993
392809
358763
878199
498832
257065
849043
840132
593082
777324
599457
106153
158619
698101
991861
594437
51961
209379
114875
207250
584329
589760
344277
866703
220006
775606
993447
420798
313133
789985
285182
76041
158007
694848
499549
136320
997556
276996
860390
8509
87904
946571
76578
591913
594597
98982
19117
578007
652813
639958
76417
286094
535522
385366
845533
941732
55653
742226
617937
599941
382759
529653
655017
964755
797703
253984
911667
849960
131848
785974
180335
900150
592397
945044
231571
413328
446836
96350
811064
460609
732621
327157
68516
119514
929974
701060
657013
302730
106580
816186
830886
606949
843760
935634
938497
684039
260267
718925
478369
91154
113951
774210
771875
602898
909972
813771
561449
284546
854876
839073
955530
436776
352076
947074
473817
111643
281495
839310
241169
276965
879368
346418
216730
992835
602972
851643
648186
430281
419769
157004
466523
809698
204239
663275
514164
452597
43850
473013
189591
564516
626545
875122
67223
49454
208606
464771
339092
562356
240090
651832
369829
993241
967508
945086
26016
123458
729598
374197
119369
666557
72069
701920
168276
903230
213355
404406
325400
699460
537602
22549
892051
192730
772871
670294
258452
176633
186328
584955
459593
412298
769363
424069
619621
930186
96909
521123
442157
684359
754028
793476
249184
434375
114850
210125
638081
138055
48518
715431
724418
530337
755728
362159
912847
100487
813489
504785
69236
972843
925197
925615
527787
546049
238998
540282
438662
462428
367878
923108
769717
499317
91705
266604
794997
745931
264932
419864
914070
753764
464054
191233
645158
352241
878793
390472
22655
35727
947205
227814
180394
311146
831058
303586
571951
944316
625079
122011
206203
637043
468116
547781
860907
731505
203064
801649
97723
543981
923872
216964
851142
500342
856077
323913
337017
333656
576960
844131
235672
412439
25749
4571
389804
49176
523130
579544
910088
747104
560074
447148
347191
111411
213002
623306
496325
12830
9342
908630
200870
742225
900969
625301
823942
424484
424928
658116
870893
690746
430794
493316
835278
704451
876342
372146
18797
959195
591577
196693
393708
813072
105123
662513
792624
543361
442428
392760
69300
243297
946336
273824
492650
316955
931732
165648
303177
343120
669187
725235
378296
296763
677626
363119
57877
183926
9213
255088
549026
802325
439684
795230
650572
124464
437397
407853
691034
953407
826687
70482
610031
998429
274032
904851
678395
544623
570100
357431
523844
262366
796490
596445
314381
454592
607077
729513
503776
753300
543100
937113
591357
197612
952462
487797
780831
73765
547190
282405
400359
343058
963494
698653
178728
541303
573251
364467
374158
257969
228957
523472
92203
32755
662153
312709
839583
508843
700381
755637
853412
285443
581128
763504
699700
118915
119051
727073
823191
857555
497240
59357
116492
285214
416773
547803
82195
893587
498157
475139
383445
666309
176164
770335
331825
302706
846612
770094
970469
751905
615097
320919
179796
246564
870069
963195
484153
153917
579664
768931
772585
555869
724496
873688
429374
385096
111985
260946
41190
674708
101314
595976
725958
325199
744284
369766
437580
675584
940543
161949
718352
456966
750090
72276
82662
88990
230103
201532
569090
907328
642673
407617
433288
318760
773299
641564
999408
98802
960638
861765
17683
771102
94486
919494
349460
572148
365017
152235
852333
877569
419742
360022
899029
819455
172262
602735
65995
861266
529601
638264
301506
649839
677185
561214
660009
303767
685459
453099
96022
553217
619327
891961
541966
904406
100220
308033
913779
660758
915440
948721
517003
481944
145924
623516
642857
156270
738017
884844
508346
39079
168777
847026
853358
143982
910356
325342
663360
236943
207301
98570
256548
527322
830792
674288
895885
127840
192010
633661
486872
393626
921653
979197
343320
611498
137159
992373
445118
137337
478350
315151
458277
606207
722818
207344
623224
133984
247358
779046
990721
175732
300765
149757
839950
598367
317741
508528
566978
476255
268627
625021
731253
806501
845307
674897
10889
295450
349753
8483
884042
216450
695041
497117
251521
258174
708351
27316
417494
692395
947028
291609
153247
379048
889710
240135
766281
482166
971267
574909
9697
224248
324586
348486
388032
547417
554582
225267
19665
255436
664367
957611
944512
316463
255055
151449
44481
633929
731414
818691
512634
1778
189354
65211
477326
960978
361230
318446
987463
342017
912158
254105
971871
265230
881828
98140
963883
176283
165467
813415
99429
829670
14398
504657
558484
713762
792267
862983
947418
343171
53081
237217
980634
123993
727571
694864
20420
37204
367568
68404
307326
906214
363152
638346
899312
65862
88598
371011
35756
192144
67485
157999
776569
391561
685880
431384
652987
438721
460233
242412
73984
668881
856733
626321
313769
753604
268579
480541
260403
269522
383047
818142
867553
652295
73968
975443
905672
323203
77650
865598
823926
13594
934192
776337
846912
841115
661554
153029
898471
999342
10526
120778
543270
163607
449334
775129
508763
795351
905262
174821
849295
354033
77961
262959
884772
152714
328335
787577
951258
517354
89773
49298
899134
621471
820009
939472
136687
558080
299968
951836
128270
366159
585629
544359
529026
692024
262456
796155
254052
605622
957002
97196
558734
874709
898408
448877
282491
970898
601923
955711
488987
846686
78651
683715
158070
187393
307227
544689
907898
591388
960629
891361
294883
763975
321051
318663
163269
47128
205559
668284
158201
927173
763976
618487
969698
649697
946746
700314
861595
882242
802272
511464
286591
58564
375376
369813
383892
913638
157595
32822
264404
663185
898791
415000
64666
692153
112939
967276
68838
979996
269959
448480
597773
971496
275198
979208
157760
410298
133393
324923
914742
31040
675961
714747
846777
466431
187136
730828
624138
309808
112188
223013
620658
860102
753449
337860
210983
169995
613154
559964
680919
737768
99516
567018
508243
874307
237503
59814
704347
5379
596546
713492
993794
863279
346850
35065
938238
58612
639198
65963
153678
648133
646802
708610
687496
368029
239566
293931
351422
308768
37011
86426
295628
80607
295657
405919
957889
651514
243680
968530
285288
905760
909601
700649
957618
93491
792623
934952
110145
826182
749184
445623
706003
855560
842930
235919
520585
148858
884460
641998
581587
141532
198482
601195
809467
290534
623716
411843
599306
979250
668980
966610
421850
750391
556482
836989
820090
480175
714037
328139
997367
920922
330168
473652
871309
231644
246959
127762
536874
307906
550165
375924
583771
681506
161844
12306
604054
142880
469951
394074
740387
154253
532175
891049
939879
192489
129273
20117
780366
988105
277064
36071
609172
261268
440540
523814
148465
439719
943070
75406
175455
370585
418206
460960
435977
238232
349708
641107
448785
385970
199888
553192
38206
714800
441222
332955
493313
336541
408217
873589
20642
340964
149627
402814
179724
484695
180926
479760
778225
872908
352722
589767
10075
668002
891164
723477
477585
576737
718447
811378
672674
634367
349097
14960
197905
758335
201836
731628
442972
344436
33208
33825
366059
26276
960290
391958
714642
635527
5171
14648
648579
293423
542176
820994
924307
828033
276769
519576
457127
236385
226480
274996
33979
384812
617183
676663
261774
83167
92438
289697
119854
665173
672104
283036
999515
43501
116946
711091
583003
944458
58255
988704
595802
781299
609435
939202
352827
662747
3266
153325
605887
176380
533475
699612
440784
863964
210566
624065
517803
346994
965527
934781
25448
178977
231487
557419
685800
784291
465694
581783
739994
663617
766630
157517
581417
218046
513815
530763
3590
226708
166355
943064
993613
162710
25117
992878
140439
966132
504818
697298
867611
598557
721092
389637
998337
605247
596943
637842
468869
492394
858778
602568
511364
91474
168076
743554
912039
236339
213865
941282
646121
369743
927527
37340
489926
965395
905265
623278
988865
539160
604855
725486
813842
342469
351728
386939
670635
472081
350381
879317
427494
888422
46363
963081
492173
587873
493973
638533
433221
319094
469924
117770
478807
362481
956564
493374
811612
715415
711796
326561
541573
374763
577513
943000
619525
9868
261679
476197
472475
29499
467822
172024
355007
472379
928308
496478
589096
360657
778517
501720
922808
560811
602204
44679
431493
467293
78253
425282
691973
137350
932537
776074
740885
932561
294556
492693
825254
864151
124886
8006
409989
848162
772196
261246
46469
409293
227898
533964
46218
693383
883872
652608
301685
800310
11622
482909
145191
261880
963269
127404
299572
7108
463124
671405
555686
284911
784547
208873
36459
926987
147768
743139
907676
205162
72292
946028
542634
641664
492864
113942
228839
395558
101321
597888
429551
30203
910869
949841
821681
777445
121394
103872
131869
289141
714010
372687
537516
279081
678804
389143
166599
790346
191145
926399
424277
57206
56705
54982
301476
454200
903899
346112
390771
275731
553894
999966
103641
243166
14462
518693
782934
840457
422534
73281
609205
244029
43038
691571
394586
436578
329729
329637
237870
867066
427710
795998
583971
88298
168273
784464
588134
428889
57630
326415
552481
837105
207689
345180
838697
5891
373620
179040
867723
327111
305622
10420
823534
986625
353525
456797
96613
167934
376064
496277
350420
690941
825931
361476
597435
671851
422823
977422
79844
336007
106141
625157
42597
414245
201031
890047
202707
371726
170124
147459
152515
137732
97078
581341
954814
210787
50610
818193
284992
593826
78627
361324
110957
557241
136802
68086
296337
809181
855575
568387
271058
251943
609325
744232
84853
81363
782325
888971
515657
651811
138649
321108
378740
567523
82554
66432
96856
233864
32297
965524
893665
648946
455807
843246
713517
696401
739738
474998
843225
720803
362804
1844
609892
325531
940001
860092
466627
616157
533029
165380
5953
8550
948079
1558
638927
750089
73782
225888
77871
724116
620527
912809
9913
472081
836712
960926
512329
788136
56708
558347
538502
806562
720211
463909
402063
640392
983629
757827
900099
424554
232044
349869
460653
809467
825763
376013
63563
209882
728702
267651
10618
813292
657751
148436
880447
431780
763122
58498
246836
106852
145654
642550
949965
29629
480201
407514
544262
209427
161862
279939
850539
397084
37918
10828
267971
483271
428168
203390
472474
389305
464806
496107
353578
826738
314614
154522
771877
503630
14769
342620
726114
942056
509316
472829
943201
669337
947752
989014
763388
196126
332448
351743
122605
497239
181646
935715
920886
907372
118003
806828
608689
735690
125762
292188
767156
980427
677599
504637
976480
701364
343161
859569
230855
584664
50624
399651
165367
595993
231429
798302
979559
169934
660142
586876
364733
248768
657170
853878
462074
977487
487735
820123
500355
926450
77733
225180
382797
531996
564134
249028
541539
474041
132509
333828
825687
137367
759873
220716
495235
332770
725812
951286
109563
39368
233156
404029
331537
634811
324349
793675
324547
159637
158760
77071
110789
941525
189797
397805
965223
94919
568608
427248
209380
124354
671091
479195
840006
472651
515736
36765
717688
221335
636361
24930
314218
633646
519798
240134
129691
797867
427874
299364
793478
642464
408731
869197
829163
372118
825812
537493
422200
759538
401248
704775
146388
545843
676749
655032
389961
949463
69019
895737
360715
760093
582872
289254
849705
962086
864985
307483
705487
118901
692183
896774
118453
151829
205347
411800
798376
191194
975111
222805
240115
508031
843451
849612
850026
791918
138497
445984
487186
695775
271070
868996
207792
144280
179957
396357
879149
442130
147073
447297
734115
129980
766894
353333
377734
169497
323029
63924
305585
564036
623570
470516
234380
789076
126788
267459
328472
120410
961313
168599
672343
780615
903155
948610
423707
429611
114355
751940
822761
583128
441856
494522
783304
806053
248252
186869
992940
395854
931460
207590
271546
702329
198090
392437
774712
968211
314000
729712
843795
615193
90562
719648
235403
919283
201457
409400
388479
414138
297384
860199
151888
893466
494061
673677
976821
206611
952981
517833
512091
165785
495940
528113
286263
340060
120641
180187
259817
486946
201778
388952
156686
636175
243384
933121
542498
486279
630185
377577
693776
176362
514214
965682
721625
857918
65177
734843
350556
45547
415310
137591
461319
75871
855274
437337
30875
605778
181004
192427
648725
283107
741886
823742
203902
460833
701463
729852
884113
159527
703153
511321
265668
749791
82883
21352
645429
687399
637850
891786
126706
931024
636409
854721
497637
499331
644169
799842
474778
614782
273790
370025
176111
501692
787849
952678
277271
688691
227123
710422
397130
323255
602525
273485
166221
2812
42833
953614
126553
426360
963908
500221
360427
148007
409834
671851
761191
861352
671158
318417
360874
941317
117677
819097
124267
434256
39846
461397
635404
288296
557152
769618
573635
651227
911424
832583
619551
687717
902245
449768
315130
675991
67050
283480
890106
757971
513847
756859
299651
867572
379396
804265
466045
777994
822572
623870
328125
781506
347881
33422
616978
54309
470898
310774
843567
866871
529262
137678
553200
145983
849491
846202
154762
348007
23776
520352
176468
495993
996083
532019
822892
427529
197576
73774
182471
491570
791822
827421
736921
46328
565991
159381
768477
543565
887037
776004
678721
749167
315388
556131
462066
666350
974319
55368
738431
648715
100858
362071
445292
566780
226993
302809
529814
465869
751700
148261
292414
415008
668585
707642
610803
413525
346484
815471
342688
68421
181780
227265
352368
799079
817341
717964
304025
80917
149389
175253
268364
224489
350925
791364
202615
754433
627399
390191
814517
526627
319807
694736
678292
486841
35471
188377
872192
145533
1570
73118
426128
521904
921293
530737
638445
602691
276485
759564
201755
464985
692609
621286
263589
792228
950125
383592
151657
529260
132103
286201
364733
781614
49434
736950
193533
545057
609301
94845
92083
981204
755976
610600
822753
390963
331898
820952
231789
469352
234601
101031
594474
976797
304287
391679
633087
676512
26605
971593
351414
788448
393031
927485
335843
250132
130619
574744
854254
180859
738191
897068
82048
501502
66935
803025
697414
52465
766256
51897
107941
668408
352444
877601
810362
513606
883194
371556
414860
151873
780129
596266
842385
659202
554905
279549
819033
455480
535414
424636
387931
567083
910098
493800
121179
629086
400581
34395
393844
191887
743811
729753
505863
457304
411027
322943
88896
827767
806760
835928
766146
757163
412638
648271
964911
550197
933970
784254
352341
809150
811038
948581
455736
879191
47344
353654
337784
62106
10309
169804
463327
119216
150727
667196
530121
224621
8513
649924
893040
40917
966267
860641
815764
447746
127927
40764
759107
552925
752902
470852
889354
915465
955911
340439
715512
239968
296253
213081
726027
678357
720588
766055
482362
109433
432336
697318
663390
457177
341723
621621
253118
134532
553609
62977
571381
654378
680640
442422
992002
803935
164297
381203
32812
603903
832966
816982
238288
224108
602767
680599
219209
69875
130989
827953
597370
221965
428722
663834
691265
297715
587092
498653
224103
504932
701180
336092
728967
674254
541504
135456
549791
944815
887470
536560
914563
567726
248359
569204
919199
815865
332466
12452
949784
407421
499245
178515
144721
366337
370910
728786
967818
113632
338215
342018
424162
22881
38232
696250
297021
310260
984671
200208
238336
896140
62362
392520
745913
163539
127693
691031
964828
544271
845423
360274
238632
9935
168415
331384
837225
165713
5492
887960
722646
313908
496689
448161
13274
494100
711703
306052
447920
402695
183317
873544
312679
531059
72667
153322
972037
938058
712844
762926
246216
57316
391954
754374
22983
393271
443723
99550
459960
683189
290337
785602
533451
150339
9527
356141
91763
452625
720703
923247
380932
425626
892776
578489
482423
819194
658037
487112
320267
758631
441897
49196
500550
422733
268830
380084
611738
774794
222966
779704
972002
817795
789416
822979
949067
515745
723772
403099
572112
167468
967954
823341
889053
146114
109979
803930
730325
832307
534955
320856
620207
131644
618919
786822
126907
237663
271833
567505
497411
744347
501666
189308
498508
708749
878607
854607
659132
680611
331332
418270
178453
145273
484372
236020
233183
519058
874803
290845
377956
383860
435011
797581
747733
476320
857098
210288
359818
14828
205637
70351
545959
105023
341397
915996
366490
92457
770648
981914
745984
19676
516947
452139
327783
675403
110667
774519
952238
487646
226355
202038
723273
117199
133759
854811
103905
834212
661335
900702
195480
227337
656231
241380
895338
908681
27475
421388
492207
750121
852552
577368
727933
208673
156142
406454
438506
904568
959545
919915
514543
78395
30239
886363
318952
38937
434020
551543
239799
279518
931728
521155
99849
975946
29314
100930
697072
238734
870431
871937
371440
951330
11875
607934
201109
698437
847127
954099
153409
502930
204131
949314
872452
499900
222395
273598
888036
50022
335989
983699
401788
765090
57467
614740
51136
831299
171356
687583
82910
802144
294973
177007
388672
537320
308140
901566
272686
822685
198357
588757
440913
179887
745101
435313
374610
470774
694988
896532
782241
372938
580024
13541
869906
989378
382556
952324
913249
847688
903799
465454
876374
686934
990961
721290
827268
98319
600424
967758
174443
634108
195305
317265
708861
922145
753083
156653
195902
485883
598869
929232
593924
492953
310831
103904
634910
26132
810997
8392
463761
104621
41816
980900
111165
379841
417279
853509
67743
725163
971036
506401
53232
825078
708441
30810
796586
630525
958960
194601
928810
893538
418906
401575
859760
544551
794207
966392
901124
197036
234764
692308
850932
550725
842563
928691
261752
14903
720556
69461
683254
822288
170761
405291
974496
507488
564072
616933
332347
766487
335793
760665
823291
427325
400479
979020
369035
662856
993548
667233
378920
805213
199332
534684
319725
375462
552444
82065
313513
431244
170299
984045
494252
11345
474678
746080
135393
848269
919898
488742
583509
109956
692162
308145
155350
516192
199785
853237
563638
747535
911481
743311
984751
177083
777538
998355
687008
101410
638598
181296
963318
847315
8881
932226
683878
161604
814246
11444
774614
825682
974516
116560
672091
977813
428199
440421
211421
467423
467067
681620
157143
224402
307628
226807
298107
950619
230056
113645
634802
269775
897382
137094
790465
409760
621712
940744
774407
478268
385372
784348
259107
194114
563385
976792
799410
455585
333860
488618
48630
107727
588249
284829
133010
350307
501607
549195
327921
221008
906908
499872
818119
813759
599904
578054
459952
358728
383902
681586
246196
586764
278045
1355
900204
536945
735917
725234
770686
187899
131644
467762
125571
650052
941256
196998
609034
221400
617583
33729
199414
932719
419234
514910
241794
541511
449144
392804
896101
35102
663583
476085
501328
420233
287597
312500
12053
691444
539156
16529
528737
182135
316276
87859
356138
502161
212619
555713
80932
586307
12167
136460
568620
194379
437628
889116
968264
339643
254001
583509
4870
53238
469013
699013
338944
874055
263887
995213
52289
32798
266227
613482
20354
105448
902352
790624
615629
46218
261478
393730
499459
329977
143861
373856
441017
192889
473328
389197
28924
355503
800465
401483
431925
766565
932230
651542
4200
427099
387401
942090
586774
842756
591245
429937
137155
111332
567060
775725
473682
967683
625629
721406
210316
49870
396923
417201
234175
612107
155137
515494
764547
63543
407002
637564
771288
931391
756597
997723
101739
464599
303389
235421
852919
955641
554534
994330
407368
741309
471939
19982
26652
882257
960501
10857
211234
80790
608414
389940
244516
265240
391092
327323
852928
761383
291537
965659
358801
179926
82662
55368
50094
502352
568464
181115
696136
907218
336195
781400
696695
225352
94178
318776
375054
381320
636529
470839
435370
997605
967906
913563
390794
519217
803851
170911
216536
400915
524537
957404
483462
109760
350622
166803
15060
727001
249573
125593
875950
975393
657958
546335
790897
20954
802357
287709
749518
859067
334869
756059
57543
435791
38602
709276
812631
998188
789196
568103
101038
849103
859096
731763
248986
764305
966624
956718
318593
372232
122850
568554
490507
756477
162710
10725
954780
71045
245504
947
314495
339902
317862
369098
88414
651496
765596
79018
778477
209821
979067
524007
99239
174
81712
661268
336881
729692
96496
702606
326682
960112
541193
640482
803460
437047
585812
387420
889244
365982
780935
426285
456964
956709
50663
692983
893395
203203
507418
425913
415922
352599
295002
479058
345895
931974
756422
393075
772590
524533
648850
945126
812739
312932
32543
843317
345853
248549
969510
518840
984852
387897
904717
595007
949123
141958
628444
487448
450441
340214
701897
39613
784137
947822
373423
196381
108881
717481
620445
730437
854775
253297
75
792811
832671
946554
854312
155863
780122
231963
440207
723374
751465
48425
400791
601181
47007
658994
38409
113950
663396
774355
810029
51882
768661
848823
163069
842619
551241
894956
660603
959805
891439
454435
326942
146577
75475
266948
991080
435068
908287
374508
806803
157106
929918
254084
41769
172219
848636
640511
194675
838848
767049
380527
155785
140725
285628
427717
312520
356898
471348
593251
423010
940239
615546
695776
648400
324235
627394
180951
559394
116633
893201
285356
525686
79864
616248
415965
295815
781454
202558
852736
357021
669104
402204
411295
880418
790288
341025
204780
827989
176772
599478
250338
134359
769263
21948
462779
605795
702926
891473
412104
975963
309601
689394
759728
970429
505779
813242
972615
748724
201160
843209
934090
675339
847907
651648
607605
858108
946481
366696
171713
874023
121493
937906
601469
860254
596561
302041
663240
337821
408717
691748
714345
761879
575816
654279
718475
780715
274520
445481
53464
564790
81247
109377
375920
830530
948236
942361
274502
726107
130251
993141
975767
909890
763083
690125
613384
24187
981417
134325
72028
159297
795198
761757
503375
495770
201474
918005
166865
803397
572443
670889
442850
982991
615558
307722
994054
252036
528224
228748
932838
261763
11986
968236
346819
99691
856599
619114
818967
643441
626924
687156
777802
752916
649107
803235
156942
435687
120835
319198
496151
661837
325359
204828
299066
48196
521265
692104
691489
202903
417171
623869
772457
135671
410874
578160
418008
378277
709168
641901
48894
664006
363596
10106
602471
779288
668608
831000
732793
322628
782975
262887
255281
499145
943113
522473
272116
795928
753044
186079
97429
735807
112409
795343
648674
684669
173624
796007
805675
856308
320776
689660
498320
110524
673279
457643
38982
418195
472379
866016
100838
689267
219755
46197
847153
284284
681052
73714
631204
24977
46692
590387
111924
451199
225061
325607
494695
806230
674366
769076
419343
364764
234900
483960
321379
949719
462456
148587
645499
295433
626613
620320
747688
95609
89529
40810
695021
775723
640734
278235
470814
366961
583059
82664
228756
413850
102059
836840
793675
323657
30402
197371
227224
371298
259016
480456
462601
638045
375851
425182
957915
504380
621093
660924
577170
706329
823967
990380
718969
564313
903872
467721
893814
649405
579543
685794
829321
198551
398945
949431
303201
374553
488183
919968
653659
585096
927639
114253
499800
382800
744973
347944
407801
816946
765053
147351
350522
795033
397776
131997
864296
839114
985401
418912
789504
555768
420131
577541
738406
316215
25145
299447
551998
819145
525137
425287
415723
286421
769846
957998
371042
669237
207760
641069
660586
87342
162930
884629
187954
688315
5312
785443
456334
617986
158139
55811
974224
840616
327467
336117
267327
899968
876520
611661
909175
737310
89028
667348
122588
410058
352024
534477
433212
403024
446826
739026
508225
394293
577208
15324
709903
571332
7267
930016
123520
315590
325499
226391
90425
96463
959011
477975
453545
804341
358625
896989
523806
912732
651268
191468
117827
935213
641458
558286
953722
416805
49741
800057
280210
245257
305730
608781
690597
667768
784238
281850
416081
161688
85932
910079
286545
108466
545215
62349
402103
349978
958873
869002
320712
824007
332358
49585
698932
996609
563384
799318
548272
75768
4271
206407
612850
617200
44229
242254
802248
928474
794963
613524
672854
538623
541636
721760
557226
891605
115316
940860
692734
612276
478596
223224
317513
753698
775869
155848
128834
171210
493342
440712
437298
600140
250243
129568
351348
543022
148852
93699
2380
61807
57800
319441
452898
652732
102772
944669
642330
635836
68917
139272
954192
192006
666837
299020
128693
724466
676316
333717
377473
616973
393943
58633
164820
231974
95294
582249
359213
469125
14724
26447
946373
392763
771456
674455
247945
124949
101363
506971
742899
529962
900597
433366
53316
209748
742977
153322
78368
331131
120985
286972
335237
419917
854231
514749
619625
438986
941970
535364
911408
805819
272745
538391
494087
292738
620591
240137
792352
398989
498803
709245
57546
813604
852074
475208
353196
167842
804732
853429
212637
654529
905768
844002
43875
629710
773460
601351
67911
995387
878709
423639
864017
118035
520663
415614
372518
856328
893641
546059
137530
552360
272233
575528
521331
773294
70215
662596
167836
552501
379705
796113
306178
71304
312123
576937
595503
667092
12864
468364
488256
616127
811097
297988
120229
959825
134017
603369
252661
632400
383619
402369
291180
23083
476296
20671
332354
581132
790721
977132
704168
368848
640301
213091
768418
341715
792647
661366
983676
903460
208208
835695
918058
17176
293492
915568
323776
61754
349724
814204
629578
53152
781007
938318
621001
543001
401989
928679
877067
364994
576714
245350
782309
768952
180427
702799
609360
978919
634113
143598
524446
899713
903159
85588
520535
496523
319161
411200
201524
514897
527643
386138
600311
15546
169763
886552
954021
764790
25364
661827
116257
768467
935832
172244
10471
259951
324745
915832
239585
798152
78172
62963
393001
627951
941546
976800
728604
326747
974300
841047
264343
242330
168435
361639
863249
160739
950002
44290
244181
833926
971560
546168
664090
709636
606686
895964
738113
521531
163225
397507
878954
427258
805068
236394
599474
705267
213149
434999
658381
380878
50578
471192
189821
630746
691160
267592
131693
691422
92720
333104
33644
752462
735990
173354
746057
145945
642063
798560
398343
639967
601903
936915
701373
899008
456773
577912
694797
28624
625667
285116
985086
889958
874381
324009
948793
351444
352701
697825
416029
468912
657681
264518
515071
269521
35314
260604
170113
488854
743265
837894
792077
565984
40832
7693
719087
172063
39483
47679
235853
519946
430225
59924
219395
499304
225411
920364
195487
374156
959639
80277
7542
197214
192393
873384
838561
981843
833807
261586
503768
24574
940232
684656
114280
472832
617280
558676
886676
380891
267426
619621
725958
337701
707643
495843
315376
38232
890215
475847
852420
653894
787354
632264
912588
788714
361549
122490
986854
411993
532226
51793
2720
566359
261174
249732
889260
370885
625187
503821
330112
301752
433199
911308
118413
551526
306356
810635
744281
941306
886829
580253
475259
10631
709817
696607
635571
333208
6607
193184
960611
878373
799359
913885
294510
47459
493281
631141
876972
524339
918108
725531
893639
260218
154004
767002
828085
799696
424753
831859
932626
932113
258953
429201
328792
198354
52969
618686
150654
313966
435845
763582
564651
859262
49721
597529
944534
345638
998331
451319
692156
771596
553824
940771
779004
58532
964551
19314
985938
605863
579750
325437
584366
940322
57583
604425
759216
101547
207838
4360
869443
878062
13730
270904
889811
566885
694757
64746
129900
532006
808698
32221
812721
484246
389730
720841
535221
508027
596539
753079
841849
933360
317894
724045
981827
699505
924883
759016
761175
768214
934539
165986
830100
837405
242394
579635
428462
564576
843959
375155
195652
933157
458129
542525
78942
527828
403544
668272
591620
465027
490341
264207
286461
947821
730950
121032
7203
545538
251050
400402
710303
406808
360613
720367
333383
273087
880801
117457
16465
77618
426658
903897
482354
552232
223732
466298
451095
893898
546547
649276
174143
759232
346103
389917
841459
180901
164954
984274
306339
542937
162343
192747
68511
834164
284704
87380
251054
837719
686828
417015
179855
412575
763739
437823
388873
754227
906520
912952
545329
170365
707690
183314
764920
436278
37862
664772
703470
255129
446325
299086
74967
164601
336830
226262
25832
821934
690927
558772
362975
661099
713389
288969
987836
455851
429206
767882
124767
957386
539503
543003
336767
912048
791983
888214
396036
212904
599783
848106
419906
9871
588876
332960
19923
815847
716707
805945
115024
377675
372359
685876
817516
470205
580314
106540
310509
829787
659782
192477
508551
974385
699759
73479
830166
202343
844343
82411
101047
213595
575405
113714
3972
737482
599635
927469
459179
493607
760906
338039
991659
22542
445084
884663
653354
763474
529190
917570
935733
193394
119776
837149
161236
326891
748042
366432
930505
598759
385845
926389
553509
566995
275500
323520
747016
820558
249213
797529
15091
257213
718183
56052
408971
454587
971361
712546
444589
330222
806789
733488
221544
618869
50456
81453
327515
824381
188726
875082
26412
334963
730014
237593
477730
636627
13400
381752
888288
930335
490047
939591
577279
285292
251183
975316
489031
626902
858891
558744
425481
660820
282411
965915
575003
112742
356449
154994
641265
599979
826471
25897
413780
423055
962470
942651
730178
725857
379749
91326
47459
724290
290124
498140
760611
809657
466516
138043
737712
309476
450958
293822
836626
767433
8268
72869
466593
245515
658416
487824
969640
312440
206735
245729
144789
397887
998721
457790
505945
351743
782151
705206
514530
974074
565530
806523
665522
537192
779468
603277
741532
98600
392669
398200
750747
444562
46493
450739
238351
958631
119224
582826
332309
354218
303971
284630
266177
157832
756258
451847
993851
476786
56947
398211
335219
741707
208346
820681
100738
144957
701066
276398
190047
262822
639021
180649
603578
874736
559312
535850
963896
963583
399918
191524
604940
291075
879192
20204
835758
251373
437502
439353
927675
858622
993052
531915
122921
633274
951747
694505
657381
518012
427074
254595
547403
650915
288114
279541
557185
739434
296667
988268
167601
638486
225670
593635
75809
209672
732384
975879
393584
809202
861640
690809
135087
906662
764406
258225
764249
355594
592071
911616
278193
223976
61929
371630
49463
469090
588895
868545
830022
544322
896049
797791
497549
843824
695988
565579
270311
878461
657009
935179
211354
52955
456373
620202
564457
976815
856245
367002
367510
964863
851867
362545
30968
213958
703089
996948
350068
989415
610537
210481
728603
129598
416262
275942
806688
523089
270315
1791
399668
267493
576766
269916
480128
736877
265849
875249
211262
820318
932685
635880
72053
934622
698034
109153
991567
113050
134544
550425
492888
643830
282563
686696
482389
263840
330575
133668
187775
706238
719904
224996
822811
848837
515260
298975
341687
362347
716615
421234
38723
568756
550962
260608
100553
948393
333634
29043
396554
547880
602744
951329
597815
794644
998498
370827
172744
422956
139326
379647
900157
396153
565766
981981
485295
354017
362397
393718
792786
710874
752596
392976
412490
29816
496857
434758
639462
478950
481276
212620
709181
220339
718047
521297
258468
530884
106618
78077
621705
783464
56393
206169
766703
308873
868434
30222
502214
763005
761110
146694
334950
149948
342548
874991
882408
329900
868660
362782
27809
961433
536407
658384
602172
665536
634808
83147
170611
821002
964223
860771
923882
270038
282402
924568
462568
78575
922040
24477
587314
684829
372572
672499
791494
871831
774778
417076
478321
351126
815033
971500
225101
916612
397701
688162
370203
370387
546296
866548
118840
305899
813604
979424
618047
333755
253695
142943
241404
603761
849260
445163
626120
67844
327138
684514
92102
708974
389755
576195
32824
286264
406939
185749
685695
184365
200059
922214
644717
380208
719889
27761
481608
670314
901406
934553
821982
268251
59795
189650
618816
570770
198689
277663
775132
301624
21084
474869
257339
562246
583627
710143
305491
216982
392398
706235
283338
9175
692012
614529
54792
331355
781689
688804
774391
432523
256160
875889
621466
936442
869331
131924
944199
118486
861324
315163
476098
66747
958
735698
63288
856737
700573
84940
715797
228278
921799
966019
871106
235847
64781
260567
386558
102679
443298
492594
96728
567122
160159
72333
324422
773531
8113
72971
413478
484162
407712
663363
94478
576209
291836
447131
128145
995909
810534
495631
975633
997146
574264
491089
407868
906304
942098
114251
910693
664105
59778
644800
617407
258692
508431
857424
1912
847748
914850
691354
486576
470297
424082
417788
571092
211904
362251
410358
842459
72246
695898
102700
650653
531912
165271
119434
942155
966598
207214
748482
822927
191189
662476
406256
127041
390436
247588
955679
25090
230071
461595
829925
843897
859935
72918
477545
50792
872842
402205
814725
754026
347318
403436
134726
268363
254977
44630
493392
907844
858653
605143
204767
499793
409503
757620
301032
850801
581942
21905
480670
143738
774520
537359
6928
551318
71256
365087
564399
491614
300212
786920
711534
149265
53771
939793
617346
256944
334348
724779
345097
826298
705865
665726
702727
89407
557835
50735
611531
73827
190847
677258
215856
691570
821901
898354
362175
895002
375049
976546
378290
996233
179586
919071
809299
154660
130232
950460
641411
947168
358572
679305
702359
575041
416143
336538
356957
597357
228380
133039
7484
445036
569281
874181
567161
496639
863160
26680
74454
490138
286069
809299
925461
345919
89144
674998
143002
649143
532866
673123
886382
19504
129636
406373
854944
710062
378802
518365
388358
307631
727639
930154
658209
511840
29506
977012
765598
558773
479038
543061
730361
379625
484576
776805
597500
387602
741401
745761
711973
983967
94316
325431
101158
367154
962809
433457
175878
387348
13495
728763
571749
182297
379712
531027
896988
580433
482566
666636
323395
726440
304739
177086
131660
504795
460815
39309
259468
721559
685419
131221
926362
677040
541050
701743
807440
986042
104431
881315
219503
789000
494752
249962
432671
981759
801242
557150
336019
159829
688015
214848
740171
526188
303595
422309
86771
682437
271428
110783
187049
464226
786160
463556
538588
914749
894576
302397
509583
149918
460425
354797
223613
632221
328563
888476
294935
527284
86059
683071
533481
862272
889251
96773
364506
24212
33050
552640
608082
470202
822598
579310
45494
573255
935404
516516
834319
864730
96466
606550
610632
390385
573581
876549
855638
150183
522804
637317
659122
585998
641333
762602
176578
305637
314629
264911
570966
291446
801395
388994
577037
374799
879574
888399
103128
182298
383205
544104
824790
992348
599013
426606
383903
500422
75069
180254
395612
286587
158757
498971
202899
963551
737213
106323
751297
472216
711354
565009
608864
417125
71547
41695
847752
726551
701050
895254
552050
883567
71965
804996
280407
573654
597932
373496
3575
891891
574046
497708
97781
296685
105548
309072
341215
670205
675271
913839
277196
618542
294213
75200
217438
256692
82614
788683
916520
667814
654645
588086
579753
150938
591066
949100
634869
244764
197996
887209
343412
590986
152307
738148
988996
947535
37548
106392
310202
196474
964758
275569
947142
125242
563562
488848
494516
433848
38631
413115
284559
324113
718859
318756
580640
194479
813981
975380
828692
747715
318823
410868
638267
456865
944194
710456
976557
771895
176457
921768
778247
672875
339696
845645
479251
348881
701677
289844
433478
920326
900628
258529
582882
801708
769920
907028
503996
373762
410669
149937
474200
712734
919139
646414
44528
685386
543565
155870
262035
921337
303656
858612
46186
812196
751063
666103
726615
962886
158483
651489
713718
91824
589247
161651
874053
557193
820505
776505
858208
108006
271373
44405
25317
636994
575652
404779
997942
823450
757657
856264
515484
974888
464524
912496
741961
350329
10512
80419
31926
365869
979167
611467
290219
41547
980013
684516
650653
306110
141465
282312
531313
894064
674880
920150
138015
899778
347692
54014
954033
264677
508138
585644
584555
895960
41145
631375
137093
335038
114846
281989
905300
382811
804821
355941
138503
820843
858210
191528
559692
819935
139205
652212
555218
625013
851851
716423
682730
941426
898369
594621
573063
673919
144452
522749
767780
977502
869812
965830
375876
331527
836487
984658
446997
680803
505
779748
216942
290276
862625
676787
209271
65855
795935
733939
235304
278215
874354
547836
849322
511399
64998
751065
542297
893116
453418
670384
590059
870029
857728
25353
908138
25000
961997
342652
446173
26714
587152
868283
747973
708490
94575
18106
446467
463858
251117
708791
321815
256827
875064
674985
453059
145525
38879
337673
522701
292336
466657
637751
822180
630585
128161
57355
834714
190964
862005
247289
420752
128595
653725
642912
200303
637168
10128
399535
972178
323085
527538
160500
448513
551717
207139
500739
333145
614254
59761
477183
765639
53102
578733
945864
420787
436343
566683
201409
423801
127937
160131
585660
202514
384418
704036
960773
910161
714604
265032
225992
8970
460899
849523
143071
162189
687641
221173
523324
854160
51048
301407
159088
657770
27724
881362
663253
130620
122907
510323
47966
474602
392481
635194
777977
979655
181852
516522
878110
599759
745361
875547
690040
403981
517577
73075
505772
186717
908075
179059
380490
728972
215287
75629
748751
583131
851036
357396
630164
654371
67127
256043
70423
499026
513002
967712
276901
48083
621716
742450
31520
469388
625842
11852
281714
588609
937362
773558
347919
728918
660655
203169
817760
133873
337198
358240
123729
746110
209908
258166
496696
804940
829218
261194
116384
201620
38574
523447
443634
660442
406943
729664
870143
186733
135012
296673
597677
136776
96082
445312
698107
215195
353977
395138
231410
923171
97313
215226
440746
697141
979622
373309
767670
905179
623021
679633
484845
679445
82882
497604
706134
459969
893584
921240
938479
351701
979260
30812
864474
179976
644190
842454
676069
357392
833244
957276
651892
488839
736997
838273
529869
335655
838151
483949
308608
620980
94638
491718
513521
952889
72378
612426
257603
848554
503547
545087
591907
571048
316876
244033
891950
806436
29065
366202
591552
198491
225390
934513
785626
719615
172685
127673
239471
713846
780011
126601
760331
394683
347448
68076
170337
412643
669418
306255
938991
874234
364789
976568
828240
845004
373161
738262
871582
833407
167335
691507
427713
101981
953985
89797
46297
186928
470126
851876
604612
252294
238822
671255
316556
57108
373600
359943
769520
303287
801510
279765
276237
700053
51601
744903
323049
563682
731367
472477
826973
727103
845517
923842
228828
106620
90922
850974
579108
364862
609755
838088
900799
240060
462284
128409
188086
327331
666489
359772
593747
286554
283778
115425
538002
977888
297636
245297
195492
946321
583450
390875
40095
183175
688911
413549
905221
675804
459646
809343
307246
76942
644776
321257
972117
197564
44913
721236
233789
621901
272408
286510
222654
106608
776465
803191
78960
319997
227265
611192
690482
894074
107605
109076
776856
985658
989632
165751
458863
8545
977039
806059
422253
9666
830250
160585
477434
236521
294953
350220
212757
202740
957776
139265
669285
557020
139433
757659
670877
290001
428860
324963
133514
449156
550894
43596
210428
10110
488436
489572
142542
614253
361330
282791
576468
936512
915956
828910
476385
537383
79175
208452
366770
601789
397301
328473
902779
425858
670748
774160
504779
360769
324394
988723
710622
183888
144312
464774
840127
890742
564735
563065
974296
318311
13243
893175
741400
8682
992026
302299
835327
889243
181729
707650
591241
966093
510428
675451
433716
997191
225920
992667
958896
326319
668383
284526
390179
516229
853766
862151
75350
60678
380406
819193
185407
407537
681406
574750
964395
239973
596465
140756
5768
510761
559113
234696
354700
614214
655192
103914
932870
981647
835687
833344
743359
458625
310445
29271
88076
569669
577965
880467
249651
259986
915437
312936
154488
297647
948174
398049
274883
607446
728269
985502
139119
704628
76501
153499
788529
62157
101182
118122
461667
232317
73638
809091
908780
340441
250730
647922
40142
25012
469634
404590
865292
900478
990071
360394
111606
53190
499713
261701
907154
248096
155137
763708
573929
440225
238295
88318
459819
162503
392609
522048
572544
726198
438737
924199
846060
90205
958954
61571
450653
869367
252695
862236
686164
610862
146088
93604
877550
494873
536617
462795
221774
434854
757601
858866
143081
638995
818276
452407
830830
843862
794261
310703
700880
363677
69436
950002
19249
713904
757376
928399
282668
816882
342657
126560
224703
442438
481876
869113
503956
897741
648668
531514
976234
1422
520577
857796
337125
100591
451280
323528
532398
414496
372847
900603
328712
33559
341883
737574
173297
816309
696320
495705
389873
397768
315796
87487
913666
287850
444752
75917
654235
87430
797420
555477
196123
30074
44982
361399
352975
451864
771631
564790
578656
368135
579458
663208
825564
528839
479586
440135
372959
537298
460927
739430
241181
882589
50724
404669
704591
25790
544368
346213
245112
381991
148463
637535
526355
184528
837588
888398
449691
703923
382293
677893
591926
433841
754851
470459
355391
146258
367301
223451
32943
265770
606928
16632
503207
456598
29445
831070
900188
846054
892551
485635
600031
62613
625975
425053
568456
76851
55534
326477
640574
511907
403478
65209
903526
29952
11941
739511
231718
267419
474487
951332
615701
644064
89288
103573
182785
902295
81867
848997
413403
784198
344105
486190
314115
689907
898713
223571
730604
410246
545432
861945
306796
977421
884678
377109
115683
863962
263133
136736
789829
9223
982990
326440
451269
702810
858233
714048
176415
859075
322505
745944
195010
920194
947691
807719
376281
785573
343017
280068
678197
606831
206311
136660
598297
506517
882590
670177
132706
173918
970235
517839
339514
958876
489833
224755
31547
460730
403326
928823
9343
145109
35577
153284
884798
834144
447732
741269
686673
84411
519798
551894
760337
843374
269029
690808
406558
556802
827032
714580
286715
875772
372426
861433
458263
342967
657579
36820
334503
545821
985041
334907
227246
245953
449357
725846
382750
62044
90456
871402
405528
48931
485419
982403
41104
829249
618605
928254
956876
573558
911367
622384
296779
958155
334676
934647
865986
854705
52596
197211
120257
957174
300992
881631
719285
352227
77079
910890
638150
900724
429783
113805
374817
543988
376872
905457
876944
543477
963826
755870
669252
786985
176622
745322
648181
350625
237658
453372
893920
747423
37062
976828
940079
827609
987532
601
192951
848269
659805
499638
889371
456059
506037
981938
198285
365316
64624
977298
651701
364765
357943
571405
636650
326512
526227
237812
222685
836879
429986
509501
372373
607765
540070
190955
916756
482843
594874
209627
435481
721364
613473
219116
609919
413574
282039
436108
606787
368037
301769
437532
696035
310670
947136
883391
973665
571229
235448
277124
457254
106091
335279
567789
695428
842983
973272
224668
83732
576144
252047
334169
953342
339980
525032
657922
942359
928104
749344
453840
197925
145581
40309
572481
795901
230043
917777
322088
894285
404613
935073
773901
390518
854408
894917
754306
154641
245097
187040
373059
498387
64906
233806
583177
538187
551561
91829
455147
374536
212534
790133
730033
184791
140014
717369
11447
346089
708312
471279
473851
332308
750908
778452
412995
920560
972795
768168
47469
54626
824687
849217
139989
2101
221920
876988
835612
795428
194527
402702
886747
47092
371203
954808
921701
895614
376573
743705
786993
701322
525530
379037
698988
780823
756374
435603
831834
564920
686935
220829
48101
97624
688845
249921
302596
950686
135715
13276
101513
762795
766306
80565
813191
819648
801571
577007
735069
413309
145967
642009
613668
139717
729141
48608
27761
641661
703142
270692
998279
882866
365233
836647
299228
197146
57942
659746
32454
944434
663849
398578
710082
844359
636390
511983
762913
517329
840555
837021
557264
482297
180054
478716
414402
925692
292219
268090
785148
179431
633346
510089
275068
269058
860636
400906
86791
848009
6432
81320
135310
110293
424326
397186
803132
448986
448126
258368
475167
354185
77230
129927
283184
424406
455175
821703
163457
599700
549954
847281
162946
181756
254909
881222
200111
154764
775276
90443
822810
23564
826109
37913
478288
867307
338060
244305
392043
813448
451072
5100
323956
53326
877504
316720
785074
838391
456150
926078
427987
818353
992670
937032
455222
609629
812330
856481
953363
966004
36918
450285
523912
760132
498946
206327
84737
727833
431506
759585
850882
660791
22078
921206
841620
791106
927990
894620
609994
439360
388054
667877
677102
872311
386146
892548
470029
953969
82526
400604
990492
325726
685645
931444
127046
39704
825092
701319
154899
582017
935593
377401
973046
43336
215053
328035
254323
609099
737124
468623
254571
583703
593949
614655
354949
852682
412002
167720
859195
131353
590382
741372
395838
307246
70469
444261
645831
425258
693141
589837
499516
18056
579431
177178
784186
792033
983106
360247
280709
297292
24668
625870
118602
417565
305918
66002
753996
913422
955507
269752
271539
955132
982060
643781
434862
284552
805235
891138
33280
157854
620042
154893
382894
158418
180320
426698
631236
993830
847599
1206
713535
745064
35765
791132
232154
259896
987596
198240
5176
247656
978856
810232
391466
923708
232493
256571
793182
703056
970923
198481
852453
326489
687991
872906
99039
982787
395815
863820
962309
846458
305001
496228
846227
148933
259712
190781
916240
59980
787996
22446
548091
127290
41878
583789
768276
257149
428869
11297
949700
708842
240767
877078
817002
16062
365424
977162
186178
265088
255760
138340
284596
57602
647940
754692
198775
851590
687763
26805
380512
671292
357891
21503
587275
74793
375504
194138
47204
414500
839240
413884
399827
600251
186374
499923
459778
109874
339464
512719
210828
801003
503535
57686
976643
268641
40404
31899
637598
874190
344834
177545
254525
618093
777491
345753
28507
327194
249834
805827
991183
957525
138890
117648
849279
974437
990289
806606
285793
4825
101653
781214
706607
413098
971994
280167
180519
277500
39852
116141
696636
694403
843871
624828
408860
711042
559265
171326
597407
170607
149689
410668
486089
666227
921822
176225
839740
408845
372278
176074
987837
530198
479722
277114
297057
828191
997538
426522
999315
547702
824418
377278
776069
201352
861312
440530
389681
704608
984065
518963
143755
181454
859216
121754
205893
647970
370010
225139
828734
772247
373001
627852
695496
713742
86170
661033
842388
521647
770781
253492
905341
869364
867017
255121
705773
347265
504377
819664
45040
639979
192263
366332
324307
436313
484803
80272
261304
149320
76945
294217
701369
70696
416796
453271
737783
365796
229243
544621
901054
728255
208990
598519
355542
273689
314548
543915
55593
525074
181213
967225
248268
425989
640903
57308
373228
883189
256231
455314
155478
492294
225174
32296
768994
857634
748230
597167
504573
347196
511775
959691
19026
354609
765114
837417
683029
746570
395769
763792
744940
577310
264769
835345
427577
523797
635989
200985
898184
975751
651664
860261
592402
968066
820030
79124
101612
695275
467864
316760
272591
753339
23259
573510
13764
894571
307652
276686
130412
515819
436138
262916
595433
596363
841271
681500
29229
836861
845252
187765
600541
272753
529809
542028
141409
985888
728286
849553
478027
860005
687080
590998
613857
363781
416003
6564
569545
409743
453456
509736
642896
784671
868636
341195
52054
905084
219734
673247
917722
737377
918762
293301
537566
267737
520510
405131
270711
310275
936520
13986
55283
870133
667658
192622
801382
811773
214763
60007
213011
578435
324211
609661
966708
522570
531427
686440
847335
181589
75119
601437
644149
814374
24601
915868
439551
863778
775339
292262
622599
840848
352785
194893
270296
774016
498641
190563
830035
150152
723047
529236
214552
580714
952065
900368
827405
571409
281619
315744
866766
829818
319832
705370
684273
758256
976039
303472
921780
464047
689198
165090
337542
513130
638669
719316
780910
489448
921489
435194
885596
653513
711947
214575
771787
182759
494476
498853
962575
972568
444928
280247
440896
76047
510757
253595
544771
385250
371878
996147
365874
674726
302040
508866
972775
389174
355728
195003
868074
609107
78046
637429
879924
434981
993067
230652
733344
239072
581867
984897
750765
478594
614142
489585
387698
696696
148137
556771
773791
896416
262891
274346
597867
238186
835135
604554
84255
738328
175022
371464
262975
937124
955853
783514
48784
815616
486554
512894
55691
230456
572591
776487
727516
900148
799841
168913
416215
988441
477304
219830
421432
243856
249674
257113
784725
513118
743926
57471
304994
791474
531834
373693
337185
8062
723570
758125
583076
606525
558766
459194
702144
768914
293550
665371
664912
88529
413564
984669
280483
467735
535078
506072
404547
764179
302807
489987
160291
537768
519890
742500
570404
165291
212682
442848
397636
140807
280096
721392
773667
529152
887737
964916
889395
236436
884347
640097
505532
655357
439717
868311
843786
747220
862537
293390
772404
821071
850918
797166
904265
516203
8998
875005
519896
181989
871152
892978
213788
220130
759211
694249
640578
31918
598289
945904
357977
808929
447211
738366
859925
7710
734254
894339
893184
43445
978802
142427
843966
813224
74699
8924
399675
527947
381062
629134
365619
88004
123202
796730
264093
398706
51688
544859
821045
375850
408584
254834
728613
32285
865873
219573
456591
571349
381293
405351
831673
508638
292279
636739
860502
158657
214106
502354
577965
242412
681095
816412
937448
619117
473170
566971
600187
977757
28202
470794
614895
534810
46323
765437
595082
12524
528322
283019
122781
165897
45684
740421
55210
710131
67243
24202
444399
95359
238118
199123
224340
52914
64252
111722
776876
817348
237493
685624
495787
273542
165253
496763
517733
848351
741798
653846
702975
896434
473233
204418
70644
731611
547032
177827
854534
737625
148003
359349
56959
589126
240261
114917
887074
470208
129146
404988
988915
423212
495359
812086
680608
178833
322830
984433
362379
972831
376117
880513
185077
613459
218258
854560
361352
240818
880621
932035
969152
654322
738418
496007
746040
926904
262089
176586
583565
517372
771220
569431
397617
421642
357188
620601
358990
677537
990489
125104
333652
683262
288052
451010
78881
6195
364826
152616
707276
862832
976135
914089
51662
59555
4396
868293
990798
450044
31752
943815
757512
449609
748958
2685
623129
516097
841816
951812
944361
21596
136120
928125
303989
940703
252407
811996
868024
444150
335740
65119
837685
280825
419642
546267
816932
282705
764454
703665
287222
522100
973908
533088
98247
442699
900973
970037
527776
468917
653263
176925
833125
442789
170305
675803
846177
228647
535249
91476
625964
989632
52813
376071
718839
327602
266202
340123
265140
15646
421492
122449
216292
538436
487554
93337
349566
540966
330645
269568
354745
853516
337277
392390
25207
977760
800776
488526
148686
671289
637016
376110
928883
145013
616480
68134
919365
871423
495611
463406
909812
863920
917224
120360
932812
850257
429798
934837
725986
122943
823400
248484
981081
541991
50038
990724
914833
278897
100576
676506
640813
35258
694239
865518
723648
21305
441801
958592
764628
308163
558768
717528
79702
787369
640409
823035
71457
501503
482004
595321
769445
175608
395069
559587
732468
120941
641229
218459
182697
120188
15389
914308
422325
964173
85497
194456
514055
539056
945501
946391
152727
467042
920015
373085
421904
655727
161496
754381
459032
527345
656480
206505
198973
504566
327589
752580
312317
173503
832920
888206
989170
437989
502804
522126
984664
933143
434363
886703
985789
632318
656687
513969
159492
508225
239146
899584
217173
79204
568251
376930
505572
549195
750942
281481
847965
752797
499318
703624
809001
391492
712809
45155
817952
386896
208856
118911
802059
730427
659962
140344
916948
66695
394964
872849
272397
881156
647511
200390
994585
321326
496981
547902
107323
414962
812705
671708
430905
969809
104579
814325
333740
102814
257877
656860
940903
28641
96638
414936
17986
397406
744648
842871
174466
96943
839519
331324
995238
627598
147432
611059
670992
584879
797435
345382
875726
619466
714175
141096
593925
858550
249569
565326
769337
14513
434033
904638
762235
617852
841113
408927
66928
826531
32954
106992
734457
836763
681956
756852
499972
294467
942194
919243
597359
765645
24128
261149
943700
770102
156299
913455
663989
89073
937507
355671
567813
501922
966415
883788
136721
422725
12477
142871
620425
850287
345764
846950
50095
435437
202808
391359
682011
773129
536521
664338
424232
193707
848761
698215
418047
381723
717912
516918
165566
904420
832030
115029
175236
629780
881924
421772
50908
626209
542079
345028
141379
308262
11290
195678
312599
450314
948142
663137
262687
552257
767617
589515
325041
777132
462585
63944
121732
618652
980219
438208
617682
629748
475237
848843
54505
6892
271460
436032
376463
794802
107698
761451
377104
317803
874799
995164
27046
91543
633627
835292
327875
191506
90350
595515
907709
649590
834452
422597
753366
45790
49992
171987
582119
88134
800332
792829
335337
183438
177218
311661
921120
976925
605163
244879
656869
941026
512569
225764
128462
662646
475730
716214
332028
881693
694884
526694
131264
703980
958815
259809
49130
97924
321428
629105
442928
435964
131624
114863
29496
103837
830516
138839
100802
787142
702845
630260
768437
473648
71755
828858
765573
709836
488744
173874
54717
454729
9270
556944
845358
597298
508461
551776
714740
205299
956849
260063
953441
290555
348300
226214
324169
782141
432909
362561
843946
701714
900732
269534
417077
228281
314488
664673
657533
530686
757999
777556
702459
447352
518138
113532
334780
288683
862739
168391
392552
121038
155124
217249
580015
342760
117325
25701
506001
967572
771488
997809
633354
241891
672381
902098
747225
972256
189781
216286
634668
489646
842430
47201
636010
483790
384578
695151
486876
885181
220388
646489
496825
388474
851504
134266
998796
810853
871870
884017
577732
967171
475587
257001
845656
950302
144147
700883
701333
245450
191415
977845
333957
849538
408038
575452
20925
843056
453540
97069
545732
53387
375284
944218
436955
977627
361787
493104
487342
281304
662643
44620
694805
105776
558600
488174
613831
255080
340947
719525
252060
848986
309040
588970
464060
736924
186942
142857
521833
345153
509362
916026
293031
836921
707608
401998
806980
610644
137768
542981
920199
456227
950977
601276
621625
728639
986756
714755
150858
996259
2000
769869
857186
344756
