113695
587060
665227
850019
677135
640836
876091
885809
551780
136145
978021
312961
567484
318744
181851
140633
534171
350442
861541
922270
460176
672939
241970
910367
346102
139303
977322
602619
75094
229068
979614
663217
625578
645448
32801
626818
470588
998656
275376
62341
671661
111721
401228
939847
532562
622151
880425
519004
837689
353216
810366
749830
239177
869660
254013
298881
960199
995996
930141
530217
907445
103155
402194
669833
252757
884709
133855
519105
404363
60667
263425
806227
803296
884576
627596
334090
956387
45724
905556
658759
996842
560618
295234
602601
541430
901623
511046
324504
436212
44538
926507
491951
876512
281642
227334
703940
265412
58913
840456
710228
258718
791115
863539
2384
272352
566282
683177
11070
799953
183018
398560
624590
988241
651068
87282
399866
571129
844049
812753
860184
138145
436373
2648
720639
930171
476741
349436
76884
22620
230222
888865
173936
824667
536580
357833
483887
696338
927611
358247
948312
192770
191238
7890
324708
27283
45066
19669
365933
185848
30589
594019
835892
260017
299328
261416
889167
719274
718999
272442
888877
974913
146177
744430
194119
319077
142264
302919
448678
710809
508231
33930
672523
902296
45507
531117
368574
484883
971495
172205
616054
981846
953744
847679
949153
589320
435665
425694
159570
344017
640948
942019
102213
610518
433934
992371
677839
575648
232062
89522
412262
852698
498626
77717
931658
112825
839861
601717
696400
298678
581545
642112
282633
91575
618205
305513
808275
749452
983387
93247
949691
469972
332465
206044
2446
668864
65865
989364
657531
237231
492327
82189
947686
113657
423487
294989
766155
59400
79921
227887
369421
38751
296098
159056
309083
238974
448696
390374
28093
983070
749937
722255
675585
497111
502753
416263
142204
944930
27654
844788
200959
822136
250249
270236
216216
356185
852052
851318
583426
389416
218506
990622
942634
369715
168040
737249
267614
539665
716150
681272
372884
832677
58217
56658
564309
582143
214040
690954
574852
942625
839513
277240
863183
79198
474168
531491
932465
177758
491667
767124
951649
575487
921301
610182
769370
167318
608845
819001
524552
107987
322154
182309
786380
427522
264981
511116
122348
713838
340139
220648
152538
439136
312598
768004
95327
347653
3079
956327
603876
121389
824658
981226
272925
827056
771685
655467
888339
711275
450214
808154
298764
925288
716201
817137
985304
118684
758859
348608
543611
125321
694829
718502
81394
480068
544080
655196
228068
787537
910666
653675
237351
72554
644771
274174
848683
700446
156559
40018
6023
238295
533511
644041
34910
966004
203910
432926
940013
720468
630749
883059
773044
308404
852403
560903
475711
834608
310941
426755
444624
869606
385942
748147
738475
813240
136923
956690
955262
142255
9573
308094
381674
251197
19780
281674
767922
3227
806293
644338
402303
550929
823840
56361
157005
783124
539920
425551
849142
234313
22543
986815
197657
513768
297470
277380
294247
147899
242062
417899
795402
263878
866174
92915
938482
319041
776625
179745
769596
868289
575403
899568
385729
242229
537768
327846
69369
502027
15961
234242
441355
784498
137340
186322
713778
290811
372310
862240
513805
604761
179792
758796
459907
549383
259692
299573
179216
724552
518370
760273
121009
259018
944667
510301
78632
252004
14281
101678
640749
107774
112289
11365
30769
446672
785526
712576
941967
305347
960435
146446
3602
774451
354229
449019
314269
729110
200323
238089
844411
27702
474026
261599
632452
452954
953849
99963
258728
13763
577046
401284
659675
145618
523644
14395
582749
340743
626898
824783
556901
272868
479272
656207
667881
256687
639632
36154
231948
701079
354903
735858
989477
313070
292191
693839
754600
765461
672218
597648
271220
468149
118373
179821
864312
292713
276799
394568
351170
601914
12772
415809
438886
630850
861962
363881
58055
727921
245495
812942
481541
569070
564285
167541
189891
189845
990100
605925
673683
683871
849170
35872
279553
265951
323721
779565
471545
895145
800573
129552
462614
377485
932160
18076
176008
843969
202092
540831
800224
584348
961405
151483
846139
630399
610568
693268
648969
802638
688668
955109
12345
393692
312116
344941
243203
