408999
40608
443640
44016
892264
729230
855221
68074
825598
35607
380395
403695
172400
182531
122734
651521
673688
535539
68574
450686
567423
665975
82257
292681
418708
755068
382879
970762
195273
870434
213259
477963
53515
24684
216649
146563
209115
266705
927728
423856
709902
304303
16638
896029
132445
689311
845826
671235
928618
278819
811114
460364
502096
567676
844393
432690
516965
774873
136709
636998
946255
422633
261946
45645
213824
605777
840782
539141
937423
407609
544946
210309
10420
758593
263186
69378
38176
670418
557946
618926
191031
4495
618788
831674
109995
461737
2402
123324
306998
234578
105636
889773
916339
130697
444647
827593
522714
11924
575099
505369
932438
810188
793583
516045
984261
491474
944986
50882
321931
699551
445385
502756
404243
17850
351552
74669
419236
313986
286831
717132
95387
353899
80563
935776
671435
7238
628997
90083
637102
228792
198851
69796
336966
204492
569241
117036
461076
271205
479372
575107
392884
871948
499427
788683
322515
536232
957170
445513
600015
613963
160132
262916
461289
83176
740644
35526
271273
128675
749576
703615
510095
506497
198107
751497
743793
998655
566117
566599
133046
991550
189145
730662
959597
991131
759228
232389
301323
195037
878509
858673
187839
152904
826069
895881
833140
934030
403051
884481
839522
727781
900964
332673
393105
653044
694902
168429
755116
278502
967048
419264
366654
605729
248056
862225
155787
519057
530440
84344
106829
178526
747238
873610
189130
647740
424854
167167
647374
321248
79806
987765
873419
953232
826509
156941
179017
601491
311689
358259
877003
295176
222901
970620
16448
24275
895451
304360
80291
515122
805051
344390
100848
978925
465488
14135
425474
625900
475963
145802
543566
419362
289167
639495
773110
488935
511928
545672
24459
149284
647496
433600
392610
927848
983264
418463
178833
267671
734263
172622
591175
469377
107914
873109
379589
780369
868256
31453
178493
286940
572089
590863
337797
726681
370322
542874
496056
356720
978392
492436
280425
36715
656679
568184
21381
150793
181885
638030
562308
262769
527104
633640
965004
993796
642600
520008
287906
954763
93898
630687
7949
10511
902530
830640
450697
947784
3581
616659
45605
127853
278560
970326
734714
197546
319257
702974
622408
312048
240704
894891
117870
475750
363113
199769
424709
891389
118665
141187
469082
666145
469953
559330
66695
455627
929612
613906
81005
714291
201154
664406
535568
768867
208454
465778
129999
283367
17619
550518
683774
96289
781469
622875
965730
25337
937383
371910
467208
828657
656225
150185
708354
685078
335995
61065
876287
273554
927242
413466
317446
140447
85205
8070
605327
896214
156862
563660
542782
7269
753864
515461
692541
782943
782985
205059
33140
116206
652077
921362
477864
91555
208420
441952
795629
664366
185577
502201
115785
797545
123440
956522
126951
602510
489324
853575
894581
214281
219642
580169
521627
48681
687981
749775
519639
574064
467959
754373
825017
83465
346480
487138
275512
108313
61190
333643
796400
206574
843330
36437
616505
26068
352178
821800
215781
902022
478073
555327
868629
329538
902511
796043
955448
457397
836790
607799
587298
348246
119130
897287
167301
757327
848740
394073
944334
990357
14460
362190
243742
974617
928440
56706
559267
419350
629317
747126
152531
718283
140912
841615
703301
682627
186834
221239
446380
102415
224534
334114
502320
837142
402984
622507
468650
275331
156540
688284
465468
323740
862648
647757
705803
365235
771520
750755
524763
185653
754204
552826
978501
895647
336903
193693
585815
987409
85782
541682
798216
940091
710594
118515
504598
875188
877461
34647
824062
829225
472173
328015
733592
691250
818224
663020
437900
970816
846797
927453
811829
668275
580650
161110
629008
438280
197424
283853
944480
238895
530799
532062
845922
72379
654382
867471
446888
522867
556307
820077
865749
408453
735723
304405
922292
568922
103767
888463
762933
956933
461460
332372
961668
254997
470181
780336
711239
986889
481567
116226
225141
613667
428305
585313
662350
977237
773709
309977
8058
681432
173783
970579
292418
896540
692522
237778
103589
731226
3425
37017
503704
293637
927625
815851
131742
617182
159936
832426
191167
486567
853065
161185
981992
619055
915888
355293
491550
12748
971156
918006
921248
228327
538710
251883
243929
647729
909661
969259
281663
997940
82883
615664
339787
869764
671327
88454
642901
693332
682031
783530
920651
656740
944482
708813
613262
69400
690624
385336
510249
256933
255799
30537
599022
513252
556163
28123
772591
998281
163256
144260
713430
907949
417775
23672
536418
944647
693323
616330
441598
616761
213927
848659
426431
299398
310238
699627
378554
696610
282166
431764
963072
908706
600233
472055
544504
440339
822162
184006
708887
225318
3697
209536
61566
800136
408859
569555
114287
31888
515969
267483
186285
904082
660122
697672
350000
540241
166896
807071
995650
234961
234436
224215
864313
638985
958367
178403
806673
910967
467767
17359
623846
858574
109882
532932
448842
723083
154682
926566
38537
87846
481908
548892
248887
38755
321470
355375
371377
581063
538637
513611
166137
689256
166688
469988
884136
535646
185805
898866
672591
336341
445350
196700
636782
570500
174280
871283
763152
399032
411007
572309
168769
197578
440729
561842
758702
897199
106502
717419
332823
613998
288104
405910
484275
299244
521149
262494
637792
384163
153702
454664
952836
961649
646036
623760
966854
837517
871310
830193
798435
983956
107745
601476
777325
918338
983652
646208
273958
988220
666854
260320
9973
279689
872567
881826
954563
465377
379344
701035
610229
189278
216159
524616
405766
390799
975667
491855
552000
728684
94913
449956
326166
718371
936273
137175
443041
251345
869960
95787
332277
51340
140114
236466
886688
607453
599915
207315
310782
305419
95819
463726
65468
868818
936492
503574
369447
824627
196537
667453
706032
400101
344853
70765
904638
21417
10628
17266
866096
722043
681338
177046
596078
952100
333118
710404
675434
81132
60923
17870
943737
525229
615011
624458
656776
803011
617984
338967
499708
499680
858457
685821
228650
749436
62077
840435
520688
57449
566383
595642
123758
154052
955374
186214
524069
518024
349151
112828
808682
285052
126745
6327
114118
149325
827533
841253
858093
105014
544464
989167
101401
840475
766663
782453
939139
357942
753070
599511
165438
33320
766084
818513
879920
453489
710487
809790
506861
606139
466279
439613
708529
28497
57274
604273
290426
918445
387580
304994
678016
485294
672528
892673
212946
845032
735287
825992
826511
912725
455707
343488
111677
131690
607801
481052
904713
537925
999082
556099
175836
627522
616204
615723
510997
664749
723793
496993
353769
546897
471652
641317
776789
680623
386419
477361
767739
732939
877661
417754
106976
563680
248826
62416
92545
44211
227649
693632
744141
570053
74138
359448
430852
270689
343169
20522
52202
757846
360723
452138
796903
646911
416633
474770
702334
280702
769966
196900
410728
695879
535022
860047
799757
760664
619645
673963
410782
271558
50705
946655
52625
943539
911068
902498
902842
231068
330682
563486
858243
74703
13428
14640
855560
159930
848239
429772
627409
86685
6580
188990
973613
976097
872861
742027
726567
410883
5720
817526
105896
506985
754139
613918
75561
867925
146788
627589
37138
73911
244780
986731
298868
924956
547816
613465
634016
742341
754234
957369
238498
998163
616443
362658
121565
596381
533917
492466
192964
647332
31233
258133
829874
623198
431572
858338
892903
58542
439462
819108
480864
201397
472137
299701
810258
629954
708834
952838
97538
788965
48015
435260
60420
333921
17973
689141
44110
319871
507876
935592
864440
302975
564969
184107
166354
455338
765873
8909
780066
574531
696405
440227
352696
953179
782278
309856
412400
117444
355222
848030
222596
378269
946145
93625
383627
262924
279318
307354
964690
875851
123110
395602
389781
577753
890887
467356
658331
89168
370469
438149
231723
794583
304422
138791
587758
582189
146264
769169
968546
965542
743162
796546
334072
338995
901668
861396
274380
54617
292243
931062
112639
800900
58901
771538
931762
378613
184013
562701
828384
945366
557348
747244
684696
409966
162892
294996
230294
690927
479474
296490
549949
121453
986176
26585
182004
303913
449484
391153
605850
537548
586976
586989
448423
95087
675942
742605
634400
852375
131632
657250
292982
852670
273570
131560
1852
751500
235645
532557
415940
863141
377352
203152
444565
36763
433117
346309
721674
721476
476685
553524
106698
893671
569457
105569
563871
558928
269198
231271
95669
657027
408868
7870
65522
433485
46227
472092
909804
453942
389226
10039
621899
723282
906062
257959
140220
26550
902276
339562
51471
116232
954011
175618
77743
13808
432249
393593
623099
814571
122688
742084
940293
778686
717788
626821
789926
543751
128620
25515
942907
36078
815370
208373
704833
322171
353401
322707
664329
561410
284522
460525
184919
561849
641323
569085
995293
835946
422445
8535
994767
138563
133808
343817
718115
185099
680909
57373
679335
443503
942303
454651
693886
883643
190799
211115
788408
819620
34619
247225
283597
234241
904451
925745
366006
501018
639727
47498
298921
244697
914048
612895
604911
815325
494290
461912
967971
57518
879978
497575
418057
472651
432930
457519
87112
500766
323118
219263
676933
591377
25802
929275
560286
594553
897730
21467
284096
843376
499485
553485
262118
371842
641127
83062
301231
14782
653274
961430
541721
793708
683752
46730
317664
137309
656552
671402
540269
196957
279322
238674
896637
116677
533913
437758
703055
337389
182940
790095
250377
246783
207272
758826
654952
908968
448022
530880
3362
543527
238908
458536
191899
138375
221051
816359
370943
86890
763365
142802
50562
755195
287816
387595
681266
741061
96284
817127
19637
228962
613125
935728
855653
872843
114756
986886
882052
533775
487744
45152
864606
120159
327469
922480
903162
19333
175511
196581
559996
887285
211917
784970
783770
692156
639404
893131
454521
670741
449479
536856
886115
386907
140080
756002
655079
678616
360998
379075
232718
152251
617306
280442
735989
622248
56544
473428
938316
511082
660207
274406
94890
430084
380756
106998
875274
212133
525306
871353
420326
587513
809358
556727
399790
846300
609298
842059
588965
215273
687104
465414
540953
836273
208536
765811
60029
210311
167496
85238
111780
634937
44792
669070
841052
490713
959599
577657
995557
302137
677925
534711
617229
200884
206053
37158
195817
480297
665758
641292
208497
995651
679304
462772
637497
60724
508654
642607
164936
586944
957403
836924
843031
188469
248037
2946
291687
406265
672529
940665
513215
840828
563105
346601
949825
35212
262849
181707
234856
690183
774026
369995
957665
852394
51440
624367
564610
570632
128911
24081
504875
34839
964045
683528
470200
829733
466539
978789
147168
967656
748013
223193
807981
463090
342436
86900
396888
768515
62677
790024
852608
835576
251080
370540
809159
414050
741422
22620
131914
293106
886767
816766
653498
589968
289296
775680
696475
805258
950590
1372
923097
398761
400825
88253
410178
438432
354336
831932
32997
642782
425813
295811
878468
728387
60620
654930
989176
408238
79797
612192
267682
3189
939652
196377
374345
26350
8409
651398
394773
965546
216209
176523
747111
582594
348201
814921
93971
239625
12362
910820
743227
975008
340597
580638
303497
605289
5643
991010
56200
762644
255930
791773
645792
812501
690496
480071
960876
426934
184989
172800
61562
358920
206233
338197
569886
825397
919663
909857
378803
674225
960661
612752
882159
707023
674537
887231
148322
614896
166137
207743
519627
533078
438063
886329
657175
379094
952151
751339
6199
180524
651727
236944
145308
14760
985674
67422
179346
384135
331904
510185
984630
255389
908278
583205
462422
735917
652901
894153
396707
626843
963978
977742
746965
916792
60170
553238
656924
292925
981695
266794
56894
434003
716963
166172
925970
501327
869783
673867
80023
48251
746641
515781
211697
521103
557089
356615
352962
54335
101342
791839
580001
228526
596849
302515
156154
838144
795389
847258
523202
378765
708202
681000
278292
3313
218765
36103
752749
574848
20981
685632
659265
484823
336917
800345
274104
174478
724937
512601
72264
736777
906951
716263
976303
109166
910051
540369
951182
37744
859774
209384
491805
11210
281356
602247
291279
321480
53889
552309
29123
86847
576600
268960
702243
121629
423808
733642
943453
656091
242275
648512
944124
382927
759699
183940
846050
311389
571923
587980
273636
152206
773696
343459
367938
928889
427995
802862
602305
198237
890740
897353
941671
15441
663731
705232
324627
793618
654278
847930
793462
988348
749667
877407
462834
629012
177720
171994
896781
608513
7287
637321
799442
362779
35319
238705
431876
60764
645833
440319
368448
296564
520728
642857
321710
205816
977595
765171
541475
959994
863899
717454
205591
117300
432316
527899
86334
861469
747562
814029
817029
429214
379776
118955
333290
99998
349848
694453
754552
818937
943498
351134
43102
773648
844579
664632
348843
816442
247012
173038
933673
651993
268147
47530
8339
42823
753571
598359
9843
482286
99227
420928
843164
875191
201381
573527
848257
702746
640021
56210
239729
985300
293844
355568
389424
155127
947976
508378
485427
441755
779745
418980
885175
409522
51139
493042
714046
897209
412875
216760
563687
180427
710656
306777
140649
737168
507224
356785
490412
133330
161444
872174
10692
352112
855577
86041
472522
504555
844859
856563
187545
391517
378599
694074
368738
177418
152126
104779
101933
713999
400810
502049
9836
402103
414286
135931
54717
152941
690254
756444
28605
326859
431863
244716
72580
767120
489933
473532
503040
662641
375472
994919
167025
195718
271978
689875
433278
27045
514840
21527
882291
890508
343986
333047
995352
859831
151288
42506
659119
714706
770362
877181
236553
367689
167172
200432
286533
187323
143781
626878
45030
330764
157595
700250
175248
749785
578717
938900
43487
255751
534597
371771
928932
660725
881623
2525
437245
691280
558706
689258
886864
767492
585041
486519
334564
881935
645822
657054
201244
686322
847893
370050
173328
838722
757937
258672
788937
685339
623861
634081
850009
507891
353785
872092
501589
745548
233870
942328
449777
75139
189808
262399
664694
156870
185543
596142
749090
355171
563610
925274
549148
150203
712465
786796
511570
560533
916709
970573
70577
479375
337766
472797
148352
659247
34984
118812
742233
660567
998027
588395
768582
660311
83686
758637
342132
167773
154576
553160
997334
19015
735114
872840
730841
83609
505100
259746
670655
661642
443306
589781
910683
527353
604259
816364
284712
723005
968007
27297
226757
554009
587458
29403
766289
804942
615240
724504
58847
265419
809375
801382
791574
211968
834564
74508
898728
431376
193339
680389
18797
461477
263286
347564
662939
216349
12257
103027
832292
100898
154568
644365
405036
283991
185830
180844
415910
694190
949131
353316
373898
772630
679144
701615
399349
407250
983354
107914
545244
379557
618705
571772
982830
94697
38333
41654
428486
445759
719956
445590
149130
790497
759585
395782
416483
960532
638380
775425
845721
784185
937634
518070
898698
767489
416929
538308
256070
67712
893346
802598
206666
139291
168004
316648
132055
787804
970225
997527
214831
435492
591663
482552
222764
839552
572805
837678
957501
341332
727687
878911
292861
608371
138817
129264
126449
753873
436796
36172
571870
233168
373167
831172
704197
710070
896261
945520
662525
983488
694151
643763
645803
145231
578023
962941
380063
985409
671656
293995
393614
561499
804716
738633
779240
910050
147804
461367
298006
264905
567214
514089
903442
483844
292182
508360
337122
207611
843147
448374
376434
80346
839668
90479
644237
530245
819823
584650
316600
377961
994430
997855
505259
815150
591
124739
538989
588232
211879
222447
496907
141165
880682
196159
269172
505441
5577
997590
260404
138412
251976
580894
931147
889517
681003
223725
149353
277449
380732
533763
474825
4028
147388
700720
994599
305551
113764
971411
331743
35114
27862
239612
715428
741825
23205
127347
614809
193834
237117
372626
428815
689871
433137
874253
66972
419263
520416
253906
192404
927071
318082
211979
741799
260669
671252
138305
527895
147141
626974
641626
794900
803212
790622
273155
149813
830538
785427
533672
240661
714213
292199
406880
882120
516136
79161
426790
202681
212946
481031
878274
686881
507275
480693
828551
12070
131825
410812
546037
637006
634193
948658
361086
877918
598706
136433
962854
80979
976011
108199
597699
808252
681620
957498
315876
891122
474105
126101
579150
9781
564011
228948
832034
446181
972625
899464
598554
971994
128349
958375
96690
91040
330553
300499
857443
733842
55391
206661
452042
853586
980168
780758
515048
144994
844988
501994
161987
830306
502344
746425
305897
125606
284366
72123
602580
883123
286326
584880
256617
912726
733250
651273
224027
643490
624128
182262
70572
111108
63768
442765
78420
924228
919109
802260
384442
111962
245409
11755
761375
460395
286616
724697
843418
655839
866111
825009
983294
616800
691837
884576
209687
731952
675751
126870
32147
314919
4330
162639
166270
980552
135457
795965
808038
655167
211655
657940
124062
916858
943302
760689
769565
904801
133742
30184
328646
201395
713025
246185
855874
663166
144619
182413
521609
768059
161487
529731
9088
953028
902396
181969
104637
237554
420862
21065
703334
111767
817041
905803
476151
359253
285233
915057
752865
421529
148428
288603
994192
543928
667289
692694
746821
434852
998658
255723
118499
535626
513277
629122
826117
877324
738297
566514
479180
999126
245811
352230
585270
540063
329383
161581
652393
553726
255972
339357
373008
646950
618424
418085
825244
568256
736779
249262
612460
390115
238664
875950
113351
809715
120886
686793
473990
284819
981477
234467
426959
878024
850499
361030
311292
331691
848462
394221
551193
585290
657636
637867
106700
438813
153590
647931
354640
163552
535835
139621
947162
138194
646912
165577
998620
382536
383102
235083
870439
773038
934532
548123
293099
753691
614707
581983
247386
348816
230921
103296
164779
191758
53940
912014
143803
93009
98696
250641
985101
492268
893900
710829
603762
997570
835887
616688
539780
914206
155032
507196
549900
74992
14363
292364
915395
585637
903559
451172
257846
572897
503324
257881
9154
796636
155994
73530
205951
937558
151092
689434
286138
688760
824804
536187
937178
559689
764632
382169
340643
357769
762570
457680
595545
460526
854381
848362
48828
272696
595779
881545
503602
146163
335499
829934
645763
118025
129816
102371
641918
653185
768445
315531
465272
343896
533093
123844
594804
287354
186303
777590
691422
961949
332758
271547
235314
833275
289726
559019
122746
522026
519914
733058
692852
285977
446811
729392
938577
644393
639731
729598
345306
840293
814056
160792
748526
66528
231955
874811
760934
504106
514024
23036
121241
815470
724033
496306
614843
977643
196243
191489
876320
633165
187521
435844
172959
977447
817999
660822
239377
653648
715375
999613
563449
90519
894135
698356
902525
281892
710772
515860
433491
967340
167000
646558
233399
550864
59790
244391
430616
985043
761518
107808
6547
586166
917964
959169
441942
218802
672427
767314
373863
33682
321871
904534
914173
592106
63472
214996
731276
525111
67083
781827
187486
414165
818578
225681
245085
106199
443587
920400
511085
830150
511574
532606
694518
234105
743823
900719
468543
397838
779252
581465
39606
358786
819033
865212
359180
305266
608599
635116
198205
520687
573723
638204
519853
76536
26458
725129
228078
31830
892130
84128
323422
289945
867724
659725
497069
963178
773326
470721
595389
221133
591405
992543
972130
505910
541967
218979
385289
155012
297454
956463
6516
855198
521065
236788
99235
620073
895668
688953
570255
953187
286384
289355
591759
267487
910038
627009
247518
6237
235276
145451
538164
937861
189146
357207
653648
690304
401526
521343
142295
375732
157499
170194
288470
305178
932792
411613
146212
797437
672741
512534
817955
29520
154929
640197
63077
40237
187319
944464
354474
511334
981006
182881
98695
920138
476671
110070
593699
41014
409938
501572
272348
291476
687617
243593
302023
758197
805838
358893
234836
747399
660080
568980
510223
601395
442728
192387
613506
494869
733683
405036
978936
492633
315992
676887
6748
54319
766049
615919
283264
981290
938854
766823
630523
698938
114820
652551
203690
370884
838317
373591
675542
171995
192346
997158
524726
768734
14043
170231
338763
253934
98958
252553
125801
470921
608622
153474
246806
201416
712323
972727
688075
279665
255415
62042
860439
816954
633801
944001
312419
803803
550810
900815
384784
126670
965733
246017
833789
853324
28503
148516
207241
102029
414044
744484
349324
777683
705556
807897
239529
341609
572674
448103
291487
339785
441939
762966
289639
207635
749994
515095
176910
993753
414921
721573
139444
429271
247833
804807
722591
836736
813654
279474
509
663411
21913
645835
658484
720525
924483
336649
691752
626584
163011
583545
518280
13408
351557
970907
174293
736870
27960
130346
552817
750062
744249
908857
41183
849139
478561
525241
135389
652603
337256
632535
477787
262661
451444
944514
36951
874654
729858
17162
132310
802130
952368
325220
194048
766976
717028
933130
81049
822471
138141
783167
173336
589276
838036
970864
994086
180286
614414
475766
811508
488704
132417
839352
983033
991365
164512
284974
433863
785419
701765
33984
465609
417693
478522
164045
738459
480876
944932
368199
846342
60664
81805
483131
289239
933289
717325
608110
362074
996602
977427
326115
555896
254037
836885
473082
131818
361785
617682
109234
644953
970647
442112
810959
48916
260605
972568
828695
851437
812649
317370
831222
96496
670016
740157
615297
710593
424535
998871
653783
681297
130285
93606
79076
760509
985660
777369
955839
23939
998500
878398
257331
87201
144200
471080
251419
753356
146932
739260
482342
311114
444219
459160
299259
704876
846624
626849
454838
335852
789418
701160
500495
537951
147739
719929
853532
757910
502585
464191
741165
860759
667467
854615
609557
390451
703776
21871
623432
770436
354376
393499
560160
511301
61542
586292
902650
910222
902493
739309
888701
565034
418664
525300
624762
997142
723974
787712
532015
523673
532178
803517
611430
938043
867953
748882
479611
645923
159396
501387
675322
454993
86205
884072
80615
218676
161326
342849
191255
779496
550268
374612
981115
593552
628435
836269
983741
971789
468020
814832
400130
796440
665353
219910
733904
756098
467546
158562
82249
602501
342487
751087
879894
815557
511829
406232
695647
422313
41110
968243
513910
77201
618305
44171
197075
655539
122032
733512
575098
142549
810344
946877
781305
415977
366052
78222
348109
760128
96266
302396
268197
938156
522943
137295
98238
73847
354774
134239
829101
599161
230883
503870
867387
733914
264942
836613
214954
82405
263171
854586
869142
301444
596007
140123
761527
46174
711397
401354
760899
328714
551046
893204
915312
995502
208670
147359
313751
453433
573635
359088
259700
6457
493593
846423
538442
368473
237577
493943
619107
278203
935376
653686
404085
697454
837939
784125
680481
763212
637072
370988
456469
359795
344848
816798
390800
141534
532985
593236
7749
423071
525024
380800
602969
742907
332604
840624
51847
860321
16469
288725
377827
706441
729306
445936
253564
452966
241362
335320
810778
897863
560555
738666
448678
170191
946031
260813
316841
460687
742740
255520
88941
750973
801266
871299
139583
549396
68047
218623
427862
459143
166870
130899
37774
564771
297959
541020
591885
884096
790216
226719
868999
841059
444152
503478
781020
410867
64228
198806
956318
686550
241587
487737
177073
915624
517372
508204
862795
796696
387415
95159
327452
461022
928721
122788
867271
85596
392633
946350
778701
761041
621079
181064
649419
456436
170492
369286
367002
746675
561077
356972
705748
15943
250329
6354
244214
909300
272770
882992
133921
630938
915992
276684
441531
938235
531017
663869
167026
975498
230293
806746
894241
766636
508165
956676
456843
168718
455931
115725
298307
264418
603685
536132
339118
481783
506059
379423
642913
430835
496904
39811
975140
502320
457750
675314
349720
486513
325506
618193
849844
578688
927230
897301
826667
698725
635797
13130
760234
528260
11001
199680
75133
383764
730360
899986
391633
339128
676493
380820
73748
922043
116755
961624
839545
73581
576213
438621
459607
124052
63296
933461
514801
48465
747770
238290
424464
354385
432907
387596
63693
353324
755129
205137
435115
692701
708147
618633
228960
526367
747683
43109
423413
378912
477414
268772
632963
740644
780376
315073
579037
109881
56200
486269
561484
791762
131851
959492
37429
772419
662316
713023
547287
61080
343809
654325
908209
704082
47897
478366
256384
557823
545169
928838
411366
235381
133637
544731
794790
49387
795876
604499
52556
430323
480989
699132
798698
536152
694262
639393
671740
510544
219195
28758
376173
994590
135571
536417
35571
504007
853294
363077
329813
7854
842970
263980
270541
891086
927157
129008
434376
495636
310397
507718
334665
270231
437571
449095
191342
957365
748030
828381
631755
509771
504444
831110
263218
873104
536819
295624
347093
935759
203510
669233
757634
459071
606019
191690
687564
729920
836857
668056
657226
384820
255271
897678
937913
988792
797247
297170
69053
543742
832169
308458
226821
764553
670772
720131
347083
303747
270119
955102
970235
512062
837110
76120
667947
74757
238672
888212
195273
978782
729173
67910
463123
107552
528613
489759
105214
374443
288532
976656
956666
602951
501945
824381
801293
612828
829222
482560
676636
867467
569393
765655
546569
542761
107953
380459
254069
537302
966661
929918
439206
959037
783246
819312
186884
376746
32636
211565
373374
593666
824006
169590
866442
342116
417843
485899
91209
995355
612054
156531
494472
848124
200471
539303
230563
376355
20331
522785
999876
676228
872293
842620
380041
629104
947110
142792
707268
462439
309104
997676
442587
98772
581081
91128
728464
704681
566235
968455
256987
687767
408648
81485
773940
986794
23002
762371
447021
340608
405289
299771
978596
932277
902018
239189
519755
872419
924482
67700
290026
652485
725393
355387
196850
258386
845705
701041
215274
164277
541605
726441
18279
630721
897157
424451
813801
279617
204125
377931
378773
176173
545728
960382
690891
676089
894405
511149
640419
43720
668115
865147
85257
853951
862863
79680
963250
282292
9374
815504
614010
958148
26713
811926
590812
879491
44109
783001
136781
426447
657771
77153
868533
823486
910419
227699
450443
945077
801463
300791
32908
418970
41519
665275
13463
808609
225498
237712
561512
476483
147435
821138
80559
976589
647767
523334
10124
109461
729689
323035
41066
887111
78880
347219
554805
858141
842839
114171
893881
755757
27086
465750
943320
486620
602826
505880
554856
400752
91942
951694
711591
747076
492835
364507
18715
775892
197012
736988
30602
661432
813791
551405
13395
504686
150512
309381
214312
43088
876992
702204
311465
231140
195453
247278
641373
193682
990359
622839
717455
88816
264807
188189
48195
812537
945403
16077
110612
140189
224514
76734
321515
775794
807185
737138
577950
178760
853327
154011
81186
606042
811972
911130
343854
87199
360312
804322
759791
610496
873995
617148
789857
899173
203537
670115
725521
818345
362663
435023
996844
756844
379031
569167
557826
458694
207907
279247
153821
167768
305778
67897
193656
240575
185556
77048
175710
834530
818228
7128
895585
335659
853849
877194
898931
21522
807704
32771
977508
127253
655130
126595
546360
863492
903622
527411
676516
475640
852107
840935
392101
511012
413067
956356
730686
22915
684839
512507
706316
953393
783971
781235
633287
964694
55030
23877
754519
911229
50417
253153
179216
896195
624137
76046
301324
321130
733507
758094
458468
985421
282811
220959
570890
599598
851600
276830
818758
666155
104879
75271
864203
169487
735291
710999
411830
520901
833238
480146
617314
476904
647695
3168
125354
861493
153192
589587
577148
207906
748674
996868
726806
948616
518695
442331
182497
416123
411252
536492
99686
239226
982753
938942
317041
899330
685231
611752
297025
48061
463853
194197
486440
611416
479846
792486
646405
394354
109162
659062
704796
838960
112375
634425
968911
660077
906181
127229
545851
988687
476907
712019
383026
543413
910449
536199
260112
730956
411251
426890
532284
681665
556334
356273
379389
520720
761386
355414
474614
830075
596996
755676
444608
823319
829783
154705
993122
925184
789766
991148
447599
833773
678505
39029
157629
698910
457746
671172
730877
976114
259067
609953
543996
816597
517517
883595
60597
396118
283087
539988
29328
518486
956970
794601
444283
448732
876181
896304
976420
105350
331105
205002
488272
809690
386019
854519
573339
774459
388409
804441
420364
388599
517755
766225
241492
400509
609408
866182
666148
622700
500682
310276
321384
49990
566415
77696
999203
201667
349092
9722
161256
62018
179016
876475
908082
795354
569163
776254
281825
979855
839193
539883
559698
855969
558887
812030
771673
643774
121273
231751
875229
109207
146637
283594
391313
399055
965736
341702
856907
615248
66042
803219
910658
584376
124720
850276
536041
394097
854871
935148
780258
646815
341224
186014
721697
871858
324916
909900
535518
436891
619885
887857
461366
121371
688590
413642
317535
210614
658088
235486
644038
186951
408266
637343
830727
297325
836941
143977
865864
430115
596665
159079
614130
707310
935000
100949
795725
850863
999829
888735
626552
151768
314063
632169
841345
7739
892608
626792
209319
742270
331460
517229
566377
624235
61001
371586
767754
824228
869650
768173
124388
404531
43687
497105
82918
345792
415197
144564
812204
805788
865534
956188
629306
313977
562772
56338
618388
723324
585943
251464
351484
792811
303472
615254
600521
323457
294057
745248
487200
626145
462260
567764
466770
874919
5269
793232
288530
697945
250860
783456
940369
318396
151203
928741
323384
880899
334000
570833
443137
82210
139079
688078
366578
155714
257760
327038
442296
431437
393696
375838
194588
579496
899878
29316
811364
147265
745973
731399
202953
821438
733497
433917
368399
454292
355768
655903
100359
587065
36118
586889
581469
291633
696324
68318
332574
411781
719431
594441
561291
754771
151137
658974
542034
615742
731422
109534
186927
22213
179964
701081
45983
131441
735159
425006
422204
905896
47025
92910
482490
862688
71099
270367
152956
862189
864067
605916
179668
992058
920218
737242
914006
866262
149536
769477
738327
230310
744013
931720
654087
304697
8415
781292
263912
75449
563612
617880
370346
497788
232003
18487
772517
753978
891027
354615
76146
570585
990967
773229
846375
965413
402700
828309
763117
830171
460433
629367
46526
439076
951850
699558
869952
753375
476369
545187
720185
338263
656409
259678
598447
665428
203936
270300
256221
63821
841873
721460
749907
27451
225939
463667
231083
30984
850706
978015
220771
804454
171368
911641
803356
185853
119335
766299
259694
506044
654405
335905
3366
286289
208549
944613
567837
550963
895102
821698
634166
716252
248938
361338
474291
683221
37261
718291
582772
849769
822304
792988
865294
163707
388377
560013
473284
197428
167865
52108
569637
363092
856114
657356
77889
876586
188082
744208
947465
137823
673552
859790
391746
184684
100242
166958
992998
890027
836504
85425
7319
32011
643561
907631
532865
80862
36953
279032
544523
675149
149587
2332
870713
867051
580361
676487
823201
870630
834357
59204
562759
616858
325578
508578
529240
431359
291708
622452
808063
565187
834665
995378
863912
398323
237602
813884
797071
47826
105178
605567
688644
630284
621163
90160
714493
534532
7615
585782
79191
480138
446113
640612
197611
144104
802208
716964
615689
394203
503005
326063
681556
747167
3122
219128
22330
609187
81727
90792
427213
887580
136274
917956
598595
376054
35442
729388
772295
204389
86473
11837
645433
317593
717611
685269
533449
928207
700487
857206
751851
632068
118825
375619
393143
334916
815849
472936
297761
257505
67124
834199
828816
737920
326836
91949
508572
761550
598559
568051
208617
570960
690585
284159
8731
360599
848263
231355
908725
611345
541489
742973
406033
870204
329875
103894
102910
170614
645505
492455
295537
591153
584756
937196
717610
977602
325429
414428
170277
496920
595876
68265
988600
349897
365797
266402
318799
24712
749352
79353
444418
626995
750420
135838
28176
285897
279312
193097
35451
920249
391725
318167
982463
116821
964787
668812
743024
156838
956999
372855
863855
802200
183350
721651
436168
596374
82272
949705
412396
962673
409795
594739
761030
204025
982499
475132
183995
694318
290772
139267
801923
617744
730596
952222
119007
703059
109479
456282
155830
288431
811167
604385
669008
114707
164104
1909
562670
688569
125886
222936
183683
874005
940748
905294
159699
380327
569170
128954
369255
958192
305362
514021
461610
137729
145367
841054
483492
309870
995970
612731
614608
855842
305394
106237
130523
54668
263119
116498
5948
12599
478260
921395
486698
524664
844662
45550
878463
793600
859157
999358
827751
748625
236735
707030
286852
880910
62011
729405
342690
537643
372536
719378
618130
920259
513907
769265
438693
547528
838079
430062
445575
181908
368756
987006
220533
809759
250614
528566
845340
285450
745249
936107
729296
111511
116878
916791
718437
642812
766021
725661
779822
835340
906495
887748
691023
526357
471510
172768
585921
622729
88331
654254
112162
990804
798772
808861
273655
26316
603008
283082
924799
897095
922408
249892
89780
352390
192692
40367
89761
505806
907687
804004
850715
560727
427465
290869
31837
435998
694095
120749
587268
950933
183656
742006
485411
98683
656230
420532
389316
189126
734791
599759
791868
678395
946080
288847
182058
210528
715173
942240
443340
201930
337687
583284
466557
699856
73226
992711
45199
768160
886610
964609
475951
538314
31849
955421
514944
165160
890097
523918
295936
893737
652455
888492
87228
728975
336067
867819
777493
491310
697849
531698
982088
960947
104809
889529
178104
530273
238264
195744
155156
221814
72716
366876
743268
645740
672739
845516
246197
348123
970705
69034
180895
541691
173076
427996
791344
58696
870037
730538
812983
107838
907518
868171
596718
990980
926578
648088
31237
408357
66669
179426
922887
961913
107194
966815
872619
587874
328971
327039
995066
259378
333560
872669
344023
888042
256791
695504
614064
515677
770676
594978
560256
45812
806637
69848
430142
747722
976877
425520
730213
732535
177475
398633
964513
278698
274462
643580
899155
515248
773287
504872
518017
732433
745467
880363
515869
972825
28548
355532
146288
381300
308211
520533
368099
505395
60891
93279
994922
819243
889453
796485
100814
238460
438092
997563
628245
693231
323468
636983
353295
954489
395980
444045
172672
105692
2477
803608
274725
912365
150382
752788
30373
727408
916774
603017
254933
775135
607581
883682
34920
786570
838022
989020
614002
622872
558429
28314
45527
722027
755801
226325
738324
961506
896975
793008
916009
655032
495715
874921
666210
419849
280619
852332
318657
938933
140450
37186
922506
557085
415237
128806
182635
946955
246797
105208
303621
591086
400906
996491
626331
649922
815769
992601
639958
743758
403138
556886
536498
977799
858352
355105
80009
527762
59149
407831
21178
786919
99386
465026
171318
674513
750376
676335
361639
892177
812822
161181
361212
820643
334631
800145
91285
789656
158879
302791
624904
888866
356090
888834
665742
233582
991529
574149
707342
966572
524138
557594
28419
695658
734146
580559
394188
289566
765530
330881
297296
363586
869363
237328
600715
26970
891912
222130
142202
806481
751231
19683
702943
875969
814219
582842
154865
114386
40609
724311
222884
712570
120212
197753
608784
625634
86479
732972
798593
241897
790639
863583
321626
92993
544763
611347
567590
76023
468928
299440
382013
431377
676237
819314
257871
840592
976136
199104
812176
828181
234028
539677
531072
224672
719840
168759
895573
568819
645748
139101
125384
962645
265850
852238
221049
175026
713279
321645
648640
198944
165221
729616
95121
370108
426974
733943
960203
491443
700103
407193
374749
8093
352351
473178
318613
817667
654434
964314
301511
241537
895302
996135
998166
91143
24849
217682
509090
621561
708693
811679
695438
992054
281801
670486
506092
535478
171270
433462
599688
829773
695835
412745
841294
700364
700173
14803
671385
724422
274990
959268
635352
873328
957208
399885
932575
536162
539719
688815
94792
898554
411664
37359
262915
944032
88898
576965
382401
475427
84184
536116
964985
602434
646871
503828
104342
983624
133386
121739
850365
876302
522456
872538
498878
644324
240703
581523
263638
337995
679855
833064
23263
128601
67141
524575
296149
454079
474338
496611
919301
607976
522408
788468
610452
910327
652497
426109
943721
26675
294955
887814
746424
692671
994932
716288
320556
734978
483342
917182
478320
491429
399710
113603
899355
759546
540935
602358
883254
828218
541438
271410
714026
717415
913226
307386
768203
197712
436699
714185
770299
548659
487812
579592
592252
301180
188117
332953
898518
89708
985177
321424
753569
955093
907881
512002
96048
898817
659179
291829
136346
93619
120235
747383
858598
257349
838227
109514
951058
749744
523850
302652
796416
266794
338023
140694
607870
119978
421905
98410
867632
760199
915509
831823
997660
170750
732322
14122
129618
728274
536004
148770
876982
431310
548347
537589
703724
235110
478743
186409
864286
701692
116018
158746
825772
779198
415210
997362
66801
903404
267258
663928
224943
864503
878069
610111
678806
350725
299614
988478
623286
872210
147622
663872
678590
590448
528707
498610
192240
164654
641577
867162
975523
974615
355239
325543
666228
918930
355809
168739
877578
764071
979366
315204
426373
740257
770797
232546
960835
726222
992113
551748
150222
42083
214758
2131
131621
19068
256918
505712
896358
437314
597405
890209
328085
271782
483645
274150
482187
543113
263711
940010
807933
429502
398375
853845
280168
230055
231090
782398
724246
498364
104687
88382
534224
536298
782423
947104
432993
780183
494666
941492
108098
277380
277448
50051
110567
485196
192328
731868
384357
211529
744568
258509
969598
605974
568978
194029
189579
579182
695768
198934
992452
266483
795692
691953
160559
16715
336974
184298
714595
766117
461810
770626
633528
730010
472125
651266
920782
548398
933468
401101
926390
496501
119361
45519
429440
224082
533243
965266
479713
432795
497457
42991
628929
806296
970235
695201
580959
721962
456990
691317
212450
730889
838049
7965
156541
37734
937040
537445
236925
510063
552013
88829
773490
986033
304333
812788
401336
13527
554870
183174
589985
158032
222868
937292
341440
612751
223090
703569
743252
310316
1435
16197
207632
104488
321645
256395
790083
663757
246230
894701
615785
177780
651694
694127
892365
49056
484657
874625
727897
574088
343
606221
95996
487602
591122
521457
767862
439931
517668
652039
482435
786547
413402
662495
709730
108837
461224
88974
713280
801972
774754
728224
196294
211552
411413
671656
298684
712168
225536
86713
426584
390282
37042
95085
269991
135462
397761
950946
58391
572929
120868
914501
636383
509284
946670
395270
10187
622948
528296
533547
446951
337533
493961
884480
832007
787480
201364
836844
5746
265772
507854
827680
9321
662336
86363
625256
634263
799374
240437
459748
153814
998660
692231
920080
455707
667876
622316
621118
978176
964235
630143
368934
313133
359566
575966
557140
979873
64000
936960
647039
752674
661584
783024
23738
735679
695311
61094
851331
53119
4752
179456
532409
141928
21224
145314
887403
507437
68693
591783
623692
579189
771835
379778
523586
402180
222537
516470
626077
766984
349115
494126
275301
679106
926968
337913
801612
868495
39131
357798
291842
817811
851727
147321
558056
662849
30931
630663
353244
585416
743773
648243
4083
299677
904219
257221
351236
821985
94356
295716
963745
977136
553837
633456
709217
713990
50504
613566
380761
764941
768519
182513
65769
688263
636206
842161
159154
39636
914086
323723
531685
951009
770782
177125
394935
343469
471500
658652
976305
971129
438674
508732
254499
404684
313915
116571
675064
263712
204516
546578
332261
355564
932087
500633
765947
58575
472275
435582
904157
777942
1992
850690
500363
613226
144254
836688
444828
956249
653109
473371
934538
996031
696486
402899
101415
357136
365065
364035
5230
392325
86000
700746
273205
622305
657680
967283
433214
530271
76000
666292
760300
987194
144347
904832
504658
4568
792735
63305
429223
267092
42615
446741
948822
821095
287478
113724
260530
525042
233658
76540
380039
72170
561808
388664
960459
431776
459574
383763
20276
929452
746811
682725
512035
589045
518083
729689
187070
598176
450983
372195
262491
741715
385465
103648
131031
428261
196197
128075
580807
738980
435634
241049
480134
442946
817768
779827
74670
269404
169228
716238
636194
58728
863111
16744
788807
349243
266277
563808
999954
986101
939704
515570
685564
538314
72797
327119
57427
578733
205014
429269
104234
486299
703447
354928
127729
304705
40988
351500
632543
910602
133303
575094
117067
696841
673576
77390
25754
311232
68708
534123
59795
898891
685880
305419
207503
540524
544519
562869
917260
398580
319471
65838
420704
602378
237578
485971
609482
972123
893520
260697
89380
541854
420762
256543
991796
816706
602689
873837
746339
602231
575205
576268
988613
169942
68874
908161
739030
809326
186844
809831
633030
341100
134739
238632
117611
558118
724465
844760
249878
395396
68265
706094
390016
204363
362650
761247
774050
116551
721144
709337
581667
26581
574412
189081
360428
608458
236050
320297
659864
646660
15168
524026
308679
45771
780006
262553
593
798051
156976
447633
970008
642416
701641
211038
840823
203974
650010
440585
34839
220429
443056
137061
128096
966157
672508
281444
683915
882588
449843
668758
316374
659745
40726
890176
845649
541252
222220
759189
925334
380340
839531
775636
678614
163924
384853
798397
446477
941763
699071
5489
932119
257222
708173
468709
155997
362389
223705
402370
826599
794815
649619
921181
149270
953466
102466
555726
305129
894027
409385
527855
851452
281870
64964
720307
713938
452643
901105
86496
2375
645493
541868
162922
971944
109032
489011
348782
75038
194654
221640
965319
73349
985766
963221
708305
251610
127235
349993
216248
987219
201108
413473
680251
121929
521572
721314
845571
888913
354576
110466
858650
651816
5393
598598
327498
161228
939942
201222
528787
234279
138399
860781
823047
626406
677447
818845
588998
844265
628847
28207
597842
739923
381203
707224
133390
317440
818028
857767
1880
881494
486865
724202
521087
780597
710795
328240
633699
490184
426868
504298
256168
544189
334090
254955
65622
674321
681365
751887
139985
443332
363763
723703
323632
403308
571581
858802
620859
401638
777880
696887
321862
581159
595226
481486
34468
794608
923798
408079
768522
839072
401606
587267
634242
900771
688724
629671
907336
33224
609605
1422
193861
297841
563266
618534
791717
581603
610821
745875
95063
539454
422300
318583
404705
198790
599709
830035
217437
751199
170151
242439
555667
985688
547792
583093
858484
866206
869936
286020
862193
226193
219977
128704
516278
35763
457105
369247
191943
66812
643614
834719
393077
10124
891438
528714
45564
947192
161807
590875
974716
357189
101745
869499
745682
847859
960006
213348
260307
282416
767251
5671
204517
651310
513175
712712
278585
129358
237716
993287
246696
492155
524030
396986
31849
440404
839743
948501
571949
34049
809061
898124
544407
918759
741737
942607
753883
114102
535773
45236
710834
43039
711345
227443
907447
253219
996705
35018
257058
536135
345279
733505
90526
186084
46488
373256
267016
99802
656454
550204
725126
94693
162770
417224
55362
559880
503171
397096
858946
109285
419016
782665
544742
831022
160445
697677
95485
767030
119069
554282
860291
93729
946245
609906
644859
288826
589665
43437
59045
450595
278837
537506
697565
486375
723210
609269
136464
843564
853747
257002
94555
728324
407226
398599
615170
14626
79340
310424
425865
465705
1534
141132
46706
770272
830811
884093
909524
36802
235275
925709
492309
407026
863297
868396
649988
538700
659841
339189
770581
341527
623276
225400
954554
408662
475497
654291
385050
25406
818226
3193
336816
381697
143928
815252
423043
988809
922100
661895
134909
309568
587212
31372
650539
202124
598302
704509
449872
149208
257131
79086
814886
926798
440931
767479
791154
236193
100745
41551
763971
829190
716866
809811
518983
646530
656960
46631
683913
839902
786054
957747
845515
828280
680023
250127
690491
963700
211647
757689
824150
400527
463485
873667
216790
145555
913291
558986
673817
671719
382668
530144
14160
460798
692241
452491
959392
820976
788680
108071
912216
466405
753026
864550
809551
682093
38687
626714
28782
815769
791942
766056
359157
285097
31639
863546
730157
899481
878357
163201
280045
866792
836330
689429
619051
35155
123717
855760
728718
42886
671737
122501
754658
909279
767044
408992
375269
376795
300524
798172
418174
381983
440837
388891
608397
577253
415696
643813
191389
494401
945982
323775
628662
615183
496530
323111
292816
673979
323684
103339
411425
624365
195329
83427
714199
830991
78896
341201
882082
380604
760656
242195
434984
3718
631261
452162
283036
66084
556561
691947
617321
625399
141734
586088
803528
110071
716858
599898
996401
647358
273100
103044
456493
927025
683107
546695
131210
704519
506958
335478
575272
196919
372550
619477
37745
788674
871663
949107
419942
767770
332925
811553
518676
357038
620596
684174
832805
307027
452936
793024
3282
625808
94114
174833
511606
897926
818308
656964
492222
58362
904643
619426
227709
974145
154675
530038
821148
121735
663010
235777
875823
154555
24506
950938
815394
809306
486410
89798
505682
37399
938526
619952
254584
125924
304970
808709
237376
313376
208774
768238
599800
463133
619763
400235
887587
623500
283580
445641
771374
458696
257879
803263
331962
169148
349227
668523
451480
332977
167500
554532
968339
109367
477153
945147
135078
609967
762663
455571
315982
127156
331022
441242
40250
908644
980545
226595
761440
117070
424899
549538
145385
72506
509557
140547
676812
600399
455284
872167
183737
651237
415839
50556
682283
660136
362422
385015
571104
925221
435678
672049
996005
665396
391297
429019
728842
985474
210706
103904
585142
973306
260206
545494
994003
330320
69278
560607
279337
692906
380985
581154
417033
971051
89830
335649
708895
886620
897791
629112
865195
177785
461202
935985
144201
213718
303297
745414
437868
423532
417289
784436
420969
344772
369759
537656
521519
341311
771574
313385
123861
634240
371358
125617
148044
413622
429830
465961
389044
765641
94114
957840
950730
331680
712295
619688
833470
196301
393587
238126
755042
304278
720139
647284
942655
776993
278396
879708
892866
618939
786018
47539
901076
857861
276999
688743
668103
381883
248099
900263
799851
348834
433922
665750
899649
275086
551427
731947
19527
714509
863932
760999
704626
629939
806971
204212
695546
569539
340967
898647
40847
310199
891654
624466
542313
609197
326040
417241
211005
894254
480672
519278
573835
112475
444290
779419
653972
579190
544903
334156
622954
448522
242942
916294
668063
697209
81022
875144
295711
742816
823622
849468
822810
243112
164997
699354
513753
909164
847541
325530
359922
757314
202721
818259
76951
554984
107528
844469
821064
854989
10842
208864
249001
212857
12895
232670
934638
697113
848759
742404
120498
737899
340988
64608
144679
573890
208963
719903
684712
329910
466114
670078
530091
737452
620299
465579
432658
692734
793014
778232
914720
671878
462622
137018
894536
195020
95041
593028
715169
635722
100171
607291
421687
525848
423788
366998
48891
383160
795365
208437
988570
939072
797027
797338
14378
989664
329346
518216
872193
189071
994162
406006
790816
525143
271415
525744
194637
913465
288074
32651
622206
579134
714653
541763
28209
195355
24124
775987
704281
642943
48335
396271
10610
350589
932668
331009
300854
616145
714601
35967
349096
218129
390303
62982
77837
110513
904074
644821
172666
825971
787101
140040
260425
572137
357586
258798
856997
786344
118479
280650
359877
812555
74020
174179
564726
780513
109361
381960
338768
965684
968613
319844
225226
288887
458977
297977
605738
385995
314682
82877
46356
690030
819293
122382
570948
979264
318861
945170
431639
569203
182985
651247
135235
837967
65801
395108
968104
111264
67430
679234
43838
382973
897817
581899
992109
26037
864091
290021
574971
71575
846060
492155
119135
57310
327344
728433
514805
564919
911283
396545
19851
733489
348173
670903
454552
100224
953889
42053
984652
771566
140671
945732
915459
411295
283306
755592
580115
460159
230963
268638
76676
419850
317636
873124
531231
971063
704185
417797
444895
766978
7144
196753
772
391445
909633
307317
702855
865426
497745
584667
466408
846848
39073
554721
213347
412431
963259
672174
415553
889161
344396
614263
869386
875479
237733
762125
194136
444782
222683
903968
686278
905684
905743
133972
851080
23699
550856
49982
911509
716472
792060
429947
532862
521672
295534
718445
344226
992769
633585
893971
287610
183624
766346
995076
990544
620020
6003
56968
748365
980277
353084
911059
968495
586018
568013
628383
589849
723423
823878
56612
411076
937319
862727
398135
513684
981564
438539
892157
258885
526504
624943
495434
577668
147054
713105
314778
657242
358418
403795
418538
959299
448770
291775
402420
935389
453600
18565
462150
129660
980781
374815
432382
833626
944403
741781
841764
385231
377884
4580
124687
354233
208666
919334
429281
803697
548293
951500
616237
89000
976553
121031
685374
462344
574024
859414
186836
111361
147547
553565
119156
102321
558007
351070
115098
56111
436107
306262
366026
426997
549062
609462
975749
627687
101077
748028
567958
290308
404554
454830
37899
598760
736856
929139
964225
690171
669115
64782
718105
4218
294388
386359
306311
268768
566130
309016
945225
342128
891469
284641
126644
936930
525419
928968
540457
927976
627525
680673
159719
159131
388356
148437
441210
458503
341253
776706
409554
116047
208508
132399
923822
399103
518772
646698
262327
776812
661492
770048
53993
425290
111933
579161
423468
103882
683313
432621
791937
817389
633870
811047
352152
801194
527959
347412
424318
128824
358803
537736
405811
175289
810863
812686
581338
882051
882430
966281
691657
337547
825185
877803
76480
297904
463938
691665
412279
219874
753274
242682
865168
811885
894163
78627
788844
731750
304487
357312
985
696752
307751
213336
129961
512811
925624
626174
333278
336187
770999
225959
69953
9840
925661
559021
254226
959767
750206
402655
153497
498332
293355
558722
925979
803482
396600
249193
839016
512385
311704
375340
36945
272291
554980
629256
207544
907995
855226
272723
698560
567578
677634
227098
449890
353871
501388
792345
67809
266867
50069
280918
964054
995438
662953
359578
373989
321577
125666
290701
316880
600689
80654
140525
743082
303044
81711
902186
810275
435196
148700
901602
517186
830229
255620
243572
947762
88797
415762
555523
353139
987319
231533
963657
179825
23563
951511
706261
899314
276878
689845
376802
850792
254825
33005
682262
104998
195912
144683
161940
904304
823746
853759
624510
439851
548000
669216
974218
561459
454220
191508
716095
865291
133400
713383
785421
292463
733223
309592
420359
422278
544252
347412
416446
807539
332957
50202
170683
180107
856867
672765
493336
940001
439137
107592
824059
433084
419311
115387
892272
22058
239314
119220
887907
711598
468105
513513
275639
562196
703478
267538
69061
919590
60904
590371
498548
382775
827457
720375
865393
487708
21449
722568
421387
528890
594510
389915
868718
198395
137013
872697
962554
591259
835874
208919
263808
748638
156991
932823
972249
455972
86381
521895
554594
649876
698053
962952
509911
664822
614089
201065
166027
495517
954285
55025
877825
823745
901563
409052
976043
705067
236327
939325
853756
343369
24431
268577
577708
462945
921582
41684
522184
528867
857983
127677
559347
651223
229704
954596
635517
413685
485034
243348
342941
682835
4739
803676
580110
722297
402718
970415
515076
604240
198200
67435
904010
360441
300656
374711
297530
717499
560074
900101
196056
228948
139743
674743
301067
768880
944101
741982
450296
264375
462295
315421
369724
503937
531585
231212
924486
708709
422570
478008
489744
756655
426013
33832
97912
26415
967510
600763
627391
949230
485958
449613
656989
47292
44739
353656
503486
373221
32143
809303
56797
325314
231427
403942
272316
706091
552985
708549
775165
296650
488019
92
10464
674379
59466
306968
378586
5487
636886
326866
642574
879488
732055
753361
660010
140511
659678
620134
931745
124217
971324
130166
167168
455768
600932
882132
227119
384277
510783
134988
218503
266732
98509
353405
783242
945384
334770
368478
422147
162877
144165
585377
331835
479284
5168
293428
972885
298433
969956
650852
208647
975216
235677
64220
296437
520126
402094
670092
208428
874180
563880
64549
893175
734478
81292
882368
234146
768330
43659
947422
681801
875484
323189
471434
125339
643726
624390
165403
194801
384293
51338
299734
261125
157839
33961
913520
867408
452024
381779
847408
221316
447291
446856
436915
540067
947253
665988
256841
618554
372086
571398
7165
476094
801297
128764
393075
526145
990419
379213
944681
443665
571024
139266
41824
400366
889817
792082
644564
426853
99081
248264
525286
247373
360639
635667
883739
840733
911718
307690
735933
184041
480047
771994
481439
412215
300320
717677
549886
31106
367046
114681
253763
294090
82758
866690
901286
195670
678418
827277
786412
904136
73719
481090
850832
194139
159570
849660
188608
861115
750242
549489
744702
514240
790009
618617
893863
140873
536269
328188
767569
253425
97387
942013
99405
67633
830539
575741
654411
432914
797758
988557
527197
752204
188356
875700
41940
8320
786106
311608
289671
718415
855152
797069
786098
181077
884377
723927
726650
93382
327899
52638
430222
400035
772999
758029
459818
569944
422435
601703
180277
768629
714530
783239
823178
810887
962101
466578
750548
439891
103866
572987
435923
598510
837331
649074
84027
676092
704978
537514
541947
648451
713808
604741
866651
754411
946845
939103
478206
951252
2449
761652
217223
566804
367489
306223
549592
438091
358989
988944
874742
904549
548695
450104
951561
734892
239950
394260
241535
297288
72680
896868
983183
535892
201454
300135
318043
226781
790833
311205
167982
660921
209114
815384
972645
464002
395359
171704
755243
945070
950546
849762
84765
833548
293971
976420
572236
836253
46566
776999
499296
602509
509983
804538
979993
317196
344122
966199
843313
295310
106247
778132
979038
910875
766658
200
753075
470035
153089
313047
220518
332290
760838
571900
92204
932572
57972
145586
938433
606421
372575
994976
558276
851039
271932
140575
898558
135745
322231
392169
354883
531025
879844
258527
908401
847566
744909
734198
127445
476828
94761
137920
119150
198556
117614
845715
338761
666343
844158
474456
660747
418600
696316
187250
904589
207955
778114
404936
248353
445766
16107
381489
944948
997370
643787
215675
668172
265510
484478
164504
816304
139312
108382
296870
819878
467088
767694
922969
526295
234052
421619
3976
993231
827242
462851
416144
960161
642365
573109
