763570
681211
175295
544730
692095
147539
748381
844857
949873
372857
29150
609381
673905
287792
556551
264417
238929
674375
309961
913577
935028
336060
366646
275492
7133
697852
289761
425910
358226
188614
942482
319281
255596
687661
925411
992363
262078
352572
496315
134314
891104
221684
976420
262524
278551
453616
866442
437540
307810
191594
835154
221998
314596
657110
226964
265380
233257
119852
411703
398489
43139
533800
184162
443826
273241
725942
882149
313355
924911
342926
222409
811846
728913
211406
71501
865095
995955
100103
910837
429241
417591
821268
85470
966266
249740
220625
29555
298662
915440
395130
737784
211199
124949
771042
354564
941494
427746
246669
962251
389976
380112
356394
538329
626584
237877
970992
234523
936117
598110
333139
463896
670984
722388
668131
451581
732396
852481
700994
701333
645129
248173
168128
252183
975103
227617
377493
496345
990892
655148
907386
254627
818267
214211
946148
463774
321609
438403
544030
322860
28181
29907
532225
588817
238147
123557
265427
591630
403244
687515
779258
459150
805702
528646
13019
153914
667852
679817
387668
586407
388042
697436
189201
347439
427463
823469
829903
311645
800910
186528
346475
287554
738587
392439
106342
556900
979103
47309
343288
865110
497776
912061
196941
760867
727697
616544
154976
42980
977817
695730
143603
518129
132674
997334
5480
838132
633360
184496
472575
767769
249115
106096
618989
306977
776059
525935
976341
612758
487632
699377
171686
244121
860139
799178
959440
559191
771101
420766
811299
315418
453402
275841
229447
352316
676168
634813
874258
570870
45034
356721
157129
380886
8036
459350
266807
223951
908010
224477
133603
70378
994057
296948
899504
313755
552018
193576
54166
854510
222303
959589
450105
803104
468291
269144
766051
46666
247634
969781
313827
220856
467273
843348
10945
482968
35676
864823
452892
921806
670107
711974
782434
824037
885312
812283
471340
261343
946199
500602
962420
647085
261194
655384
378867
419642
146952
83869
29403
798049
261586
856675
876270
58560
844322
192894
664122
706852
395192
800566
555377
28388
488770
892271
226281
761161
661158
773610
765740
498282
443056
81060
223165
193943
280083
351004
960616
5100
828702
526898
461764
994117
803772
950763
920521
126224
148391
590033
994120
901501
162795
791159
172619
336978
343955
827802
50249
720860
806770
865124
500486
48704
610255
728266
339589
730544
590574
913556
323499
595065
942967
742653
588402
32440
329414
651760
670534
528877
274894
72562
240703
611880
659946
576287
910780
489759
34178
57805
563800
256289
199574
296845
653644
54373
494442
805648
639457
980796
129422
76197
50832
404902
521225
378784
679864
461568
341473
106455
816762
170330
784330
221318
436149
538215
293801
963090
539161
181966
79939
46955
376234
975389
14215
293706
4499
850205
970612
728218
27300
648192
486952
449075
560746
918199
152839
302273
967018
989600
666884
463107
500857
120029
650895
156079
140347
461760
401819
463859
222390
890210
876555
538967
814098
587347
965560
968958
673903
803179
681697
522828
788515
629887
934448
121121
688335
977840
381349
542338
987164
102109
490785
955929
360023
392184
923153
775507
909415
731702
770037
748327
375079
507040
674700
589687
53156
207303
729694
284111
915316
754580
15846
601482
154481
760957
774105
12755
669969
530324
257239
267401
515619
292857
276141
921212
470952
388464
842373
401172
200012
185869
861163
914002
691456
950604
653756
407021
445109
301373
702957
844126
807158
611164
608501
326008
370530
765247
720664
852142
813765
470824
749393
988857
210131
322106
441372
159889
222592
687561
905629
731032
425407
632586
592432
87446
830164
778666
142990
870367
140632
275450
193688
844561
163145
605063
594756
171322
786571
285448
958433
386006
474112
494320
247624
347957
226303
956900
505121
551867
186611
629127
419279
131586
930899
733616
528953
647386
724985
679613
321078
20400
972578
802433
762708
370316
409345
735320
157573
163700
156224
570716
491623
148590
745044
178288
538351
96803
127611
967865
54449
245727
498453
113773
317326
174069
702748
546371
724922
491328
550722
614986
357800
966724
439269
825942
382037
780914
679218
296405
924398
433994
573075
727167
973855
46939
39446
522412
322297
629734
635612
411775
951231
453025
105273
230144
215438
123799
447407
369096
78438
858604
347714
159125
837849
478462
627832
753405
611534
898344
359023
621056
175986
78560
262618
142262
863677
438912
805338
654439
139932
290594
870965
268729
74561
301604
491765
98052
115395
673546
338847
245314
687026
647875
752462
555746
626811
410948
721261
292923
306356
477649
883918
910110
321862
618778
716969
504772
575604
60226
611635
123878
486092
164986
336538
430508
268648
391628
403675
153149
730721
15604
816065
836661
298514
389161
419579
553396
19268
299001
314712
544915
211515
316562
337249
342066
384220
800989
914195
31341
473529
993284
436407
263725
201531
99348
809568
814618
630507
861566
565569
451438
691677
255992
819752
954981
697209
579521
98907
925137
976231
400769
995405
704842
87254
647886
529469
720578
454122
380555
815020
608758
892352
386923
808249
656384
53662
852179
106714
25737
330172
156894
167353
546141
306025
101946
759017
881047
283548
804079
240451
668987
997528
162880
535521
53410
303290
269034
749430
754512
352354
828105
911433
339041
838460
283354
633804
667618
757738
406683
241821
691901
25424
308751
573976
835340
453883
506013
851862
440654
490926
606232
999751
441655
501771
430490
28584
976097
382107
888905
929888
137569
295290
118011
118077
483892
463714
130614
812998
150105
474642
801104
809404
86456
358106
431669
836594
31039
398086
452615
712070
769230
10469
724960
542139
771144
651957
882419
89780
335562
76524
179216
165263
162360
118245
242822
101084
615731
538405
533026
252985
633255
363594
283990
989771
686400
77647
149493
648923
549948
532414
766619
728075
866523
205811
114026
812851
888180
910664
727535
352604
422434
298210
141282
512791
970523
634647
424396
113211
913376
181371
40003
859130
649936
95110
954449
132703
918360
278883
403891
301287
25669
12631
31677
819065
970618
401228
681115
769538
852861
40890
273394
742001
644523
194929
79140
629580
631628
421893
18291
135597
49857
268950
721917
219037
712986
418874
596517
930060
775556
201674
543890
694314
258976
37958
563281
401316
493102
974245
423318
819006
816488
65406
76256
945737
827115
46028
986234
791170
80144
357473
180253
42183
192154
970282
915123
100086
265095
175515
678390
297764
236873
112119
347063
88695
289487
171965
524283
215393
420732
125362
733504
396217
160377
959176
512413
178616
317094
692200
440327
229644
44715
581793
127855
168860
691181
379692
8777
607321
343901
428699
447656
232253
491498
392734
838085
12708
454486
640946
480671
494403
278246
34023
201148
198473
89971
882060
29005
563152
665438
528760
428335
722432
868193
596792
680590
258113
269248
471632
531620
867418
220446
943024
675039
507115
965675
67061
6241
552963
471035
57240
197921
280543
524978
306167
969583
529152
269468
628222
718036
933928
80857
771570
261143
180528
91061
922074
525916
422857
963158
54602
895016
595021
752846
814925
592256
180673
671377
114990
902062
606698
537920
538275
844901
762568
447203
128151
587708
812979
813622
583122
537174
225681
461786
900936
869283
905650
219948
821435
567551
936712
597491
531277
239736
865030
746035
933030
798509
492819
389790
673469
469393
517291
977258
832327
503759
179795
98750
228602
483528
769911
869126
511677
468216
637921
748582
927214
123190
748696
579658
37839
97818
559827
980828
657614
455353
250904
379535
755055
622731
703606
111320
60632
887406
900251
961341
807289
407491
779731
253702
226517
932150
793246
585871
272242
322332
644908
788671
768985
116085
649719
801235
729610
601296
691133
83092
140864
15950
103513
837543
652508
225534
673917
310403
201649
713448
107150
164669
11563
163365
825884
694783
172828
96555
724733
546967
263653
770407
585925
652715
969277
536835
432035
138827
316961
833479
539803
935839
236568
243163
261403
941631
251810
189611
387901
58593
779901
823267
429080
533933
48915
704026
142851
291821
347395
79179
193639
719456
994314
798141
100928
783854
524366
743813
977840
160949
78791
465314
123136
193537
151754
483654
319860
887643
761459
13364
348297
390712
920687
282884
585229
15890
443684
60932
227931
219669
412989
46265
123890
831087
802581
255427
793650
179722
501567
255774
207026
368662
45360
68164
767296
156159
963466
230256
462198
116030
328325
896766
782709
58315
600252
83247
271105
435888
516178
29000
932729
64313
922815
395737
837873
751432
633786
248731
576558
472965
867717
231155
437501
769906
837456
213715
48944
583580
892555
641216
235382
704621
478091
12206
755478
536223
391128
126663
573640
654411
552209
555466
162224
35744
890684
997840
459127
749999
1262
340330
857736
946402
590291
880743
999652
733581
670619
848882
108899
102108
994689
3095
371528
443884
774137
165670
155903
285559
129014
272240
962293
619559
80917
569007
660180
3595
878249
832130
650074
856807
585764
394325
344213
512101
334750
548639
297725
930602
273157
785669
890350
592132
755682
591772
684544
885567
953028
713996
461253
15127
399627
436879
565278
115783
479442
565785
812026
835776
275706
958866
459308
67253
502544
294910
719912
43347
16282
915902
92634
456590
616387
466032
363556
396823
653088
444401
398194
622890
565854
552322
55994
552131
365322
435144
185301
212336
555069
53997
501365
330946
837922
174181
758659
649437
494246
376843
423702
284975
45882
650473
198993
74237
362439
325334
642393
511961
40368
594874
614705
60464
30781
873966
645941
645824
477097
292926
371504
702310
101385
238992
631130
35733
28502
548702
436977
164963
118490
113694
785714
18493
234612
598020
919924
702715
836871
561629
54690
949646
513669
187548
633043
801302
871315
320626
326728
962256
944602
718230
427137
594221
366506
214052
953084
237566
266442
780770
601931
853834
665056
100061
812816
354626
523001
288242
26904
895948
555318
340008
6290
763003
699284
505403
989483
105312
784022
101236
747207
77370
706001
209267
924381
45128
978964
744591
758191
809535
719089
204180
538533
536600
518701
775211
365061
796993
335936
178327
215761
666035
340360
919131
60542
146659
360209
7290
864204
30290
826553
919382
894470
628479
57731
254266
507736
993469
236603
623411
842632
583711
128512
741337
806483
364239
480499
924331
817765
335102
213627
662808
303924
328245
508786
310938
98937
616458
21487
83389
563020
546287
533233
803966
522843
267877
849508
586830
949830
102606
16659
135734
687514
289055
249579
609044
348969
281524
273192
921219
696322
955645
231582
140697
969234
560342
67302
829833
213527
912117
463715
48681
44989
816124
634608
362895
557335
552815
822888
631124
848635
953151
983441
480826
175866
854277
190629
773482
485562
625546
684927
232214
960179
601347
984095
594301
935682
548890
109466
109644
294957
979111
604513
691106
459764
31037
155499
423660
402704
539489
966018
969903
544395
546006
253672
466917
327099
857044
980323
223230
818460
19479
315244
308743
30601
450003
454832
94504
962327
415300
606593
559112
221454
59044
346268
541387
632709
379766
666071
482491
998041
215296
77351
35076
292425
86869
39307
97305
536049
952592
906265
573237
924706
434205
959459
963132
49370
353649
967302
883136
213733
179802
432591
317855
808847
375600
779145
828361
723268
540075
362343
187551
358727
249550
829194
755703
590219
16065
748016
880700
509361
88957
694266
937778
157983
28833
209753
812888
881273
16161
538772
767334
400895
874334
299128
585462
910595
59792
834012
123263
732997
885471
365135
532604
347565
549778
491169
944875
211364
319838
995723
516401
575631
544992
492091
585306
589224
126374
982080
822719
896571
683816
248655
705472
336379
454996
473776
451057
180735
56327
323336
604114
186844
567191
783043
150133
482335
136461
218909
709444
557287
701424
76814
950875
241949
755004
497616
862289
573138
451954
939662
137044
948211
737801
526699
705074
161835
667202
761323
194100
470485
720217
981058
427301
729500
507607
510199
216816
423474
339717
2677
533223
3241
386427
313710
711072
124209
145494
71340
29754
551663
604295
260534
657405
579958
316040
488347
781471
702308
259434
915230
987555
83996
74379
694206
497245
764187
589027
886176
72912
47225
732669
632155
899384
725631
886082
27616
576419
509343
536496
460612
721657
352532
207978
367084
459421
560087
222506
189908
424684
296698
182418
730492
72291
955173
143007
929711
147037
686380
368382
894449
454009
584457
484857
321156
69978
941819
813066
676055
978504
520250
38672
8204
414067
306517
782623
417892
372888
966122
898546
865482
447165
722306
38780
599352
366550
683655
847835
385674
635402
545506
954606
386525
789519
443061
968701
348515
986417
663986
269655
775111
517426
749142
835129
841783
385356
343430
358250
277906
466834
824068
263460
698160
470581
857166
714348
781128
579361
688083
176387
608898
267207
719826
379189
328282
244342
161426
622478
6061
163555
381816
673964
923044
395143
460872
204272
760314
367079
390459
807566
316331
534191
135160
35332
442171
146296
240242
31016
520416
726313
604063
364057
397
748537
797265
678488
457499
343634
398322
295279
333846
900945
226528
740303
477794
547242
395491
649400
470537
555049
298311
342673
617442
743059
908059
437463
677406
243819
304004
744754
10226
600208
668606
184675
787164
550851
142385
920154
94421
726279
86572
135909
227858
356897
514688
348546
146550
338879
42683
530965
20375
343797
971584
310453
51819
607714
258432
868704
365839
727665
668375
983439
589043
193148
545477
967461
865574
673226
381895
39425
814458
579577
204881
94578
531220
906999
355115
18570
516626
795626
129893
707467
164185
970288
125048
603326
211449
577152
383163
992099
556671
316655
558015
29827
429976
106191
587975
140705
545629
864626
59943
456015
241216
169932
648056
1244
203536
78006
700980
986283
400300
398479
902453
482783
794114
266557
727813
401394
336067
688657
700065
303781
942437
613385
215567
126098
816660
394095
26265
920093
232246
662494
532069
148041
218009
22052
199026
544166
637244
504579
719729
106728
898935
60946
682813
987284
434119
419713
491641
13587
390778
577274
215045
571113
916659
36258
536349
525439
427611
750462
10382
170908
72805
989491
806932
924786
165115
808614
697365
570389
84810
75842
418868
522311
568487
539479
450708
989294
251036
389919
145257
82918
782099
648413
669244
300147
162334
968863
633595
81551
854497
905954
708602
833122
312797
50196
914122
738256
266457
724916
695156
704684
585775
686549
327955
674442
337008
993282
826315
238449
95605
655868
752809
308975
807043
188127
429977
974215
578458
581091
592446
216006
448986
137981
228786
487668
395731
720549
285146
95461
776615
672115
825700
708655
684510
563619
18208
949494
203398
173687
786936
370210
576901
749052
203854
599922
995325
505700
579888
452650
933594
63826
285306
194600
468923
575221
980617
34645
607610
302667
693207
25846
706330
925447
757688
223714
652
713614
874544
831694
328414
83035
335726
211460
748481
664578
361961
258099
380853
112017
298966
107935
177619
822802
761475
912377
102134
162669
57043
578121
465671
321450
173463
247559
759140
611029
247749
286922
139309
912890
829143
10456
783018
746768
256770
98203
148060
348210
384849
13365
600927
832136
928414
475818
447800
667780
665453
602108
273217
257992
925797
775700
717102
6693
436652
790748
450299
118591
360222
165290
486644
531276
641769
190870
976416
618555
887623
306924
128779
321585
88665
737213
408367
568110
843741
905488
511038
59022
393036
757110
713487
117356
74707
943739
565666
980513
426731
819704
993170
871850
719895
28358
345238
87720
108922
727821
257779
484160
10898
334522
27650
220131
130965
324751
593113
930600
460646
526484
638809
185556
145268
304555
461076
816316
196016
758145
475608
113921
790120
428384
564125
485755
931973
873826
373063
802993
139869
930561
812119
965635
697910
226505
396660
469163
107032
839214
185938
455320
664590
182970
918269
715194
720185
731487
107844
191004
95568
30954
687108
6954
841783
216536
138704
863124
682171
807811
427642
982475
957736
870773
533633
655081
336775
982686
914455
938093
79352
373408
653389
400867
209639
430022
708637
310946
267822
592149
345619
116271
239111
664251
407130
187008
188204
741092
706271
129114
258766
643564
713828
167067
134766
632174
905763
201556
612570
814907
648092
732814
471367
591911
407549
869742
704520
719293
337518
851891
750313
968018
422774
869531
605226
196215
162765
963430
232731
264520
186750
988722
434641
756705
369464
244997
589122
743473
760627
674729
24770
31334
962682
933490
296283
571976
725272
674267
469826
810210
458851
420431
816188
760090
769312
831555
946445
942754
215505
451264
337816
345735
693154
889406
738584
324327
256556
364460
128441
503808
463395
718157
102036
838179
460963
888764
462726
259782
14930
976656
949740
337849
847025
994010
994236
482929
663109
174859
102275
894784
817884
702195
287863
858790
881726
221220
537528
787905
739378
258101
889512
909791
590505
593762
925347
251636
890891
684305
735581
192679
41693
739375
609367
24583
525580
419577
236158
825563
933849
117975
589600
531222
949280
168162
605195
690601
745990
772999
573444
732787
217150
335619
161185
56788
98232
48654
512004
796447
730344
971540
839092
934893
369518
818846
804825
244622
626407
994384
680660
779547
740816
840267
244985
936679
861394
657714
3114
997268
14766
95242
729425
442433
610949
737275
397753
690849
756165
425971
475273
412775
92652
421674
731487
746525
474234
451200
204357
36116
936375
460354
995283
501174
35550
224267
693409
416631
200997
559623
757478
106730
895978
413395
315826
450992
23419
155520
419332
555019
718210
728887
897737
280528
407371
801526
956466
482363
844404
446776
567728
949789
174448
572083
227087
773552
320375
225851
868908
384587
778830
690052
699028
332848
38894
604421
69243
672515
483540
552119
253654
598870
972965
379580
643797
139423
487291
445725
747968
76811
851408
580460
174765
90411
87045
496648
812827
621069
353424
424767
812591
648614
595649
374286
124232
697451
809455
436355
704257
561214
831491
774211
877442
884293
637280
931368
434947
75543
141742
416130
179103
971216
221762
436031
644881
282244
528619
885157
679757
138192
535068
817467
489853
551628
932657
635656
843222
883932
685920
387507
79895
913766
525053
935049
402974
740062
841769
992158
651623
901756
372376
573962
548001
512847
533374
250132
725871
394603
622102
743405
760632
921598
175439
306643
564843
576449
182739
553622
597202
615178
98420
81464
16978
153598
429494
726381
713277
841571
524915
519297
512276
357459
147951
855513
291484
328972
59321
308369
186267
987621
224698
425221
442735
102171
639581
884011
30604
673802
746075
859870
711056
812087
807073
399862
213829
191818
169249
593618
673330
375833
41138
5623
109854
614751
81701
362450
233762
123531
955685
308313
578858
503669
571658
6672
169480
176555
112058
993448
214708
636842
699260
605441
500964
660072
305755
727312
231108
868238
142963
162780
593683
197060
422747
422435
14810
891364
236782
270169
715785
997968
862328
790992
558703
680863
709050
750259
492373
889522
951770
169132
483960
649573
561515
582246
15330
939809
182676
357740
189476
419983
133023
726448
851826
34791
874080
890152
62555
886374
481472
583443
674083
711006
462181
22938
235838
224807
522752
400913
988139
752371
182578
723228
448491
430848
219931
430062
883550
298662
990273
418413
987320
562896
931290
817970
831396
241671
919543
949292
511221
67946
357965
513892
600261
880826
675488
946715
304492
55250
170893
153743
364575
808371
312501
872092
28450
3197
533570
203584
759723
753659
202711
151607
198613
633237
271896
877381
470077
495656
267475
879250
900221
940467
468233
868271
802819
740648
590557
131063
501325
810979
47128
904528
46019
968822
517655
264849
634544
122658
129298
501054
612574
102435
2825
583150
556238
662307
518604
685453
510865
623630
844263
486590
860870
392645
889833
509528
778545
222252
964048
724114
742068
60446
663699
655609
12972
47104
671116
532253
433194
784371
294719
824012
675724
180195
352907
548598
50040
707580
855468
144176
590964
477565
577002
686420
46053
475940
690529
894085
239074
141961
745198
406224
972725
574407
548979
786285
539566
912405
638408
270630
470819
840114
95550
465935
891335
442879
247761
720755
610341
84070
232041
858063
354170
637752
280973
455159
110061
198549
956517
34711
697964
296324
980266
862229
280932
467811
613868
413201
668828
374136
385215
333518
300975
822437
73731
828202
334244
847290
702543
347657
569708
786789
164730
290832
433591
946564
328389
994637
676659
880539
272296
186804
876450
980385
93751
351429
787286
854645
467249
33481
102156
87918
900774
918138
437923
298960
719042
552386
194871
155546
217209
24604
899486
297084
423505
428567
72319
771173
938311
332985
939082
877371
910367
894848
55255
579172
968075
633476
764127
273921
749367
970424
924689
774011
547951
665231
313042
916917
37806
727035
742612
52833
132356
823824
486226
194542
25699
730823
869157
580447
764166
718623
215558
446327
825405
213215
277793
483665
563546
24694
887122
341196
897906
938434
97726
908259
32784
70063
639440
494234
280636
845368
429775
42324
592483
745609
699225
54658
598819
6469
489343
767158
971637
320227
234876
432277
972728
417971
466706
661739
205974
973823
426883
458649
899285
410508
819753
823593
931516
135744
214002
833538
283615
386525
812476
316919
498762
625195
703625
668409
599494
446645
755039
268013
810378
301545
697599
710808
882178
794915
457215
971831
512692
571971
475270
332460
21717
719418
785316
120530
288039
108772
94924
550001
648397
49616
193839
793677
454765
975579
842613
613017
934144
425849
700826
461705
577977
620437
247203
352581
941839
918609
911100
164281
953513
98342
111728
646857
566181
863343
665348
135394
736133
522305
798448
654828
372215
709426
149563
157787
701696
540795
248818
13797
755908
133112
688836
864782
463284
784524
586045
963295
166100
7649
598429
141749
435624
180045
87957
832885
984698
528848
1693
619421
822923
354362
322037
119862
284116
508585
161334
167333
595639
432304
394003
304353
826823
520340
874418
556480
527281
363760
550305
973802
59077
901752
108982
390958
236005
791450
968968
673715
565576
400064
872131
991942
177259
461042
670380
648787
29206
89625
747058
804079
74311
41246
417005
79762
56253
826033
149686
917730
883426
812454
878818
393258
831573
886137
480475
738921
859668
449394
308829
971975
584067
685220
518666
484323
526491
190095
273259
43911
891826
610661
568132
750461
84066
402986
389971
464443
571865
605492
150180
680889
80957
146322
810068
610532
942330
301257
191072
535210
630953
247930
831849
988214
856478
798559
99142
14582
976398
622324
389894
295895
35931
770162
98945
745298
159934
370230
977305
154784
385104
467201
510482
195529
622261
445336
601995
691354
894693
999820
519641
67509
857816
572564
484927
425026
374158
939478
467531
181700
655864
673221
790671
7430
649798
680739
887867
331124
253326
238440
320340
296581
654614
381115
797395
488598
264958
695261
69276
625619
292173
458341
884761
76174
212822
170405
691571
378546
824582
179884
724717
23312
722829
691621
588893
899608
540647
170269
118855
734949
908998
277922
961879
233455
191326
627718
306555
638756
974412
905923
272347
619472
763876
415864
2422
18424
687126
932498
313562
90311
643259
546886
536319
794976
989698
951290
284481
906962
633586
95555
26169
885929
558875
103753
545527
475617
267165
802631
758621
912374
497428
117231
740251
370263
534367
36395
957058
144120
630347
868541
912391
248263
469089
31943
351831
480118
138953
737639
859601
420599
822362
436154
478885
17414
681471
919682
293255
572320
861639
396578
604175
664657
815304
198278
616304
320875
477873
598495
738450
190354
10603
55436
751055
186229
195948
660756
488903
419671
74584
614800
831521
218123
306195
400742
836766
307774
241704
730671
584795
270062
728399
659834
613731
2425
87262
436074
631918
445968
235151
290362
44795
789514
276778
581985
899397
18069
395023
38673
955429
123335
667490
516761
63043
312722
311123
444458
237562
138326
185608
847670
635400
829201
768874
845812
560110
310130
407817
531840
741610
533963
847405
532064
617039
692388
826490
467426
341438
735723
686206
276961
202179
233225
251163
371686
693710
234321
199308
684330
926732
520850
509781
393722
759073
986060
323979
222771
800388
988479
185341
419629
233336
419166
1918
272436
904803
90275
625360
772337
506380
143804
741871
492712
129590
603747
994999
583003
443027
99083
544626
225675
18599
462326
738562
69598
860987
811812
256552
595484
884793
892773
334574
263571
81771
258704
598519
911259
550987
170380
431969
389044
899718
921611
76180
304075
992402
82903
609642
592732
707432
594628
563515
951985
496160
48325
975939
920776
802793
249563
951858
562322
934369
794536
508561
990040
966231
824994
705740
294200
985946
548195
690464
286030
543550
841820
466786
768302
591147
926186
348201
268877
290913
884417
28441
676735
897036
594437
946957
396634
709695
260791
559776
667834
274512
830284
111832
482079
891281
712218
190640
71408
709542
155179
61569
784674
98760
763764
194764
249716
296085
362848
241382
309650
413009
780677
438528
275033
434301
836472
999378
411002
117714
773884
736804
937912
222810
940885
185
276043
210348
140091
123864
874151
2882
552490
523128
871766
861816
750678
949639
926722
521507
827452
824727
602575
736012
352852
385382
693541
221704
254114
225672
662219
415541
536364
47987
212334
616403
494278
896295
273346
931900
187977
636344
273344
204033
896226
658105
929869
345315
798022
36295
97915
287211
311107
517999
502312
767655
935410
979837
874820
868353
531465
414434
987249
708349
285581
417729
892611
9998
218916
393814
732390
297814
560904
838659
7071
668153
550744
28473
85227
184092
980105
632511
610883
426560
443385
431266
579713
184885
407652
990265
658076
308604
471151
220244
393551
623357
77794
305921
68953
613409
902323
291770
79389
160653
851325
224750
539049
193468
549712
252906
587987
206840
978849
995556
188224
816309
112162
953956
805950
114890
36397
721680
528913
452365
659802
130258
772171
759369
615599
220392
866324
481502
884023
517447
515722
796662
201963
687341
853377
975071
156173
621314
64683
898698
547220
752106
778131
220319
879554
123434
724228
853563
910801
377460
345478
554247
619787
100176
739528
790646
250105
667241
849497
280155
797235
346866
574992
739684
726039
501363
645644
697527
204949
929524
901142
447591
518310
457348
867619
769491
452124
391014
56565
992155
38165
776345
429984
272320
581513
601411
447850
182039
916035
921145
65420
435434
621293
664685
764053
279723
583299
919093
201262
802454
158506
850804
628472
116130
101913
786471
820305
310307
783669
651150
683702
432319
129979
68405
636611
805450
389143
239517
367701
394945
708881
586380
693648
826080
499175
587118
415356
400672
846133
216935
153802
927633
298001
527542
792309
262671
210419
224263
111428
232996
944849
53589
739947
907450
820041
773561
817489
360507
896056
234772
875629
515207
427688
559574
785034
310161
898470
640616
328937
866327
635952
353916
930565
390268
307661
281518
374193
269699
137591
27351
652830
423018
559988
758575
15737
425121
219971
302748
683313
279909
624561
670235
232150
528446
857995
364938
575773
860433
824877
787215
338304
745570
467897
114537
176258
488938
863524
831761
114448
55953
364778
913484
982467
692169
396258
409616
377026
470535
939499
317968
94725
211613
751814
471142
979316
729912
922302
760412
53229
50228
222530
907544
182309
931219
830625
249446
718897
131864
376274
518006
365070
7439
88858
60248
463829
650846
418476
74156
490816
862407
91338
846449
677816
7162
86378
663211
814476
21637
781698
384544
49934
165223
228597
621052
869194
930818
587545
213460
387812
304686
17828
794439
350541
454506
191796
412032
356065
390509
98552
132953
329633
419931
186686
718682
751496
379347
548441
590495
388555
826405
89902
727831
523058
783521
823644
988585
619086
911626
74821
416433
661206
12202
119037
702951
388130
811583
868815
912672
567939
623699
159526
504495
106173
70761
140127
635684
778850
120659
621032
811764
325708
741985
109909
422521
98294
113587
762559
440592
369079
160496
790297
631200
426589
837775
34193
691322
504738
824403
750686
917212
581901
459667
468652
911568
560808
343927
979554
58930
46042
691775
390540
73550
125920
339965
217642
398759
643052
452963
563220
736981
733210
927415
470472
202566
169035
128099
639570
161828
747296
220584
799254
933015
218453
612723
75197
839330
648887
571912
743098
938408
942787
421787
428792
127953
307869
496829
489122
194888
629354
350643
260622
588636
291658
755043
939783
205382
50997
938536
404021
129226
651761
498948
381291
738166
72301
829941
214093
320775
895550
219360
222044
29291
880947
657962
432416
494562
131926
302054
531121
612222
882946
71400
162593
55433
124700
627576
571593
806213
683439
822755
643567
136526
488616
104427
516881
557148
620906
664030
958289
350053
253391
287556
415292
119583
833853
565298
819000
514595
708960
902587
102538
781677
359369
530886
935810
606528
785827
778875
200836
923238
970381
175767
832627
333909
255641
214048
305787
682797
427105
784114
301243
992478
819264
896247
110158
688551
859572
513909
414325
857337
890830
600385
6690
162042
786899
319441
633123
133797
455859
803567
197417
671502
