809628
355123
546430
619708
860908
624929
261586
34762
868012
600247
846293
342088
525530
779649
557859
135880
25314
259969
268380
518728
399693
582715
725473
386884
406166
852893
798843
101558
187101
108296
421468
939628
92021
697791
281213
798851
508632
822123
788006
725317
94842
534280
937100
986845
930234
733488
606740
341107
528181
966082
231414
579176
607221
812719
895229
44335
681159
155873
377834
363782
195563
126599
291512
22672
3428
948737
208123
883409
295086
889893
966562
670917
79695
731820
85531
638877
656966
690429
998741
149143
141088
164051
955745
147513
906666
852173
817714
977577
334401
106706
479619
173868
522501
208734
282968
226617
420844
193262
538908
233273
604978
777028
536489
717150
193838
432023
954919
760349
512768
861211
359371
629193
781863
474408
919361
75854
701679
517578
426852
712582
302791
411300
471978
279931
188465
123457
889757
449210
136018
709625
429380
95120
23209
631740
916320
54756
655325
543038
506514
955120
71662
931711
657882
386845
649678
514357
768250
207931
294217
824153
12793
348634
603231
683595
158339
74568
490738
919011
639341
76519
680090
461973
823063
829353
296086
714368
669739
739051
257694
744403
810561
470507
786260
582748
711333
13416
966680
894063
943856
343701
579002
720751
420370
259897
385354
300028
135986
243046
65932
128313
158124
30099
737800
228216
748857
273304
96381
746245
675885
299974
345718
205452
583321
783649
404084
557928
115984
679292
271306
202440
570055
433135
412744
615488
12246
954742
331151
67946
529115
432425
997380
393079
51453
502035
435232
202774
716430
459250
432163
305726
615114
995275
910824
315612
355388
948903
299604
54036
609472
704301
783080
18614
727011
741021
850870
401215
629094
252903
750833
933449
511522
519910
421725
765072
52613
86972
53605
463201
983866
919626
728651
562273
93799
605260
835450
579767
915024
29840
176375
77719
311257
141265
449910
396524
729832
273652
706185
108193
765417
489566
90995
503181
622379
836720
663963
360889
986408
929056
878236
329934
21154
412469
135609
672160
19176
805279
355182
976465
866424
775920
652193
190115
8318
951035
386999
375198
630587
692871
844228
154714
258753
651760
589978
572842
35162
572955
289922
791973
485384
200468
310025
73554
296872
201350
958705
995887
776752
694230
571721
964830
44759
449180
181655
668717
155604
59902
678129
27584
790526
459307
865963
708573
710866
541681
763754
698580
939795
588924
236247
366409
102412
882284
628464
96928
711665
788241
865464
846403
76004
737286
216335
470675
882643
346535
378076
89896
503486
106608
52198
920583
675670
462963
76226
581087
258817
741494
718887
29824
8762
956519
406877
98649
45078
654908
49876
301356
2081
619115
182481
157136
500519
544515
13187
135778
764174
923046
738228
295946
538080
555363
725915
728101
657191
432052
774094
428180
339633
284945
165204
184992
911028
874350
765272
491016
953610
960024
404474
607466
209437
340584
418176
328010
439006
998305
195050
801089
846766
807020
151971
782788
286944
498477
350675
673552
616918
312833
279954
673327
706759
966934
255542
101226
458979
731176
442189
574092
202509
139412
657702
111054
988231
480218
40330
180580
491820
85876
200648
449315
739734
638093
880110
570317
199263
210528
609236
125371
524933
813230
415314
966501
276583
458011
641553
247121
254124
739302
306495
849686
696643
810691
534044
262860
692164
677911
766578
287379
421878
825872
8033
348732
265130
509726
349848
329879
842372
137425
204000
120090
338649
564624
653906
397674
390260
573171
487401
358537
965811
552766
35186
329181
321871
836283
403360
814105
717945
824563
240508
992138
515679
220168
682297
107328
9933
169266
320357
157911
509233
440788
174972
973025
808567
963770
143767
17393
487379
731122
503298
504711
206813
4548
293611
56211
373781
914830
400501
367720
593992
300865
253420
509886
521420
750706
912147
960867
58597
207966
480410
926848
773066
944509
158380
685700
187265
469377
80484
857199
998695
182315
936927
259197
329356
344906
185964
790125
59195
896658
742048
466412
359639
607061
220871
528611
448160
163168
440693
971290
869781
819253
350714
445703
534708
349216
327795
702519
812381
225976
787901
60888
199764
911092
297285
652065
596005
533351
979515
493918
943074
205337
727269
417243
623816
543748
753936
210924
942080
50408
903329
877272
431553
154507
101961
681568
788178
169041
275927
817007
625517
527987
699047
646431
865408
241183
389240
194213
74765
195244
582748
695515
664432
336120
67016
202089
594113
365409
616075
729999
138255
271772
527132
567696
109837
508725
677579
627262
75209
452643
258778
361887
917975
774599
142629
411449
852364
148033
47804
231999
392678
403119
682769
490008
885065
656707
733324
510152
556388
419584
94845
270909
376946
302993
368169
11064
95453
587334
930309
458838
625277
808300
184257
195899
790397
617671
349883
240410
450078
307182
699476
373986
377174
737092
283808
447944
638096
703118
300471
921773
971927
758774
275560
435437
657037
225755
697741
258756
191573
923027
481722
143004
53777
180542
544911
359991
544901
567752
881453
300661
659674
816762
754117
215299
425087
817150
839564
811744
327594
196141
192267
246989
476092
270678
893330
308497
725059
262286
639117
649510
232473
602671
13806
981571
909225
381807
611466
628359
438290
505693
340032
91135
273764
205113
176723
134100
857543
820209
753945
369236
709754
716404
937165
400923
10873
330229
923519
182749
483128
465982
338731
407891
711885
13422
963366
24064
713194
924689
54132
630751
465863
456154
306807
732715
433502
981695
373378
902026
289936
148913
541068
713431
492453
969207
362304
15691
342577
839142
815985
173767
130578
924351
387883
476672
591701
898917
583077
384647
816568
576505
792018
451380
761034
332116
210838
758447
790255
636640
453334
464858
249408
85203
804584
277534
334607
257034
795370
654545
229767
885374
435054
846209
460978
634341
844307
743200
320277
467367
790895
41675
781238
763515
786664
733688
672702
392222
938594
661756
857081
601840
92690
340919
258361
562923
392625
592669
78363
25472
721741
82657
460001
241040
192313
763264
507326
791875
922469
48743
645553
358793
584
508865
127177
181099
161785
745377
7494
316301
761950
297353
932128
595266
839611
222421
452897
441548
372076
451655
381101
165871
351342
303664
536802
29296
303383
661559
760858
884591
316454
977353
957901
533342
773301
374621
990484
704541
587275
145506
368008
313844
555406
687304
81033
123052
53845
423464
412571
284490
694812
230097
965802
842345
706193
103792
817198
229683
401035
287707
319785
198779
773338
42170
944141
84154
868537
294738
212220
571173
120224
933871
106855
948775
462582
614382
272983
652224
287780
818405
910602
867450
683269
48111
852981
42819
232121
296343
554217
221612
559705
154656
578960
482365
651972
683950
967510
585778
599768
951381
403620
281367
728445
200573
507527
29883
73947
71534
157551
522964
818156
110526
391764
27823
658923
801940
276403
752529
218603
55512
266039
911600
807173
796153
300402
701959
797674
987162
562570
203610
171223
818266
278577
868998
885478
705022
32012
54019
831808
113086
380725
113274
521200
172841
403420
178749
390099
290933
384136
786151
324524
917863
683067
637010
563988
908315
806516
857838
500430
822769
656078
822532
286648
892116
642374
407112
782686
607976
213466
427540
783017
13007
992652
645063
963829
751896
688838
876793
780800
861574
368663
758745
526525
905848
152475
333414
955593
152826
5113
827590
540085
257639
582663
616454
706497
328440
549576
686831
514730
967598
681045
626049
75291
759512
107161
693583
354623
211009
750005
988855
346166
597818
186117
133563
9765
253567
686074
896705
183016
200073
537126
463907
93027
325232
630231
538932
593462
76282
601818
327696
45646
68420
927905
583327
964760
471179
973119
952742
710865
538391
170831
683785
314490
544838
220917
121249
95719
287281
785788
841526
635445
433917
788831
73881
13275
546560
445603
156577
388186
704717
447457
28544
82894
448926
498786
149377
723751
51293
330275
769184
885361
9167
795383
801221
581262
511773
252108
426975
981574
6273
75973
703513
257589
27209
477703
636092
524130
328779
67984
50721
826160
359142
904769
700753
699310
663920
567932
195899
935881
280065
176936
154257
227553
112283
150161
528767
904248
809781
70765
979784
712903
73186
680633
25279
397291
580835
651842
980960
865981
663110
626432
12809
550207
72824
385117
742040
863025
392686
2003
758178
462468
275884
920242
342732
202534
65905
368577
743818
819772
150847
78973
960818
804398
217290
858429
864188
104155
584445
197621
159832
740205
602275
345049
775340
445896
913912
743449
741673
329756
667469
68043
471561
378010
132818
291111
182247
644356
695811
679595
376314
767324
965554
56223
264687
610238
596269
866227
269411
875722
538827
375364
326394
356409
651736
663101
601951
925393
618522
624986
777176
795891
513152
306312
815428
60626
221478
707177
134900
352766
222407
529395
821668
615262
848896
711160
455957
407933
309309
211264
666312
756539
416322
248786
806808
595875
391384
81106
347637
65053
608338
173828
142457
963002
674555
629934
847976
153453
469917
465820
593225
487769
574256
750845
407323
198597
39518
662379
413494
748141
548591
968328
889984
15602
684758
175171
518664
360113
945623
187258
861762
626032
945235
557882
765535
412213
787634
360481
715784
458993
791531
770725
193848
693146
642931
784237
974900
290582
830783
557405
633447
936211
483832
34607
577054
111283
702139
222013
291228
617381
265673
958875
992027
895951
186770
699104
894176
840935
121945
104838
39737
861025
172867
621223
223510
17794
384514
494887
319746
815316
146073
104369
121980
746994
556299
64025
592182
685571
191204
95329
501801
536195
711203
146071
800403
511677
596930
591132
85582
109461
250660
633407
722894
408385
293978
600583
761143
147800
993234
591056
7705
683459
111325
274572
528393
983952
153052
757483
943645
460261
666502
576213
966211
284113
574999
512212
380030
5054
872216
305871
980351
133571
291848
501489
52956
393622
775972
461673
945007
854559
856344
56970
402126
967079
628290
483154
835298
977199
690655
669063
217254
613405
745108
887293
341630
527953
194395
91189
982193
878806
190280
751008
733317
201461
77303
672001
193974
429987
444756
127920
139410
819034
195591
735226
2676
344773
494074
842534
223771
671124
530056
695186
950310
959600
573379
18364
70958
50248
103842
301470
195200
921738
773894
371184
941237
5870
958055
495825
521712
784940
869151
40704
62964
90318
842771
473348
641567
689695
586810
943020
659079
101891
333643
334449
7536
774048
620999
145463
519399
1722
356000
658738
916990
21405
679365
378086
63843
67827
988363
562694
962719
548469
366137
725822
365481
985726
799984
223500
409828
575036
113973
673481
455164
719231
220765
663110
478808
838708
976596
492753
136252
368107
302217
312599
830591
699731
747450
309731
374435
39112
680983
876997
431766
992515
84245
549774
199108
174256
384914
935287
22743
307933
796000
601889
690508
6926
430833
244791
578867
583149
657821
993519
161731
523934
992466
83760
804119
211505
746008
922446
952905
363633
239039
165744
920170
510489
783016
884435
205403
521702
611758
819943
751819
913544
727023
428631
86413
169586
203130
10534
421652
578321
841239
302773
489806
517017
100077
456097
695515
300410
577044
255433
175593
137649
777400
184429
682478
2620
690598
108721
529344
282662
386102
858561
410388
229312
556437
385232
154897
118128
680558
236601
960144
510563
623029
896390
76083
374494
564048
487438
598175
34290
289954
864504
763927
976078
667828
351262
623094
423150
377538
985934
667529
570545
673824
714410
971143
334921
60167
869359
939821
717772
95489
8978
251770
508519
634092
489158
468996
270385
10862
256987
40374
330653
93749
97600
297191
626698
226473
379305
617751
838773
355889
845387
441416
461902
287
372932
73783
190568
287481
796312
445877
556745
946853
622103
856615
532065
349488
604762
304278
616600
90107
100651
43828
561408
659138
284740
284076
8682
976074
73456
100324
67156
661799
270543
772050
673088
668839
800309
295416
512799
228319
964785
595389
755500
910287
627818
561194
114134
637812
530085
86269
531797
589611
997476
685101
233374
34045
322601
280124
417265
963083
837913
780722
924816
614359
395195
514427
158666
80684
166175
762015
407733
605228
459227
552857
133113
255860
302193
300439
517385
455853
806989
867086
233709
817202
260329
516150
944251
750873
624467
465833
348965
35040
217671
301076
858859
106998
353334
707799
314865
257699
601256
973567
307243
989588
484733
413789
897844
547911
180815
372547
407295
848591
75699
81818
809316
860101
246879
487715
283548
481803
693733
754312
362120
591102
183197
251934
384299
140535
755297
336570
719225
179198
682674
101101
48071
755021
565561
326685
342049
401532
11943
302977
907386
676237
684605
510520
941182
659990
472936
731847
427204
565703
350212
6765
557983
874583
965505
28645
388884
725264
415715
441720
279077
641779
807011
333884
770252
256969
332787
44717
832323
808583
843551
1317
72768
515805
390031
781755
495295
449371
713385
814582
455159
984960
30931
679405
162542
836769
85334
629500
629032
122803
493278
840932
628795
416757
291037
829312
56574
365820
806416
714336
581984
716572
626330
698116
843924
806064
436876
355767
516010
807367
603590
913157
100985
115819
38071
480090
147129
830159
481791
712312
125997
6036
431350
617492
837757
94200
425606
712974
825953
193500
364723
289804
489850
144368
107195
76466
418811
748797
278297
376255
147908
338446
32163
848903
257167
124860
567059
619912
531523
520149
318754
592748
367590
344360
375824
315995
785328
126448
708161
1529
435130
206299
528193
668291
375829
485365
598504
569089
105207
871670
545433
740137
932049
872484
681380
208208
625020
589926
812619
558157
660433
109799
407074
599212
279319
756067
746640
841420
977367
943761
577458
804694
83340
14829
561502
320090
733751
929249
939652
111816
427855
896463
303345
101319
545492
255038
358957
704693
342276
54622
887685
760444
744231
299385
788195
205965
1093
135097
901017
515964
964344
498384
326908
900984
359900
99271
824685
221157
397346
907687
654515
833624
977476
719870
975236
157870
882515
142606
895715
113097
853420
101592
173090
950249
242249
911872
868169
202659
596851
195869
917647
420992
750037
233567
422021
912692
258284
695389
7762
797112
788891
436603
530201
817543
900123
797748
520183
258738
644496
35274
900008
542497
470262
744903
160009
406311
124794
383982
876600
576704
857189
292483
538007
896746
769139
997364
61872
567197
136898
968675
532786
653223
401126
737105
809882
830824
997593
994792
311853
424680
689744
118117
78049
183120
266473
177696
625052
851532
494079
570361
712468
333946
133024
639649
581461
843535
306390
930434
693729
943047
695394
94540
839345
315846
574407
367453
774234
929744
213442
968460
368843
590626
924695
438099
829235
974251
989382
682326
298111
740586
887645
53588
696641
613925
327655
840681
99244
17155
517314
200509
771708
900487
61198
528525
517362
210793
441729
51924
453309
811666
533848
469269
155188
778612
53160
438792
21824
131269
273043
601439
830167
139030
235029
479859
711267
776148
272702
333584
584001
805657
504954
907097
337764
914992
629964
19034
545370
267620
38169
602473
694311
296451
823137
626295
699789
557556
638024
183416
978221
306354
606930
20589
900999
99236
268014
498634
213150
297307
360553
595145
238327
516711
318339
54859
912127
997142
212447
39014
506892
662730
676307
119055
523324
685942
204960
763493
482234
335477
249915
164632
640607
346695
449290
191668
946996
595112
133162
531726
150358
992335
626093
812169
527795
950080
621409
377093
820528
760782
353547
927462
43117
122993
616883
955708
666720
834559
665561
103124
408606
520331
830213
508314
495224
817175
416252
955305
159682
437302
621455
728113
752815
177219
888717
212612
15000
160567
218264
358717
732763
963051
990485
802701
54752
629803
776509
874083
882871
287283
333521
483640
298973
931529
141034
993012
578910
702326
615598
485824
522580
263522
789534
231849
709773
672011
441741
543725
223371
22434
281580
684198
56292
578242
283136
799952
270986
938382
828724
701113
100709
488485
948874
579140
170524
210885
396845
947033
375091
192889
572643
67885
635151
894912
426974
152041
286676
65724
481969
46586
200239
755347
535456
826484
639279
957990
169040
80675
83982
13868
407517
174128
786830
861930
41419
584237
777663
837073
48468
314045
661213
331508
300767
679331
124118
29156
980562
394981
279848
566698
243262
93980
978857
997088
396153
864667
426784
139756
352201
133498
103313
413466
606076
486334
504983
928917
298389
302374
915049
688578
814113
178069
827391
63161
62183
540311
809165
554337
546621
616593
812462
533095
582839
390090
1308
805083
779835
377232
713820
430951
722224
395976
204855
36332
545301
339862
383970
526523
994158
314020
715967
824620
84824
71443
662844
759199
560766
566716
939673
199565
549284
520674
648200
392649
336993
382582
727789
8473
351849
727557
933317
919339
887112
553474
103394
721398
950123
731884
261588
220590
321881
64667
687844
585635
420351
545965
515450
178807
537704
240839
153118
100666
937739
859210
797147
504164
933310
105684
755840
717934
279497
326896
171776
193677
70997
740635
452409
343756
566660
281012
573457
113157
238106
385535
801597
657019
255896
625109
49884
322327
184745
837292
668031
310205
487670
778495
541260
342859
386772
202970
642296
571566
655261
256900
539953
859808
190940
518088
631070
209922
652578
770402
48702
262865
13109
613955
997997
772552
52136
584833
731717
205651
960262
647902
486049
967851
236136
252852
333821
45714
36006
610042
300601
203949
227306
484085
303932
495929
200544
71869
862197
402603
857353
780202
666877
369000
104879
48348
329625
930142
983155
419236
524571
75517
771970
594579
410279
415062
955238
27676
602131
764302
630713
220712
486376
869502
414900
368439
485702
141675
645349
188078
17443
522461
175743
922241
389044
232030
509899
970173
872676
345361
355069
896434
829569
644012
562465
193980
687222
773907
726516
519278
424179
57490
773711
245786
407401
256311
631102
665854
609649
422602
615856
711886
433292
797610
225734
778521
535621
928710
953934
98587
339763
270132
46217
37664
990683
51377
196008
491920
785138
215478
652246
707675
624895
960819
99695
137089
970911
199531
759566
20926
951266
692139
650691
454737
799827
622824
599716
925608
683670
763700
239482
546666
946217
581917
292508
866464
205900
913442
813530
931329
861373
77971
602064
182424
197341
964932
710490
589652
540846
290925
618470
888172
448126
161761
266340
716717
511261
917417
154587
48353
498377
353981
237013
693982
10091
368862
879867
97448
873466
777235
456187
542788
980606
125309
96485
985178
757935
997721
157717
625477
397820
518802
480459
812795
596711
695809
371607
904276
638285
560002
244271
303033
149380
136948
65571
142506
289309
154636
263591
833515
958408
981334
157135
166732
825815
171786
742106
88916
614043
570247
936677
951689
839850
836783
128768
754335
11522
78174
243230
501499
427592
445703
989286
639010
210345
913197
982566
556162
503458
86524
611175
562397
277786
375362
850907
449166
774636
527117
287347
353786
578179
926369
11277
105940
207839
181206
805835
318924
970036
878220
451647
783893
874161
751052
874242
467921
77982
296637
528356
452892
690846
344960
190269
965426
610004
156776
652898
385406
984802
62233
746228
570560
361869
970620
530066
7001
231676
482780
959726
387254
652639
304928
864253
885719
206253
304997
996872
775035
874309
748343
151072
109290
168438
614445
229166
476574
82586
854238
570920
153679
779549
677251
626336
235418
519900
199787
442487
907085
882856
610517
235886
847377
303017
758381
566109
123039
585830
612284
414611
933764
99504
282462
254241
810702
30615
57022
268182
56976
75448
5106
529462
74816
488288
839292
223036
784915
765570
306240
69476
253380
793557
201295
494290
148916
656904
760033
9378
912236
955043
263330
625421
773566
978235
828579
391476
94857
835857
880113
954252
906266
852489
163523
458855
622768
736578
937420
125595
174424
188118
60273
913297
784567
909871
993813
165164
177958
190468
813071
809939
673207
902639
820669
534045
485398
241837
627826
558296
719755
576497
157962
204086
420764
686245
913311
794453
780752
678078
294548
359273
102606
651578
923470
399945
260515
965433
573123
106770
255586
284341
118826
120060
67237
562080
10834
427383
290226
574553
840207
451585
154682
812298
197263
589831
393915
770081
351306
288373
63876
351976
580312
518428
395352
917827
840732
919359
798636
727686
831454
447738
32651
358192
557111
302352
205978
302088
853989
12944
547125
763731
689470
218914
729079
112815
862018
860723
934169
945296
424649
616955
772082
591316
531419
497255
48476
887620
923934
803496
55799
582185
534826
903000
711495
942601
482041
296324
387193
6333
720506
481050
729027
272304
267268
518832
684904
337142
436072
353134
957211
221382
270879
597210
884475
945238
696290
375486
503613
714513
571097
954104
882472
641656
476907
681182
118009
541970
78516
167371
66790
429969
617364
522123
434240
71427
173860
246239
188145
749553
699972
441773
920485
93464
509904
663879
544518
32641
796785
38870
314463
115263
64079
97699
356002
980101
430692
656897
599492
903905
377964
427547
776262
309465
707833
564118
495695
154977
188131
108706
819317
131125
29404
159394
738075
940889
968033
374710
230708
101803
194124
112737
101798
232994
680966
507676
516617
250149
829147
484342
777550
404170
609766
582502
661949
32937
60971
710319
962454
863261
741443
671662
121241
498327
322418
661443
905186
673950
608596
659994
648940
956007
488246
532245
964214
147788
64962
549848
678786
196524
858130
302832
545018
936224
760997
646432
420654
482005
52655
119306
727992
306827
2570
999799
494977
752169
915531
506371
221212
494458
992752
747496
761295
568776
90549
523813
373875
940051
395397
564298
412593
298030
696525
703779
565100
465399
824685
236031
471549
983217
61832
248795
30745
312064
184699
603824
767504
228672
328618
878998
434990
904450
528630
602707
889348
450659
577227
190533
168257
499403
815253
87015
35065
174847
37842
740547
334664
989540
419907
148788
524432
78161
334652
476247
183197
205263
12571
48846
460394
500016
416917
851568
874173
861448
603500
822481
731885
385485
852476
443369
837572
788231
307957
505955
804223
575283
53347
945028
364210
680634
551337
487606
286152
108809
111117
99697
42408
732941
895340
351749
410100
978892
998990
333125
898667
51043
667796
298707
260910
820056
255822
732549
293728
367131
281641
409713
623078
873118
407750
543707
889294
432909
675237
367863
596107
334124
886912
780764
192734
500493
808628
974792
507473
969770
310042
442122
985374
469540
554997
949840
983020
172377
446595
863117
353209
924060
406454
985094
930003
268308
749117
458426
731328
173682
3003
589036
830717
894608
486809
204366
98915
121955
300535
255372
207142
490653
865789
50994
604280
542178
753360
804218
307979
727908
552673
741494
897715
516317
453663
525526
680809
792616
284044
473943
624428
482557
529389
954185
24385
562823
756891
893178
742428
796900
723191
333892
803287
410936
864251
433840
660447
551406
593387
922310
635502
454349
390698
853363
68850
267186
257000
53781
935437
534960
892473
477605
207990
489728
331009
488577
873916
119847
133772
42581
260907
434915
686394
517797
311751
392465
220119
275386
309109
84382
739977
350631
451129
84327
237986
345527
656922
455280
577686
55542
470946
860990
713286
578392
132482
115346
105850
789833
524818
386882
185454
157521
652597
141813
24195
627363
347483
826554
300566
44676
787616
339589
51246
398227
885585
789576
192271
35321
687311
345963
287915
261869
195341
695783
785912
265380
20276
620676
499421
408020
561189
333741
610950
128100
967518
900589
277911
326706
863030
927048
875388
148288
104130
969016
323807
912123
54298
900995
664883
638442
521078
29941
778158
575216
940529
120895
293523
380157
350384
402220
573805
710103
490076
973308
309655
558017
498250
999647
979512
985605
496828
721231
506957
899235
841281
197706
19167
842646
507575
187499
978131
695423
702193
585700
813728
77041
23411
550875
182363
194072
551066
581278
161454
356102
749529
718403
262311
244316
490142
172128
386028
879377
364306
392995
932493
363490
169408
27920
614962
873110
428237
17238
481651
749229
868069
471116
33414
662628
833271
354957
931731
717672
983638
32684
845540
194197
760192
557334
481720
164713
432892
31555
308663
534025
778908
425752
722623
375024
589218
655261
166236
790320
325439
175702
289303
901350
890358
16896
479141
692095
638240
796585
347264
664032
781320
561836
759636
414711
598710
273609
873167
714332
708041
251293
680347
344035
30397
646658
899560
108352
367693
649285
360738
952151
221234
598912
182210
971872
529993
116500
636865
399412
738194
130693
308646
193334
383061
455474
661120
410464
132895
837167
648240
31785
948650
360449
152606
400848
93082
5173
544140
721480
154340
182557
784263
979584
522633
828904
968825
521678
322496
788957
122972
219511
131058
567860
606025
278621
602271
311569
144047
59526
680606
454238
582943
443845
722177
447107
110723
561287
358615
252933
584495
7292
839754
958776
359887
513119
648041
155362
560192
60388
108353
199790
365564
324350
362020
134602
828973
271050
776075
693917
674786
165275
875671
756008
861919
999458
892851
27064
136462
177594
266006
456069
318868
213454
529125
967339
735615
324456
757429
126722
83995
51030
597422
522140
382180
724219
788043
629466
180629
119023
482173
65835
414303
737108
828592
129571
799669
318582
372645
74612
438148
714590
119742
794379
989248
289012
823448
642633
493082
296334
138770
812828
66638
165849
225581
994362
134168
545314
803276
409850
475206
466690
336218
581262
699689
624676
76042
220385
82469
268724
486329
996809
597480
315878
543473
774697
991031
946656
732039
45990
304676
372101
829028
306244
235868
306143
496352
177564
846685
225384
701770
725564
478916
661046
422212
605915
828676
312896
439627
995255
436339
603473
208789
89933
381822
904327
318035
182068
460541
955464
376406
321559
395361
438851
342350
40525
940490
324190
647469
180695
36150
500097
664617
981237
983315
703806
188961
546789
536117
70492
379095
591289
783010
428735
630876
972116
971339
780661
371401
445121
171542
798367
194601
756591
887510
16762
567412
314445
608860
90953
671606
150974
437927
889249
868047
414649
189366
726353
495891
58881
871550
939179
98193
692667
920056
565555
683057
112625
473618
43748
440375
804642
875013
207257
616804
664707
581254
12831
451835
698582
340822
684116
309217
764582
674164
842875
68765
351068
340275
278624
255744
978497
56166
880162
981470
111633
41847
322402
636666
592056
663831
705223
145856
281900
176847
932011
175979
644646
68789
182693
143175
549758
54779
569075
911888
851874
756450
870852
539194
742706
214092
206496
546762
568380
871662
826677
685601
995407
301028
582271
346585
253502
816158
560402
576328
64627
48120
870791
122466
956333
87976
754945
15099
989591
800912
704027
630633
251782
910388
914160
414536
382287
766981
343110
452567
652931
642972
475607
725183
720969
407042
848318
271540
921110
309804
269883
768564
110987
487748
983331
826477
625258
85986
763559
731899
990902
982361
219774
572815
55463
234990
215986
644459
819975
185316
272324
855177
418092
425843
821629
196700
801298
519895
571603
817582
944212
326276
164724
892776
236615
13942
598193
880752
566068
244263
862922
518316
830127
971482
154450
284006
275352
69525
885439
716360
19822
55723
840720
341254
101323
115319
110299
382490
159360
279077
19122
295659
972365
321258
680561
589703
386941
981012
437607
409359
147036
197179
79903
631218
745686
19607
17674
165777
739950
776939
412042
819714
203223
558432
356189
225009
477043
660972
886500
74656
380837
676785
809487
784142
990549
653154
260584
626614
810816
372128
519928
11246
159288
957283
983130
422128
962367
431059
89498
283830
544828
332855
970952
683902
399192
680452
535071
586221
617720
490455
43597
328016
622039
484543
537951
703549
519870
371761
723915
254296
615651
64606
910489
557106
677852
821666
625774
667019
856254
775955
999734
981240
213014
618554
646253
53344
247043
353950
37771
875872
483119
399547
451594
834894
725480
105874
618133
649051
627487
229018
972046
268498
60347
793172
702908
941117
941915
452220
683536
970598
583783
687387
558418
529211
248081
199418
895917
672587
407790
876081
752915
249453
334251
970653
69646
245311
23341
367919
631333
484236
200137
784481
971367
386823
262429
749252
881495
333172
61513
649590
686259
470566
171469
279151
801251
484835
658241
709242
251
39523
293355
541440
833517
722615
844672
810623
153934
141703
603322
869914
925251
241716
347026
412747
328456
231964
159323
943668
28572
836923
710715
170194
862989
34606
782342
631506
835227
635412
676920
719998
235660
570445
437199
621392
285452
636260
167299
578663
949886
475401
425891
205207
302051
219575
164430
176667
206885
179444
883850
525478
200321
648311
228996
138839
858640
757347
861284
864778
448304
617074
519756
831946
999187
49581
666414
523301
856996
42071
116807
702745
479761
657642
969340
158378
759609
884665
178703
249685
934900
360756
459262
445982
876473
70858
192760
733318
318832
629929
875325
862745
421141
152673
370769
85667
691077
39526
268060
394754
160553
783028
438369
918807
749180
465165
595417
488470
1978
520798
987499
138557
274727
367487
777675
144290
496760
613209
845996
784741
444450
796963
514595
485764
635582
480325
339546
725260
64470
543453
669549
293229
317455
527071
28452
433063
179826
345623
959118
942049
3032
200138
808310
971544
29938
823418
414405
996276
391347
910729
968372
715254
414362
18805
520939
433678
434271
270402
131259
701706
235001
595509
47861
866152
965770
979388
209253
456140
879337
890411
655406
564941
626761
885025
996291
136041
281738
10441
889215
785113
559644
212988
733282
358784
228812
884740
460841
278333
260653
413052
818505
43743
321060
201107
354695
596408
889295
629615
733175
974794
653714
158253
975503
629342
595072
951111
600230
883572
897891
362447
83599
484245
261353
695320
3340
217284
2731
518900
446129
884243
451994
679703
260567
517969
580424
623642
884921
492833
362385
612252
612014
150182
307876
813379
383747
277850
832369
357280
920500
898686
735985
692912
203079
29228
423181
885311
354182
469192
614316
684264
576983
129685
959964
353207
977337
91043
275676
439343
711901
927910
566915
3879
643487
600867
237777
499983
424159
11779
157649
138768
941633
220746
602983
996113
797437
434721
792380
331607
346403
478799
770818
281284
234607
146758
126118
568448
899588
746522
35986
200181
182473
371405
19420
913460
893277
377797
859726
129397
576504
732895
386066
161531
963103
162332
425466
694614
940419
834937
520426
969410
911351
57821
560419
342701
416332
51180
417644
752406
959436
71097
882270
603281
246095
369304
226957
493095
874428
693200
716814
723674
542048
145775
843434
585350
6628
678648
659806
944034
918318
418296
493515
662886
919639
711543
872256
873927
214724
969033
250722
774686
40803
613700
297782
882854
876356
157068
516683
545636
67793
857801
520647
917153
217196
746298
224780
169939
323556
184483
847622
318682
594387
769186
995091
993318
510678
186208
622672
640565
691946
422434
643325
132090
835487
661183
962060
192281
843004
361580
675915
765327
754288
586419
353834
334575
391152
105347
767723
289799
391345
625952
58343
70817
249412
652987
729655
740517
925065
386524
111237
866908
218257
528507
635503
425423
26516
721455
530324
241422
59979
141182
20607
542604
639148
348371
193326
143528
484288
385805
482494
210310
879330
294131
378932
287132
22
659142
596842
446473
196099
757935
52180
365215
147278
622680
957358
255873
311701
906839
43524
891368
702213
865348
52317
238400
206233
249771
758021
646959
10543
507613
82294
687029
103560
311713
225314
651566
536540
222088
794080
933877
925912
391838
284656
92323
46582
564476
431788
962677
885302
508539
416526
939019
996542
879619
863704
218829
544203
313473
644516
788392
662291
95159
904904
760822
483641
730733
864485
458172
562476
147397
316685
743372
240861
628268
60302
620683
879515
598445
624927
943885
210828
569439
524262
506268
846794
744767
132516
810328
837335
839960
107262
893432
504767
72734
149097
843502
939593
852379
692912
459241
651673
417665
172069
492980
962341
512349
107746
4028
938578
799469
780411
491375
604778
840
947778
488191
936764
77563
994933
400709
648337
813045
453896
258563
956486
75032
36875
581058
937867
321391
111161
832666
519670
52671
442332
254352
924165
35638
758047
73817
435695
654976
550386
954237
373157
311993
220116
220311
314538
767677
892928
558777
127436
608538
757942
525292
617598
956647
388644
458324
248467
246318
351025
402802
385689
667524
289895
851204
439952
362042
814395
228423
491205
231532
363193
965469
111760
399926
764816
74057
421990
443335
817336
914326
399004
976653
833851
287127
662201
83920
927975
148554
31094
610715
735375
111382
526804
183188
824
109172
596954
387693
548135
456874
812458
831155
136837
186353
493823
304900
334252
336696
56582
247710
590352
795073
325397
229266
176589
63658
464140
922007
679176
735238
566983
422778
439557
741930
242877
202291
683781
478788
954616
638227
824602
84260
705713
911898
243593
892127
868615
640614
205977
84872
876444
347717
445630
238431
546444
668203
803805
605574
688651
109951
578108
998958
770714
861584
299976
894225
111782
471909
39361
322456
233085
565425
937030
39132
326701
916389
238649
108041
249275
55456
748110
244511
223293
237186
680501
407378
281685
898270
389602
272466
330058
543565
495925
190949
543940
259871
928011
532399
622692
658797
490720
894676
922814
763018
119327
457012
682740
430040
258121
292373
144304
204982
357181
677023
70397
354199
703913
184960
604483
636014
170062
68591
502749
397253
319465
904398
131097
796013
518275
495657
34251
15376
293399
469916
236942
451042
152475
387664
938904
567350
795565
315109
294649
337197
215963
419180
321072
460105
509327
238283
700906
17696
140373
587908
276312
120939
535755
301647
447851
244542
864100
98979
807023
554386
744792
294548
664641
912062
649772
93206
508463
916805
115161
16287
738090
421768
391068
47403
68714
234588
641433
744793
796703
984758
23725
617075
329359
892291
134799
20875
542352
468564
132769
500224
482852
467127
823769
71968
220076
843105
115590
646183
349259
132103
43394
798374
746520
342987
881331
613951
338175
246867
38781
686156
618101
4982
15432
164064
65749
560400
49193
987749
800284
683317
913391
222628
883773
115778
158861
337188
357730
397839
454047
634857
593409
402112
430106
59934
123222
603963
842453
740237
370434
659316
370222
157258
808128
518307
462362
112048
451392
12055
715789
292099
413538
232677
311938
123573
627024
302008
295784
397316
67000
373388
865641
4928
448357
410550
340887
81578
405753
709019
795125
183928
643337
725441
312672
791862
7573
620226
474201
495110
575074
62172
788655
67656
76342
751270
515149
838868
508656
978846
260830
481636
214913
956573
742872
171983
849483
396395
147756
655088
847060
508271
172937
210341
631847
503935
224583
817843
891463
502550
313399
72199
668241
283171
6788
855064
395949
290494
819845
156968
654192
467765
423587
202856
453650
163845
339362
204987
318663
318500
220365
811987
916667
56891
141186
470328
271663
981554
375191
581927
935595
680803
618856
235479
495967
293104
147711
662
661594
379184
196510
483154
570598
824708
335403
64436
827134
357000
437945
666023
286956
88229
384687
746231
932931
730884
853591
355412
580598
830301
922309
253045
426004
815469
695713
216921
723233
499078
586772
120296
99090
499136
671115
135545
30692
940237
572843
795437
687705
903531
955793
782712
910672
906290
825604
705536
346176
177677
496250
317277
597777
540741
60356
962497
911062
65145
998614
596593
456171
815786
171255
500785
745320
527987
888385
829182
211711
272278
818518
313205
566584
461808
901343
564305
966021
216655
462658
338450
87492
490522
671392
821112
415186
804078
916935
220846
798406
353674
870395
11076
52945
970144
405852
533717
128496
113292
9652
377480
280779
633120
816095
931825
968878
829150
719191
315863
204449
699263
835100
297489
52069
832176
797308
845065
461646
204956
70596
738914
878136
169188
154115
327094
429735
486700
116471
152312
84671
915855
595927
196217
201820
805234
46332
747462
89679
578230
666669
579758
786550
428871
558214
814368
262647
216977
521027
726131
559001
581267
333486
911040
638014
440652
544163
949866
570945
455377
425405
366014
27176
398720
538143
959477
22086
113231
375393
720406
487408
60158
963924
991608
209369
7275
158132
178470
487629
258564
376105
159707
34502
858198
606138
316908
726959
201028
679887
982213
698034
594452
655776
183691
123392
936356
874496
509089
765661
890042
842432
450374
612836
777656
8385
79900
214175
959790
92378
991172
670139
75978
969506
356260
252587
934826
127962
885642
504860
556882
625466
263658
93520
285177
96406
183619
120666
534910
654957
563168
937396
801144
452174
713915
393472
739371
780968
463676
834778
523350
534444
3295
328086
649065
217377
802611
137435
561299
669060
496702
93531
830138
510553
547710
1838
614212
630546
890314
981450
192786
758299
514647
150177
644749
41344
629655
91863
988056
447484
993916
328223
731557
958559
597595
118001
332259
822490
565867
82217
301269
183146
373868
415871
973566
655263
108196
799839
871353
806792
961668
167589
552165
141821
159722
166391
10045
313609
69312
186558
208005
53682
260289
696961
375008
455782
952476
17056
915775
153411
267377
947243
517620
369090
301560
30493
289252
692417
516481
662392
22363
159405
117526
315582
674490
76297
934524
258953
280587
784861
729240
239560
55413
480893
106991
289622
258571
268532
719942
185208
132606
430734
664744
313971
279923
726271
601542
176584
224559
304947
913144
13966
153455
585267
231394
946538
492437
493489
81714
437484
273724
962416
447749
943049
437164
978962
415849
731633
948393
638207
515581
732941
941862
380464
773045
507799
491415
34901
128186
163285
216356
476905
770670
540723
792761
453904
908877
632508
314
57257
423407
961333
414484
369142
699306
995990
610671
861669
578388
647013
37887
838523
922789
881713
610746
30940
659515
164137
355940
748409
827896
165527
932870
163414
281414
890492
883325
708727
516667
197512
539182
928998
482263
717750
709015
965028
334506
414722
781185
975658
555283
160968
714130
587354
694563
546363
89214
9607
875551
210430
515358
327133
833444
102754
563801
768559
818341
965949
534974
250395
345425
858595
885812
871132
110800
403268
801544
766508
882475
287906
356646
651988
592075
62828
679715
578897
502233
597628
863159
728613
849605
875114
141384
614903
802338
538571
122529
845991
759407
938378
329601
278707
674161
917920
952720
946815
665083
602931
151021
830532
746192
514505
798114
980248
267551
946023
825977
845269
12588
710154
224168
743209
597264
563457
567079
542458
593879
245029
182115
58419
64583
338294
117899
465648
870400
878548
644871
41346
170303
640023
454792
632607
992956
757195
193146
630697
551220
328523
6934
336537
381121
406968
893909
129800
326820
793047
938175
259290
190245
657029
237857
588743
798289
899351
755037
570631
588067
78546
490972
12506
318141
774595
126558
129713
808853
189501
261233
482620
62637
462893
688512
362897
8250
591323
901571
134902
329318
414399
469460
886667
185201
540414
921890
97495
208242
864640
713342
788781
353980
846894
366035
211642
135900
721549
537714
733550
777278
745778
245707
702597
503343
897889
509177
59057
489661
856774
815924
647526
313146
120143
106538
986497
255200
550180
262567
197334
847822
144388
379184
221268
284784
112317
504880
502871
3774
582920
796618
583115
690651
164926
623245
694391
388765
762363
715845
906989
502572
670158
197742
138701
55811
461338
858052
684081
230804
35084
24822
22904
254856
452408
63352
529650
192484
17555
123256
816549
278471
1607
291240
113146
767952
216823
248890
531463
658396
578703
700522
248186
49644
496326
504949
777246
402150
766835
467879
506701
895794
150601
931794
252339
157573
712177
662938
516026
853114
502914
682734
553687
715932
212960
737041
954609
889088
526254
867734
261097
814863
438833
739242
756170
736930
214018
185419
45391
128774
184239
855895
876107
124959
316400
451071
322233
236968
56129
232922
83424
147672
862560
24854
106403
82144
964965
151753
712803
136977
128633
382245
625745
392219
873268
733642
963923
147825
891735
608054
145106
187656
911331
898712
931294
782269
433108
593026
381695
449046
447421
463996
187417
333472
433601
920116
745658
628472
140075
590100
913988
3622
721323
198828
172338
404068
115438
56718
300616
996348
18264
377721
773467
750543
712609
782765
358010
55858
378185
561181
217848
387122
476665
749955
488087
187768
512632
100685
526931
9800
376454
452597
927752
773091
32281
780974
811520
669965
960945
48378
568797
761961
478746
357657
139679
214272
11838
442651
548563
37024
424612
709015
724185
105889
846537
95924
509584
379907
568601
707940
726688
328819
907210
70641
123299
215660
917014
634479
797553
572602
152915
484369
28998
38298
952688
108440
63698
425150
916878
506406
350110
186989
291512
119857
373078
665414
900545
67091
598135
584932
683129
609278
551509
557725
784587
767564
387017
811685
154614
179124
576375
758672
166054
793113
892088
76021
221038
452668
153000
864238
656997
744274
143245
564027
150298
493233
361954
522438
905077
225443
387648
374785
123627
325981
156008
922539
936605
359498
390319
319346
775886
954304
505286
721459
778431
696852
869989
327005
764393
136073
60948
698867
534230
475363
443670
422000
811805
268762
534706
157956
408312
410794
449311
916349
405507
150471
253515
893761
477844
870574
251464
486583
803121
743831
669716
359814
296690
633415
264963
797109
753908
32577
405067
82482
319927
288476
383212
634670
319893
89200
172986
552101
254304
673322
63240
865339
258262
972735
68275
943426
16195
433213
496712
459737
489268
34685
408083
353454
667091
536885
437381
302179
464164
798634
217856
418830
583579
361090
681219
393307
275095
821175
980973
895309
804735
501352
108719
550689
662392
263434
429459
104723
148352
337339
317347
434490
223466
878583
835639
96398
305398
980643
942879
179786
398860
300423
57513
972588
15893
190617
44367
311834
15671
464116
940032
663135
201387
118888
109193
420178
888316
249835
592224
683543
853149
166572
609677
421759
812071
571144
756278
963083
230831
130262
564357
838798
969281
875869
134839
215408
651451
669093
475076
837966
528711
878506
873191
443711
868982
176493
395849
325618
409910
281126
396814
641779
171760
214164
474427
804940
164416
799284
606017
969096
402514
542416
398891
633875
885589
369518
165473
780029
216415
694057
73751
392029
251357
460830
395861
579794
124149
60989
327843
356709
434490
935615
507536
910538
334795
887798
851935
593861
419465
606208
522831
895402
425394
388117
872198
257661
551839
969536
205593
953591
114198
835435
298682
975274
53005
964882
27327
530748
443004
885914
376395
743375
889181
153786
408027
760641
45443
459543
100399
757519
509908
661102
226130
938004
458661
809387
938824
457904
173808
464726
114836
811715
765108
571309
556259
22233
238442
753420
204824
696288
834847
813385
971189
241364
860211
276764
221667
972219
791276
771963
389790
482444
134455
59013
408127
494059
395517
896468
530023
108751
870558
140149
198917
506245
100301
481588
896005
108109
568456
934544
974742
829346
423538
991309
374165
4568
488590
594281
157467
192413
795738
773030
326240
862689
683910
843654
353098
218706
376272
798485
801814
188736
531517
641824
315937
62944
148085
10563
519572
416556
817724
255456
651818
943399
167689
756588
381024
973311
31301
601827
166648
673931
547361
72604
941161
515443
59092
511351
748390
185646
474672
225714
48969
792806
160928
512731
711452
430969
552512
252768
780100
160601
480985
717442
991947
325267
625015
35432
788488
363821
215337
578000
937261
972776
321493
295008
74349
308132
958901
786970
76168
703971
750258
346926
517300
691301
967835
181546
866282
427827
569858
758669
159050
214904
951091
366457
947435
526025
535378
9670
499971
26502
175504
191155
935984
190360
410570
387767
441953
749530
27518
897334
262307
885908
23018
980239
332812
700962
427075
688082
458622
34227
448335
363663
635288
635757
230879
517513
419519
973742
931629
882058
717124
454446
848590
328144
918771
691136
928659
759141
614775
139511
86210
116620
873325
321765
948652
629975
747395
570175
118507
599830
18764
100764
932858
618666
482596
941468
313137
23863
626043
15269
905627
5687
769791
209801
951285
213996
906922
233796
30214
535341
295909
899169
995350
162082
668568
374971
267084
882443
181263
578145
988199
574010
469194
790035
505881
145889
590241
345897
479931
430918
400978
677971
32881
628755
97257
385915
250972
557449
566602
676103
481077
384917
410590
659578
862668
639739
20568
296890
547806
615023
902051
197356
420556
783682
553514
12347
785982
530809
146563
654264
204627
273082
76409
762396
485059
356256
351540
683560
67412
954734
733639
576941
545590
593631
979030
851048
750907
144155
305122
896325
879541
113222
115123
404548
830510
87475
118049
596857
211582
884598
845630
628461
202189
255319
492579
720290
252070
455971
619286
294004
67315
580828
178261
437403
193243
739216
866881
345357
633589
310087
192234
348929
187559
902934
174195
767565
288671
161488
86050
489008
431469
230172
907847
80044
787836
544930
812421
314508
986604
685151
282050
43332
191693
844633
129575
126517
203193
583916
835028
402255
46414
394306
357732
822929
11654
105121
137751
951788
960886
694942
578914
519877
816928
107759
721744
367322
612916
399006
176723
64252
540010
961498
27883
761850
941493
946088
974578
658590
973860
501494
401601
636241
921370
416848
95747
564889
264616
923948
994836
67843
998980
227871
82837
914396
229737
36786
750671
103769
676426
483856
98369
570326
120627
751062
468616
12859
312383
978957
167849
122491
844848
187444
486974
483830
567406
479605
253755
965311
647583
657338
785693
471607
49695
405401
664366
789720
558940
648235
544311
368654
550225
981050
148162
494911
110749
136920
875722
13804
506047
288396
479297
864431
542193
452712
485438
527588
801118
258806
362818
371684
431424
455441
777317
889133
58202
423119
943970
228957
899023
804124
15099
547229
43422
450850
510538
937691
506043
55716
70950
785967
872395
955946
805422
437151
717691
202519
472693
804286
322108
478614
246986
528559
895007
954355
631970
26567
395466
470790
954981
188432
431445
191241
884882
705834
113156
900491
150991
113677
46304
411198
500945
176425
177332
88362
318628
639086
997089
47748
487191
100648
754719
173081
475080
248705
645840
690469
597896
923242
443714
301761
342314
685973
529346
120
331053
531162
501975
126202
918787
747513
968674
708457
270397
10431
388880
619409
827222
581569
187769
36021
816473
167813
836312
445572
906095
678593
113959
971819
143945
338811
440343
735300
413862
920847
147369
627307
770241
869839
817836
292785
941275
318532
354067
48810
39072
181459
985074
915489
342649
100731
126101
662508
939117
374331
755581
434778
364404
344017
444536
431944
714522
948956
714524
317331
15309
223779
754784
881127
455939
413934
791638
786934
175498
120402
226889
743493
361005
289931
812911
90464
792000
230145
357259
385966
438985
375981
800930
294559
539403
175573
432919
171585
379376
960691
927525
44914
290322
291444
651833
759792
148262
274204
461034
791757
898565
524358
215254
255294
240408
768649
207450
379026
166688
247095
265389
391807
91424
126015
962650
478487
531303
994162
603672
386651
538302
568930
927751
151014
780522
447271
378441
733002
15902
895483
15419
102328
388032
671493
899087
759000
293270
40563
923591
317369
652877
1600
970832
958498
438118
934933
8697
940103
6909
780108
103118
231191
102455
349007
191253
338546
410824
637663
891684
497784
806431
212657
50845
244221
861166
819570
784136
931673
609305
679595
295307
564187
616314
851776
965128
71005
952143
936083
448851
605170
34241
82182
801295
683004
312338
555869
7780
754587
167394
741953
901022
917696
52573
279584
584229
218591
865860
118898
447509
8899
56087
636503
494970
881787
863260
627228
291049
474034
306127
51741
325309
406812
723366
79428
272813
513421
770752
744751
88775
832100
406249
879408
488651
305444
128588
105902
895718
681059
766902
42728
276426
38170
512451
369690
314470
855645
461479
453496
878663
750310
132507
783255
185995
978186
735393
815595
954429
841485
374070
331243
986322
937233
690964
480913
338559
856169
957089
803261
163061
714443
134839
763065
443898
267428
413265
590103
333861
741382
902734
120887
328310
60669
984997
148837
753488
842623
793894
151775
148820
890433
360361
538228
966746
786022
261013
743239
799758
71314
787983
201075
826021
871773
361020
664649
412219
476004
641717
976500
193547
50169
537927
477886
849610
72698
628643
347307
580448
973887
548136
309891
656004
99629
157707
151405
597042
666663
127329
913399
525516
235045
889481
608178
906315
525724
658873
804346
255136
662749
510947
923028
737643
777914
543043
172720
359958
551202
243656
634893
694992
723086
340636
167100
447202
602324
578322
857916
916783
45657
733100
955588
397708
364900
213125
76704
992186
971981
160545
541427
860668
872788
282511
257179
293593
889230
353977
66673
542832
973689
859720
346223
650803
533937
490038
624685
770114
91580
583921
230020
708388
914111
692713
146323
157988
764052
905463
328224
113094
159155
46953
47830
83428
832396
937710
539116
306602
347063
115803
962855
483818
102019
56919
644726
887325
671851
314793
276923
845687
372135
11356
775529
418278
485214
161357
306888
258662
564152
473617
116693
344451
852498
256837
87431
326637
624395
518451
331373
495857
11579
986461
392243
626202
252036
191466
580740
272675
741376
704874
605385
545367
463962
869512
764111
176391
664568
413579
709254
871336
255318
568584
868133
753415
809710
582056
60843
877417
916947
590162
951809
110851
51998
585717
911420
395474
748287
691827
584702
727704
21237
565101
473212
176181
359064
563751
54938
917534
355347
209112
521201
115260
337520
102289
208051
689187
5004
87175
351910
286253
905833
339647
844108
513267
194978
265813
777700
855975
527673
846952
13320
679953
849356
675685
661175
115492
780903
175279
732909
117436
569011
629288
375855
541559
442763
433311
667491
316269
799855
170006
554203
81485
71761
376750
849778
342613
518669
494705
717711
101869
830070
828412
65415
49697
694668
424391
736415
135354
113417
282515
615406
696055
887194
798830
611233
320813
513259
755558
473049
910456
96603
560904
352047
397149
520335
40147
515927
654590
50594
544638
138786
418616
619642
73827
136285
967773
213494
504967
897559
190985
365379
190214
214784
437475
631054
202144
437997
555698
450388
333594
802937
626713
536853
61138
314245
903153
169766
923299
17119
94145
460262
358704
819328
505820
674888
453265
737967
738072
639888
519896
636164
218982
271641
184255
571399
158803
479890
695663
489783
944154
852361
646575
290534
317219
166367
991079
891393
845020
103004
35344
465838
459507
39259
657339
41998
725293
245862
313274
694498
302886
546076
967663
538058
399653
978767
939439
444263
362971
215466
565650
719970
953145
320783
607769
444934
468459
144767
606397
842249
738804
571379
18640
287976
333607
677959
804562
754928
443199
380118
205779
484824
665500
969569
134335
221131
141658
769448
207691
921285
542416
13723
700283
99283
473762
143338
529165
220860
57668
372665
511493
732862
626507
293487
99350
568689
204593
842286
848746
790217
528229
561117
658127
344375
135757
492128
467774
413038
269145
953065
691976
870787
195589
345832
839903
208877
372459
676190
710718
218156
593730
679951
753526
995591
150199
503702
545622
594093
522918
867218
774071
332477
878453
237374
980833
997921
114637
70943
758045
361557
94710
795030
298713
878022
847182
779477
908849
732373
39974
167918
389152
769018
208250
996935
750146
577222
88522
132394
891525
68992
280217
250361
57324
673585
522433
213119
214591
667452
734513
272609
833171
639589
694853
579571
26865
957554
166720
585703
588966
261614
450857
119648
631527
400074
153087
21220
963230
467103
162841
186736
668565
210319
139231
876710
853630
701129
781727
642274
565916
711338
973005
520938
610130
446337
391386
194947
719174
717931
319791
115168
745778
419613
991750
668470
686471
535040
511589
900139
471742
10615
436601
975788
902972
65660
921995
694430
36576
960488
654817
622316
400301
538513
655219
969599
563087
237709
246024
433868
450060
916693
384941
45383
194440
944390
545554
539765
247476
88577
898049
827167
61653
553585
402556
438050
55148
93036
714481
289123
252808
294003
582556
973217
469284
637588
896890
486691
612285
401967
950245
718224
775669
918613
257937
430045
867421
24587
762593
473760
271971
817071
690983
784708
542039
290290
630519
698838
306651
482115
362214
392763
929127
275789
467748
198020
466103
397334
984947
845914
397458
199176
408195
120788
718710
929805
432364
488551
321957
595987
907783
770045
548934
109679
352745
168158
316602
991454
652029
442699
805692
285734
65981
905578
875828
739994
174349
79451
331608
42109
698996
898856
520959
196862
198520
713115
419204
782242
587732
263018
34771
857088
705496
724558
887699
470885
832030
941874
279472
968536
503652
319430
129348
776503
303115
689074
129953
333632
215403
941800
52285
842284
521168
502930
208123
747445
631126
308523
199890
494137
602972
597226
585628
327350
596904
217240
669757
926965
372823
258179
548206
918020
278271
779595
351461
581019
496035
68249
558307
450273
822482
967088
528665
505030
286876
495835
708408
85776
813682
531270
715796
798964
442841
950377
758964
542746
347851
773919
858232
705732
118826
706389
259431
936583
465825
459997
778197
620919
842842
392354
118637
671969
883733
889078
33953
709297
338411
843911
891755
697396
731296
182705
2110
934008
240798
852909
305422
875728
396244
713446
403065
291124
477163
345004
12368
448965
949216
835138
223878
184365
927874
919314
429620
271909
230730
94400
743047
402896
923218
837019
36679
823237
884980
515376
187972
495658
581824
942393
850399
861691
804697
154611
234674
267434
859308
462029
276893
339425
462606
680252
52590
935203
141490
340459
31724
578128
630403
519760
786368
858247
742180
522714
68289
555174
812482
287750
526811
521516
720082
59729
782619
813376
50796
369928
6169
440267
148612
118459
769602
446847
417473
571408
694656
568891
232635
949043
309705
430663
289302
185195
406785
228602
742582
605192
831437
231547
880477
210553
576245
90212
127336
827322
871477
876354
357219
253930
424032
943353
479620
387194
990642
845189
256459
295297
445232
758939
154291
63533
269502
16109
30229
876245
223101
542797
479322
681641
617566
939881
344667
206411
825352
180724
976215
418359
929826
241638
892176
752796
909117
974937
940226
440527
728545
324052
978753
747029
254131
880933
139822
29278
395008
311975
432149
913105
465832
716836
302567
328898
144937
156051
99471
28417
889735
49410
307058
226316
492949
511951
124168
957540
911523
520016
840338
685885
660421
818131
291383
868430
281403
510719
39487
89417
359234
392089
191530
199525
384950
422243
15534
109270
119586
72414
342796
659294
506790
899249
842190
823677
288260
643362
818143
962308
810503
283904
550535
462728
822032
520419
415681
394481
993214
634764
371514
219698
364409
243686
479656
842323
113563
3950
940485
943017
373564
709550
864999
200296
909465
517732
385662
690063
590369
458818
865833
131521
180827
546255
907253
75124
402166
329835
617779
771074
376303
700079
600628
799837
238361
158130
357859
403488
219916
189545
971200
785536
747436
455334
736565
409889
254933
174273
772310
745925
366880
351508
175738
1311
127829
742751
155248
581702
308781
80717
263456
299141
372610
310926
229248
961359
323349
986147
901295
919119
780732
495224
484594
769310
713574
551147
169032
732174
13516
133419
114859
819171
858614
494715
946342
40738
825383
483606
423885
274113
379559
557677
564318
482813
883435
379532
501683
26699
441314
417626
249824
903782
913950
841343
173423
683271
933021
489056
225589
622259
445236
231365
436816
721134
401495
725148
482624
661773
318791
299735
257056
880169
658584
906800
528192
734767
379294
276428
502751
755605
200628
256765
367434
703463
610792
282914
901643
302463
200326
356137
221264
648787
938496
682741
54362
353577
715575
96283
814046
540005
981544
276677
742332
717122
670262
603257
920985
409503
693775
81972
902107
650097
542782
205424
859584
317591
380045
531461
350044
636875
903701
24364
489133
56948
50852
565150
638364
425048
468425
810842
52051
635054
622526
997958
177397
758929
177587
44205
628990
651665
455795
190311
864057
66724
401653
27350
237464
20602
224386
689932
717235
997870
291389
836682
803424
108632
346516
206948
181995
649215
174850
568576
803762
685228
345214
761725
753952
333529
166595
116336
287364
859721
91389
79945
446477
452785
184461
318740
83556
583380
396217
131804
825382
467436
187955
204074
717692
170500
935940
63467
779289
68899
18133
744111
5072
140258
606362
753997
778896
152351
569884
290597
439869
284810
463905
600254
936299
709980
430713
692365
369785
32616
969192
527831
986952
766794
647595
502573
527191
389884
328489
365654
923773
443847
458551
398348
293570
797205
379528
913436
43801
518885
347119
338736
95614
121049
279955
64874
674088
427306
743790
953574
775083
369787
836417
762274
119598
946058
442904
175610
113604
955075
987189
257163
454504
117039
698012
701690
637338
809034
165243
654605
149904
418545
337331
544310
6363
469370
872135
671728
462360
45150
351456
238914
802703
566417
360826
865953
909483
989619
556079
358323
479382
361694
712926
769261
603952
559199
579128
609053
765229
298242
975206
544388
981385
107719
337370
986459
635176
792817
911025
115446
266765
954044
553474
695686
151671
2606
1286
224313
804499
758918
87332
805308
648098
910609
181655
153376
627881
908188
660542
561178
140431
506692
777600
542565
552406
780329
599321
285442
198457
957953
461254
10079
664542
590024
634633
91414
469751
410773
590873
965836
506875
334601
904106
954810
221693
662880
827412
182280
667878
23081
308450
855957
284563
419666
432762
875412
165965
151837
906916
551760
399329
506095
868728
602319
102172
817479
377449
415189
7717
582796
172648
141824
844727
212414
452790
100112
820089
142607
943753
259849
65083
696651
95194
46065
743183
24242
344713
440757
913794
55334
718062
215272
299830
157823
220861
615147
155037
472124
876757
507047
7956
66005
324069
922999
626649
931180
311227
860899
177707
915041
65579
15815
906557
382532
952408
555667
754646
394726
930082
362411
808200
85896
820972
508847
302666
30965
409032
545493
857909
93356
404930
64753
445336
171637
653382
718294
777144
940052
223854
630999
671399
978011
503980
160039
186367
982682
311121
225310
174843
92274
639352
977948
451187
191624
925585
381064
369907
575509
345805
510578
521078
816729
840611
776727
182276
102959
333694
277762
200357
995964
426691
940559
890817
126721
874050
338123
937686
665872
29112
239415
588948
358876
246462
73964
819160
796585
546579
710616
769475
738338
300737
130022
355703
488521
919150
283324
345261
166921
612801
684958
212086
349415
683886
245551
771020
902935
546784
828312
273940
328235
108994
818433
64563
912934
337898
554685
3146
354095
141795
139074
91279
812193
907286
374869
428169
424063
530196
264260
599208
687237
73283
398861
151038
780569
319778
566301
185758
681057
643002
625266
655696
986734
367075
875361
804462
317205
422960
292660
548254
530014
960504
434283
758443
30806
255618
870627
743810
453567
516876
903444
257735
164520
286584
152565
787282
587223
544276
200506
70282
371298
663940
397821
615643
912797
925646
469627
211799
850221
341634
478197
846759
750971
343300
472118
389932
815557
558391
428853
594230
415502
907656
898192
742239
359862
151956
868792
328197
390372
904567
154476
135651
63519
369522
931742
938252
633468
492536
94514
953027
368306
777301
85476
97721
251785
182780
585352
560163
448177
680427
352877
230200
715439
133437
394907
746052
756274
178444
948540
992684
277188
899328
681559
498111
517084
907769
766583
937780
123664
78549
376426
596806
220135
485278
419173
771177
814861
705043
243461
991783
67935
463377
390320
569244
652582
710046
469146
976330
74401
549843
125604
575322
474171
751971
120542
449008
976924
773644
964717
903529
996764
502168
607688
407220
250001
273360
712348
704266
714441
59134
386960
80011
872851
463326
655971
490423
746360
422305
81200
953861
486216
969181
661523
800803
161486
280980
677734
623435
253861
920926
74469
225214
820900
234038
691184
7329
239156
116447
804846
152880
418243
645553
772557
366499
96337
195972
586984
418524
92328
973495
379842
390601
882984
351582
590063
151964
850176
125510
188882
276708
360057
768933
61889
907592
400876
675875
271365
549856
919508
375999
905661
475248
108414
318112
358369
893826
991645
500409
901156
626271
972858
554647
775923
690538
422984
394762
236699
717016
96789
388205
210311
57679
696157
264148
600166
994138
702137
197394
473323
790919
556213
513316
468526
836446
796351
259454
798064
960446
918778
57647
587516
309589
562546
526387
135208
479227
166187
318037
532923
314156
453842
116927
573544
791776
826261
869408
876729
863625
289422
574968
279175
801705
422746
96963
53349
446733
904008
213567
811549
756265
628525
609500
834578
348177
470165
373440
839173
805714
923284
60724
794867
217131
502970
850862
432666
793579
451748
771515
12700
337640
374767
253705
381693
223449
8392
336718
333575
369873
890015
71833
828109
398680
328826
619635
121740
420904
309926
353457
415981
758657
93576
230809
460262
576425
607569
423791
546241
738180
325776
820187
679925
693707
314785
11256
871472
585516
52803
591547
187510
479743
244168
5374
538787
914656
464613
863912
666572
159341
43881
418491
39428
951069
913419
931258
387834
55867
584603
282677
215488
414910
882971
652723
395750
489351
848103
797882
270533
486903
312975
207869
321112
725290
173893
761635
910532
525139
83762
299376
486200
303284
968099
765394
761583
706683
111776
271178
304338
615796
808477
677877
391611
268783
358858
746230
335509
840815
716677
756226
915807
677324
91887
979016
974735
707302
44636
794683
502035
908230
178148
862525
912690
796306
502678
273322
319057
762093
910925
918141
657426
446249
521498
270563
923031
628074
140832
590170
371813
996376
961855
737478
205411
779712
630376
836880
743105
177992
643024
174203
77813
313741
414592
677061
173472
497755
945672
504758
418255
121480
48724
688200
452638
661165
772630
95410
135288
268674
510755
655635
762361
847957
702426
866424
260212
781479
195263
197450
930192
623459
63142
779159
909517
591100
389962
641851
974821
671265
128957
979178
463437
361696
564282
242461
881754
560852
432022
104023
256513
246348
651797
583059
384695
155578
587417
929932
801015
618133
998005
538536
17314
834380
931936
237442
506304
134054
923333
330259
19556
187835
619767
239164
312814
286152
56130
821362
713258
204531
899229
900102
371798
934940
210427
232080
233922
324572
116416
618103
571855
140125
842321
598688
149785
723094
355844
830065
65137
673313
577975
786049
691331
54458
177020
58334
542871
767446
900018
85498
761587
485726
821807
88050
288541
463302
377369
819004
951037
411983
281812
974381
946209
106645
118677
455461
769499
867285
592085
814296
219333
985983
965666
859577
124069
42868
400464
376324
60843
618653
292044
510504
634839
615847
573008
846032
701751
292766
621810
563597
65166
620325
980440
476322
497553
13584
44102
995947
782410
463582
22936
5674
637856
551062
731787
629871
790830
258300
987445
88164
905295
653360
153301
306739
724795
528868
772549
563412
15626
644280
559052
227254
299096
471476
296208
194505
916354
46561
85352
881126
322892
589508
821968
746268
341092
474552
224630
14168
706753
644839
280625
815408
780390
643557
121489
991116
246467
694185
919313
833457
236154
647848
242473
291307
621439
566032
486720
967639
727896
868126
954431
516938
503940
581020
923265
419234
383736
491451
492646
496039
53316
110664
906951
629788
843669
48014
724163
385640
618067
399625
197944
346908
716202
308930
785166
124833
845735
539148
422637
302975
905592
431897
911375
773900
476822
529081
649903
29487
254142
204657
802401
459216
318554
557172
642171
438494
743871
220288
155313
947964
21328
409944
364671
689865
389887
713497
373183
47306
845363
471036
247386
292918
383238
696295
901019
909662
247653
244656
227167
396088
124443
818991
131625
738119
538471
364478
13778
994920
814153
772752
749917
783354
106012
193579
290664
591595
728605
566403
961279
27932
544329
624756
809739
158832
331941
848860
447976
207414
352471
826388
373268
181808
431602
177545
117571
126912
923599
977018
449615
218222
64406
387536
127244
668568
423836
263253
68282
43959
29734
870290
556499
312521
425740
573258
545669
909153
852345
462860
738426
202759
420047
245753
323858
181581
662055
325843
915058
236079
103094
363773
328438
334566
394379
914325
417666
691721
104692
895530
389302
936160
34561
552284
86143
72583
685344
104655
2250
42940
562343
648139
721748
757253
913329
985844
417694
997185
950943
345632
189692
274825
852096
611290
412619
967426
540491
849651
190914
904066
680521
800703
806178
364892
624144
133107
820871
112778
98985
229337
876257
465846
920211
585197
104636
687717
405793
828440
116090
356352
564798
167430
824547
148288
273105
293222
829971
794870
210747
586685
598674
653173
602429
655272
847040
656029
295351
474796
480303
986116
953355
187323
563979
320706
574048
118918
593972
176793
938307
498489
583532
818111
584359
234456
860140
29642
140493
70772
372305
574135
51455
530185
538740
731799
487222
650167
628183
61719
616731
989083
795642
167530
141610
171914
872910
128661
864883
735530
483137
321047
976315
620396
218424
704306
856383
563561
664219
665242
535512
69656
859465
282233
187578
47338
98924
18845
638934
901570
91368
38207
660768
826260
336557
315057
453099
733465
793709
877603
388783
501100
872615
460305
898477
917252
195936
933709
407209
272015
269427
252772
226198
455271
754688
107504
209360
800115
506176
158010
587203
877469
451193
748105
219753
237291
246028
844107
831728
23357
172396
741279
294393
514082
299433
546429
118333
787286
510058
951491
445450
403164
522554
19741
435883
268020
427193
393679
183526
266362
937203
375714
482399
6939
652813
757865
96154
236532
723099
687470
24670
528776
671759
523710
475956
286686
648077
875086
221071
155957
27737
659401
826437
668901
819890
309559
94972
5908
182456
245579
12640
289553
834312
754953
671120
181264
523368
247122
176600
52163
962654
982861
167001
614993
51227
923572
567173
509493
208597
856952
184263
607158
9522
892242
654847
719934
170528
466088
710251
918234
841601
374744
15265
300941
853828
230179
899512
594385
580943
60409
514951
811819
326744
749981
593157
362218
801363
752820
928656
490171
179717
184624
777225
855468
191352
993171
381788
554875
911175
676706
168413
13850
670233
155753
207118
955906
97706
5413
762365
573297
308293
852497
264394
532290
489294
625936
198791
889831
998715
426227
338104
746501
868195
391784
880825
464811
234735
320832
941951
104304
716205
581147
575350
493097
274627
373427
352074
57156
395968
627969
427202
878597
731278
330831
167686
377114
230596
622875
160257
975196
31640
823397
641377
338917
587890
455254
985915
457224
385243
888013
966988
470001
193812
969670
644123
116314
10883
246121
681466
957543
774216
648941
891562
315104
43822
271463
732894
603784
303294
198707
942872
512670
677293
36157
204400
455471
65781
272941
743027
135318
368577
448493
38952
822802
326465
18072
536942
94146
648862
656256
448641
504447
586439
710364
580699
394390
857706
566668
614455
975073
948159
677067
863025
914369
337022
841264
260553
638201
351473
602913
592582
762154
527652
715413
438199
857511
46520
808259
772180
12532
196247
624236
119108
627296
767489
382658
92920
791036
15237
627828
647028
696439
317836
333207
873646
351127
270096
222002
58895
261910
233642
943782
897302
520215
262664
576888
513116
4547
74364
934717
69042
665029
944690
989601
846886
81118
332602
461459
736293
432549
190275
689168
986554
882975
844713
214667
354484
771702
985829
516982
489638
719770
258083
843504
384072
295089
163121
279627
27963
264060
989843
102200
871722
501575
94323
237458
651852
87948
349429
851203
500421
252198
855913
532183
67628
3373
738778
340443
223848
474738
84995
166897
412339
795928
736353
214900
244609
221901
926500
773314
648889
116900
402687
587306
615010
853777
796575
244723
334233
748736
320632
38919
113918
91858
236730
209019
20911
886133
527715
987772
989740
262750
743278
506711
944986
712230
257897
14180
839907
572798
936164
990288
309946
123472
519749
625862
316540
423796
62777
40826
188210
385804
424517
122066
987891
398589
464186
473969
554023
833610
341447
906464
155174
861454
193064
737563
586622
525462
741820
409846
965395
956249
273077
769642
782689
246613
294889
566080
943198
549767
640133
971865
838203
106757
682592
877527
532552
456764
683885
861100
128951
520322
9995
620861
497464
208535
847287
460466
170052
551549
573921
347293
589046
275633
739612
134852
740243
182469
779438
78349
391594
22235
400647
395589
390615
397056
632335
482764
39713
897570
660312
