672101
794069
478279
129297
168948
305930
322776
725002
221733
712954
423074
526525
841477
500259
157685
136999
705877
399605
664516
298466
94830
903693
734421
499114
816958
391692
304402
198156
497200
624532
81981
102701
239530
938783
315329
557172
127088
152571
938275
82389
820006
991014
892183
452539
615986
574402
181359
161937
828160
199093
131822
71726
334943
770719
690427
972955
513608
936569
187889
405121
927871
491271
607507
175348
700371
282681
939357
159382
686783
140068
320438
777833
143603
950615
595585
630261
438060
424797
648402
455698
68287
645647
220989
737171
122358
278931
409483
800655
504913
570933
189510
195533
835182
325920
131252
888971
110659
994552
284768
293291
953735
687383
214675
64315
195504
832803
831778
982495
650456
409993
151457
512925
927737
835160
456949
611973
42583
177980
965703
509819
716477
249877
706069
218467
469023
147187
303650
13799
696030
927984
138958
26600
752107
969643
23936
238206
441603
747804
704127
622318
758040
426457
389472
185319
579792
638436
534938
271929
444774
310446
92085
271699
801455
977325
521825
608631
67191
702741
611171
395900
434570
785526
669162
33791
847758
525041
500736
671720
283725
239000
578012
15188
999249
219297
909012
686500
85160
823751
300463
361761
537415
43326
370841
813515
238603
900689
518256
507261
807898
274905
866363
672382
406056
278811
840058
497574
868182
688191
871256
684266
963445
85545
445949
323335
82407
278454
745792
809287
375718
529941
138106
379443
855391
462271
275765
458838
764726
933332
129988
636201
699949
811924
436332
873696
845663
993782
209216
600528
882982
75369
682378
863739
827804
405604
458853
681146
214271
996780
740968
90309
231854
151970
510973
470690
618256
841478
841167
423400
138068
646668
1313
59439
119698
675673
82300
171223
931344
768218
129665
152561
262817
347137
211612
743053
607593
63646
45145
5665
999099
701014
823057
252434
929827
289602
425340
648418
329087
359974
117418
82359
72584
173708
905229
644996
122159
813052
184750
832086
275682
676251
363008
128701
166189
55582
50898
508373
443069
796585
679645
738096
244417
42760
964605
78177
948137
108552
562301
342504
264528
289779
416587
780405
666678
964007
764938
34395
562406
962066
834375
31826
765879
557900
197763
473512
304685
801617
736942
997190
20351
611290
109493
251227
219059
327766
555442
979175
860262
666634
687426
54374
754472
266946
311989
646039
388355
870194
101406
279783
507484
281582
923081
678079
911987
188291
716620
299495
270661
378800
137206
179029
69713
515396
295269
540694
654391
8981
32436
192856
671931
168730
407312
374610
771177
67174
198892
46800
71187
282114
419851
184862
262390
48485
166202
673873
739515
508242
732448
286701
790553
325327
817005
475062
163863
421373
874544
163926
295919
412249
827717
929895
541006
186766
720491
941854
438840
46068
452532
885141
597513
978089
120405
666292
850070
778506
575709
773691
92146
461839
553091
509037
958861
462528
96856
658460
623414
965656
275227
946574
230785
847796
606123
828745
778371
455672
653591
797440
205434
469503
951057
731482
847178
991100
798658
335259
72802
414450
799223
133873
929789
280908
506104
10845
750597
678042
738105
881084
205969
402920
351338
969330
634831
568829
886505
811890
231421
405421
502552
877547
33105
57691
679432
634386
562425
388303
103060
648584
576637
389040
942731
815529
618496
121758
102981
777457
808741
440750
737046
928074
804301
480835
184929
191414
975423
697669
370500
183765
595745
367169
28273
155796
250851
452061
796380
316978
831163
352886
465872
730928
366410
853272
422621
622037
732062
501657
897900
390619
862993
396882
230963
664185
928142
389947
861379
517966
953971
770082
204222
261223
945874
613576
191911
988781
843986
314072
716882
83182
584499
179269
358266
831942
356527
615871
974385
634346
329147
54865
404210
692368
776365
181530
94418
995454
325879
210405
58005
438702
485969
57832
849309
631195
259637
877014
942718
275564
471300
477665
690412
593849
647238
283216
98838
840062
52175
477176
468620
15451
578556
153818
836251
519301
517405
507545
483961
669773
291757
852054
893467
77771
35196
247786
83109
973607
226990
381823
996473
74819
435355
570123
845680
836360
318999
445418
826535
562060
521037
594263
850993
865501
638021
300807
196330
576109
531333
208227
785643
76441
80275
7712
754009
363928
723800
964668
961048
511484
437983
772694
731870
166760
864125
301034
280162
996815
573707
69993
870386
444772
593551
207793
693284
156772
266681
515630
514084
765052
585865
720908
412845
884631
104205
763352
347795
611912
992776
748466
842748
575377
887919
524401
430319
105422
747661
736019
616132
460289
109830
258207
669179
193403
968120
178074
613673
908579
494845
813858
587597
171046
695821
7978
876097
164475
141697
25234
670668
126033
554674
842785
576532
729560
443392
829410
313585
150313
349614
624090
117852
295443
731563
831714
538886
184835
