962390
961160
177022
780065
762249
471439
202080
289272
392881
385175
402488
379472
309283
915580
398747
520444
486825
604451
6607
471443
458499
527192
139938
400732
206159
502982
253334
339285
580803
945106
695738
335712
723990
727892
818068
729227
601662
553266
224186
166010
509973
628187
320703
981235
48469
81821
808907
120646
557314
482148
684996
773655
391527
244368
633128
366281
209976
627249
486333
734281
87126
943970
490527
57460
120626
267263
598264
420902
33993
158980
592847
195872
176397
407043
133815
783125
557476
368897
371751
927377
57929
621806
50474
527111
880017
99136
524461
793013
43080
485035
815094
603830
464442
524671
933108
503268
618189
529757
729969
76711
478859
396183
177699
228511
136318
216356
929954
162794
804404
740412
280821
739858
483618
937558
607173
107222
338277
943996
185843
916499
605795
483975
104005
854223
182224
139517
952315
543203
911565
530243
501504
43074
578474
633536
60604
941482
132940
692625
17798
383781
754922
168546
531959
954428
895729
424815
94938
921529
563336
262616
418303
909528
900014
287450
277935
382666
700863
978608
460473
532901
119573
218757
542443
243307
626890
603988
648669
403060
937052
608798
177447
439995
767850
68679
946418
228227
149467
760974
641900
352676
661854
382055
108501
545526
49803
13239
612726
373912
808104
863723
268530
326558
996744
341238
331637
239701
684751
746661
760649
144371
762448
101472
491399
720160
340631
666303
151850
796763
74498
505350
670975
313099
402634
539839
147769
242211
677919
19378
894945
222384
561842
298244
84714
880130
67276
254058
166562
7156
768539
947464
846789
704666
555342
381994
752172
659207
233941
423581
648546
958264
415947
738283
243607
284065
645360
475378
486318
416593
478159
946720
61873
795780
97406
382222
51108
88453
226756
499573
924471
382206
921557
387537
796501
104158
736056
196560
900953
144229
913481
783735
349920
342735
630427
881234
895801
933722
391157
196374
515385
801974
143613
512213
325228
873225
106611
596060
723493
885532
298772
597100
317559
609125
130463
757716
330428
567985
232947
770215
75602
711150
403607
556831
240934
216978
475156
439694
427752
219500
680445
916733
2782
592645
876303
107939
193365
277746
83187
965699
876529
193209
510240
980451
874534
626846
254365
129892
980351
432457
66724
499843
107932
273941
458146
41643
412665
639735
550235
443444
832936
102217
341547
71356
970849
452466
416231
438304
297328
346804
690914
383832
203148
329234
437964
569133
899848
387548
864884
390615
686179
818776
579822
647415
277498
546447
44943
305261
796572
299953
888725
842327
500926
162790
939428
116903
578757
481970
553707
224608
475137
933635
545317
992493
2810
903962
939324
67870
224738
46868
935239
4543
431721
652564
281588
200471
900208
865935
343809
780538
791253
845428
761508
435851
657773
510518
58827
311314
300048
500279
677438
267894
398285
844754
85344
172631
214910
987141
456084
965194
517687
120378
538427
987314
595672
836400
436636
380023
140738
323723
894685
472230
588902
221620
399150
921829
629177
848686
467397
246609
915204
252855
354947
128246
972823
840983
727798
144106
375645
599816
400440
129542
576011
380865
361716
306370
661491
735457
687240
635820
823285
879285
775558
415557
747092
402726
895829
511544
726758
27970
384309
491256
537829
934053
334304
195061
413476
976515
758923
558202
920027
992661
299724
653478
52963
950814
779285
811333
322365
365209
837150
485258
302604
650625
61409
325227
623779
67516
161087
467737
924409
175397
210624
920411
488569
635509
741688
308358
477878
566925
410628
733275
21820
347554
56052
877181
486081
488517
192131
239501
396027
408590
800257
225188
366091
155428
600337
980524
90327
281900
922830
405339
935733
278412
528649
573965
333442
691099
53102
869182
955603
462503
771973
46433
680515
69345
128148
980191
630252
569385
442465
620079
36529
418866
677972
356558
359671
408338
750587
251804
395187
446377
359912
384211
721822
475307
301429
882340
220870
431371
810984
370223
219198
466885
336241
706719
346230
278856
599184
948641
353637
226303
979027
884351
886690
368315
968765
725341
50386
805503
918403
477518
18172
446439
720560
830036
112697
604533
472040
256562
735943
638329
664009
513648
579068
610077
768813
913259
824343
118090
199500
528982
223858
201531
613247
809169
945748
800860
906399
598308
941731
865246
409612
384536
577270
35162
152137
796274
342728
205663
312069
595149
249609
154970
53685
781843
249423
952289
572252
198679
234411
420188
444268
459090
591638
259536
575366
650041
475785
912265
446686
455095
325675
468580
696506
326284
693349
771574
451353
374401
117970
484893
522736
737031
719698
129761
387663
948204
569022
307589
677859
804665
216117
707952
915348
365738
946453
211379
997903
74826
943494
783351
931998
427691
558512
145156
612914
645951
38220
805680
58499
641431
211928
993826
797774
635061
921444
834114
630909
655311
316618
47423
679717
242787
673147
909948
854313
808625
253299
163544
444347
950554
680590
893592
306179
743635
400437
571635
186584
906566
726129
284666
423083
657605
946080
174691
393667
737195
227972
663857
547106
449489
830264
209473
348039
273002
764095
535986
383309
539836
12405
798450
636273
267323
30503
369506
72625
914756
833662
115493
563279
82611
372246
958602
162548
1377
362349
553427
325170
924733
205814
746402
390626
268294
123213
817215
817708
616482
529414
988424
873573
942558
430878
944822
840147
915331
82899
546119
253707
896913
976975
395022
149947
200283
592703
890963
657796
903614
116803
897320
84543
592831
472958
248265
52513
482496
483532
923055
121529
667871
667283
496369
236118
38060
637427
728791
517957
246148
607063
263229
224183
544334
642349
146401
686082
70098
106226
146633
245566
370033
745190
955091
306192
484293
528543
641115
369603
456406
874106
796738
718802
843765
945516
440417
614786
417209
623478
433099
924972
839955
991351
311223
317016
969552
759067
427090
115909
206508
826353
290400
11142
419213
486171
776011
667590
18467
204831
831690
789548
401049
430810
549935
662937
930616
762387
947469
485134
27673
292781
969731
651179
606085
250679
807914
532115
714283
636126
191703
839723
519740
973506
862925
210624
825191
541797
866178
153864
922476
894592
668492
166272
523679
761072
160808
953717
166972
408909
908775
933663
951073
459419
60662
593511
605868
203610
757640
886666
891313
444984
236898
864149
194648
210343
412482
64592
426578
928392
185453
976887
357558
851718
861396
944035
855676
758848
98274
241160
710676
963678
137253
564887
584868
346757
548374
355396
208797
201125
279751
352034
555576
605999
871592
749802
792723
378724
340661
442970
522018
215625
465216
472506
864083
947127
245334
53689
344066
834447
797201
164982
905814
307402
78842
105116
748790
224110
447192
429925
421932
926876
248281
628479
46228
976966
152412
908811
992064
678207
754777
339522
250412
888683
72430
103218
219928
367061
940551
583079
719560
529951
733288
914853
934612
351764
565018
862992
228716
642458
960880
555630
650732
847235
535604
146693
656024
232770
746355
346911
615924
413434
683298
106732
90179
16882
521580
438982
731994
864805
889625
159631
497375
680311
316188
655158
203683
355265
701113
141465
245082
356941
469969
241413
985971
700125
667275
815960
140888
792422
325985
206343
913668
764826
912452
94780
408699
257955
918445
276184
408363
758571
774722
721558
369053
894616
931360
490703
180632
969749
246731
120986
842386
299340
838192
398667
569236
600944
48146
188444
654889
224630
624537
589802
835970
95459
538676
149014
934569
874432
51750
185676
949152
711723
311604
870432
145302
66696
316522
329620
997701
824852
582917
694134
203243
270042
655936
757030
935458
187262
148734
500918
9054
364278
121680
930474
791363
797593
174948
766238
541665
281935
351243
715335
781517
193768
923877
710481
704285
205898
21419
418024
924031
973954
785881
706067
948918
581883
482678
289210
368626
478732
295553
198024
257484
809323
676602
479595
946075
609983
422026
822072
792501
576852
75408
538028
396998
560168
859400
203854
392838
395298
234906
542960
637658
714530
771133
728148
717257
70643
862918
484842
816281
710365
258193
104055
770822
644952
987978
921874
743582
56602
928153
408073
793404
112273
914664
254112
53150
623597
556114
12601
818661
390228
629929
70607
784362
335417
413348
688348
923320
959303
406499
149787
268137
815607
120225
337896
506208
613569
419509
592067
196384
839790
262725
76403
358023
955212
144327
73927
941035
33340
515445
954744
422480
507749
288397
234538
565186
303883
383810
551185
84821
605306
544322
21744
758903
399132
881445
745661
829999
381226
103279
204961
848436
773055
378434
488603
482668
941128
356579
318340
266048
309656
490535
816237
179544
672792
865977
932196
414584
248796
349131
370774
10166
650640
61015
329550
737111
72017
827601
560156
536966
413400
572203
415440
411696
282769
338308
693925
97279
289610
193134
603068
631088
718983
567578
358781
630163
9970
516643
98466
190879
514415
18355
844367
485871
473166
139478
299609
639901
465946
115097
643431
840505
816398
957726
179382
204135
933159
212991
524342
160914
424917
689629
906450
398481
640587
143748
650829
555924
370037
540796
5703
522762
444873
969583
239008
277523
557111
116978
606003
833821
773306
704946
890755
690141
304464
363772
591796
196460
422086
661160
455600
549244
233773
973539
484522
419637
970281
249176
45375
501296
754855
662331
977336
798927
206574
775922
400428
179191
779279
14751
604227
663467
515383
478990
250389
961926
230627
256888
394992
376660
632818
163826
166713
123022
913558
737333
375209
645361
884772
830922
644473
6330
775116
192786
289561
568448
439394
9071
586009
376365
967258
517523
221163
447898
672915
541859
486527
976135
645130
98055
62094
657844
803759
621649
598195
915614
61524
548807
913331
652953
126722
282895
279709
488518
392102
275382
224973
682418
347689
25884
347274
406412
438749
275584
981519
617600
691923
999524
361831
985972
933961
794461
517873
202014
74304
860857
94275
690816
681452
387596
481899
119361
781253
3161
430353
999273
208571
983450
510520
460793
136454
534445
269155
752677
780187
369371
272276
250159
270138
760069
693936
895457
484964
170925
467646
287143
697707
116638
174670
201479
718753
502521
947190
47613
958706
229918
304632
113207
174478
433331
358335
371561
985406
73940
758792
781390
671896
318615
645470
713789
116814
229306
413309
915620
483104
65068
298072
943011
179122
72308
292214
432903
996664
978754
559031
70113
485197
774033
727861
175682
194659
947893
276422
29462
237397
757702
658397
665051
919833
868457
457104
258620
329617
708472
331572
646094
733312
442125
102372
359270
498905
516208
252769
448916
844403
240282
502163
439809
113882
710118
808174
617761
216767
587347
162096
896340
706511
250168
489414
583199
501153
385541
544398
232193
392072
555953
460216
866101
481672
846085
342854
866052
359206
430469
686386
739075
995608
229494
847406
712688
31452
349713
860038
694821
672101
697986
67170
980919
651439
817693
488039
622254
332724
900254
173758
144608
206327
632859
39788
299884
427709
510728
572448
235856
999451
468583
566284
135848
662379
358538
702955
470980
499800
140294
490912
325284
11161
991734
696831
305618
901243
318953
657573
272860
569814
438825
543425
972333
262817
447209
701238
287752
120546
650378
793561
172448
871614
897546
779093
298326
10414
334025
765486
737679
923730
428153
174626
803953
10335
931042
678379
660219
162741
400016
226594
175359
693132
739930
556861
828028
459724
614671
788665
169948
611579
279742
941331
441158
596944
92322
906416
733217
678951
753512
71388
595303
308558
147103
824367
550049
558844
357179
530956
253380
898529
727110
673027
528168
897113
973732
248918
705505
314042
534273
167065
223292
523724
566297
389746
800664
782488
684195
443200
382366
734489
830043
598744
365150
823632
305643
336043
860679
929395
809397
888771
167363
1093
195135
55916
613485
560897
845436
319215
688816
51376
831603
936762
761597
762714
489742
196635
608872
890137
104833
612971
747552
283784
699157
651208
23497
690331
949008
262074
182648
12745
538435
490743
194250
972131
886448
913089
116705
373384
570453
416429
850940
956529
598746
534720
272498
710376
354130
855154
99467
645334
522609
299732
98171
291705
239499
510861
629244
561524
952389
390144
226183
807040
792666
227401
926318
381633
325516
15591
981401
442867
815845
13428
420379
668227
754536
95374
365232
59962
90713
169690
430677
531028
789094
125791
667140
770927
312369
454733
537547
552543
674555
386977
309576
67294
347630
248544
227907
832161
131014
138944
90728
773317
997022
66022
702751
767336
881427
976330
525898
682517
60631
252728
404698
723159
294164
351919
962383
627438
260154
458540
206666
887520
508071
896129
963984
758694
210098
382878
543197
268295
963796
789297
738
78083
540724
680810
368414
145701
633614
830999
781780
4475
1151
646127
861230
627746
249519
217770
99246
747067
725595
329485
110925
942522
904382
315268
671026
990173
49179
749223
69136
274937
708778
815583
951068
58351
19612
115682
880618
348350
909197
878809
787619
514419
988102
47011
937893
343163
11627
6515
281207
868633
697223
977237
344999
805938
582898
765838
24067
300869
383709
647008
633456
622649
599866
525612
927530
371855
253130
305778
773336
630903
953348
820468
690123
362814
189023
92666
259475
822116
702269
451630
588926
214476
391988
663015
432430
686604
796729
36547
924182
74020
980331
56557
85009
932684
62458
786302
67486
648102
214578
205759
200444
408595
480232
336333
865374
829282
436287
815445
157580
893410
352151
515071
113814
391256
364051
321448
596533
584460
913222
523015
716159
623870
975162
647601
389190
7286
433564
947959
633487
841017
518919
690221
752810
616727
725931
811590
565299
628129
205402
607643
819107
434361
21999
442186
465363
884610
32539
958651
399055
932854
854925
173950
359187
508117
173437
70544
621221
279675
464918
883517
617102
915531
102334
655967
481334
266503
683651
611844
953371
48706
929635
987181
399726
468396
283192
220723
361354
503948
271934
508613
357585
314061
437123
498892
570277
964335
236266
17583
729920
994718
736411
335474
721713
838880
64266
296889
835060
461351
106403
36459
369516
770502
72655
709746
33471
380609
192230
702110
820750
486525
68593
831209
348944
48342
696602
725
969674
604623
332787
533874
199341
992932
656287
345084
262923
683836
635809
548000
190775
223098
757375
920415
631417
676595
733714
779852
454507
123898
755565
290351
890420
290006
239912
201228
442270
241749
822664
284221
133589
750586
777548
935036
546302
94353
633302
956541
931569
775012
925044
218424
264981
647814
460491
397572
114071
309132
945439
710239
867847
444956
175681
678730
811023
240541
507030
840913
230672
420046
275583
942185
361498
412082
165994
589169
584968
765609
188469
617883
735990
561563
625210
293540
862625
904205
816891
665279
153177
257749
373355
294672
981285
166250
267415
186835
978355
902037
924527
525277
363642
457860
121781
215739
572782
586173
946113
919671
109087
870512
722414
275129
447151
500261
81573
827977
664814
561684
787012
622962
390292
804499
871530
178114
868058
971498
590114
210799
696693
588354
983785
714580
159792
159356
294813
915864
114148
618079
553605
527279
308567
991273
287735
614074
935599
664966
935594
654922
65873
310046
422232
897602
507227
403593
858191
129626
343546
763486
717333
626688
694888
792937
622390
210521
551173
585082
138476
602725
147345
267866
368745
180096
152772
94873
16963
609796
43978
399171
382524
555468
114782
943409
462125
226836
189634
352251
129231
505084
238104
976331
771430
921579
467169
245005
390859
921360
329935
612098
104660
509892
914952
486324
269474
988235
959098
188292
490118
191098
187861
145887
718864
924146
178922
833871
81270
810698
94302
557997
909918
700043
249354
976437
644744
826836
991155
719666
9051
601694
504545
174872
889931
824474
135518
445616
620643
250231
411916
704430
823284
147264
139299
386014
372442
665569
104647
989565
952615
922889
594690
719076
762735
759723
625187
999647
322160
966496
623410
219868
727067
152103
794830
255807
472131
97676
178661
533842
277729
131238
381264
491354
213122
698809
505993
688645
836814
234428
903946
216895
591221
556086
497475
215779
511415
626306
360822
46287
472016
720433
404915
199696
814207
573326
269291
589244
69362
494908
49396
349663
444944
463932
544728
597645
555234
826891
778714
386199
990175
906600
388870
514328
334674
326771
439220
480303
210410
412529
906457
959559
818270
69932
60425
708561
15931
702328
670285
533331
253707
790800
439836
595418
194979
446622
841786
432139
198346
717657
721514
361496
834945
62793
430161
243342
251060
865062
352169
979402
326779
861662
676382
749260
937613
461814
440457
256611
687938
348168
267014
237128
863426
171050
786356
323143
261391
365935
345800
432344
706925
547015
813838
8716
170922
448578
647294
276195
650893
562161
191927
642874
451167
415533
781274
844129
615824
498353
108102
790347
800136
111650
76267
491935
808268
746480
714253
340715
492616
216724
870359
525496
759615
798585
453657
240888
623692
668983
206368
404508
977555
155642
988977
2946
57674
272705
849377
942348
530974
835075
401172
651084
134083
88428
480144
230683
673243
324868
102333
741961
578626
477361
960571
614638
990708
889363
212512
736671
221083
339341
565773
528444
301689
803172
391020
328551
538095
218239
267080
241615
914088
2446
122824
61866
350309
804936
178825
358721
928101
444044
600407
662309
20976
135081
716808
824639
549184
492089
466038
619205
161357
921640
747927
884681
775860
928658
431035
790635
88835
992650
893921
529007
249251
49912
158453
950057
765474
972378
671146
749013
157277
793579
21424
256515
761030
448480
905298
322287
84440
518159
494639
472367
743892
700779
755027
891461
111414
589546
302514
720468
453945
170823
131584
807024
689540
950307
335536
592718
999408
571655
423047
405210
608118
701508
964507
771112
51578
411003
482925
863618
998638
829945
443296
338144
458916
962682
765590
483381
564661
100175
844070
931686
37191
809050
696251
459285
741309
924725
627980
885084
331969
109170
243699
985366
177831
493309
83693
969751
666494
533342
408877
366267
962232
162715
751517
371548
272435
345018
122162
743133
912547
627236
31210
69923
837534
118373
32357
17828
49860
978704
636125
366423
413449
883456
669636
813643
653281
144825
267449
940692
92167
228716
256038
888927
859625
161497
24184
156519
4787
808015
648892
859456
454006
655759
275603
91601
753653
258895
495121
339231
871692
907930
313144
163332
233854
775508
654668
867134
102105
160284
914835
486115
220488
33418
756395
857843
448949
307415
823495
130310
388056
810588
47688
447460
968097
812723
18932
737587
162814
676730
207189
415051
393417
449846
679664
912422
863954
115347
267809
767027
705988
129801
475280
344521
572662
561051
48082
478392
902928
795450
352734
538044
413336
721030
885865
678795
763224
692020
363169
554253
32302
209098
651331
623788
541040
970183
588570
698561
938873
588641
631573
130413
523221
224550
313923
831433
795653
546756
889133
779253
194671
850724
610192
175629
611557
236784
466165
323258
199504
840822
864623
556580
141688
601252
937265
617157
603187
779059
510729
5209
142377
637793
482749
24562
595327
306006
677056
509415
467432
854056
638289
678124
684676
577978
434929
113789
722291
620543
837311
567541
105979
910812
331697
922299
386706
791532
353585
582491
508232
432925
436306
614899
622995
33911
810029
781828
335801
907453
564892
694632
978644
538988
489938
7075
650885
118752
539030
628689
296120
559894
752346
679999
416271
970828
499004
648214
710317
190021
463000
270258
882658
731497
797000
587218
90734
812424
761273
851623
589940
829567
671723
992719
788476
680627
254084
814171
52645
890811
333586
695436
266725
163418
283868
99741
117310
337193
410851
401082
566336
659924
646202
717838
567093
635131
471167
670586
329260
928632
111285
45729
649765
739072
717055
122144
756950
981474
775995
657435
172312
717037
453753
720883
293041
194799
158103
659155
318398
794391
877307
428778
657405
8892
639979
869235
658869
942582
744460
209775
839618
309610
417461
820661
70849
767012
909551
446751
335060
585181
770059
789542
39826
422107
332256
643080
169230
894328
523872
459685
764162
588154
123286
855338
492953
183073
909503
923748
946838
405568
967810
585334
932132
109699
219596
986086
91386
44687
703820
50513
478506
147783
907784
720383
702215
318634
537371
48017
37425
5721
891339
299287
402431
423350
895755
748862
352327
3817
145674
933414
774604
472892
621877
181458
466181
813286
123792
933945
526150
919077
304492
168633
543182
28164
483526
219435
243372
840956
839228
489489
537486
586551
760365
655020
912359
332399
927467
155051
584252
25333
596639
711165
877772
569486
111546
205895
5466
639288
217940
195506
73368
556874
848675
193563
845745
895545
40024
212334
263219
806775
844377
244493
955736
213301
745687
799081
771120
384970
211661
191028
697004
484076
426260
536813
100553
554074
868772
234522
588438
662108
920363
682644
900260
580834
433795
390204
460682
456202
153428
535500
459986
957245
358662
566088
114500
682617
260896
469970
313548
300905
247746
137501
915722
467183
972155
108346
700855
646340
799944
26190
45039
332407
741802
191653
255967
741905
242083
349535
649739
368282
374348
650376
802684
706676
449174
495686
875077
590820
568411
775211
781297
518897
999840
303786
981387
976421
547050
774695
403914
950960
943481
513191
765078
747052
415141
9511
846779
590972
575828
504264
240425
21133
583126
764775
741285
556222
652765
983499
832464
344220
100828
420280
430354
37574
924410
662240
318819
825648
139699
595577
109814
581954
602764
160106
594690
155360
422129
880799
591598
670021
472940
30075
407960
404616
82884
815725
458050
684481
850928
404892
656217
113093
50166
267196
562659
261388
579941
320962
642565
466484
528299
68340
800495
416607
591188
916505
733477
927095
985952
44368
401322
768337
684223
678077
20747
391983
204907
924830
803717
816544
872994
417596
655764
634690
130367
899196
681497
618920
952884
282261
284646
549398
489702
812700
649706
769833
338085
603450
694324
44180
297287
663360
593189
18244
296352
58257
422007
530981
37343
100669
144036
720894
700296
280239
311988
508984
385673
769788
989222
702332
300220
72091
927482
511097
839352
340724
365145
312581
466516
861137
682146
701339
820665
775921
976210
801155
683875
337787
127759
215823
149876
93584
374801
919361
13109
348217
327598
859786
845226
939648
41472
179245
642896
622554
771252
282882
501621
235649
119090
427031
323124
464928
747876
979505
932428
639272
22502
813296
590557
906688
157192
629008
23486
432089
527106
221132
593277
259807
414837
521309
419764
430603
874522
127648
939396
443605
844809
188821
992625
63111
292968
322179
208794
849709
714222
850170
344659
143529
193363
458096
121505
974691
148566
736973
476177
480861
344874
208194
331253
619748
601982
942932
160892
651106
511144
823095
197613
694993
914541
801365
384384
593098
326767
455406
594073
420859
811252
579545
155041
553463
449359
529064
766531
37352
74797
186409
695680
876575
968957
642953
990704
889420
957053
266580
82582
438793
717598
818135
430366
514704
536787
19495
328629
721614
800635
296186
806469
8143
279977
816498
2828
385432
718924
88506
301592
404179
391744
385225
398945
821797
789744
23492
28483
905308
634085
573248
57814
141828
459248
990373
32876
149529
577392
751470
234918
284822
719425
10252
480499
237036
587649
498538
432486
128590
747200
185804
983091
497897
688068
222545
16839
887537
177397
250327
753921
440535
16491
302141
630288
866390
189075
882755
938474
342125
38328
140238
351781
572903
480372
773321
316086
428502
512946
637797
879813
421406
321630
706112
711465
313837
767788
234979
456581
124808
446018
120678
445374
525505
470403
806254
548440
730245
351161
594263
163564
749137
769694
426156
355016
121925
461959
136083
83363
997969
6382
212486
767611
817740
845082
705788
814669
36003
201709
215718
20208
103086
342602
934229
387855
746206
391329
145976
469249
347859
69912
315651
810695
837834
423383
450476
773601
368948
8496
986063
582989
382753
855210
618226
321949
910107
383849
231074
251892
845968
442363
335292
868060
872231
24641
828296
900615
719859
762680
470079
613281
158085
832227
62765
781006
395547
971991
214385
602629
454327
290594
109794
623944
854219
58137
643084
948927
428048
481405
688920
240944
953846
309705
835977
991134
334966
176987
355299
187707
777155
491260
634726
589514
695966
544718
473144
493846
681161
273169
