391357
614811
34411
512111
276338
599284
32464
778633
206782
815125
679879
900781
802617
592776
52903
830358
866347
307702
149985
689746
27209
693022
801163
352009
992907
413153
776967
986078
153899
138873
490708
878894
588795
625610
697713
984758
465059
188945
863145
872593
244662
665081
107264
127134
982321
679244
25528
449088
207119
316551
641280
35135
220748
987014
260218
105804
391476
131806
403687
704225
742374
577801
328306
474247
921130
111292
57430
174449
86572
865557
120620
902790
508501
783216
71061
504892
721285
341657
138112
729567
746735
676315
298904
925618
586704
620023
348749
333420
869453
674545
2942
443171
892776
666692
426304
477127
385694
564661
333134
798468
331745
540868
952077
135243
155629
640639
436218
168299
888777
271282
540530
475929
920604
425913
454877
904078
335402
702646
811896
728911
38697
286621
375550
216968
738692
818156
534515
330386
99115
280440
180301
384212
276757
610403
470463
176197
816915
31850
710179
888207
981010
258779
146051
21519
973165
959075
458755
943353
46189
678917
737711
196825
571102
645735
68061
400308
734927
347719
854591
950541
595301
836939
653447
641731
783900
407541
275319
787224
294556
486709
304388
956364
823860
599448
739046
819303
148853
24543
652735
142166
7277
860458
408805
906797
812607
977555
25742
379403
757084
693208
341719
131675
53984
82928
403185
49335
326923
24254
263464
680167
531226
688483
690641
489286
861057
78574
33488
382149
651848
102383
935235
505033
89407
649129
216655
551728
506783
629989
462277
75121
10367
470691
246256
359457
234351
404268
849021
34322
704757
567363
373255
674006
683618
25337
194111
89761
442639
984352
907701
53196
763577
996375
687493
704566
156791
451652
27552
67717
755348
651809
302454
531146
234701
625133
218877
587779
404648
463042
971617
13946
261550
134278
298568
831562
630856
180603
746625
411585
411442
217266
688008
642465
278046
286173
255928
25857
77287
544385
840142
943121
506480
797322
292501
505211
39193
737720
917300
39972
976861
863608
629840
547857
478731
70943
958119
234463
954605
145802
598283
657149
492456
510526
958952
447753
930115
117648
358670
237157
917475
51210
505719
378184
568101
716119
125350
565624
75083
980294
5353
522916
160336
980926
89149
942560
784924
513343
79888
255229
478099
241744
657761
837572
991367
895371
627203
378255
793230
379713
175489
138693
69167
209291
348060
329584
98998
261806
967472
895741
860583
117738
45877
626767
824975
458144
690272
912640
790389
725597
768041
668789
755376
825799
678248
780060
688146
817250
315737
416965
358594
314368
302654
535130
975720
507331
698212
347132
146625
979536
747005
107708
542226
567954
296236
85299
588409
818856
693088
102399
456670
826988
958936
703514
500873
283361
431108
821208
158030
857656
798988
925181
265763
195327
448426
132088
331602
919783
928690
462400
954825
937776
948210
658122
609679
572979
592308
363364
127569
201036
210272
576881
374234
652606
113601
887202
465108
847642
473869
27773
115073
398400
560716
548916
268148
171303
793588
448945
340394
527146
588560
124499
486210
2161
445882
597218
351937
274798
528438
355676
413694
754371
411563
472046
952368
9345
821631
135742
871314
46284
65165
875365
451504
289754
558214
316538
439890
539866
412705
590794
848066
172529
917376
909475
55290
402399
234337
766607
928815
272193
374013
377759
555892
174575
919425
188189
249741
488069
730918
338787
570961
906751
570991
804489
176890
575166
389246
999993
135565
298279
221396
832799
358944
338411
585828
549437
241357
81825
108114
655771
170930
858894
957197
467739
451425
643015
737157
588907
497195
153838
809227
804115
368516
972568
486917
500974
939027
868495
387402
559989
422937
657907
150496
809655
471995
420027
288783
28901
428589
883865
386337
398601
485565
241724
423161
456087
961145
981487
348814
694236
456767
223390
120258
49363
189151
802425
862883
382231
116782
580017
949373
360050
205994
45536
890521
218899
700805
937541
775767
775134
49360
491116
86883
786654
309061
174444
243799
524566
947441
619466
501293
431925
485180
779836
799455
351527
358806
100872
988765
810440
484224
681801
988458
416115
719476
673939
806420
496889
415219
295726
261070
847533
28585
546367
363372
971164
319486
662277
677817
346139
312571
761726
639032
667128
338135
45482
173814
331794
873758
395943
112904
333317
181821
786811
62183
280445
706540
356465
520420
768492
620152
972698
168905
164054
735660
453108
362382
292489
827291
949161
710453
181035
591053
736302
681475
860396
264452
438284
342363
291738
826665
398012
811512
537682
154776
996138
301382
399764
184901
209372
94110
616112
993289
461292
922717
539229
251213
113713
151519
429737
438609
693116
83805
350666
99546
617470
754336
448594
1078
768199
769825
454017
109549
520041
554560
414260
316678
805243
915292
558652
59635
179961
100629
409866
178202
57737
389660
340998
43328
732632
133107
96062
831124
424355
35718
667707
157142
963666
361766
174256
254178
119038
406366
438092
822301
980948
693620
818926
180283
647505
530814
764472
808106
946093
910557
169660
983518
304852
532763
540884
573050
589967
365213
570510
31512
675138
933060
694979
895861
797710
995942
654217
81084
804822
336868
771262
88941
70367
293352
477893
213610
980433
591422
733901
429790
445274
416971
406669
223050
446066
103790
703116
113133
363705
15473
710108
994768
974140
129899
927783
108843
800086
89462
609249
78455
691507
505353
954845
899537
61936
868593
23932
179528
74590
721073
919103
533635
36774
908786
333182
429266
952198
92840
530610
175951
422329
173188
896620
848624
832693
883599
935849
172397
162766
52330
104060
667528
429688
321759
696491
425278
771626
448739
707351
651592
247069
918826
4690
206670
678835
415975
378901
887593
993653
284063
800841
638291
215157
179753
881795
21614
242706
815940
879693
136557
172442
69973
931935
603811
569034
441979
181293
940966
215536
998673
941786
160543
993905
365631
395274
405682
706215
170365
813973
249732
148898
371878
276823
860845
51280
29940
665380
839996
199159
981214
888473
144225
552414
469515
271373
2107
779916
946609
959975
122559
494504
265103
237321
771777
854463
159939
984490
293666
655525
538313
711170
311191
443890
412240
171486
119058
8942
193402
689875
590095
570759
962993
361295
665980
304958
330721
676683
782213
211490
692949
941276
435772
614645
946737
321257
6050
207467
371146
522167
33940
239952
618013
661984
655253
595081
703603
907299
897844
782578
376207
35349
631258
609639
741392
744500
226994
573983
345066
536795
466421
22386
483963
386962
30545
796347
642701
678909
158453
478872
767143
491893
398204
855438
792336
701044
912115
197834
2913
527402
242953
78530
415173
61804
941522
325562
876433
134284
106231
877347
174202
351683
463102
629597
443191
141835
46706
522973
419124
347466
280751
536106
310639
70376
28492
40002
364531
984449
564325
53017
236719
951030
165507
530177
497779
920798
34027
401061
978246
257178
207616
777711
121958
862535
153045
580938
304733
382732
105363
528961
892348
515410
372675
174022
747831
15444
996729
307919
280284
225484
785630
406299
998258
749645
332120
612691
96618
580015
51416
101899
689604
988452
485247
602919
18305
97641
10926
629338
229312
857241
80681
240202
544760
956763
909542
270864
580305
250300
821944
740827
383583
433303
793427
391028
55996
349105
259131
44508
65920
749793
165582
81297
726367
117548
442474
539504
573472
755695
78588
463412
764342
452085
90086
539356
40893
270889
807756
839723
63890
212901
432252
371913
660815
245480
267319
383815
615458
785255
628896
253824
550729
740858
57280
310298
561068
651447
119604
193964
689302
21148
309940
574458
617489
604069
830272
950747
743454
473470
693929
495292
558030
65107
682617
6909
149504
210691
732224
14648
625207
303794
404540
848163
738007
707645
282852
836491
680765
365065
737233
76224
208056
684276
431177
877840
639655
491629
549866
601131
844079
745888
964720
783398
934809
634249
137507
772763
802567
632554
622048
57005
417873
29912
837825
567209
27969
986351
655404
119816
291814
504037
926325
648977
3993
176956
639921
405403
719562
199761
367896
828976
14149
248338
830166
762317
436615
600013
892974
37703
17207
298211
726155
103303
682755
547611
824549
722358
890712
171410
160268
392947
925949
571025
868628
135681
126861
396791
721566
719550
724239
18389
294334
857038
317492
444184
533262
28631
397228
511841
376207
608036
537573
382513
767350
538605
969697
450688
702107
315758
12274
770348
237754
304435
231637
297103
769123
992565
739113
610473
520900
45534
30986
844924
47377
662505
94094
69815
134797
576613
58715
84362
20984
394456
120163
655192
526165
299648
942782
385163
878231
900789
576931
211521
83815
331690
666754
376547
591637
139282
137728
981975
59864
961887
941711
171211
605507
943141
589353
517618
409031
102174
768106
741580
371551
191558
89352
830941
835036
383079
648944
63359
352845
736495
453373
848467
514250
894972
638167
641427
159197
788154
20710
598211
232590
325412
270514
658310
523594
248294
37977
446221
304623
911395
622699
439082
742263
443218
41190
287875
445822
753475
667209
704034
652849
232512
419031
800808
101525
208527
182890
581345
550257
646547
354544
930227
179290
368785
297287
262961
983769
271313
558833
901965
65466
535259
142324
833129
691188
284704
535441
510670
538288
935163
11230
960502
78264
589836
837314
955267
522301
832708
390477
917459
794244
619712
35378
497515
400943
12
443617
50000
126692
692360
504453
889652
916764
916264
743063
113294
500426
890773
386845
156802
552869
454769
206787
340224
910356
764791
340308
25257
177590
28673
752533
874475
444747
854052
85758
549613
454722
176374
700246
7398
117599
797104
39722
618057
829256
555950
466857
731034
117549
682259
493663
592740
958738
163785
442700
46979
447483
661542
62497
999516
925491
330410
638998
55981
419320
411685
645098
81663
873862
996597
874936
998200
9086
96749
691571
841869
914099
110418
316350
340884
5650
871359
749099
471479
51819
117544
347661
798149
904800
582395
200059
616610
217385
239458
566815
716929
220005
626506
187364
635568
31021
296842
822326
691236
709621
616773
444945
168759
812906
506751
389099
218237
875539
649216
302564
530417
618458
679048
788855
4763
317433
515903
732235
816846
130131
189699
271192
103498
422065
327649
984180
206465
111639
164256
359610
633783
365123
732726
863509
995842
872449
267998
604142
355249
537902
888641
733680
254729
979783
325201
554292
66859
815916
290485
963406
365009
664439
743518
975603
672311
470707
936761
187910
412758
706107
687229
849789
202123
479089
240228
92212
170583
257303
888886
198030
609919
281677
188800
847620
368596
60839
272484
153676
281933
731306
405898
368998
6928
179748
175732
615621
744016
907237
911344
683545
343823
148638
427622
775989
425797
986836
295057
183138
894233
796800
951435
132991
460940
717382
32384
616723
222069
250704
471684
32945
124774
791687
635265
827527
257134
929582
156553
940035
622136
845018
51402
671073
347857
242834
466655
987158
650951
699007
939395
823122
972140
831055
697056
255094
623738
13357
677830
925010
559505
306965
167159
470937
748635
509910
327518
722532
588048
805032
989024
351775
940565
968743
704396
547220
675584
106476
259052
639058
910262
582662
135997
691513
785654
809050
678906
966053
89198
798484
434260
138037
681995
41225
841791
717367
607118
314219
224742
430642
537241
939432
86271
90831
299338
113695
459320
403364
90430
403199
849552
673822
134135
238846
477123
190411
421144
691635
663006
29122
791949
726098
915824
673455
202375
143425
460641
220159
239205
229915
145308
373156
130158
341696
535720
487557
597115
285910
109333
682502
523954
165665
964689
874223
945004
481979
440858
511227
952696
443440
807373
610623
428025
382392
344286
601525
774890
279249
911713
487717
312066
788473
118020
791215
7283
136645
557535
838903
540556
570721
468132
580461
27774
17445
787057
842040
580347
468560
289477
975614
267450
296995
638990
520978
771288
634012
281952
762683
933784
613774
647298
491485
23243
298393
996515
895175
866763
415756
272042
838680
752289
965843
716523
991694
221702
535454
350133
518445
947847
542161
351688
425288
560961
301985
308772
560558
975692
476754
896508
13172
422900
222666
587849
899676
662499
761744
844796
574047
964314
662183
459467
16284
899166
168257
406509
199325
652847
592866
968416
242946
841971
111378
528679
657292
309810
901438
95314
777608
252410
36012
786997
373269
536099
445977
161019
236820
500333
570674
64659
930092
26693
237163
210440
311223
543015
285630
479214
273293
971037
195395
739064
707179
776357
178664
765799
555327
561392
858446
768413
85714
722119
133761
661840
336274
693961
31377
184985
325435
417935
915025
614380
471586
255152
989740
437986
205150
691552
501535
652914
402067
244147
330774
758719
578076
493952
483879
682635
233812
119200
856997
103241
440514
707542
196578
159759
629151
802376
350789
305194
686212
798379
937219
387532
614388
742462
378813
378400
891588
137197
18038
595966
775843
442581
958768
797370
983178
27559
233314
586967
878017
496230
322519
319705
375946
848330
89957
555448
101230
363783
242953
824432
802083
675623
696348
10102
808983
365460
267572
339141
35868
848882
246426
51605
658032
30953
850851
138349
83559
52608
508845
777936
47863
345636
432888
156115
517984
459977
581086
608142
482806
984744
158320
537265
308109
693798
232367
405294
976319
640213
779300
566420
89116
668115
980956
329404
557295
892432
570436
908060
607017
724910
746205
200376
710509
143169
283739
318969
556023
780469
211552
680470
886249
87119
151888
88623
430772
775244
537616
38264
601823
732581
145696
810770
225143
672500
984274
134133
300436
196784
949927
219018
403459
196181
311621
355670
834709
314143
891414
246928
609987
108148
511103
131027
209724
466529
890939
656878
451214
17085
595732
895833
105516
620714
296446
463235
249634
294457
72208
793990
813394
117421
544799
671804
58665
876184
696633
531051
517732
95842
317499
505627
87801
598377
843344
944521
152611
87106
478022
226484
515981
525468
811534
15316
419354
609157
375888
454954
132239
492935
897641
826227
97438
172010
682626
23158
399440
660061
425742
867197
288525
975279
16543
78432
971275
500472
239654
570236
133521
821653
674373
799555
693735
282127
606419
395501
775260
27613
968235
211021
190836
843840
560817
967550
397100
215884
456419
507324
89834
934983
935063
744271
525190
182506
854423
451553
43311
282372
930453
645233
499899
715518
553037
33504
157455
464953
724854
358633
733095
117779
864356
302318
604355
134409
722493
411117
948847
26295
280213
225425
765933
133754
163817
908133
401536
341046
931637
882531
510808
868531
250226
180587
443989
359394
3376
399375
30841
349950
386251
876299
386607
268366
791821
282450
806706
778183
929056
155459
954204
284749
3438
540922
516428
518682
182231
529475
398898
722936
44558
528490
732410
961768
723536
410350
759442
302181
730690
766228
196698
248962
566183
248215
456487
823728
46267
124541
176564
348380
734830
945540
649958
953973
456704
673916
614330
512395
48629
872302
157710
111827
369846
274106
596681
445639
106564
907327
984167
925610
460057
989874
63844
832553
541213
359377
332484
273373
758978
810418
477437
448237
872828
842101
700931
536593
621792
817880
980014
193521
702936
575209
83657
754347
368577
517462
234041
354420
609633
459680
24072
489750
766088
378606
34381
135831
308354
159294
133434
564154
196597
650486
757122
536223
91870
513945
493604
375621
684002
906197
895385
502832
442196
411193
809942
886822
848130
943043
764670
439955
526204
181655
973736
607564
655971
810444
27592
433072
457449
366753
199996
276971
311530
141517
382965
317140
852838
929588
817728
189494
774107
450165
31152
934380
596027
111200
126698
30117
341903
867077
831117
757064
526504
803368
385276
857649
65853
80208
285961
729880
147110
782207
670719
795347
62836
136891
569228
375538
429674
419019
128649
230664
625372
379646
143464
100617
267747
346084
668409
598223
548667
668128
814041
427575
939385
972693
537911
858728
274027
414462
107012
705907
984526
825690
359991
51094
733094
456644
622010
538523
451262
716576
452340
744158
273020
667762
116340
135339
210016
641480
937654
471173
671513
593816
218197
808452
149764
311076
319246
482326
227458
347097
406317
660646
361652
780472
752023
163737
884950
391723
512755
866421
429813
145017
485621
820764
250510
827413
640775
36022
315205
934737
668630
849006
751038
783600
257911
2067
402524
357528
590901
461790
752404
566566
239033
73299
989613
196828
911188
9856
346326
131702
816491
405538
82979
460570
822719
746407
377318
159149
370455
360335
142182
679234
723213
455596
414463
184045
161843
639752
434582
586678
165856
270309
96630
254569
87194
551263
78796
485194
410273
13230
318971
570343
945942
666888
256925
290117
409735
295203
10839
67068
1560
862040
737688
976287
999758
703395
102638
516627
644539
974791
800837
315009
172034
329870
2876
978150
203654
843630
880677
153095
109683
603272
548377
34626
586856
670793
610422
163968
60032
322483
340727
864455
443644
997430
912366
803500
37966
11832
811104
334245
64581
928564
610045
295613
191120
358398
48506
778912
623664
439524
875341
878614
601726
377905
133380
391629
723542
397323
867203
787918
262943
334204
147352
810962
12728
240333
164221
303406
250945
250126
694569
64873
814915
249907
19987
4910
620093
276761
451012
593629
200396
518886
771671
31419
956790
163661
331728
627914
218451
704497
862039
263732
504344
68897
217168
90465
519233
431170
252952
586792
559003
301066
185437
78497
334379
791144
495386
846809
906110
639490
270510
290207
20686
586198
767704
95739
69198
100354
488977
225022
302099
201375
671430
614325
880542
859783
156785
602231
992586
836471
421715
661726
428622
102032
557520
806610
416816
250168
472294
368960
553159
592669
947275
2346
132139
489369
845667
639001
403067
139313
94171
556525
460426
105272
956261
773717
322151
460369
249488
529241
300679
824210
557187
909972
215057
584963
487446
819584
625030
94597
203468
461866
322187
904591
334385
112260
683157
56148
654220
84313
690672
598913
860738
81179
3564
373986
36231
783576
398692
879140
841281
850635
889644
667829
775035
41935
811990
282888
544898
87406
420577
82804
10208
86424
366528
7228
32690
466671
439746
664745
261864
28607
743394
650004
385113
524939
32045
116480
45441
650755
511180
448803
351128
147665
902125
515141
780175
213458
801042
31618
33386
100194
529206
156330
231541
17040
11735
175879
188196
371697
231589
333886
981195
880976
535301
825934
961398
924483
764290
598710
819750
215192
436497
551795
581801
673903
899519
936871
103380
170209
228473
887061
54176
139358
924023
707145
128927
15061
470727
39765
140825
657484
193138
394229
678791
563023
497421
946132
908331
561477
32605
495208
447050
711518
808807
31288
753032
431528
28116
189117
276190
939457
947134
876070
757241
957607
560666
667254
906546
985067
654274
492425
986534
168900
933981
97460
959730
562112
986541
129673
19597
889173
820340
833914
32962
20886
148996
742101
482440
479169
756514
571821
267712
614837
651030
257241
200906
191361
344658
842326
170755
306775
14908
220488
88927
293279
118682
806749
66656
432168
579161
189714
591857
702585
804026
637711
580385
805830
471386
270766
292543
565950
56924
403034
408782
623105
344309
451729
627429
985775
105491
714827
184998
437212
355371
632245
373400
267039
328734
608534
6308
229129
56327
85203
477993
882739
616547
324621
117180
146033
732830
860904
581887
676963
641398
220007
28956
665641
666382
967667
249183
548406
548177
393083
818606
655806
350337
149877
87141
748297
948443
54722
874258
426665
984681
269807
365258
449928
533540
190231
904998
377243
342723
507751
220382
388595
609252
497978
613567
592882
971606
609058
319948
817370
629761
62536
421871
243265
385523
58091
505178
4833
783879
809860
86975
701132
250036
98122
947816
543868
749999
230545
445299
914760
770110
127182
125102
37171
763867
661173
706315
986207
912256
129219
494784
541791
298837
99288
460414
705258
561012
10748
906059
433451
705749
363330
583166
713140
121755
227210
356887
294611
825402
14368
82872
443581
956995
90113
329476
311911
758925
997054
782867
189108
677954
554234
729743
58505
856259
718541
912302
429884
757241
381323
591692
211050
992633
810015
63268
242023
655187
911888
99754
587664
104568
928806
275720
896893
312389
184229
549300
46739
430384
26296
837291
882294
287438
663530
535564
833883
31678
187213
522579
422651
636278
402173
627760
629923
312616
499774
198211
415017
755728
844418
543799
334329
208925
441608
142328
932045
865401
973790
922002
83579
408823
161543
553960
369704
569496
976951
902029
963546
779386
604155
820546
958891
287518
114933
726413
342746
758100
853509
261874
609468
31877
502404
40209
989072
601629
769322
511771
162159
580819
619471
562866
138274
982934
887310
610525
212238
65429
415302
380068
593802
659179
826298
27150
346385
259622
44312
686005
62867
617139
629783
478083
613286
728167
910265
141771
88474
804844
45936
898374
368873
415494
579933
778152
901517
759745
646899
17310
605100
849593
598202
416295
595311
67333
380656
77964
474608
851329
330186
620285
690641
197943
580056
496970
393002
126954
392582
362234
135322
43710
282878
881100
470719
857351
773419
775048
658752
994220
799513
202240
266375
460792
619192
910696
27660
568957
489536
699791
186765
239461
386862
228281
542234
775446
463276
716699
636428
448321
388174
513395
922518
607880
123833
407489
472627
885065
653790
832293
948863
330060
866148
132182
742178
13381
105316
961340
823463
851525
728782
21100
274922
218628
700520
206461
324592
787267
122039
381707
353873
55329
190646
714568
202128
90684
96579
535034
236491
312258
615769
614805
938061
46355
133112
532661
550081
870164
753953
799543
877826
623187
668413
268789
330637
490706
55710
930525
343704
988210
950813
748334
319356
451710
102497
816270
925069
993040
241409
613450
618378
519652
478145
850858
767152
846263
805945
758448
124649
880539
990612
493806
677474
837914
597235
515137
284090
49668
900017
599597
909973
854168
654658
190486
570385
388683
228276
659801
597008
976055
367384
904389
975860
702563
230778
185977
64938
184235
808395
311579
954076
762188
300192
229746
629578
479886
458771
831201
700595
370894
203207
682753
976877
591719
654730
889050
616916
247869
66835
136573
335711
158246
972586
27584
140110
375540
859559
432087
533120
939043
746258
363083
231521
48028
130153
38682
119552
805540
674945
850156
863742
990180
389124
958765
493090
815381
333337
395915
454154
696839
324385
534286
77308
61455
504796
524302
561883
974091
402476
411606
82869
337939
450866
52948
632121
693054
336341
487737
333958
334158
632033
410035
1438
756409
245707
145604
406137
183381
572947
781759
539254
457247
395842
911775
484012
921511
638995
149124
569439
164508
632686
360331
657359
677552
269199
728392
572010
181031
396933
171427
590369
590466
283287
188172
429399
441218
38593
253980
59382
962715
3932
207498
219036
960055
165083
15430
902643
392867
378929
729973
800351
218074
972689
696330
56912
165100
351885
444029
527607
872843
5536
491819
556244
948594
315719
513162
772142
120435
955657
79687
44316
389211
964504
46782
23489
982531
473488
806037
24597
905398
855388
887286
679837
256890
937400
962087
351997
687165
204176
433031
420
240221
563207
43943
105573
777108
753685
619458
552358
330751
238792
289179
544305
473225
881963
432178
57448
819512
358340
658018
276501
62356
235958
190618
72991
916911
553607
747126
11417
149718
332924
938297
993077
988307
918817
675305
293462
652699
388261
14087
955907
998171
875553
225706
166327
665754
268025
385079
643605
403722
24923
423807
683384
76017
462309
756149
16233
849903
948579
620362
454826
327467
443958
302055
967343
998174
590096
994054
92396
358587
996251
351406
899785
723450
716409
759625
682419
872064
70054
787555
449228
796845
6714
334145
658754
375297
615307
281628
139005
257067
725744
10233
804082
637296
997088
513574
25941
511029
814776
191507
409963
115113
966747
419978
243005
741201
249972
924684
775465
907505
218135
3338
191250
374932
608325
828925
620023
669305
427790
489506
132001
745242
862353
323477
222454
551833
598943
146121
510955
459402
853502
509538
548119
817047
619209
604783
947618
268692
352885
49415
727388
300832
495342
889791
47082
253748
52895
511365
47195
84747
137745
491164
421976
116654
943275
299124
805498
322651
367895
39461
727926
262033
769989
22344
198643
182971
445449
526962
251837
142774
148640
674510
660753
990657
87504
877270
192856
343040
395885
130862
530417
504557
423735
592029
344039
128412
400417
117480
510722
958057
71405
986061
217337
765760
77426
997657
331077
944072
239360
511718
276944
617581
357402
481653
591948
820360
586978
406755
661857
320622
77906
303627
515518
267794
98982
501433
651345
571095
22872
875142
900561
961462
333571
646485
635448
912713
600489
55976
460239
814194
339856
913632
228065
97514
172999
41039
70481
605994
930630
532988
232264
588207
891123
163890
718278
168878
985793
48773
842394
284372
603507
749602
695212
742584
484287
501202
51704
260192
367117
458315
995541
113773
408734
204723
512371
96420
278090
955890
244324
355481
20769
853170
86033
179770
937523
654774
687629
269045
483244
755348
923846
687943
274519
948112
73367
18146
544003
449815
51707
389371
232259
806421
518941
109613
452558
854515
934795
419469
804743
440112
478664
60811
665816
52123
660608
233409
549815
364202
972182
39835
896971
265339
572698
20580
495783
927908
593494
74729
464564
512120
93255
133963
949614
93529
759145
8551
666885
521909
811179
316506
400483
842015
688130
223283
687565
354762
657306
252217
753251
98596
566502
867861
364097
410445
54104
225310
699464
433394
601389
282751
178615
143882
667936
115975
491698
847469
912702
183309
73573
71756
126233
178238
305154
339537
406
886341
511718
13268
209826
575829
141017
739958
829889
244438
56628
486494
153031
59049
169181
706574
290975
341786
330222
719841
977416
813985
850613
173347
694048
52245
594900
870541
674329
720238
533255
908571
67912
917813
630661
766988
340252
640970
323264
586038
783019
963666
627143
98307
345192
233915
477323
645260
833137
744301
3391
500624
22853
644174
119832
274128
150675
256690
338996
390411
696045
356958
485335
750225
514651
316087
360208
820678
444364
805516
691578
875766
778984
456317
671326
896399
981825
881094
222326
971007
157799
166955
680844
381355
954266
286466
442241
387145
370778
845016
289386
608666
46619
867329
697557
23879
841813
798400
272361
213719
162551
608718
371563
183307
650299
550411
145373
653015
746453
13694
324097
442941
738629
851403
880571
640518
865740
572464
853652
747552
759803
368763
722203
231951
827430
897548
667494
653649
690552
249538
471094
871187
181920
78597
556280
259017
230313
531120
767528
942574
961960
279449
70352
630360
481934
978046
277359
339702
654365
807821
894453
967722
372984
952784
609257
715901
967635
690035
105517
244419
243401
165235
93210
915084
973068
344677
733445
510084
670710
12896
276387
96040
365886
359561
753801
600421
330759
676473
665611
338063
488531
532493
731206
894522
718677
277449
134330
44089
465060
133225
295119
300209
950155
374214
554104
657433
72509
977762
104181
509840
911398
627280
222386
112538
768732
428482
609293
262712
260596
316273
374453
408612
274546
937443
431918
366182
134040
18524
809777
400534
413727
102947
75055
355887
196164
205871
149430
467979
587193
569647
797421
179456
782972
490227
197817
590167
402501
874298
727362
145254
55705
16280
942352
550985
798012
366404
816655
512449
729603
748156
91889
536104
206983
575573
185138
927568
171190
452962
238135
192952
342787
909056
628688
449258
228862
583229
501916
966900
864830
210851
333132
696577
509754
532324
374848
726163
700023
957731
10893
19743
709980
260829
629280
544836
625377
50
364668
88937
902694
812628
944927
481139
835808
626443
948867
108769
709102
364898
244480
747972
302409
988849
590670
117341
407066
716232
596392
434837
324326
273205
861645
227027
459684
844083
657184
334142
518384
572527
781808
186383
489688
187831
378705
759121
698707
787842
193961
587320
305553
747286
917255
174171
575532
62234
190957
783440
379134
935096
936238
783139
850254
714094
866994
801138
874274
974194
214103
21288
821816
89984
248306
49236
599119
787265
272307
532069
1504
892185
819175
86917
426986
851725
952918
778510
80171
369872
497996
551469
574442
545449
357493
679442
133105
793346
223137
406353
38361
472975
315048
507416
332605
869976
248807
633165
711888
216485
818088
235588
648139
562950
286816
449434
633855
613052
653713
383793
747400
523463
962192
237448
687202
262285
818337
100277
59221
293156
966590
626370
632588
671292
849015
912418
688452
634924
141043
93262
467872
851159
794004
92993
543961
447035
922169
892428
710098
261462
140381
570326
151305
361717
157276
977908
348457
746522
147478
683553
510397
213257
782956
625818
556672
837487
236840
416281
588496
11568
399545
61355
825984
750603
918235
7280
792524
807980
954005
224559
338280
940175
736156
453715
663409
343435
437333
731527
810693
956483
247992
63849
777582
88228
263696
515117
59385
808731
140318
601553
833317
544023
899421
516536
454071
689910
559713
262310
310699
875471
710489
118935
923652
364251
756595
63612
362756
37696
413598
695827
478456
685115
299051
214881
165675
742698
607437
356751
339323
789172
768191
529311
24200
158486
112837
23433
221256
830474
546378
3958
374967
954581
712296
996888
570604
615214
832583
999844
894407
773062
436892
413485
379655
992057
606163
664862
80312
219343
409544
38420
136265
801966
618926
185430
598075
370464
156242
269362
83638
156285
460154
399669
69686
193205
372071
2374
273442
395068
122810
591391
698045
932946
834419
81129
319349
206958
710932
875636
691289
210182
157860
624080
571304
987966
16591
562250
489028
747434
5035
550982
941638
254274
447893
512566
248299
592865
427578
554100
96043
481530
994034
979906
505130
410008
799366
293019
490568
409423
953106
272693
659731
307844
267653
637270
232284
394774
534470
339472
190887
179432
526257
723355
505148
540301
2687
82893
363802
292174
177412
504632
827467
93594
139857
575264
918739
837515
969465
987223
931138
414801
841201
373559
958249
531197
691921
920444
991657
579756
146359
487868
479078
19534
973067
902275
613979
927314
875612
311439
263112
995568
934057
328165
848454
523730
167292
501070
131130
299872
658353
48689
724968
301990
424469
50702
140383
285413
299818
263060
233170
415987
265606
537632
820999
286991
35610
759828
984360
644805
859728
66639
883383
191034
115982
431630
88351
582293
170904
993951
142245
787402
710482
860093
82046
865348
506146
827405
350201
596399
634228
671092
712861
548639
609943
867667
190925
452832
804613
991456
476136
729371
220864
257186
461294
94881
720599
43528
807387
923031
676616
563879
893912
908286
655999
542287
424519
190366
145469
438984
715772
812367
986516
470702
828876
21604
888654
561382
24381
288116
69358
827196
269660
666566
654
948443
546158
738328
370855
742440
240446
82700
56751
369915
643349
83120
358365
946298
475400
88041
713544
328852
933739
481659
366765
922519
41956
136310
282831
218031
864474
582081
364857
943356
596107
540348
999071
742478
140477
879253
259043
883392
778764
950825
994611
160750
834146
94740
994639
465748
582277
685719
754344
409924
786827
279461
856612
317251
253800
62538
297022
526785
991080
635512
222603
189428
312056
46384
563799
869200
62558
88457
213294
892837
398665
502624
256758
528788
722882
55261
593914
51759
10946
458397
719681
375341
401502
594433
759453
967430
721630
485203
887616
600113
996715
107664
915783
231800
92902
300374
640859
508404
920213
46635
465069
363371
595512
314919
514846
761730
535930
342848
843009
113696
924995
187568
607416
627362
340458
615173
133242
713204
996040
617604
28023
684370
828904
958523
826322
692572
888794
673762
83021
437391
371942
630317
800963
435302
211870
992369
56910
844172
767437
373936
417609
73340
851659
73091
539055
820983
984306
174691
702434
356961
944107
766995
387080
146041
459106
489902
175568
8947
613848
359049
703122
295028
482838
110404
801045
690537
91007
794930
64554
736581
687359
345186
195125
739477
382688
739914
626123
993025
297147
996623
603447
62945
214027
201204
124119
155321
952733
802012
573028
369491
32483
446141
166927
687736
367976
754147
814342
104394
788127
241054
99733
189825
827156
392650
378538
466752
845124
816057
324977
436755
750536
699455
960222
234759
301355
116633
699145
906982
551261
381562
281586
436366
329985
277364
16422
460973
381473
408896
347899
58780
8833
846698
353653
967892
159185
589851
51019
585873
76283
470852
113091
514818
213085
333285
424122
325161
89489
907319
766976
924117
188135
203452
398880
464570
461940
215393
565373
779946
625731
554700
931351
609522
588970
807368
621613
442643
966328
944842
674237
69020
881227
975392
588391
184993
612926
27445
896751
640089
540799
502659
250017
735641
245694
349525
657039
887017
671553
369720
539766
892160
71764
887742
878719
102498
783454
946798
327393
113106
176400
236171
952035
499316
979958
772287
439103
144132
820527
752420
798883
493229
665786
457136
815121
898311
935206
206330
236709
714864
236780
572525
976055
150149
385240
274504
238294
43902
63777
92303
920757
693028
550298
815122
186850
308207
88065
600343
803953
554112
467893
159910
71351
34679
839109
854002
561778
294386
532388
630879
199430
403683
483448
345780
315234
781453
429009
334879
25281
966491
708151
520543
324493
926749
171420
795922
936094
251488
585200
932315
568287
902312
988115
955439
42194
299340
877286
84861
212522
675694
883195
211768
738069
83926
930090
117762
401885
951467
987717
781558
544420
935501
351267
993490
303629
522385
919641
212223
292090
218650
349703
794623
436079
960465
976846
94386
254677
380352
816095
737541
965595
130512
987119
80056
889015
159133
666054
528905
580938
893683
70775
2818
126178
599592
941162
962908
171609
296982
246549
430735
331162
764530
468489
573111
552324
878030
486697
797988
481703
502119
96821
778110
300779
764140
79684
717395
735375
915596
541200
405311
215759
529018
633643
819831
436576
816064
106640
136114
680277
504381
353492
661940
702627
457917
342012
396984
803201
439347
381928
843705
766505
505813
935852
259421
963836
138772
243391
732159
751810
787191
941708
756183
885711
87123
615846
520072
167873
435561
415449
824710
116005
826012
219931
277026
485049
370701
599074
25140
764748
259093
273231
420836
231490
397982
488647
970964
453172
155998
870691
378094
156724
376945
410173
537029
292462
118675
77163
614314
335593
595639
493960
687310
965165
577094
518253
91087
535231
96567
792255
49057
296584
305031
578210
64282
717140
278934
360588
935385
717813
665886
884340
910164
726216
970256
302760
920445
591055
222221
683262
771601
858301
592061
135715
673469
112785
26704
895247
485229
267994
197647
615769
506866
653337
424478
482086
186254
901635
236112
265021
526175
161381
806119
162614
68455
844322
321190
905105
849012
815256
449429
125988
26864
907233
389777
755116
943367
283509
933261
172739
11312
797869
795177
707698
3291
986402
34541
154910
235189
603380
780770
609951
850267
569959
813005
689198
562776
851495
28553
36220
514012
662252
39360
507551
650172
407864
678917
280935
923296
113854
291985
816783
901006
60637
588121
40080
822544
199881
299720
385359
936259
629643
569758
264630
686399
345950
431717
587807
168990
694778
505163
562093
181675
51503
314785
110325
321321
311335
54127
394970
336893
113934
650609
875063
443001
813133
917682
442420
30725
164145
185860
791163
126380
324459
285081
123973
786496
436912
863810
685262
727915
876225
798529
397287
977940
879429
325772
679594
515114
664977
738913
275911
470288
547914
735168
797309
264549
547490
390602
680357
701999
930750
256180
707752
736227
15480
863976
16401
765523
282944
732216
90109
337716
670301
710399
30703
922635
580946
335190
575552
544820
805531
884272
106612
282191
818390
193107
978663
161031
898111
450228
635046
3456
174164
539885
457306
752285
454423
657821
729630
674475
459058
197980
234290
932525
704948
480281
441225
987588
952249
920659
405565
332667
318761
477744
668323
296941
285847
482941
931320
149971
381321
571779
70394
305646
183895
561090
328723
907661
894828
137805
59760
841724
172586
963649
864945
87241
229866
702435
472121
436852
231392
853013
9316
583794
317981
859445
632920
924254
10287
946643
15604
524029
595043
339980
533734
929772
632491
309512
68825
967400
647066
529420
880203
397498
135435
42876
760892
561405
781154
257777
307906
576397
440106
754739
87738
392910
776414
750419
942105
882070
993347
675752
381088
390072
300210
216292
746222
273390
312180
665809
855535
964578
499590
830190
717554
321433
709627
900320
104921
781821
82241
93719
730089
400389
16123
469502
890497
319811
792910
469726
949992
242313
826232
880336
467135
945593
543962
155805
224789
441960
614678
990708
494873
743470
519315
468806
412714
16653
329565
194242
646155
449788
275754
855400
475378
130575
124983
113548
325247
61124
976913
114794
103626
965292
805424
84384
131733
855668
501054
430092
844769
971471
175861
848642
518172
420802
71078
151274
707191
727051
459221
151029
714454
21679
875330
561082
503585
37791
393155
518065
27320
911046
505164
414154
386883
57009
3281
373099
437863
399964
455170
234309
666772
507861
583733
280722
437691
88655
863394
479277
12765
382982
564423
895245
730559
993993
179180
965407
720826
287401
706177
771647
236718
367356
141027
608852
785943
280526
839101
401221
2743
589478
498443
82012
155187
897648
185850
761269
33274
984524
213292
239202
589984
551794
718167
378911
313545
832831
207373
483181
743232
66849
944470
55629
380839
624540
147577
38938
583561
908470
474266
584067
102731
733189
305469
16932
177282
78739
254376
252737
182942
419371
304743
365278
779203
555139
286441
331710
818616
485829
780744
964534
50552
155388
882278
677612
719206
15959
326834
46065
93150
578653
773258
951481
177575
294574
272699
448947
942980
539058
472612
846089
273578
623776
182520
704182
254923
887341
116257
359486
759632
793231
25410
867087
598502
292268
377109
979634
275696
23012
370996
810094
803418
223544
186867
53689
704781
328853
19753
970524
692542
738881
393616
532258
704610
835745
190594
904700
398076
669732
451363
900148
54422
30480
18910
214092
17230
503463
304072
281011
447239
651573
372512
469091
381057
553785
554104
857114
989699
210094
386925
731954
292213
100980
187601
591775
357322
953760
145962
76165
528090
438749
702996
975028
860493
997117
927361
727553
588659
775904
878817
761218
318257
408127
162524
42533
665751
550166
375356
397741
743948
291884
376360
764363
61418
964480
877771
631829
222567
718929
604180
88293
900072
584458
13718
281297
717178
73673
186127
485698
391707
690251
947397
926515
4402
126838
742732
252360
457823
673153
586021
6216
128621
472324
876865
926905
671460
590168
446691
692439
543163
109546
631395
639792
430955
926625
290766
14431
539807
439337
302315
820834
742728
688604
475416
402139
414604
814541
127379
598176
781854
433712
186902
454015
134889
757993
979545
285393
46821
547759
718523
451001
16589
748381
380667
1082
739815
555669
287200
31730
207746
94097
537273
905079
189374
595080
291519
471757
558789
575609
729622
363009
557400
779798
891442
409700
782212
601424
560727
82407
985139
834491
857080
110416
577758
424286
11265
42135
531616
327514
316080
843999
971750
721524
341726
765780
512259
705921
611932
811677
528608
744045
641656
356862
614864
327784
211487
947086
752066
302957
939356
655183
779792
663087
443519
869231
725748
273699
961305
287258
131610
106981
594211
399226
651408
356040
703614
283148
83801
903549
884757
423264
220066
873438
8286
74477
249292
278744
494464
428878
970088
637043
768975
944989
946688
242688
267954
977259
397906
429278
726886
934873
944920
83304
473627
79957
939330
210942
19644
970421
718534
601775
219084
21737
278221
803328
810604
139936
439438
343195
850041
827770
813048
124695
36882
986981
600841
967520
249783
922263
969660
8323
667532
322470
485023
448665
982525
172551
691650
892685
624829
219873
174923
649547
846439
328845
71207
34374
128645
583725
251931
899750
224430
906662
9529
981325
846921
958843
355373
663941
941104
816583
187255
372104
579761
840214
974579
567082
253934
968353
161748
423079
780324
494885
239855
484101
68936
403679
49843
278053
428621
988390
427063
867884
586179
32548
132716
161672
211353
660850
804913
441442
740611
718608
324294
274015
231542
355134
966104
88081
133008
271353
769338
576
221141
726229
726261
308049
690709
73588
136566
315153
780073
433952
535206
625313
455836
136971
656087
661885
659046
169184
178585
856746
657874
284997
271213
442172
148546
502192
338769
968961
351945
217635
427258
987726
260278
334277
569760
999524
583216
108894
885491
479742
679357
795567
380267
25017
63453
310124
281085
951392
918163
822551
93737
263635
325051
234096
370964
844918
518657
642083
990895
719995
272370
207383
382979
452713
520841
642229
78960
53951
144884
769902
419231
90476
389991
424715
842408
170090
221405
180514
982053
349764
931117
668580
24913
598905
169477
13588
547035
305849
494405
70418
634573
946508
218490
727766
806100
266770
474357
376952
892587
963493
929351
724523
94376
321178
392540
559754
551075
164327
75506
95690
6975
423198
851444
128016
877398
691735
974007
762332
498693
980076
132816
366178
515089
609886
806543
231737
66036
831702
459165
947181
270792
711365
637550
815215
924559
83692
151906
864364
848796
855480
813182
832954
492962
40517
620225
121199
159064
160195
288358
936972
763397
442422
378550
419223
660013
432535
683655
584454
209688
241688
883540
838039
501307
224965
94458
130749
271110
710854
340877
127732
544841
378305
978389
581237
580996
353628
699304
852422
123785
873952
141797
695977
31504
631673
588618
631412
764951
28762
310707
281536
153140
288893
88304
4539
809976
111624
162561
802009
65922
753099
906800
360551
295645
892518
248332
178048
934679
914120
599613
734424
765407
640081
779593
844854
887961
209433
86690
140926
423106
344202
962409
924204
375547
981864
310403
324829
509172
584818
873430
275975
196342
149088
825249
782281
87308
975563
662582
680157
587663
799468
100052
626090
82253
42172
530533
37879
115798
977979
293392
197241
234210
986445
682876
288269
515618
329470
236259
221313
300961
684326
273870
782540
551703
293544
300594
19294
50123
679380
515111
333650
499169
620972
574209
690689
949063
280772
743565
232880
662968
835
174442
526697
952876
377990
487617
245159
743324
361123
148322
544298
182517
754186
81276
892587
956953
162376
188025
909802
699788
796773
912692
914083
239297
57134
101336
322143
880322
887821
437270
467942
654646
266004
781122
201553
967250
669592
841163
309502
870687
157818
923029
107166
440867
567425
20853
817960
88047
851363
797064
585072
281732
791779
61616
982354
415139
621588
397740
691848
401008
246203
338579
571036
3458
921106
108589
499639
784394
606761
479214
104151
754141
308775
393040
516767
413407
519279
455692
482568
856206
655774
47348
26613
738344
103152
188080
412581
193978
538242
499731
330818
374151
565042
412313
478998
195985
247394
562879
12765
460422
91228
539135
419061
599498
640527
142631
171698
690589
656504
633301
590094
355689
596252
907793
415997
99435
333873
154183
384735
501883
850973
201567
848719
772281
823638
100091
554840
546390
558504
745741
935048
488316
662869
936850
122204
394971
724438
700078
457690
666130
873280
388517
77310
567862
936578
188019
91468
626433
42699
158538
747396
384794
222280
244966
786356
634620
876811
951950
96167
175366
387143
331816
181755
48736
774712
150201
213393
181380
656671
548729
208989
980336
74027
364751
563997
857703
180403
711278
166374
896158
807264
845067
198105
561354
286632
878074
925173
304643
208757
778020
678406
554325
145572
263655
367932
300260
341224
666954
246486
712057
780111
698588
915901
827309
822941
109864
704813
128496
576212
741526
270734
958455
405589
332897
317473
40128
307232
551536
861014
402435
397368
382228
852666
62327
975906
104477
454029
548989
694155
871961
894513
753709
351689
462122
2111
671612
58554
853891
956020
187207
35849
341055
503689
211390
301839
589022
649824
608431
387477
984028
485850
561070
30840
463215
96645
788127
655974
545246
218611
424864
877060
598969
399526
227925
27762
274233
495335
828817
229606
95988
309558
382493
175733
465916
476379
539625
217776
369238
375963
156621
469483
495698
282822
897786
981913
195404
636525
312257
113235
233021
463474
904639
118455
670654
34551
189861
615021
330907
800440
939168
594053
324176
507381
486121
124476
410147
598407
399275
557534
501853
679636
553867
403653
514854
914782
798233
716159
682940
521909
152467
641422
237264
660301
890640
356232
972477
97450
33104
24991
624869
767800
788765
873979
577002
59639
716189
34947
667654
872979
649591
303611
92488
640721
810336
707208
999724
273318
402817
663566
355413
506338
770951
561722
739305
100809
603462
875291
194633
433218
531723
173931
447084
831401
572925
557292
138007
841215
552814
944494
77499
550081
167620
929709
169770
338454
176382
73623
759
272225
857061
885802
720106
344375
244946
135740
425181
102890
628566
865621
944311
324676
559433
119030
736194
605712
925298
71677
137514
492114
761040
143392
190612
190230
373187
621271
833880
95845
306138
891158
588957
454293
362170
806776
343440
247096
433703
472055
585281
302004
64242
871576
75098
558771
776767
394724
730300
970544
36338
638032
189111
428914
591734
571326
730598
651670
504169
160028
198821
672516
547431
159466
22833
891506
493594
450586
786857
325179
717264
466407
867755
519695
932681
1158
344915
929953
330584
761006
207
857648
996170
966163
529253
869589
591275
596101
455428
703979
18146
353894
343990
910555
800823
150598
945587
772674
778805
623453
960463
9922
44395
781604
805714
730850
164684
515984
278120
52387
471222
637228
27823
526496
228240
296657
107246
513824
405900
924549
557478
473788
632716
249710
864000
745127
918496
149105
991909
935519
351278
18732
250669
605743
122027
406988
831599
313694
64837
308491
350391
375928
945059
720329
553941
843510
3460
263494
431122
593164
818628
377338
564158
453328
406205
439889
731493
579458
482442
465286
464608
960316
492135
462299
329735
5815
413492
367154
650820
815223
257432
852876
908803
628436
549570
654427
224901
356071
535051
306757
499092
395277
957368
741112
289297
435611
403611
878116
406057
53534
896728
610714
185190
406349
106373
318399
695905
446734
178795
523948
424853
869217
963562
479462
596432
975725
589177
657205
590083
272869
762250
716963
37304
866967
219019
979410
754594
259281
226505
989114
828048
14512
26991
158655
329468
293510
170605
235179
500992
998119
600948
324877
126632
133264
845725
433773
821730
898805
658537
596714
125138
657126
793571
261107
592514
101533
849570
469598
113463
32998
649195
278632
436191
418411
109619
12490
909926
962395
25537
893940
827239
872183
33266
168
500991
297913
191126
534838
727102
715553
564024
46928
870583
679901
738684
166985
428599
745940
261344
173806
436370
172047
366373
864513
359064
681732
153671
40142
234919
636481
149991
922157
606234
491313
723914
754067
561311
458830
888058
854420
169575
586724
641546
711033
918134
570302
121655
723961
968730
4207
763818
675032
903288
668862
502874
350553
685826
871983
642767
300001
112324
199274
681537
326570
601566
88203
373983
790304
76748
495685
257323
446428
618913
35571
245250
209018
930643
560381
682810
758361
41391
397091
769956
369262
439405
855657
365744
784965
943518
478943
246064
280022
448258
320716
437
155456
837302
449527
74709
44388
79306
297681
644047
646305
714993
533570
763397
782055
607889
206798
892775
692602
704763
765156
383409
718981
725236
302851
762186
798104
104562
312265
992717
146560
655650
249498
478437
746370
737382
224873
496466
488436
943261
544870
962632
420599
95450
632452
125238
975636
636918
510950
306084
478962
940352
479077
722869
695409
68243
111488
141580
955623
800833
143329
710155
6389
908843
921928
454391
523205
259890
346518
136759
855394
33480
885176
936699
770163
948000
613294
384122
10581
39172
546679
979795
215188
728772
893339
431061
85894
328716
86741
885146
839941
518863
55194
507598
243847
273440
802122
629454
476828
513311
530802
172843
903107
213520
987324
743117
150824
382087
714612
373364
845374
165696
821047
476954
471221
707339
490810
920885
604504
60004
141876
354264
118215
681504
660713
203257
740364
649476
424277
368973
776795
629296
472113
406032
483306
86137
185700
965473
13099
492500
263049
372937
311907
827501
691737
287900
977640
78999
754357
904312
514939
186655
1555
537386
51199
998137
453890
502449
365334
40796
862491
907610
386775
437545
471302
941450
732205
609926
452070
337178
326671
144202
579298
816220
942551
368337
452113
771004
861698
586734
860161
11266
245955
962304
848164
455604
955908
315805
833176
799257
185850
670444
222802
395736
974563
978959
305766
697854
98719
866621
279349
859422
740264
547245
688499
7570
968752
643694
21971
223840
277782
419156
869138
887481
231684
79948
653021
330331
461991
738897
225312
794517
464140
520375
579117
881770
211348
337253
115716
849103
428884
753568
670213
257807
693579
167362
675055
76175
880128
523977
305940
310251
781688
469003
968987
284222
711761
316679
450609
313409
401790
700695
979214
992075
471968
553667
62176
135798
914621
178031
499414
644770
371551
794164
939658
650323
99211
615947
103563
646390
736861
369317
157574
585153
288637
620953
116241
12535
756352
945269
232277
561099
977757
303477
745941
207580
510985
975506
777951
409119
645746
769841
493773
449819
487445
840764
426168
266573
238269
653710
371579
875179
977177
897736
462047
55110
487672
875969
630824
569224
218275
261978
946491
903197
883671
675887
792234
504623
233693
627625
846366
584137
20360
196336
443808
810589
450571
26366
827524
182113
931636
75599
710258
820499
141641
155764
857234
189469
774397
537671
386835
45589
360975
750393
53145
757915
834048
598855
152961
365413
235759
388811
432978
645720
989778
886895
208385
223500
181907
510652
765344
169458
23045
676688
214949
464210
347265
267950
155155
967276
640097
169840
792327
256960
609816
975959
53601
289066
210861
501635
233485
583141
465298
323326
770157
575600
966053
985522
156709
413709
879234
442107
941570
727718
752259
197463
712968
745803
874645
837882
270998
505558
644600
714047
496120
540528
233939
502072
705609
161836
275057
438950
865411
807121
805404
769988
589477
215413
885332
70910
599231
865540
110060
328959
170845
934560
727490
186536
53774
603490
923161
226204
368848
43519
649301
763960
236441
388423
282258
569568
312068
573574
691616
758388
197783
162445
989983
113762
321581
421963
918644
551254
9284
699348
767973
979020
874021
705732
467799
489925
7404
124221
413793
251223
96755
122571
895564
548831
547423
749097
515433
412243
433030
981277
652111
330674
525308
169598
790960
47068
478329
576662
800855
541054
97384
996386
92097
979173
62030
262454
544725
690484
36245
250109
221632
446385
5813
671326
696113
139065
91070
549499
944814
204948
318724
555027
761746
535587
82855
771271
506084
95350
802429
132474
872468
412666
807071
921041
484564
743759
617357
71770
581328
494008
387647
881224
96268
322092
25865
90204
939097
713801
167209
983648
400052
164072
896624
164622
458491
679947
678859
528333
103629
50611
213806
416923
27004
764431
548956
192966
489201
422734
229396
478420
595741
98197
412699
796418
208088
824652
674275
920873
303256
730451
692309
54717
769103
313299
185216
902832
262112
687599
778653
504756
282176
636504
974398
341789
51110
579904
872659
421988
568238
607654
562009
227912
104016
769936
140448
774286
964215
192023
706871
548010
253057
25436
545590
301750
299602
885400
974375
912927
137045
352273
459409
772639
187280
146793
682403
630500
288483
320017
442362
858320
909405
315674
74959
328282
567483
111084
790848
81233
254142
359503
698169
740609
712232
300519
965759
714478
409106
938365
383385
720125
972589
764344
429467
671602
10515
282666
354128
690580
147465
722694
352131
423789
678228
673264
528490
704942
566708
565293
379632
290479
612162
631417
932958
938195
929
154808
929509
545354
203876
542148
169226
128944
889532
718693
141294
720978
729052
545182
466105
167313
612331
19044
875683
125664
235301
492394
756254
677864
352655
260503
261923
755594
227733
98969
129048
892932
582081
469651
482523
695213
924762
663410
461550
330138
500567
943645
714111
541091
211262
146699
633874
77056
885662
340654
974157
816908
798757
30093
539616
297260
706207
994351
414927
578505
872652
258675
765725
376760
907868
724733
986838
898043
167049
202635
666170
769761
677009
343717
917441
754376
77327
124595
538447
654467
165237
543464
140214
888086
71720
607772
717602
985246
462328
104312
397733
650254
774267
311563
981728
407956
173509
830585
516938
61146
511045
245586
278880
613352
589439
801793
866217
732070
827745
6683
169317
263039
519301
255447
196370
723938
347650
930269
561754
519650
604207
415351
860892
153533
791030
277412
627989
993658
622096
310539
492331
567915
344866
754573
514966
521298
320052
805811
293163
738976
210506
515398
831494
470489
863649
308158
364244
993491
547975
297362
124987
291100
342167
39598
536870
301499
83152
658947
988016
842767
822162
384632
491564
958037
712436
284734
299983
84741
814340
955009
114491
120027
921564
954490
756520
350963
618845
457505
673585
999181
704907
933248
84281
451313
278917
449763
747576
891180
569247
986476
71270
176568
914526
213635
917186
152057
771919
394858
912703
376420
306372
257966
89228
786810
478572
634489
255486
723186
403854
873925
322077
81525
474658
724843
41032
916419
624972
724697
556293
609523
459830
559650
