29849
983512
575073
375537
719880
371385
471948
3313
171769
774088
362288
722650
183965
455843
515144
67391
814666
319587
47999
957162
53186
532771
950992
683958
113117
862686
853884
499578
280662
810102
974567
334688
393200
742801
680592
898195
986947
752350
516203
650135
627751
885750
630877
497074
172347
397021
308371
677960
64979
510439
297792
265988
19580
182839
731953
313842
221420
349411
247118
712875
646667
218483
897007
191719
316568
701257
160984
848566
142394
310298
847827
441482
633764
542682
929129
818860
107747
786358
289404
634447
530887
882939
93764
504194
115180
405460
860772
278718
258340
125232
459624
792351
686402
841346
1822
265264
589189
976482
136717
401119
251680
436305
450774
74768
942114
60570
810278
227405
245895
661331
860118
531226
140506
446659
231071
104934
803845
145053
411261
286302
574327
812075
717215
496988
589040
319878
69447
346685
707500
556993
687492
381521
911594
693222
66314
572459
804055
655640
812651
258775
356572
871703
164404
518571
400065
233186
132646
996598
817980
385143
939600
341334
907418
990198
182598
151846
827913
109732
543424
539220
925439
407691
725968
441808
869003
229886
261761
381152
179894
987001
91401
147792
888789
841319
122540
722311
826222
869566
335789
420853
445445
946630
584624
692777
354882
135351
582961
596287
889728
135487
684955
743478
246068
397666
823558
505824
251320
980668
347152
602354
263923
603938
539351
588667
375911
485287
366864
394162
223319
426746
481607
88104
397203
909613
174387
12572
79650
495312
484981
937773
114634
889660
336173
940778
227134
86507
638905
972037
215909
646916
692363
907495
451523
39990
7910
786589
18758
893562
591669
116335
809007
448378
261704
248657
899419
786128
316652
933299
264430
418727
57189
689523
617883
267134
517578
270835
473233
332939
912894
702980
727557
496444
55686
362625
522968
811992
337228
149625
123110
268036
26415
285892
635754
221922
253253
584950
431697
669268
142830
431858
284250
361694
159638
33878
936806
876842
568774
874580
294753
147492
902823
190304
303949
977605
567573
159365
981992
494
68188
624403
518970
76970
519378
104307
795325
99286
162257
19483
624360
845789
323278
604764
773850
59227
339163
116696
497760
56163
221493
982290
602467
563740
612043
22814
889201
504262
405708
386359
512934
316890
996331
835631
448694
397520
679218
428545
17242
223290
53312
409218
252821
286990
932257
674998
717282
825409
602888
983807
553660
977038
150507
315889
452553
524629
229819
562817
146340
251553
59839
739675
429126
170178
309516
771282
534992
57369
626979
29234
501175
303666
922151
541233
554508
504971
35193
455876
530471
953011
130034
999439
908783
807630
940476
867380
761865
499957
13837
441805
426907
24442
836993
175604
83260
769481
149268
787967
86970
513514
740601
226697
659655
668066
803737
563883
544768
999737
27499
562826
747739
372631
343724
292234
917933
580168
47036
148065
353494
20831
350229
682694
610442
588022
858344
116871
458300
291603
239510
645626
453352
366630
657031
999499
611070
977070
706795
300981
557222
391804
244747
82188
21428
731408
339339
879478
952746
16223
722878
657274
943652
363510
641766
739504
653796
168696
910918
986776
818490
888131
873574
895111
328208
710705
685091
405436
484880
697851
83888
354321
495666
178359
422509
922509
372645
894786
123810
269846
142361
156280
356312
240132
655079
830112
86164
32784
526686
384421
725553
845803
220779
953791
132121
327787
38436
183665
377823
24096
607921
660075
546172
703685
146903
789391
329445
139218
206050
802448
793221
613551
581231
881335
840220
952258
890003
531520
151732
82345
340716
796769
76987
388868
242946
136234
230402
196265
816472
238791
744529
613755
953877
17635
277220
546132
237834
620199
250054
556255
510368
681888
70409
494531
164127
755135
320800
107834
664221
865273
910425
37632
799233
441103
891961
528678
833779
705192
776309
529861
538402
633498
393355
469712
408433
129095
593404
149123
135231
978340
640678
230264
953745
263317
199105
688280
986398
758452
943990
154734
915192
364849
166359
674583
455122
11283
179455
790678
830898
466845
608711
737540
898228
687948
960738
866148
428408
909372
170646
393877
642601
392489
700568
760800
99435
221395
616322
78065
985888
827643
145203
798435
238551
440139
859971
84468
256722
924370
870817
326808
18867
717421
964812
756521
662018
761025
889642
101307
902109
230948
450440
947022
119613
417499
50799
926749
450913
716414
661151
471379
986585
899704
158763
920285
565936
842155
300336
600282
803575
621616
31091
773552
985770
774716
940375
102840
260098
947102
527351
404185
469078
567396
810342
24370
18734
350430
844608
168753
715430
547834
447341
221953
16636
16334
815922
744544
205814
986229
738547
931470
504755
716752
78345
663393
840204
254510
500988
369462
459110
539206
153821
731970
459287
817249
233859
233926
907954
795605
501920
946913
864305
989035
321342
170239
60798
196130
464476
348847
538206
162957
122079
667027
447034
864215
210679
295024
373899
833703
949711
77285
437538
163934
617008
945337
422546
402877
359283
690893
263547
755108
358945
395440
411635
267125
489
807697
119954
718615
660604
874383
425242
927767
804681
372461
67521
572776
455696
477089
117469
431307
978469
620875
941099
715466
611332
939907
146556
902558
60619
81099
297981
19248
425624
336228
489761
593148
165823
890364
606957
692754
531368
595844
693856
58102
437252
571488
601532
608296
829546
345144
612853
39678
528658
985324
743477
444973
497708
671908
879626
121062
243934
963716
688685
82460
90841
622079
561392
549924
382231
694467
664003
70006
876723
207442
14178
42064
781540
870641
400351
341882
281943
666617
356871
973604
915369
8778
768692
430891
152254
74591
943919
177082
404736
120509
629375
424589
419128
904262
157395
252305
956866
335786
685511
974568
942192
935997
268310
167369
606718
935907
377053
334339
587245
924647
797960
122465
662718
997867
2459
557417
36428
319802
69727
832959
688198
177081
945767
735847
427848
566204
989629
577640
510422
534838
377006
347339
898357
837384
765743
239875
737701
579578
420331
767910
570558
602503
520362
816473
955621
921490
130591
906571
263148
650167
767438
553816
357572
558077
919384
56205
439519
212327
187556
652299
166566
609321
503148
37892
121812
50872
14561
706211
506477
248186
870972
81608
796255
312285
514211
81521
162419
793988
286516
854708
688112
909275
642544
292648
667341
910603
724807
276708
767440
290313
7996
728543
741639
879689
590004
661111
84834
138705
404705
118541
871531
169704
129861
486541
624228
378925
600358
24459
679612
800195
173005
320969
226029
158826
977274
390357
209973
377961
124071
686031
770798
268519
21495
611784
748748
203866
930939
869126
948403
350870
767137
905317
38387
705607
132410
717528
179489
915642
555558
123340
363795
60821
842079
785581
159351
542823
189854
783489
667408
178074
741805
813555
563215
430469
353610
183851
336714
637662
383221
551448
443803
524173
910487
451471
133784
74779
954511
664717
656810
936457
196186
164440
481932
590653
652893
139972
24738
689688
560402
777874
970739
163043
499405
768627
508997
191783
370090
672874
363540
479067
213525
606991
908526
4600
746166
549999
962734
249577
30199
627025
669523
796638
744051
986132
536252
962496
84028
561460
139202
426815
801737
679019
930034
134342
277115
458100
20005
197712
933322
953770
280830
52692
537936
520399
512640
7772
547570
64874
270153
609268
206503
92743
220783
219261
797926
354
221942
614881
76592
350558
671275
967649
413175
504752
206943
139146
186090
234649
140227
714182
135390
529936
309341
943502
294490
346749
319333
551741
477631
645218
601726
314688
24466
625621
947924
682410
390952
488232
775822
898212
813485
825577
802800
894849
428304
972868
404625
554992
2958
521479
914611
930251
20634
709054
72644
356236
941030
886077
306992
56798
799505
487292
669345
472977
451821
179996
407508
941544
170091
575176
359705
731981
94886
49015
435751
746789
331272
87373
271513
606525
763421
704289
865737
554083
333874
780250
5576
989522
201961
495218
421687
674245
773853
696796
864837
572588
194668
521410
986309
814396
275941
594599
834730
98529
920975
709356
153186
203919
46932
130542
734989
735990
583753
163148
32729
803988
290843
548870
220796
2980
344087
958657
525772
994740
239253
182631
696510
577556
944450
272491
81913
35626
344585
647466
282966
500707
416158
351021
463607
74692
452327
573707
950785
307678
575943
506219
987191
692960
276167
676392
215540
949959
148515
963981
311493
969264
395567
667327
824928
357453
302052
319034
811141
151990
497227
386931
142000
805143
862405
661597
913912
783240
929333
942920
567815
264250
892618
394339
345974
126540
694380
606882
840261
515837
444354
701755
692468
144252
237726
359754
250432
809308
637190
906772
439037
709283
229856
613288
217613
631170
8697
205345
649274
525790
569458
701449
368502
600653
61831
665560
359084
6748
650365
135066
787330
993037
724008
651758
160174
625694
323286
933802
903666
282500
592219
810908
335669
545207
127162
192108
374848
27238
104045
730333
579985
255884
936146
21746
183007
691802
837170
952429
478059
371348
299182
560946
857984
561592
418376
232011
618311
873752
26891
463685
871497
630217
390424
869303
333377
21172
443791
102818
394589
791114
141206
209268
93329
76692
315721
992487
956952
568680
854078
180998
64905
768119
541683
649552
102162
986308
671895
928501
534995
291759
644850
50749
189465
760111
50353
751944
382901
647455
255122
875888
802873
430383
373032
231946
470542
11195
558539
394956
543989
499128
285152
529864
819864
599051
905857
981015
318348
21364
293832
607825
801766
547623
666493
341496
73399
582587
241113
675828
675365
810811
599287
160441
87719
897563
941398
549637
717980
179460
154061
718277
102793
968016
301644
721879
160429
85074
257610
171178
8067
166092
340241
375938
812308
624196
634018
416984
430134
40048
11013
159902
193956
797326
515762
745888
52219
932816
844181
258502
136079
451893
52738
358454
284328
543859
664757
390358
704732
847888
115524
547951
494154
742672
675939
136173
149872
314633
881684
860867
611178
631890
771625
405291
535240
466778
395319
132235
555146
664917
112921
494707
884283
895120
401694
154371
343655
563046
377872
196202
91705
563275
23970
181833
657206
743237
232565
46197
690640
864955
765383
845980
59944
373286
606136
617471
774627
222244
808314
521693
740647
787115
132309
23280
152947
242906
576277
296912
885401
282283
632081
954102
167256
747845
235864
241372
286746
998894
