639959
980301
742401
525229
343068
209739
179164
858723
293657
726785
717178
771052
179680
362854
964305
356622
915683
418565
689780
819287
397680
345493
155489
805712
107802
116534
478391
218622
941432
902666
42949
927764
744327
761582
236797
470712
408107
550804
398919
358640
83731
123775
449906
963881
159417
511321
388549
451876
197769
510580
648884
226814
624985
797467
838574
941274
26455
81492
530963
939500
305537
663350
642627
852133
59660
697121
693266
920054
587304
167069
616983
599107
659163
683794
160548
852006
660938
9249
645455
924445
20887
678559
348271
520977
793379
341804
345059
284036
964788
679283
185676
993494
303026
52992
429850
809139
528716
649912
351812
358300
706360
997882
390545
206737
202391
922769
623764
413401
329782
784082
179829
658285
26353
757529
200553
268039
732018
813914
669443
633986
894423
717158
548452
814638
231090
775229
673550
758834
968489
799754
879063
899998
637886
331647
666361
888461
514729
771533
984070
540083
89570
800512
626680
987913
320315
109110
90535
397906
891433
352186
378771
735496
209507
252865
623329
180712
680674
834496
8099
602263
601993
343016
108304
645359
677215
683392
332819
205227
212215
875293
53759
586155
478129
6975
133087
496355
797081
937611
630763
715558
230764
532577
172887
874507
222715
886489
343622
583481
441705
148319
726365
25813
673998
922472
180594
360708
540030
880016
871010
300767
989924
251346
447361
737523
589959
692899
188717
17777
417327
912747
74620
731577
761249
352865
708947
726845
404421
895938
728792
324245
852841
186541
288831
675872
827166
816414
279745
898001
305408
833413
173675
883229
820500
563266
261779
690431
752393
70848
379813
677798
503137
749611
374043
11453
906025
520975
432011
970580
688612
892494
523290
690992
952070
895678
790606
758444
718748
504989
801090
873225
595145
259633
790194
874458
188458
753344
592950
340997
971611
883881
808460
360502
791699
324190
829390
327654
254570
462143
55426
182211
456572
156499
444752
213693
457381
813733
62734
681645
979435
28537
565047
698337
51323
863914
659579
50504
938572
775137
81840
914359
628704
41588
311398
991125
734761
549912
851224
781418
878728
146500
949181
431486
685424
911333
528638
33905
195434
437431
84227
574103
223473
592327
464487
904781
566525
373634
720458
898845
963805
233336
780612
170249
880189
477555
180598
147320
909575
822446
412349
407162
396198
119156
988736
192762
643622
990103
984105
901567
327608
714505
642864
715422
459409
512346
222291
689728
459441
357262
558114
663052
23681
123738
531766
917361
243157
453755
585282
937041
224658
774580
30017
485005
13865
350690
533839
471337
300353
858877
80916
671644
442291
821101
921179
457015
297391
505606
484609
237551
690556
218274
26632
858889
565724
898778
830987
218593
499341
504608
724620
237718
753388
115708
471081
499413
612917
904609
416877
180929
896357
450860
194755
591484
993600
547896
651334
636757
73454
707040
89715
976590
670401
262482
875392
625032
30162
182220
974022
839693
816521
24183
969305
751098
297018
683292
438264
355015
35820
261703
708384
834229
32438
422519
301819
891795
606339
102142
227894
804140
639540
514555
639856
898576
75172
907634
154446
963453
674055
391173
301739
872427
541675
813201
380973
386673
189985
611624
593843
75031
447797
494054
844906
419193
599256
769714
631807
848212
792799
322195
938542
37360
135908
742444
346809
427818
222218
613590
820469
879837
944095
392792
761918
633836
793242
785541
155083
395375
703811
392435
433628
371320
96370
194067
50384
72065
61295
284018
770195
597427
404985
889739
185396
538197
527394
635654
16916
287632
485591
405713
703354
930011
787070
519258
471108
838151
176056
314406
892600
413609
275077
209425
80121
180703
949191
736802
152597
485185
712927
852682
500667
776742
80436
52602
693450
367888
442194
577950
375236
883829
755118
569785
895393
470186
90760
362718
174976
815854
458921
509064
442296
806609
299276
458967
925965
7487
762649
617448
725823
78829
739596
762319
998716
663455
907125
149043
873141
444435
323544
660935
143629
398030
484596
391073
664622
156608
997089
150520
225078
168918
694994
229375
375631
209565
297786
446616
98461
330382
94156
318327
79504
973242
218394
133652
699993
457811
114655
773452
522873
66452
80152
45077
778100
136398
169036
293852
888869
338320
862061
63933
323307
473203
337495
63582
195777
596991
101685
171688
454252
782910
745219
767395
573133
626587
21869
425390
232406
98485
951831
292567
783769
927366
722486
665245
574524
169962
509147
763455
334089
346511
637008
137152
397218
417016
798235
494842
695569
813
375967
549276
715198
881859
566434
646402
260794
756740
530410
716336
892151
319738
41472
872298
918042
976285
243094
695538
917289
361174
4868
799583
937055
160623
314862
452630
792095
339674
615938
63720
337029
625883
258718
360584
199831
431122
176910
421351
443674
641577
829619
376750
150785
626646
470655
887767
208768
252877
901020
744168
830912
518534
719788
668494
644907
421990
314092
596562
397670
369740
485618
719418
943327
712315
275285
418687
761404
702495
790891
706277
970482
441470
716269
583357
771639
995644
972663
360307
977615
216074
750252
585620
256323
486509
376503
88353
644593
405991
542124
312584
287804
512324
734220
585221
510435
860674
367399
913557
739759
644701
115420
832978
478534
998391
672892
190896
408222
107617
131789
908498
913291
948681
572266
877578
630136
879872
302728
327916
985652
792678
265619
964685
229412
590771
984374
10781
69591
5861
197306
841694
636151
287618
35078
237696
382746
788041
134597
996379
459128
273593
261605
464520
681463
372157
52603
964189
606819
753330
610243
672963
370873
395927
660229
132916
638946
300944
68180
5910
349309
788439
632241
811247
285525
403647
465868
119173
772594
603302
724522
908947
626955
343927
887842
668073
845401
304601
877889
278561
665606
464632
159181
289721
693124
141998
716263
567378
957179
217997
63689
993924
971866
770891
922159
735516
366223
651723
250899
331891
122385
37892
363280
348908
962650
761040
839336
123721
937267
561619
76897
700778
762215
858502
402314
5092
740057
170143
372891
275002
53298
719519
744954
881083
900274
953208
25114
55
276328
109272
388734
67039
844093
799446
732572
683192
130218
759160
394524
8764
552713
31198
732991
613261
28809
127695
400221
215
644988
953695
426502
964609
432843
893881
89354
478287
485129
35279
273045
616279
282020
221403
787186
834077
202552
561168
645488
889998
927933
609506
650466
871573
948961
464431
489664
780830
904305
256520
749162
290021
54704
223072
151245
559354
442250
495761
165790
206163
114786
625797
603460
136077
810568
105351
349778
197313
40518
322790
352754
678079
226137
979779
849309
231402
117117
18232
427462
575280
763873
363493
228886
312355
527098
392920
275474
681913
957108
272408
629210
250525
694339
165263
549771
134703
753687
435665
38595
231327
866093
342797
624836
351585
161538
404495
894577
107021
70562
30255
734006
959255
76895
626458
781381
623206
96670
176698
154043
658002
419852
886149
14241
935807
564398
697375
928333
101841
13653
37485
786153
829515
299055
965495
319051
260359
199034
287865
570180
157524
378644
316871
712693
814631
64111
819418
274970
315968
102560
254459
682026
910875
844822
658570
249623
934414
215975
485355
735088
253765
543430
478798
449063
764184
781457
503002
853356
348614
802887
664694
622199
653841
498199
834163
551781
513845
850515
333721
533946
546822
249860
709837
567813
972261
852630
943644
971745
439326
608692
443942
222551
655586
178607
632425
28961
952604
777943
175593
485258
289073
786092
846650
674225
898905
997550
476458
628396
835733
535697
196493
218952
104268
318989
3877
282223
916998
377553
838894
379107
41796
670615
801860
186406
9849
930643
557106
935228
605417
109509
459800
464712
813597
40174
408312
652627
772864
316703
41629
827628
189722
439788
671528
489257
411814
624704
554552
817931
766929
665866
41845
565760
441490
917781
743482
948801
624416
973814
348316
64028
482901
358750
527579
737420
47517
492239
993189
365508
498010
67180
399361
945611
602776
652393
922846
352256
313192
253985
500281
190335
965659
947206
430053
362972
607005
771698
215546
583948
530347
740637
857244
984548
680754
924904
674983
358585
622214
991509
8564
558885
77819
417114
924299
787563
80100
724426
129893
56498
807077
890035
618204
683310
240823
102535
884529
110812
121656
414770
614970
258667
779053
710986
863142
778040
876565
568613
129326
358962
176938
292292
205722
322781
21111
885164
968621
669938
179537
277397
279855
943011
662451
513276
295637
934523
569914
848531
934862
3364
495993
56281
386988
847938
438522
211588
662893
984061
105810
122841
140198
66653
253344
711710
952779
294670
191266
317800
697629
650242
992435
108430
280816
438261
532517
139390
205336
183884
533623
271405
869744
265751
730995
507370
177350
763510
801511
876492
983142
461143
162045
791626
252738
168605
513849
654953
105467
827292
973263
726352
997454
677313
723743
376247
882846
21775
269390
467070
66650
910596
158274
779034
381770
2906
233529
199274
156475
893993
678343
281448
989509
543977
814058
33210
348406
325974
770955
331624
956061
372076
467668
856489
164020
534674
456552
217494
403563
302675
802755
530112
528717
18887
407408
631453
710353
814736
113313
223133
864960
823424
450734
173851
422141
794904
327085
965614
515190
561899
118378
503136
747558
826914
133251
519350
729540
606232
221539
280494
98123
587237
866457
291911
237671
608568
449876
209786
155385
148446
668605
35078
34823
743071
693873
262121
991875
986503
153818
520106
521782
72322
95145
323091
429513
263073
391153
236861
423088
402361
865315
532739
46260
457258
92834
277017
993179
679805
60738
896245
638069
868199
449634
797355
193734
27242
723043
215126
353675
162139
60292
18994
284715
972734
984220
77895
299259
354829
677683
714112
530350
104536
256380
658778
134680
68358
987699
14264
56285
324601
478543
725267
279674
12880
896293
515534
81455
51398
963225
286439
307976
542071
839809
952266
808647
304451
307608
798336
917488
868107
7707
462404
707569
674137
257283
895350
942059
713820
403872
647785
62945
81424
166479
162071
314876
934716
37208
550132
300216
190613
275942
952415
62959
794944
912675
309365
603264
623989
292464
58816
556380
335487
339518
798413
96557
561567
67084
489627
301154
755537
313597
326895
88859
96678
258837
619653
604782
429776
312144
604192
555284
511292
370719
789571
273780
449178
226560
528056
769545
302904
148152
647565
758578
175756
130160
641183
737302
946832
199209
882126
312561
304136
497758
214800
836352
31071
747829
70497
648069
896495
390369
117976
318775
159584
395799
431189
208138
375400
781034
900311
850070
312624
765253
137066
977767
196055
692229
456317
921888
96783
509489
323409
904780
135397
664790
341582
488899
191071
421123
494832
348405
904318
243166
943390
181782
24803
129826
181467
976230
55950
583542
405973
381403
817857
127402
547483
813742
375043
995856
677868
493183
351936
794165
470187
493094
584782
388283
43310
556887
536074
56084
292789
57969
823073
114205
170807
727843
485099
549013
127128
632315
958129
778616
643704
857677
836751
824956
524773
910844
512309
82855
212016
699304
517383
889035
513309
119348
965668
88735
696372
652658
328900
750268
147572
893614
378811
194993
6695
996628
944474
348099
70097
693503
80052
110404
869570
232734
997054
699726
775307
385477
355024
729821
353037
280270
530440
338566
736109
76073
612878
252248
685091
511495
563889
221198
819826
67487
204976
329005
418098
501660
33814
771392
924937
46499
731068
558446
198328
898884
6194
591541
204497
335228
361913
756101
911878
659493
532391
147899
702749
724091
835437
111608
501057
425547
299958
13470
327602
719226
869093
322791
926043
805551
21505
593825
773828
271582
419373
404874
716126
720562
733712
150468
540860
73302
75283
711540
691617
596385
733320
588477
295156
696348
109096
244180
657488
218032
542325
838656
188344
729905
960190
834801
485927
198337
404417
797626
615238
452642
843370
893099
952119
28252
425850
332623
631374
346439
130371
431103
626464
616758
517519
472097
314547
713472
596321
83137
735317
368748
578259
757129
432008
939448
488222
871200
33178
900614
773880
366301
639316
757284
251864
285223
130696
118262
16149
543403
91469
147330
774636
812664
816712
584216
21856
609402
644128
432732
873340
181969
211603
163506
926900
943629
159847
476612
442346
244936
730360
853426
763916
806944
229680
601111
809882
158096
298966
810869
182661
235371
822525
674044
187891
716404
325340
565692
438368
220444
780158
294244
599134
104921
452368
707446
644988
392863
521496
877961
792005
387069
363205
131066
307168
338903
426529
549360
588053
450940
816610
448907
919407
317091
687776
982057
116156
603719
157986
707156
175345
915228
989585
433291
358762
5292
971406
249708
410192
208851
106911
868475
803476
408787
856324
293457
5783
294421
730600
737315
15468
300669
688307
405678
370805
16616
251964
456252
437162
428549
135388
534294
873464
273485
803358
688007
899589
764256
886226
470088
280466
219838
240257
963853
609914
482974
421498
943211
359063
87534
852107
256996
80004
628776
127691
229521
663996
523214
515860
237162
104993
686466
949199
746997
633241
412676
750760
993289
443731
301192
25504
658814
780072
758707
368512
669044
580508
221746
956459
804028
393475
525751
120653
735590
57536
548625
192816
68775
36841
534695
747245
918119
764742
232529
659327
889765
744696
704276
814963
451848
720439
157111
946235
596675
727028
285318
90403
531171
165149
210019
527195
258488
378367
591875
650802
109086
250245
458892
489636
766119
480158
648394
921226
98534
524285
707848
211119
417818
595642
896529
613251
889590
264022
20675
340777
622601
354523
174348
508971
788687
865250
436932
937229
185171
911342
666727
357951
587647
894070
22829
946987
945858
544832
141384
93487
404316
265257
767610
492197
933449
467713
418192
945629
473672
948051
494590
549804
787142
690114
214232
610014
423980
549262
79531
191110
640706
409462
672950
475127
136318
755128
317320
757707
541677
343028
594359
513696
619133
111151
15930
507235
556453
190898
219556
871876
782193
79442
615294
465161
578925
581707
435135
931454
165037
763526
635242
783242
226680
166330
528900
240222
827343
411630
286001
293126
866397
616156
453803
639138
413628
467314
62301
896174
497505
38642
565538
836860
551014
336377
318677
375108
933235
726620
680724
389394
570439
165806
308502
880925
981352
265950
785254
149560
191461
192061
525692
314529
736645
546014
790646
274039
767246
701718
350264
701193
896435
514147
496861
709834
806811
44073
208152
846624
650058
249303
247340
264283
448942
176169
295236
143427
923528
513414
408175
512714
310005
831561
729724
510816
426969
18205
95343
256294
308135
397633
271197
444410
765326
926315
341417
322929
709955
196297
334171
968354
741415
602274
44954
958239
362390
946779
903238
526463
957708
771414
712500
828375
487731
653749
980935
816775
424141
275900
883879
786224
960122
698004
756001
937987
163815
340524
115739
701621
685523
265658
341490
728719
540991
277344
727410
781665
594034
483625
21361
467990
693030
215474
572296
108643
764562
117925
799663
770137
396437
444129
111284
622875
507772
417974
413528
470377
577328
319052
754630
434650
911295
406819
464369
172904
324805
290996
213641
641829
971254
538103
810137
26700
910923
674878
134272
24371
360903
859006
492361
453020
348645
928046
559594
85866
919456
438409
16086
626864
494814
454573
616447
932133
61178
768613
922219
178676
243245
800196
923442
629936
866264
199592
872018
336421
979248
277854
906670
966217
929158
543780
157097
53906
155570
779849
484251
408417
621211
612849
982639
518940
91302
856821
202073
855833
725753
362599
326710
76469
149675
172211
789761
640965
436746
290592
675759
594980
45960
600694
932777
926764
451394
801658
669540
432256
313966
841557
653214
281477
979553
922771
856246
229744
789819
752454
927528
790458
866224
360651
293093
822897
256755
86756
854731
859304
109889
881093
845958
270863
81159
833706
594626
880093
296048
840933
678668
918121
393103
856438
840708
879832
316838
433682
230145
537521
280977
136198
364993
217933
749266
694261
612043
633002
820154
739325
838436
629982
240944
154552
223081
458792
633249
287582
664847
302562
371716
270344
615669
81682
252808
938063
517475
13921
102877
375635
602658
953251
454620
633304
570167
183636
464340
337610
756541
518756
519154
396961
226014
457321
47884
942175
403118
354996
531594
883895
54116
321854
538097
606152
810677
606976
156365
942598
642831
796321
646395
213882
131695
487242
338192
635296
74271
265622
470954
474094
785744
351717
831953
571572
294799
643919
236937
961630
884199
946806
885046
665879
610516
523573
81324
271944
491871
913525
872915
198718
489691
401246
479091
360298
96058
795305
398114
425025
668044
235796
179335
26500
100246
897327
304074
709210
176139
671508
322458
887577
790954
789236
248986
227939
294387
837067
995497
578285
925127
71477
387276
689819
702235
306011
755899
103879
962008
406725
913285
960545
530259
475028
561056
743600
208804
242567
582545
817015
857253
320250
833908
512178
271241
479536
898921
969215
339670
627845
230491
129690
468736
144518
435758
44801
968292
723612
831492
985782
189341
495331
97132
99235
246343
178328
760361
879319
764686
809713
990362
736943
283185
751943
955530
835536
758041
767791
592726
43856
208976
189350
778679
433460
317728
858986
747500
464788
146377
484581
885701
393435
871645
183300
840845
95211
877180
830311
382613
395613
97128
181681
834009
775398
751620
625982
249362
147989
132654
365492
406743
520888
665973
219315
342385
779230
32441
504550
177210
556536
203678
77243
692464
213657
370796
322671
335963
373469
630599
790850
103577
176165
77830
578890
702211
496000
571313
15716
229182
558693
622236
292037
773088
659036
125146
48302
644028
705917
822112
873662
347212
520017
608696
588193
888634
155797
851038
391334
89227
322588
615739
798191
53928
927316
417147
115009
46795
868257
882573
357564
17794
614181
598647
50020
329187
554657
955347
271069
447821
641269
194473
367158
344406
144579
51178
415644
517142
519410
421767
768623
463951
135246
520236
582257
8247
344525
295325
704218
754788
579373
806763
331338
371604
748728
726098
273046
164757
741097
806002
777283
224151
808681
680488
524177
344780
486322
453193
333934
971897
311829
16379
321612
162717
249046
984751
362700
800186
678645
554238
714649
35332
767368
790559
60754
821221
341059
846595
685983
299243
775642
756301
668709
976463
594045
55921
398100
358243
477954
471016
847261
217047
261217
461581
625729
7655
867864
482072
940805
640229
502319
995252
371458
134302
335574
148414
957720
146668
700970
344988
603139
7640
326934
872568
477638
710825
859734
219800
225987
384654
383383
288156
829164
924323
48699
282771
594196
407331
534456
664633
676127
626923
810784
433809
807960
76327
172091
512347
305057
870491
564176
153715
640773
23952
472003
850246
820842
100697
653208
791729
976738
592064
348309
219320
483936
950162
115846
732575
872583
539460
332634
896488
122398
29889
420907
343786
899104
652753
532379
251019
835824
830759
484378
818906
549290
429511
853507
416907
452885
310738
313702
111376
258164
520623
919457
867152
691900
632792
76775
940998
929631
122110
75298
770041
933703
478874
188277
546003
259358
855250
261402
926945
829066
993988
348011
206182
259766
33393
817660
238108
42380
950409
588005
407752
488319
308687
986845
377337
996740
945448
287361
903197
11296
580614
187445
192767
44380
793772
424417
813537
990230
653469
244317
690289
71346
60517
269863
169708
984749
372291
928721
231436
60177
219313
46200
272559
556549
879186
80238
377286
140220
567671
888249
556150
405518
123086
25973
458702
635555
204328
230164
259557
173963
701989
114950
259856
654828
695359
480564
475390
115155
267887
111333
350704
776043
182335
506499
466839
617995
148206
88632
398731
657193
616505
619443
660262
792236
309772
443527
20731
662816
825285
545522
223734
469699
940385
741882
775250
968188
551493
758451
72881
106027
421931
522270
712923
883611
269223
309100
319125
894164
259221
301216
598365
468942
41057
690450
318913
133055
80051
723727
633177
883093
906741
501214
522919
553920
926338
972318
203529
360550
16748
755211
785240
158394
601514
17311
777185
782887
903965
631828
685822
286822
839549
387720
413328
183983
513444
611322
204826
646155
626103
825841
711549
926344
889005
650236
102284
728774
258109
153556
231499
416495
655016
349533
183881
439044
960160
543755
284567
360210
711444
40354
306852
285379
151641
798358
449334
782736
466742
922640
653319
706388
338700
484498
160698
284668
716320
788529
534392
727515
730055
912257
679788
2202
371053
541712
430231
580045
203841
964552
315344
621984
533760
629240
338012
720304
946461
972332
434470
526006
243786
722872
651675
797918
83302
37076
223908
862582
471427
368225
500481
236865
963026
613194
788095
504428
367726
212741
851733
683480
703490
291705
590881
178710
56535
495674
827642
940849
564541
965935
340209
280036
327573
512917
891625
588268
31930
236956
512976
993784
818058
434607
152377
230974
284180
821073
669400
193447
179680
908003
968217
187690
739861
63874
376477
99127
499595
156877
624722
224329
837230
20036
535405
999966
682507
616012
717959
407747
792634
761743
412049
953672
117096
24832
711350
793364
663424
180220
602636
746129
146614
714380
703541
107911
694896
289863
628888
163719
630225
398292
558327
60669
719266
449037
558446
727977
177247
71424
74823
333927
643804
609231
695164
971050
997842
737527
790986
12103
931978
362733
847150
638253
381221
416676
80319
687475
506246
379692
261159
971978
291740
450996
335935
348370
139791
952880
184006
233480
118406
299733
380862
328668
66067
770113
99300
284640
570236
764153
211722
683101
312295
630730
557266
951680
144033
812880
616265
554226
519243
928981
201181
932677
221921
796113
680381
367625
682792
799568
813644
4479
414900
856369
852993
783973
346323
304778
529373
600688
510425
993129
637514
86616
975369
689077
506061
599821
327389
923188
170920
156679
471219
39974
404047
140603
419476
618574
898244
50409
969633
398032
742737
109906
755036
113333
373474
702152
28432
147788
702396
726173
369055
673836
671454
735421
425766
283028
974642
615128
764558
710707
43056
123639
553138
77635
338000
554544
767656
920591
39721
223925
838318
323286
849387
315014
996019
323528
125750
931975
821567
