55695
962558
117649
39881
786020
837648
727567
905117
611589
338765
541963
384464
738769
643710
927988
86397
813202
524168
47866
17155
809104
525954
330677
46117
597648
371303
411254
231633
311212
522151
546281
348606
54672
35928
7011
570990
450382
32202
760270
524115
760031
443575
897454
657678
783735
569945
349135
603090
461123
636374
156365
187367
208322
750487
914816
64971
916029
581686
129602
702835
327077
286805
481310
55663
67783
693452
839638
383083
405934
784890
560977
891089
3157
210685
850719
110348
428103
774268
216491
561384
334037
450785
378940
146837
450739
742116
110759
739147
479216
138947
808469
314887
184529
771790
190445
949363
13193
654942
544925
28131
817814
353893
326666
358587
961850
14753
748690
682927
401365
831787
876858
605027
80924
236460
32697
947185
972600
572462
862176
229320
412925
508560
716900
964721
112005
39444
194250
516461
237737
86419
989357
761211
353819
143952
964847
722422
756579
887529
662010
879578
723444
874153
330290
927719
273578
808571
379193
591390
505827
528442
376734
216808
814583
239267
887267
503190
503189
745772
348329
63875
747963
426862
712570
276374
640785
913341
952179
719268
673315
687768
633548
284082
29050
453180
535109
877976
113685
924883
313519
724289
912777
643273
416661
628174
434866
534911
532805
583386
512149
447705
312638
961048
217684
986099
295799
434393
524172
711536
332362
930090
201487
92210
958588
274139
258041
570598
251497
307162
663409
520502
811408
865725
368062
90722
83129
505758
445571
583657
851391
970720
81624
823521
495678
12752
291847
637414
999513
887720
127392
387503
784424
634989
94585
534972
173117
329975
100806
230251
230865
467921
654545
810154
261712
444534
636182
177479
476542
929468
355773
543012
924676
89293
917364
475910
731739
802255
536105
248588
615188
344486
197985
828668
281217
524815
868216
967993
590148
188525
646133
607377
41906
139425
952009
516147
687715
146258
179876
296894
817944
437324
785396
445748
617929
801092
150332
451981
465739
615865
649997
789416
618971
631607
482467
770524
720202
560438
542814
471789
707652
846623
882202
838426
438654
303022
210350
160083
788412
676146
331582
546249
577148
628082
517885
630813
607938
585002
657539
123898
252865
788787
38407
112254
859619
396928
126393
402323
242549
8900
667199
301725
66418
187761
498185
878924
554539
110108
890259
480272
286863
868605
361015
174572
414813
360722
377580
611492
313507
497698
619807
106576
733105
599647
417708
925395
195488
675877
233913
412581
73592
307103
841519
784587
463170
261640
277334
883753
285611
236879
762444
749358
229330
48404
991394
792109
680303
808976
386196
115724
503071
789073
541922
19669
273424
684450
845583
988522
698501
64457
550645
961493
822662
422505
4675
519869
64552
769032
986901
368053
114228
145771
640686
799407
9719
967262
426261
828558
337958
956112
744009
851097
255851
528474
575137
352011
281040
999200
367301
370183
676359
174992
11715
445992
631315
106760
31823
111223
523543
683092
859546
210678
343929
766485
118605
12633
861171
926781
341282
432852
285622
781238
90143
89167
730938
852770
883824
686711
602599
236541
20257
90862
810777
894431
191093
904290
2964
744478
671205
555451
964036
494225
538872
987310
552750
18287
986555
503215
105657
764181
255838
327363
617939
820454
136619
843635
159106
643468
281763
995996
110791
274717
938615
762660
695728
212826
34336
16839
579003
382353
569051
776143
771618
336674
1989
211554
810568
751902
717646
650293
838014
736971
418653
816223
445426
615748
450689
64072
158900
792957
814478
296704
860518
629605
783516
32812
360896
436132
427224
263131
243518
615044
601093
167670
514150
960684
626067
291222
631225
49030
215642
403824
851638
884866
204019
780779
462085
891572
258099
776338
373575
579673
774725
342821
367095
520823
953251
638282
776893
616354
629553
420193
847439
422490
194038
963701
570436
135442
682871
974350
688695
457804
854002
7011
31316
447263
309492
149292
166914
135514
780183
754902
785133
985219
533212
260432
617519
228344
439137
682435
378394
522615
995775
308126
39268
994809
568130
34319
790576
159225
330118
510413
817077
69522
38442
877138
504077
437830
111348
934
383004
906651
206337
625495
930971
153119
318823
187013
105664
259405
428649
653593
438220
672968
560790
720726
682544
992260
871550
860488
995229
924228
259730
784920
225575
14973
576983
452033
191765
438170
788807
529565
750663
613401
69508
81433
863044
822226
912185
271368
535136
224152
266831
469458
590150
325368
977993
955981
732711
178335
784957
780516
957503
317528
195760
71091
964609
802034
279180
678581
187039
737919
638720
321685
681656
986361
387892
13920
911517
803648
157928
776028
127809
5247
1448
910578
653629
267756
257070
564358
831550
233197
17876
570471
256460
660376
114612
467490
221367
654611
689886
532273
498400
890139
995509
814289
803809
471584
595174
625201
641882
46796
455686
56646
698137
668900
802760
46972
574501
927047
272279
664262
779239
162260
275222
427414
547830
901865
700466
821929
284734
594758
921376
80697
618635
96783
537784
66902
219576
351536
302381
651919
780078
781659
135208
62090
587867
186221
999745
504755
700338
179118
332122
991633
338456
532279
82967
901044
190002
465390
170173
726859
339656
977069
554598
578066
11350
911361
200223
360680
385775
819214
364638
407806
232974
570320
679395
227884
562747
863292
958249
824030
204503
765125
774217
98475
817988
367994
149356
580998
967091
202316
817003
779021
381835
995182
187845
783551
806451
902485
275900
529931
192828
747231
165068
518339
44142
532816
864137
406703
987886
32503
157332
493246
844808
605039
170617
605656
955679
680065
36200
699855
421998
129255
276687
714355
125370
927979
152656
598084
995478
52846
287396
637058
828690
893701
399820
23777
26754
580350
327855
257625
30502
132480
9429
336473
191035
266576
107390
251803
711709
333424
849376
655315
966423
207138
159484
258113
416265
357898
262684
924966
417652
635441
15659
732754
162406
319462
916720
10652
782717
175679
992425
574316
559577
787645
878720
282802
481378
684173
123692
29177
263090
965163
755751
317270
51809
871201
404551
79162
540780
776110
213436
594215
565889
792513
297637
737600
526826
791140
55055
291512
431635
649910
430155
71980
105594
988945
941418
619469
235186
98762
94295
435766
908499
210134
617426
803100
19137
766281
418565
230563
301271
61690
113092
732749
281649
206211
465318
212685
537299
813797
653434
449594
627898
530120
82152
211359
33532
241503
211558
274287
560030
214890
320659
912470
239730
590549
772531
70570
173163
520446
903944
825152
757951
380372
566089
296411
786103
308443
553538
768000
629654
682123
977031
95269
451108
554200
390038
350664
775958
649933
794248
803803
247771
127698
679924
10972
158085
98828
998753
880835
921042
822051
151205
681045
287191
375519
502238
178646
567432
196907
665548
908891
412134
193916
345610
389309
970181
951243
295399
65386
763001
715838
402533
57941
950493
16293
253518
99534
157375
509855
303277
160812
233515
600541
373744
620390
436563
909502
944152
219393
88088
606682
591002
520291
991351
316699
131862
712519
164435
121733
718001
730634
379738
909462
167121
615778
825303
861703
209908
766766
99028
870131
601133
219303
490602
347151
23101
319798
351143
515543
36554
503200
897242
973514
65342
305372
243005
614731
9599
863814
681855
517865
852678
722283
234926
437176
95262
799684
644542
290974
650620
894144
959480
650922
350773
329786
329730
735582
663008
363082
258183
367245
628360
41207
563203
650783
896078
214794
89324
465650
604954
528574
143680
858267
346875
978771
260904
430282
822499
395201
276742
151499
579576
361098
814944
241833
725208
199657
394728
735405
856620
165798
424935
605764
953127
95179
396550
152766
50588
510257
8697
750067
233914
53427
645896
157312
493093
116292
902843
198831
111665
145501
345570
825973
933821
967886
831166
428500
962410
871542
341968
25441
63479
749262
11323
537504
993083
16223
673112
682379
192573
334996
813655
167282
788147
491306
94476
474364
171158
420995
361182
423115
30302
788058
226823
859326
737567
376594
196232
308815
480192
347559
558061
547037
582355
451781
141048
156741
359766
209207
33197
5353
278150
689656
562937
56658
27290
240358
188480
92082
289059
943636
537858
959234
457086
414974
478121
581002
317618
851671
869041
709631
555885
227391
422132
677446
471126
162321
285777
767703
407310
579160
831608
641597
437065
144033
611093
943225
535874
633003
498519
800198
71712
340411
133852
98680
266659
924556
900987
366270
609418
84004
107309
943878
221445
167426
828696
641215
545234
465588
318714
186298
862327
619717
827439
599210
978970
372434
537438
392714
635776
118845
382406
706461
266528
463419
770657
311185
778084
214793
937522
631229
491771
167356
393008
682634
919581
706549
869583
58029
869533
884403
848551
172114
555620
467202
759235
713108
233871
359505
499977
303401
512359
299617
159681
87643
745977
631898
393859
605105
430738
500792
117697
15916
343001
756450
555566
36781
728137
462043
580235
663156
230601
778769
869964
407363
932137
629459
96427
526305
968571
109536
50440
409274
648972
623386
156027
251363
477886
653082
635256
305660
207491
890461
423006
948271
527672
312027
325212
949844
829147
757560
459520
197047
233259
276820
629086
157041
499227
647613
388697
939314
670002
797316
439697
670945
605954
414445
941161
601498
441794
523839
6131
352598
285323
600508
668027
781737
39339
658347
182189
120548
546153
457681
119331
951194
312151
280702
158351
672256
405965
432579
275266
787758
790087
69633
769814
459650
558941
13404
403902
452771
880347
300175
467304
695587
465916
881625
896460
215614
237384
947798
890836
720191
789703
979816
544168
515842
818465
249620
771605
915028
287827
599913
477657
639030
504656
821018
669197
145345
116274
900141
602479
212451
45787
909132
412108
561863
833709
583993
631558
485267
158113
68767
107527
868683
391240
316483
578627
216659
603484
181721
65059
386001
562562
864947
968723
197041
433887
956629
363433
863426
575572
796131
902960
409342
699735
350587
575185
952422
63087
981023
690077
769676
370892
944267
542650
160106
361536
685862
541223
589744
709982
216531
911213
142811
893294
50726
223268
213441
196937
276532
752863
234601
295895
716931
376565
311894
624419
357792
157997
363301
116568
684368
981445
787084
990299
143006
680095
528706
135620
487059
517065
741822
913274
756356
56743
757847
815401
574469
63167
137738
673379
798075
336801
394202
509072
167568
66865
73490
985299
709439
10962
800806
559420
849871
739633
189752
716963
93788
50795
746166
193191
622032
842268
167008
435523
273649
773
760999
399818
546837
133145
273905
869887
199664
209892
294777
828371
124558
901401
15892
156091
222492
614070
119950
265261
507488
191190
81395
452664
514249
96467
128489
116478
605856
620053
867002
156879
604638
640636
825584
112802
964184
421990
94105
657266
186262
807005
383530
261747
742593
604000
309056
264367
978298
950604
9666
574594
84039
852199
980897
558574
344808
652810
455937
88988
756232
592104
91378
770928
896207
263422
471959
712135
350100
414425
706087
596368
459952
334719
553042
693508
847854
637051
887227
395779
811230
728393
817572
589580
566280
65177
228840
655065
27774
375747
102561
798997
491467
525256
799529
535099
686215
108801
63358
339788
104396
870183
248767
438124
743043
435006
983187
517722
123287
144478
630569
388043
416140
108639
119641
823649
471272
779360
422057
515597
258959
368884
346093
816638
289453
822635
677318
514436
924491
343032
704970
618310
268677
102916
637700
39516
726355
986446
772690
805450
113219
571837
946605
348954
332807
586052
580358
889237
424362
538224
774667
18525
84446
270353
371080
310314
238770
264578
457131
387615
807135
702359
147808
9096
966657
17123
206043
241075
651811
72227
912819
976552
403571
607243
68139
313222
418389
540074
525069
736571
315539
677692
23472
742047
953521
959116
517784
818478
185374
941316
341692
680928
969735
998547
883234
141671
359174
612217
146343
611268
852920
249202
50715
619783
621421
348476
103816
394401
778616
355655
802836
734375
939493
313337
841596
617061
84042
400539
642560
844381
118582
348131
535070
597211
944839
679326
791350
855798
110424
113786
847820
832293
413207
434669
594860
235707
577460
438086
550440
337280
252405
215118
426877
916078
919718
472858
51220
59653
882094
882480
854820
408075
472765
123220
655412
403556
141858
898158
110846
345417
499705
735513
34479
305576
651713
963402
224652
127896
325900
228443
878062
983608
158991
557683
472814
67939
763481
984852
638875
939473
59617
488769
201960
552205
799160
948042
509603
217742
411357
155253
282848
335541
77103
551947
380468
529506
988093
425916
578589
347763
720122
914800
125887
72859
761996
46571
172745
433626
168131
578267
857270
347870
420775
94017
312624
190582
902442
123066
847759
935215
197180
735337
730686
975437
317501
387459
795454
82408
954894
578871
411972
140512
49280
927224
603646
989054
28718
818216
463348
260712
811111
803554
678729
620161
764547
301476
53344
74075
569431
273304
28699
71129
403779
461949
513662
895590
400296
430519
801714
312332
491319
618479
449574
928370
105253
61608
54736
875317
426490
755424
500881
512673
751049
451934
498679
935628
972410
229279
463644
419407
605955
827351
50795
